

801 234 1203 479 519 283 544 319 682 275 713 300 544 282 563 309 644 271 665 289 468 298 498 338 437 299 469 346 373 298 400 342
800 233 1203 480 681 275 714 300 468 299 496 340 518 283 544 319 365 298 396 345 545 283 563 310 642 272 665 289 521 299 541 329
464 300 492 342 796 234 1211 482 681 275 715 300 516 283 543 319 545 283 563 311 404 288 450 359 641 272 665 289 517 298 539 331
680 275 716 301 792 233 1219 484 545 283 562 311 515 284 541 317 513 298 536 333 641 272 665 289 460 300 488 342 343 299 374 348 467 283 493 314 851 181 904 215
680 275 717 301 544 283 562 312 789 233 1228 485 514 284 539 314 641 272 665 289 446 302 474 347 510 298 532 334 468 283 491 313 382 285 429 366
680 275 717 302 542 281 562 314 791 232 1228 485 641 272 666 289 440 301 473 351 499 302 524 337 468 283 490 313
680 275 717 303 540 281 561 315 793 233 1224 482 495 301 522 341 640 272 665 289 493 281 521 316 567 282 596 302
680 275 717 304 490 300 519 344 538 282 560 315 794 237 1218 478 639 273 665 290 566 282 598 303 491 280 521 318
680 276 718 305 772 233 1163 480 485 300 515 346 538 284 559 315 565 283 598 304 639 273 666 290 489 281 520 316
679 277 718 306 772 235 1161 479 565 284 597 305 1125 277 1277 423 538 285 558 314 522 286 543 316 640 273 666 290 484 299 513 346 383 310 433 375 526 299 546 329
679 278 719 307 774 236 1160 479 565 284 597 305 1135 279 1279 425 522 286 543 317 524 300 546 331 640 273 665 290 377 309 428 381
679 278 720 308 775 236 1156 480 564 284 597 306 521 300 543 332 522 286 543 318 1156 272 1279 432 467 300 497 350 641 274 665 290 468 280 495 317
679 279 720 309 773 235 1153 481 563 284 597 306 1161 288 1279 441 518 300 539 334 520 286 542 318 466 300 492 345 641 273 665 290 434 284 481 361 359 284 403 366
680 279 721 309 771 234 1150 482 1165 290 1279 439 562 284 597 307 513 300 535 335 517 286 540 317 429 282 479 363 542 286 558 310 465 301 490 341 641 274 665 290
681 278 721 310 770 233 1145 481 561 283 597 307 1165 271 1279 427 516 286 540 315 509 299 533 336 159 311 248 376 641 273 665 290 409 276 459 371 461 300 488 340
770 230 1138 482 682 279 722 310 560 283 597 307 518 286 541 315 408 279 458 365 641 274 665 290 499 302 524 340 279 322 330 415
771 227 1126 483 682 279 723 310 558 284 597 308 493 300 520 343 1064 267 1244 402 353 326 411 412 121 351 217 506 253 323 306 417
770 225 1120 483 682 279 724 310 1072 271 1257 405 557 285 596 308 487 297 514 346 352 325 405 418 124 347 214 506
769 224 1118 481 682 279 724 310 1077 273 1269 409 557 285 595 309 521 287 542 317
767 224 1127 479 682 279 724 310 1114 273 1276 412 558 286 593 309 520 286 540 318
764 226 1132 477 1122 275 1279 415 682 279 724 310 519 286 539 319 559 286 592 309 269 296 296 350 359 311 407 382
1132 277 1279 419 763 224 1137 478 682 279 724 310 433 286 481 368 517 286 538 320 268 299 293 353 74 298 163 478
1137 276 1279 423 763 225 1135 478 683 280 724 311 516 286 537 319 427 285 474 367 495 285 519 321
1153 267 1277 435 765 225 1132 480 683 281 726 311 497 286 520 322 537 287 574 314
766 227 1123 481 1159 271 1278 437 685 281 728 311 497 286 520 323 536 287 576 316 469 286 490 318
767 228 1109 482 1166 285 1278 449 685 281 730 311 495 285 518 324 535 287 578 317 357 330 411 415 468 286 488 318 587 284 609 300
767 228 1100 482 686 280 731 311 1193 289 1278 446 492 298 514 333 535 287 578 317 468 286 487 319 3 379 71 685 353 328 404 418 587 284 609 299
769 230 1097 482 686 280 732 310 1072 269 1237 400 533 288 577 318 3 380 71 684 487 297 510 335 1206 286 1279 451 587 283 609 299 469 286 489 319
771 231 1100 482 1075 271 1257 405 687 279 732 310 532 287 576 318 135 306 229 379 470 299 494 336 421 301 440 329 587 284 610 299
772 230 1102 482 1108 277 1275 414 529 287 575 318 687 279 732 309 468 298 494 340 131 309 228 378 178 306 266 464 572 287 596 305
771 230 1102 482 1115 277 1277 417 528 286 574 318 464 298 490 343 688 280 731 308 572 286 597 305 445 302 469 336 492 288 522 315
769 230 1105 483 1121 276 1279 418 526 285 571 318 695 278 739 312 572 286 598 304 445 301 469 340 489 288 523 315
767 231 1109 482 1125 274 1279 422 694 277 741 311 571 286 598 304 524 284 570 318 443 300 468 345 486 288 523 315
763 231 1120 479 1133 275 1279 425 693 276 742 311 571 286 598 305 440 298 468 348 523 284 568 317 484 288 522 315 322 322 353 363
758 230 1127 477 1151 268 1277 431 694 276 743 311 570 286 598 305 483 288 521 315 313 319 347 366 524 283 567 315 316 304 345 347
755 232 1134 474 1162 269 1279 428 694 276 744 310 569 285 598 305 480 287 520 316 509 286 559 319
754 232 1131 474 694 275 745 310 568 285 598 305 490 283 565 328 477 286 518 316 263 310 311 377
753 233 1128 473 566 283 597 305 695 275 746 310 489 283 563 329 1196 268 1279 422 345 304 369 345 390 319 420 372 469 290 498 317
750 233 1121 471 564 282 597 304 695 274 747 310 486 283 562 329 24 312 149 388 467 290 499 318
749 234 1118 469 562 280 596 304 697 274 749 309 482 283 561 330 22 316 140 390 1063 259 1232 393 462 289 499 317
2 314 128 395 747 235 1113 467 560 279 596 304 697 275 751 309 462 281 554 331 1073 259 1242 396
0 315 118 396 457 280 552 334 747 234 1109 466 558 279 596 304 698 275 753 309 1081 258 1258 402
453 280 550 335 748 235 1107 467 0 316 110 397 557 280 595 305 698 275 753 309 400 300 420 340 1107 259 1272 405
449 285 549 344 751 236 1106 469 1113 260 1276 412 555 280 595 306 699 276 754 310
754 239 1107 471 1120 262 1279 417 445 286 547 347 555 281 595 307 701 277 754 312
429 288 539 349 755 242 1109 471 1121 265 1279 422 703 278 755 313 556 282 595 308 370 299 393 354
425 289 535 353 756 243 1113 471 1124 270 1279 426 704 279 756 314 556 283 595 309
420 290 530 359 758 246 1117 470 702 280 757 315 555 285 594 311 1152 267 1276 432 543 289 574 313
759 245 1123 471 701 282 759 316 1163 267 1277 432 404 293 517 364 555 287 593 313 541 290 576 316
392 294 516 381 758 246 1120 472 701 284 760 317 541 291 578 318 555 288 593 315 137 310 182 395
383 292 513 384 756 244 1118 471 541 291 578 319 702 286 760 318 1197 296 1277 441 555 288 593 315 112 312 157 393 686 287 717 308
757 244 1118 472 540 291 578 319 702 286 761 318 367 295 500 387 1049 258 1260 403 686 287 717 308 556 288 594 314 484 292 519 317 65 324 109 419
759 241 1118 474 328 297 499 400 539 290 578 321 1061 258 1260 403 700 284 762 316 479 290 518 320 686 286 716 306 587 287 610 303
762 239 1122 474 537 290 579 321 314 297 489 404 700 283 762 314 475 289 519 323 586 285 610 302 206 326 254 411 687 285 715 305
281 296 476 413 763 239 1119 473 535 289 578 322 1111 258 1276 406 462 289 512 325 718 285 767 321 586 284 609 301 688 284 716 304
764 237 1121 472 532 288 577 323 1123 257 1277 408 718 285 770 321 457 290 509 325 249 298 475 436 586 284 609 300 688 283 717 303
766 236 1124 474 529 287 575 325 1132 254 1279 414 718 285 772 321 198 302 439 450 449 292 506 333 587 285 608 300 574 286 597 307 688 283 716 302
768 236 1127 475 719 285 773 322 527 287 574 326 443 291 506 335 1136 255 1279 417 96 290 441 482 574 288 597 307 588 285 608 301 689 284 715 302
81 291 421 498 769 237 1134 475 719 285 775 323 1149 250 1278 426 526 287 573 326 440 291 503 336 573 289 596 308 588 286 608 301 690 285 714 302
769 233 1135 475 720 285 777 323 1155 256 1279 425 572 290 596 309 47 308 397 547 432 292 493 340
767 230 1136 475 13 317 325 578 721 286 778 323 426 292 490 341 571 290 596 310 1160 263 1279 423 510 289 567 336 330 300 381 331
10 322 290 598 769 222 1127 475 417 290 490 344 508 288 565 336 723 285 780 323 569 290 594 310 183 305 357 400 1059 247 1242 395
411 289 487 343 1 316 237 651 769 217 1120 475 505 287 563 337 726 285 781 322 568 290 593 309 1067 248 1240 396 127 312 330 421 704 280 740 304
773 209 1115 476 404 289 489 342 500 286 561 338 730 285 782 321 565 289 592 309 1075 252 1245 397 704 279 741 303 310 293 357 321 113 315 325 426 0 319 228 650
392 289 478 345 773 207 1114 477 491 283 563 341 563 287 591 308 732 284 783 320 56 316 280 446 307 292 356 322 1080 256 1258 400 704 278 741 302
383 290 474 346 9 319 252 471 488 282 560 341 774 209 1118 477 1114 257 1276 406 563 286 591 308 733 284 784 319 304 292 353 322 705 278 742 302 1 397 69 682
2 317 231 483 483 282 558 342 774 212 1121 477 377 291 469 348 563 285 591 308 1125 255 1277 408 734 284 785 319 705 278 744 302 303 291 352 323 1 458 73 695
361 291 455 352 776 211 1131 478 471 283 552 345 563 285 591 307 1135 254 1279 409 706 278 745 304 301 291 351 323 0 319 178 485 742 287 788 319 544 287 573 313 2 467 73 694
465 282 551 349 352 291 451 356 776 209 1138 478 562 285 591 307 1154 250 1278 421 706 279 745 305 742 286 790 321 542 288 573 313 0 331 151 502 299 292 352 323
456 284 547 351 335 291 440 360 774 209 1146 479 1156 251 1279 425 562 285 592 307 706 280 745 306 540 288 575 314 742 286 791 322 35 317 133 370 0 337 111 507
450 283 544 353 324 290 438 363 1159 254 1279 429 773 208 1147 477 538 287 575 314 563 284 592 306 707 280 745 307 742 286 793 322 29 317 136 371 286 297 330 328
437 284 535 357 773 204 1148 479 535 286 573 314 744 287 795 322 564 284 592 305 708 280 747 307 10 317 122 372 1165 261 1279 427 320 290 433 365 283 297 327 328
429 283 532 360 291 294 418 369 5 317 117 372 530 284 571 314 776 199 1144 483 744 288 797 322 565 283 592 304 710 279 749 305
419 281 529 363 3 317 109 372 265 296 405 379 526 282 569 314 745 288 798 322 564 281 592 303 778 195 1139 489 711 277 751 303
404 281 514 369 236 292 412 380 563 280 592 304 524 281 568 314 746 288 800 321 0 317 92 375 780 195 1134 487 711 275 752 303 1118 279 1271 414
0 319 86 378 1125 283 1276 416 561 280 591 304 747 288 802 321 781 190 1131 487 523 281 566 315 712 274 754 303 396 280 510 374 222 296 404 386
1136 287 1279 417 0 321 77 381 560 280 590 305 782 191 1131 482 748 288 803 321 517 287 556 317 712 275 755 304 178 306 369 394 351 283 511 387
341 284 500 399 161 313 358 410 1144 290 1279 419 515 288 558 319 559 280 590 306 784 195 1135 482 750 289 805 322 0 323 73 382 713 277 755 306
321 286 496 406 514 288 557 321 129 312 336 416 557 281 590 307 1162 287 1279 425 785 200 1143 481 751 289 805 324 713 278 755 307 0 325 60 384 614 284 638 299
277 289 475 418 1165 295 1279 436 555 282 589 309 510 289 555 323 785 199 1148 484 753 289 806 325 714 279 755 309 109 311 333 426 614 285 638 300 15 320 103 376
1173 297 1276 437 784 198 1151 485 251 292 472 439 554 284 588 310 507 290 552 323 754 289 805 325 714 279 756 310 58 313 282 440 614 286 638 300 15 321 101 376
194 290 446 452 1194 298 1278 442 782 195 1154 486 495 291 554 334 1076 274 1227 396 552 286 586 310 752 293 812 330 16 315 237 460 714 279 757 311 445 287 468 306 614 286 638 300
794 190 1193 486 1084 274 1241 395 1202 302 1279 442 491 291 553 335 543 286 581 314 150 274 483 475 4 314 222 472 752 293 812 330 445 288 466 307 714 279 757 312 614 286 638 300 468 289 488 306
791 191 1200 488 543 285 580 314 757 290 806 325 78 275 427 499 445 288 464 306 719 278 764 312 490 291 549 335 1217 313 1279 432 614 285 638 300 0 318 175 468
542 284 579 313 791 191 1202 487 46 293 399 562 1122 280 1274 409 719 276 764 311 758 288 806 325 483 288 543 336 445 287 463 305 614 284 638 299
10 292 329 578 540 284 578 312 1134 281 1279 415 792 189 1202 486 479 287 541 337 719 274 764 310 758 286 805 326 444 286 464 305 364 288 393 313 613 283 637 298
6 296 295 580 538 283 577 312 1141 280 1279 414 774 204 1156 484 474 287 538 338 719 273 764 309 442 285 466 304 758 286 803 326 363 288 392 312
535 283 575 313 772 208 1155 483 466 287 537 340 1157 272 1278 423 720 272 764 310 3 294 282 589 758 285 803 326
532 283 573 313 772 215 1155 482 460 289 533 341 1161 271 1279 429 720 272 765 310
529 283 570 314 771 214 1158 482 1163 269 1279 438 450 289 527 347 720 272 766 312
445 290 526 349 771 217 1159 479 526 284 570 314 1168 269 1279 438 720 273 766 312 206 302 262 339
436 292 521 350 769 218 1163 476 526 285 569 315 720 274 766 314 1192 272 1279 433 207 305 262 340
428 293 518 352 768 220 1166 475 720 275 766 315 517 290 555 318 1206 290 1279 447 1143 300 1236 347 209 308 259 342 613 284 638 298
413 293 509 358 768 216 1169 476 514 290 557 320 720 276 766 315 1149 303 1239 354 1220 313 1279 435 614 284 637 299 182 306 237 344
404 293 505 362 781 207 1212 479 510 290 556 322 721 276 766 315 1155 304 1242 357 180 306 239 345 614 284 637 298 594 284 614 298
785 210 1206 481 505 289 555 323 397 292 501 364 721 276 767 315 1166 305 1260 356 594 285 614 298 615 284 637 298 164 303 246 346
379 291 486 372 787 214 1203 482 501 288 553 323 1165 309 1267 369 721 276 767 315 140 302 231 348 594 284 614 298
367 289 484 374 771 224 1169 479 499 286 551 323 1167 309 1275 371 722 275 767 315 141 302 228 348 95 306 176 356 594 284 613 298
