

324 317 612 719 986 382 1271 714 380 264 648 400 9 354 205 719 683 298 783 348 643 298 696 336 216 311 304 351 313 308 363 340 1 316 20 379
325 318 611 719 987 378 1270 717 376 264 640 399 685 297 783 348 638 298 698 336 9 356 205 719 216 311 305 351 314 308 357 339 2 316 20 378
324 318 611 719 987 372 1269 717 685 296 783 348 637 298 698 337 375 265 635 399 9 357 205 719 215 311 306 350 2 316 20 378
324 318 612 719 986 368 1268 718 317 269 616 403 686 295 782 348 636 298 699 337 9 358 206 719 213 311 306 350 2 313 20 379
324 317 612 719 982 366 1268 719 308 269 606 403 686 295 782 347 8 358 208 719 635 297 699 337 212 310 304 350 614 289 645 321 3 311 19 379
326 318 613 719 980 364 1269 719 279 269 574 409 686 295 782 347 7 357 208 719 635 297 699 337 212 310 300 350 614 289 644 320 3 309 19 380
327 321 614 719 264 269 571 409 979 361 1270 717 685 295 783 347 8 355 208 719 635 297 699 337 614 288 645 321 593 295 604 312 212 308 298 351 3 309 19 380
327 324 616 719 978 361 1271 716 253 270 564 408 684 295 783 347 8 356 209 719 635 298 699 337 592 296 603 312 614 288 645 321
326 324 616 719 977 360 1272 716 226 267 545 405 684 295 783 347 8 358 209 719 634 298 699 337 590 297 602 312 613 288 645 321
325 323 616 719 217 266 540 406 977 362 1271 717 684 295 783 347 8 361 210 719 634 298 699 338 590 297 602 312 613 288 645 321 475 238 483 258
324 321 615 719 205 266 530 409 977 364 1270 716 684 295 783 347 634 297 700 337 8 362 210 718 590 297 602 312 613 288 644 321
326 317 615 719 975 360 1269 717 690 294 793 346 636 297 700 336 190 256 530 427 9 362 209 717 592 296 604 311 615 289 645 320 547 295 559 303
327 311 618 719 970 356 1269 716 691 292 794 344 183 255 518 428 639 295 702 335 10 359 209 717 594 293 606 308 618 288 647 318 547 294 559 302 523 294 535 303 479 240 487 259
329 305 621 719 969 350 1271 715 167 265 477 402 691 290 798 341 643 294 704 334 10 356 209 718 619 287 648 315 597 291 608 305 491 295 512 309 548 292 560 300 522 292 534 301 477 295 494 313
330 301 625 719 968 353 1272 712 152 264 474 403 694 288 800 340 9 355 210 718 647 292 707 332 599 290 610 303 548 290 560 299 490 294 511 309 522 291 534 300 620 286 647 310 472 293 497 314
333 301 630 719 967 355 1272 709 696 287 804 339 7 350 212 719 131 266 436 401 490 292 513 308 656 291 705 324 549 289 561 297 631 284 660 314 602 288 613 299 522 291 533 299
334 300 633 719 965 358 1268 711 125 264 426 403 5 348 214 717 697 287 806 338 656 289 707 325 488 290 514 307 632 282 661 313 547 288 560 296 523 289 536 298 604 286 614 296
334 300 635 719 117 263 417 404 964 359 1265 711 3 345 215 716 699 280 806 337 657 288 709 326 488 289 514 306 633 281 663 312 545 286 559 295 524 288 539 297 604 284 614 293 468 288 494 308 568 284 581 292
334 299 636 719 110 260 411 405 962 358 1264 714 4 343 215 716 699 280 807 335 488 288 514 305 658 287 709 325 633 278 664 311 544 284 559 294 524 286 541 296 465 287 494 308 568 283 581 291
335 296 634 719 99 243 413 426 959 350 1265 715 700 279 806 332 6 345 215 715 657 285 709 322 487 285 514 304 633 275 664 310 463 285 495 307 524 284 541 295 543 283 559 293 422 287 445 307
335 294 631 719 77 258 381 403 953 347 1265 715 700 275 805 329 7 347 216 714 656 282 709 319 486 282 515 301 633 272 664 307 422 285 449 305 438 282 473 306 461 282 495 305
336 292 629 719 62 256 371 402 957 280 1257 707 701 273 803 325 8 351 217 713 655 279 710 316 484 279 514 299 601 276 616 288 545 277 561 287 435 277 475 304 569 277 582 285 422 283 450 303
334 291 628 719 951 281 1251 704 56 240 367 416 702 271 803 324 6 349 217 714 654 276 711 315 626 264 663 299 483 277 513 298 602 275 616 287 547 276 562 286 431 274 476 303 567 275 581 283 345 285 373 320 524 276 538 288
329 278 633 719 924 381 1269 719 702 272 803 323 38 256 332 398 0 272 222 700 653 273 712 313 627 263 662 298 335 282 378 318 602 272 616 284 547 273 562 283 487 274 515 291 522 274 537 285 1221 315 1277 654 567 271 579 279
328 274 634 719 35 250 319 397 883 388 1252 716 700 268 804 320 0 272 222 700 653 270 712 311 628 262 663 295 486 271 515 289 547 269 562 279 329 278 382 315 1212 324 1277 644 604 268 615 280 522 270 536 280 565 266 578 275
327 274 634 719 35 244 304 392 880 391 1247 716 0 270 222 700 697 264 805 317 487 267 514 285 1198 315 1278 548 546 264 561 274 631 259 662 291 322 270 403 316 604 263 615 274 437 264 472 289 522 266 536 275 654 268 710 308 421 268 449 288 469 267 496 287 566 262 579 270
325 270 635 719 33 242 294 389 0 264 224 701 877 396 1243 714 486 261 514 279 656 262 707 298 696 253 806 310 632 254 661 286 1195 311 1278 547 436 259 472 284 421 263 450 282 545 260 560 269 322 260 404 305
323 266 636 719 0 266 223 698 44 232 277 374 875 397 1239 710 697 250 806 305 653 255 711 293 1168 301 1277 544 321 257 406 301 485 256 514 275 422 259 450 278
323 262 638 719 0 268 223 696 44 225 270 368 873 397 1238 704 696 246 807 297 653 249 712 287 325 249 422 293 1160 287 1275 675 259 261 309 293 629 240 664 270 547 246 561 256 485 246 515 266 604 246 615 256 568 246 580 253 526 248 537 257 928 262 1168 624
322 258 638 719 0 267 224 696 31 223 245 366 872 392 1231 703 695 242 807 291 1148 268 1273 613 485 242 514 261 630 235 664 267 254 256 309 288 545 240 561 249 325 243 422 288 438 240 475 263 604 239 616 250 525 242 538 251 901 251 1131 638 654 246 710 282 566 239 580 247
324 253 637 719 0 262 226 700 891 257 1127 709 30 218 234 362 1138 265 1270 624 485 237 513 254 655 238 706 271 696 229 804 283 631 229 663 261 438 234 474 257 465 236 500 257 544 235 561 245
0 253 229 705 327 243 633 715 877 253 1124 705 694 224 804 276 1123 261 1269 626 27 212 217 355 651 229 706 266 319 230 403 276 599 223 612 234 545 223 562 234
0 247 231 704 332 232 627 705 820 249 1116 678 1086 255 1251 616 598 215 611 227 690 218 805 268 521 217 537 228 544 216 561 226 223 228 304 274 466 217 498 236 319 223 399 268 650 224 703 258 491 218 514 231
3 240 236 704 333 222 623 694 845 249 1083 696 1076 248 1245 608 648 211 700 244 691 203 799 258 467 210 500 230 417 212 449 231 520 210 536 220 490 211 511 225
836 209 1070 670 1 223 237 666 334 211 620 686 1065 244 1241 603 689 198 799 250 646 203 702 239 317 206 399 248 546 199 562 208 595 198 609 209 1201 242 1277 410
3 210 243 674 333 197 619 686 830 214 1062 656 1039 217 1203 553 1200 221 1279 371 689 193 800 243
4 195 247 676 330 187 617 692 811 211 1025 646 1027 209 1203 544 1199 213 1279 366 641 180 699 216 691 175 796 224
801 172 1014 600 335 176 618 690 4 188 252 673 1013 209 1198 534 1195 206 1279 360 611 160 647 190 311 177 364 215 466 170 496 186 681 167 788 217 1120 268 1212 406 518 167 536 177 592 164 606 178 639 173 697 209 824 378 1019 669 415 168 450 187 493 169 515 180 544 165 560 174
793 170 1008 597 336 172 617 689 3 189 255 665 1008 187 1190 511 1194 202 1279 356 609 154 646 186 1114 262 1205 400 310 173 364 211 466 166 496 182 684 160 783 210 643 166 695 197 824 388 1018 652 518 162 536 172 411 165 451 184 591 159 605 173 494 164 514 175
4 191 257 658 780 173 974 587 986 186 1156 500 335 169 615 688 680 155 782 206 1192 197 1279 354 1102 257 1193 391 633 160 681 192 611 151 641 182 307 173 359 207 465 162 492 177 821 390 1008 643 354 158 402 194 1026 349 1183 541
7 173 260 610 771 180 968 582 976 185 1151 495 333 161 598 617 674 150 777 201 1192 191 1278 355 627 154 680 189 293 157 376 203
329 148 586 624 8 167 259 607 759 146 949 526 963 184 1141 488 666 145 775 195 619 147 677 186 289 153 373 198 591 141 620 167 1190 184 1277 355 6 369 219 703 571 145 584 158 774 338 958 597 466 149 490 161 1063 236 1150 369
7 165 256 601 326 142 578 629 936 176 1107 476 739 146 908 510 762 295 942 567 1166 189 1279 347 649 143 760 191 279 156 337 193 587 138 618 167 8 379 213 694 569 140 586 157 467 145 489 157 607 144 648 173 1054 231 1136 362 496 144 512 153 625 145 670 185
6 168 250 589 301 137 559 630 926 181 1096 468 721 150 900 506 1157 168 1279 334 581 139 618 169 279 151 333 190 10 389 205 684 640 141 759 190 469 142 488 152 758 290 933 560 445 144 467 156 550 137 567 152
294 132 541 630 4 171 243 578 1150 161 1275 336 685 125 846 466 543 132 568 155 715 250 893 530 0 395 179 676 879 150 1043 437 577 138 618 170 562 137 597 166 468 138 488 148 623 133 724 186 445 141 464 151 930 307 1079 470 283 147 327 187 241 158 277 188
286 127 523 630 9 166 233 526 672 120 832 463 869 149 1035 432 1124 161 1277 325 603 131 706 184 233 154 283 191 557 137 599 171 2 394 174 669 518 132 541 151 420 139 441 151 536 129 569 161 446 137 464 147 258 147 308 188
263 134 510 627 6 165 227 524 653 120 796 451 1116 158 1277 320 841 143 998 420 599 130 699 184 551 138 604 174 514 129 544 155 112 165 203 218 421 137 440 148 672 295 836 500 1221 227 1279 365 445 136 462 145 218 148 299 193 3 391 170 663 1068 124 1135 324 395 139 417 151 884 295 1030 448 535 132 571 164
262 131 500 629 641 118 782 445 6 167 221 518 1109 149 1277 317 829 146 991 417 578 130 685 180 1223 194 1279 386 421 136 439 146 511 128 546 160 208 156 260 192 555 137 596 168 110 167 196 217 493 131 516 149 533 135 574 168 396 138 417 150 4 390 168 654 443 135 462 144 1061 119 1130 323
259 129 493 627 1103 143 1278 315 6 168 217 511 820 145 982 411 630 118 768 437 575 129 682 179 1216 190 1279 383 531 136 578 172 492 129 521 153 199 150 278 196 395 137 417 149 656 287 776 470 420 135 439 145 110 168 192 216 0 342 175 639 370 139 395 153 294 146 324 170 917 196 979 301
252 132 497 553 1101 137 1278 313 612 119 747 427 9 168 218 503 797 142 957 402 569 127 681 178 1212 186 1279 380 524 134 576 172 196 150 277 196 493 125 527 157 831 257 979 425 290 145 324 171 649 284 765 462 394 135 416 148 14 353 202 625 236 145 282 186 913 195 971 298 471 129 488 142
250 133 493 546 1099 134 1279 314 11 166 223 496 792 143 954 402 600 104 742 402 567 126 681 179 1212 186 1279 379 521 133 575 171 195 149 275 195 491 123 526 158 288 145 322 171 14 360 202 617 235 145 280 187 469 128 487 143 827 261 969 418 393 135 416 148 286 463 469 710
252 136 490 535 1100 136 1278 315 19 169 225 489 787 145 945 405 592 105 733 398 1215 188 1279 380 518 134 575 172 565 127 682 182 289 461 468 711 489 125 524 159 193 150 273 196 14 361 201 606 619 250 736 437 288 145 324 172 235 146 280 187 395 138 414 149
256 138 489 526 1102 142 1277 316 28 170 227 483 780 148 936 405 586 108 726 396 1220 188 1279 383 518 136 574 175 557 130 655 183 488 128 525 162 292 459 467 710 189 159 241 198 616 252 732 434 237 147 279 189 18 377 202 586 285 150 320 179 469 134 485 148 420 137 438 147 396 140 415 152
260 138 490 522 1105 148 1276 318 775 153 929 405 37 173 228 479 593 125 708 367 1225 189 1279 386 520 139 573 178 489 131 525 164 559 131 652 185 295 458 468 708 614 252 728 432 284 151 322 179 189 160 243 199 239 149 280 190 469 135 484 149 21 372 203 577 419 138 440 149 396 143 415 154 867 193 926 290
262 137 490 520 1107 152 1276 322 774 154 926 404 43 171 230 484 592 128 707 365 522 141 573 178 491 133 526 164 297 458 470 709 614 252 726 431 285 150 323 180 561 131 652 186 1220 227 1279 369 191 160 242 199 240 149 281 191 470 135 484 149 419 139 440 151 866 192 924 292 395 143 416 155 28 371 206 572
268 141 494 518 789 166 916 386 1112 156 1277 330 592 129 707 366 615 254 723 429 67 166 245 491 289 151 326 181 300 455 472 705 528 144 575 176 493 137 519 161 194 156 274 201 240 150 285 191 865 192 921 293 422 142 439 152
786 166 913 384 593 130 707 366 294 139 507 521 75 159 252 501 1119 165 1279 335 617 256 722 426 294 153 328 181 493 140 512 159 203 160 258 197 316 457 485 695 531 146 586 182
785 165 912 382 303 139 512 525 594 132 708 366 86 151 263 505 1129 182 1279 358 618 255 723 420 515 139 545 168 309 151 347 182 209 161 261 197 543 146 600 183 259 150 302 189 320 401 491 672 494 143 508 156 98 334 235 541 297 155 327 181
595 133 708 363 316 130 512 632 786 163 913 382 1148 184 1275 362 104 138 271 444 545 147 606 184 620 251 725 416 312 153 349 184 90 326 258 533 519 140 548 166 261 153 307 191 327 401 496 673 216 162 258 195 216 156 298 201 496 144 509 156
600 137 710 361 792 164 915 380 133 137 291 445 326 132 521 627 1156 192 1277 361 622 250 727 411 317 157 348 185 336 396 506 673 556 151 607 185 261 158 309 194 338 153 370 182 521 145 544 164 230 163 281 198
147 138 303 441 608 141 715 356 797 167 917 379 334 142 527 616 626 247 728 408 1163 197 1277 366 342 393 515 666 337 157 373 188 577 156 623 188 135 320 302 527 560 154 599 185 747 149 853 213 320 161 348 188 289 160 324 194 261 162 308 197 239 166 279 198
805 171 921 378 618 147 720 354 360 145 551 521 337 162 376 193 161 142 315 441 577 160 630 195 1193 209 1279 362 631 248 729 408 363 324 540 642 365 158 396 187 149 321 311 517 871 206 920 299
183 146 337 443 370 149 558 515 810 175 925 379 623 151 725 351 634 246 731 409 1200 217 1279 368 370 330 543 637 562 159 590 188 363 163 398 193 343 167 373 196 586 164 625 195 262 173 304 212 180 293 346 505 871 208 923 302 545 158 563 176 158 186 210 222 607 164 646 193
197 150 346 445 384 152 564 509 816 183 926 379 628 156 728 347 651 258 740 410 385 402 537 665 1205 222 1279 373 566 163 593 188 393 165 418 194 364 167 399 198 602 174 650 207 585 166 620 195 545 163 559 177 207 308 334 493 285 176 325 213 874 210 927 303
210 153 355 441 821 191 926 377 393 157 571 509 631 159 730 345 394 401 547 660 653 260 741 410 605 175 656 209 309 173 355 213 362 175 399 206 1207 220 1279 380 568 168 589 189 878 219 932 312 291 181 323 216 198 298 357 503 393 167 421 198 420 170 443 192
826 195 926 376 412 158 589 504 646 176 742 378 229 154 375 443 366 179 402 209 401 402 557 654 583 167 617 199 310 178 357 216 625 178 673 215 657 292 744 401 566 172 583 189 853 302 943 405 878 220 935 311 389 177 418 205
236 160 383 437 419 164 595 500 646 177 743 374 838 199 947 380 621 179 675 219 384 180 419 210 370 184 404 212 405 427 565 624 587 169 620 199 314 183 356 219 566 176 581 190 229 323 397 514 660 290 746 401 855 302 946 404 441 181 463 201
429 172 603 489 648 179 744 369 248 164 393 435 839 200 946 380 383 186 421 216 433 422 569 634 627 184 677 222 442 184 467 204 254 329 374 510 416 182 445 207 662 288 746 400 371 188 401 214 856 301 946 404
439 181 608 477 840 203 945 382 651 185 744 364 259 171 399 476 387 191 424 220 441 420 574 626 445 189 470 209 264 328 381 506 0 249 117 638 413 186 445 214 635 189 677 223 664 288 747 399 464 189 486 207
448 188 612 470 842 205 944 382 653 188 744 361 0 246 122 632 451 419 579 622 607 185 642 219 661 269 746 406 464 194 488 212 412 189 448 219 281 167 423 434 187 209 273 251 392 195 426 222 276 330 388 502 265 211 296 235 638 198 678 237 446 193 470 214 717 190 795 241
454 191 613 471 845 207 943 381 292 179 418 409 657 192 746 359 0 251 133 619 465 196 491 216 188 210 274 253 459 396 588 602 609 187 646 221 411 192 448 222 663 270 746 404 268 212 296 235 717 192 799 243 292 302 415 491 591 194 604 208
304 179 430 402 473 192 632 467 851 209 945 372 0 248 151 614 662 195 749 354 189 208 275 254 468 196 493 215 411 193 451 223 304 304 421 478 468 394 594 597 614 189 642 216 729 193 810 245
316 177 441 397 858 208 949 364 482 189 642 463 1 265 167 599 317 301 429 467 670 200 752 351 412 193 452 222 735 191 817 243 490 193 513 209 468 192 494 212 190 206 280 251 487 389 615 590 687 272 752 379 439 190 470 217
675 174 753 322 865 205 954 354 491 170 658 426 0 282 183 586 490 187 516 205 691 271 756 372 498 385 622 579 341 169 458 387 331 293 435 456 415 190 453 218 436 185 471 214 468 187 493 208 316 202 354 233 748 180 837 237
347 162 469 385 683 168 762 317 870 201 958 348 6 290 211 568 696 240 759 358 751 178 842 236 353 284 458 454 513 383 631 568 213 196 297 240 437 183 472 209 500 164 662 426 28 167 190 435 329 188 375 220 879 276 967 375 492 182 518 201
873 176 963 326 547 169 669 391 367 265 473 430 18 236 223 546 367 158 476 341 334 185 372 215 686 164 765 310 752 174 853 232 705 243 760 347 518 175 540 190 546 354 661 530 883 277 970 365 1220 218 1275 278
560 347 675 533 558 165 683 390 715 158 792 308 776 170 873 226 541 170 562 185 515 170 542 191 409 156 509 339 901 172 991 324 490 167 521 195 70 246 259 528 408 258 506 417 337 183 370 210 726 249 780 342
416 149 527 340 907 166 997 322 416 257 516 407 78 251 275 517 577 346 686 525 728 155 803 303 588 166 713 381 542 166 567 185 489 165 523 194 793 167 898 224 744 250 801 338 367 168 444 217 514 165 545 190 566 165 585 178 281 180 331 218 923 257 1007 348
913 165 1002 319 595 164 725 382 798 167 905 224 428 150 538 338 428 255 526 403 748 219 808 329 592 342 705 515 735 154 813 298 265 181 347 227 564 164 587 181 925 254 1012 348 110 242 301 514 511 163 544 193 378 174 436 212 340 180 378 206 541 165 569 187 709 159 743 192 594 163 608 173 151 171 271 377
446 149 552 345 917 167 1005 317 606 164 733 383 121 251 307 510 753 217 812 327 438 254 532 404 802 168 911 225 561 165 590 185 739 156 818 295 601 345 707 504 385 170 466 215 928 250 1016 347 267 182 350 228 513 164 547 195 714 159 746 193 160 174 282 371 342 181 382 208 19 199 38 255
448 147 552 349 916 168 1003 318 609 165 735 383 562 167 590 188 441 256 533 403 747 165 807 281 801 169 912 227 386 171 466 217 751 221 809 323 129 251 312 509 607 344 705 497 266 184 349 229 928 254 1012 342 514 165 546 196 341 183 381 210 617 165 630 175
602 165 725 381 448 150 549 345 437 256 527 397 796 169 906 226 139 184 309 482 910 169 996 315 729 159 806 294 564 167 588 185 603 340 700 494 371 173 449 217 744 224 803 321 538 166 568 190
427 151 528 336 425 253 515 394 134 193 296 478 163 158 273 331 596 167 710 383 338 182 375 212 788 168 903 225 880 158 963 312 566 166 583 179 365 170 445 217 599 307 696 482 543 166 565 184
422 154 513 330 417 249 511 400 770 170 882 226 514 169 541 189 869 162 953 309 125 195 289 478 337 181 376 215 608 165 700 316 160 164 260 323 571 304 664 479
92 290 243 471 580 169 667 315
328 268 420 411 422 189 448 212 468 189 487 203 519 188 616 372 442 191 464 209 472 193 573 382 329 169 420 326 768 173 854 324 576 175 651 310 482 346 569 496 55 296 206 470
66 190 175 369 422 198 443 213 465 195 564 378 318 180 409 372 1166 239 1276 318 1153 410 1279 719 445 197 463 209 467 345 555 496 59 296 180 472
1132 418 1279 716 31 196 129 369 1161 242 1279 318 21 305 132 477
18 195 114 379 10 296 116 479 344 212 366 228 1061 250 1260 343 223 197 309 368 617 205 704 354
1063 258 1246 352 208 202 297 368 1059 428 1274 715 350 214 458 435 0 197 87 380 1 291 84 480 610 209 695 358 526 223 623 283 344 215 363 227 96 223 177 270 269 217 302 243 343 352 433 505 438 218 481 324 191 269 285 422 295 219 318 236 323 216 340 229 438 281 483 358
188 200 276 369 328 218 439 433 505 226 603 287 589 213 668 360 1043 270 1248 361 333 352 425 503 1052 425 1274 717 0 198 80 382 0 288 78 479 268 221 299 242 90 221 174 271 433 218 475 323 323 219 339 231 484 231 517 265 432 282 477 357 183 295 268 434 602 284 686 366
178 202 262 370 318 217 426 438 0 200 72 384 1045 427 1274 716 575 211 655 358 1021 271 1215 361 0 289 70 478 323 349 411 497 270 221 295 238 501 224 604 286 91 218 172 268 297 221 314 234
167 204 248 372 1014 272 1206 361 307 216 413 443 1007 427 1278 702 0 226 65 443 479 227 573 288 435 229 474 270 297 221 313 233 50 228 124 276 389 220 430 323 313 344 396 493 545 212 621 354 245 222 270 241 146 225 175 261 273 222 291 235 560 284 637 365 389 279 432 358
164 206 243 373 302 212 402 446 1005 271 1202 358 468 228 552 289 424 227 476 270 1033 432 1272 717 385 217 428 324 544 214 619 354 0 228 63 441 47 226 122 276 387 280 429 355 220 228 255 258 552 279 612 367 148 228 174 259 297 220 312 232 273 221 291 234 309 362 389 472
164 206 242 372 1006 257 1197 349 303 210 401 443 1033 433 1270 717 465 227 549 285 420 226 476 269 381 207 425 294 0 238 65 438 540 214 616 353 146 227 174 258 220 228 255 258 48 226 123 276 550 279 610 363 383 255 427 345 297 218 312 230 169 288 234 412 273 220 291 232
1006 251 1200 343 166 201 244 365 308 208 401 381 1033 432 1270 716 467 221 547 279 0 248 69 432 380 205 422 293 545 211 604 333 310 309 398 463 221 216 252 242 382 254 425 340 54 221 109 271 171 285 235 404 421 222 474 264 541 280 618 352
1007 245 1205 339 169 197 248 356 308 206 406 375 1038 431 1270 717 0 261 76 427 472 216 545 273 537 258 615 343 314 309 400 455 174 283 236 399 144 214 179 245 221 212 257 240 379 203 421 291 547 200 599 303 55 217 109 267 420 207 478 257 383 254 423 336
1014 244 1214 340 312 205 413 369 176 197 257 354 1044 431 1271 719 538 259 615 341 0 266 84 423 146 213 181 245 319 308 406 449 547 199 601 304 10 201 93 371 181 271 243 386 422 208 483 257 63 220 107 268 475 214 546 271
