








626 34 663 72
627 38 664 75
629 35 665 71






630 8 673 88
630 1 677 67
































674 0 722 63
669 0 719 65
669 0 716 65
669 0 714 65
664 36 699 75
663 33 699 73
663 30 699 71
661 30 697 70
661 33 695 73
661 35 694 74
661 35 693 73
660 33 693 70
661 31 693 67

661 28 692 64
660 29 693 67
659 30 693 70
659 30 696 73 643 7 668 34
660 31 699 75 644 6 670 35
662 31 702 77 645 6 670 35
665 29 703 73

37 34 1221 700
44 33 1210 699

677 29 714 72
678 33 715 76 661 7 689 40
661 8 690 42 680 35 716 78
663 9 690 44 683 48 719 93

688 80 723 119
688 80 727 124 672 41 690 69 689 39 712 72
690 77 726 118 689 36 715 71

692 55 726 95


663 63 692 90
687 100 716 136

687 54 719 94
693 53 721 87

703 25 735 65
702 11 734 50
702 24 735 65
698 25 735 67
692 26 727 66
