

902 414 996 468 715 409 741 432 793 425 821 464 789 403 816 454 613 417 658 453 767 410 781 424 631 414 663 440 689 413 708 429
904 412 1000 469 714 407 740 432 791 427 819 464 787 403 815 452 611 417 659 454 767 410 782 424 809 407 837 435
904 409 1004 471 712 406 740 432 788 427 817 464 613 413 655 446 786 403 815 451 766 409 784 424 806 406 837 435
711 406 738 432 786 427 814 464 611 413 654 446 803 404 838 436 905 409 1006 472 785 403 814 450 766 408 784 425
1061 295 1269 560 609 413 653 447 785 429 812 464 909 408 1023 476 801 404 837 436 766 409 784 426 784 403 814 450
606 413 651 447 912 408 1029 477 783 430 811 464 801 404 838 436 766 409 784 426 783 402 814 450
603 412 649 447 709 404 735 431 782 429 809 464 919 409 1033 478 801 403 838 436 782 402 813 451 766 409 784 426
601 412 647 447 1117 386 1278 559 781 428 808 463 708 403 734 430 801 403 838 436 781 401 811 452 766 409 784 426
598 411 645 446 780 427 807 463 1149 381 1276 566 935 413 1054 484 708 403 733 429 801 403 838 436 780 400 810 453 693 407 716 428 747 409 760 421
597 410 644 446 779 427 805 463 800 403 838 436 693 405 719 429 780 400 809 452 1168 389 1275 570 746 408 760 420
692 404 720 430 799 402 838 436 599 409 641 443 778 428 803 462 1203 395 1278 576 746 406 759 419 781 401 810 448
690 403 720 430 585 408 634 445 796 401 838 437 744 406 758 419 766 402 791 439 771 426 797 461
581 407 634 446 690 402 718 429 795 400 838 437 765 400 792 443 769 425 797 462 744 405 757 419
578 407 632 446 690 402 716 428 767 425 797 462 795 398 839 437 763 398 792 444 976 384 1150 499 357 385 459 419
579 406 631 446 690 401 716 428 796 397 840 436 767 425 797 461 763 398 791 443 981 383 1156 501 355 386 457 419 665 406 679 422
580 406 632 445 690 401 717 428 795 395 842 436 767 425 797 461 1010 376 1198 506 763 397 792 445 353 386 455 419
580 406 632 445 689 400 718 428 794 394 845 436 763 396 793 447 767 425 796 459 1021 382 1206 509
581 405 632 445 688 399 718 429 794 394 847 436 763 395 793 447 767 424 796 458
581 405 633 445 687 398 719 429 794 395 849 436 763 395 792 447 767 424 795 458
582 405 633 446 688 398 719 429 796 395 852 437 763 396 792 446 768 425 795 457
583 404 635 446 688 398 719 428 798 395 856 438 764 397 791 443 1111 406 1273 535
583 404 637 447 690 399 719 428 802 393 860 441 1121 406 1278 540 765 398 791 439 12 408 110 445
584 403 638 446 690 400 719 428 803 393 862 442 780 393 808 450 777 428 806 459
691 401 720 428 586 403 637 445 780 393 808 451 810 393 870 442 779 429 807 460
690 401 721 429 812 393 872 444 588 403 636 444 780 394 808 451 780 429 808 460
691 402 722 429 814 393 874 445 780 394 808 451 589 403 644 451 782 430 808 460
816 394 876 446 691 402 723 430 589 404 644 451 779 393 808 452 783 431 808 459
819 394 881 446 589 404 644 452 779 392 807 452 692 402 724 430 784 432 808 460
823 394 885 446 589 403 645 453 780 392 808 453 693 402 723 429 784 432 808 460
589 404 646 454 826 393 890 447 780 393 809 453 705 401 731 429 784 431 809 460 693 402 721 429
590 404 646 454 832 392 895 447 704 400 732 430 780 394 809 453 785 431 809 460 693 403 720 428
591 404 647 453 832 394 901 449 781 395 810 452 704 400 732 430 785 430 810 460 693 404 720 428
833 395 906 451 593 404 648 453 781 396 811 451 705 400 732 430 785 429 810 460 692 404 720 428
834 396 910 452 595 403 649 453 706 401 733 430 782 396 812 451 785 429 810 460 693 405 718 428
835 395 914 454 706 401 734 431 596 404 651 453 786 429 811 460 783 397 813 450
838 394 918 454 707 401 735 431 787 428 812 460 601 409 650 447 784 397 814 450
840 394 922 455 708 401 736 431 787 427 814 460 602 410 652 448 784 398 815 449
846 398 929 455 708 402 737 431 603 411 653 448 788 427 815 459 785 399 816 449 767 406 782 422
848 398 931 457 708 403 737 431 789 427 816 458 786 399 816 449 601 406 656 453 767 407 782 423 664 410 687 429
851 398 937 459 708 403 738 431 786 399 817 449 789 425 817 458 601 406 657 453 767 407 782 423 663 410 688 429
854 397 944 461 708 403 739 432 787 399 818 450 790 424 818 458 602 406 658 453 767 407 783 424 663 410 688 429
858 395 950 463 708 403 740 433 787 398 819 450 791 423 820 459 602 407 658 453 767 406 783 424
860 394 954 465 708 402 741 433 788 398 819 451 604 407 659 453 767 406 783 424
868 392 966 468 709 402 741 433 789 398 819 452 606 407 659 454 767 407 783 424
871 390 975 470 709 403 742 434 605 414 660 459 791 399 819 451 767 408 784 425
875 390 982 471 710 404 742 434 605 414 661 459 792 400 819 450 766 408 784 426
885 390 996 472 711 406 742 434 606 415 662 460 792 401 818 447 767 409 784 426 796 423 822 457 660 409 689 432 613 412 651 440
887 394 1007 476 712 407 741 434 606 416 663 460 766 409 783 427 804 402 831 446 792 403 816 442 800 422 827 459 661 410 689 432
711 407 742 434 893 394 1013 478 606 416 663 460 805 402 832 447 801 423 829 460 767 410 782 427 660 411 689 433 357 418 408 438
901 394 1035 480 711 407 743 435 605 416 665 460 801 424 830 460 805 403 833 447 349 418 404 439
907 395 1042 480 711 407 743 436 605 417 665 461 802 424 831 461 805 402 834 447
712 407 743 437 898 391 1057 486 803 423 832 461 609 413 666 464 806 403 835 447
918 391 1072 490 713 408 744 437 805 422 832 462 607 417 665 462 807 404 836 448
923 391 1085 495 713 408 744 436 805 421 832 462 608 417 665 462
931 392 1098 498 712 408 745 436 804 421 830 462 608 417 664 462 657 411 690 435
935 391 1111 500 712 409 744 436 804 421 830 462 807 403 834 450 610 417 662 462 658 412 689 434
955 387 1136 504 713 409 745 437 803 421 830 462 806 403 834 450 616 419 670 460 659 413 688 435
960 386 1153 509 713 409 745 437 803 422 830 462 616 420 671 460 659 414 688 435
967 386 1170 512 713 409 746 437 803 422 831 462 616 420 671 460
984 381 1208 519 713 409 746 438 803 421 830 462 617 420 670 460
988 379 1229 525 714 409 745 438 803 421 830 462 617 420 670 461 807 405 835 450
996 377 1247 528 714 409 745 438 618 420 669 461 803 421 829 462 832 407 862 440 807 404 835 451
1003 380 1278 544 714 409 745 438 617 421 670 460 803 420 829 462 832 406 863 440
1023 376 1278 551 714 409 745 438 616 421 670 460 803 420 827 460 832 405 864 440
1042 374 1278 557 714 409 745 438 616 421 670 459 803 420 826 460 830 405 865 441
1064 368 1276 567 714 410 746 438 617 422 670 459 827 404 868 442 803 421 826 459
1076 368 1275 572 714 410 745 438 618 422 670 459 824 405 869 443
1110 349 1279 597 714 409 745 439 618 422 669 459 822 405 869 444
713 409 744 440 618 421 668 459 1149 377 1275 589 821 406 869 446
713 409 744 441 610 421 663 459 1170 389 1276 593 820 407 870 448
712 409 743 441 608 421 664 460 820 406 870 448 1210 385 1279 604 788 407 814 449 766 414 782 432
712 409 743 441 607 422 663 460 819 406 871 448 788 406 814 449 766 413 783 431
710 408 743 442 606 421 661 460 787 404 816 451 819 406 871 448
709 408 742 441 604 420 658 459 788 403 817 454 820 406 871 449 693 419 708 436
709 408 741 441 602 419 657 459 788 401 817 455 820 401 872 453 692 418 707 436
710 408 740 440 601 419 655 458 788 401 816 455 692 418 707 436
599 420 653 459 710 408 740 441 787 402 816 455 691 417 707 436
597 420 653 459 710 408 740 441 691 416 709 436 787 402 815 454
596 421 653 460 709 408 740 442 824 407 882 456 690 415 710 437 786 403 814 454
594 421 653 460 710 408 739 441 826 406 887 457 690 414 711 437 786 402 813 456
591 420 652 460 710 408 738 441 818 407 889 463 689 413 711 437 785 402 813 456 746 416 757 430
819 407 891 463 709 407 737 441 588 413 649 464 784 401 811 457 689 410 712 436 746 416 757 429
587 412 647 463 707 406 737 440 820 407 891 463 783 401 810 457 689 409 715 436
585 411 642 462 708 406 735 439 782 401 809 457 833 407 895 463 691 408 716 435
831 405 900 465 585 410 642 462 708 406 735 438 782 419 807 462 691 409 715 435 918 402 935 441
831 404 903 466 584 403 640 459 708 405 735 438 781 419 807 462 691 409 714 434 919 401 938 444
831 404 907 466 583 403 640 459 780 420 807 461 690 409 713 433
829 398 912 464 582 403 640 459 707 404 735 437 780 420 807 460 688 408 713 433 776 394 816 458
831 396 916 466 583 410 641 462 707 404 734 435 780 421 807 459 688 407 714 432
834 394 920 467 582 411 641 461 707 403 734 435 780 403 812 450 688 406 715 432
836 394 923 467 581 405 639 456 708 403 735 435 780 404 812 450 688 405 716 433
846 400 935 470 579 405 637 456 707 403 735 435 780 404 812 449 688 404 717 433
846 393 938 468 578 405 636 455 706 402 735 435 688 403 718 433 780 404 812 449
847 392 943 469 577 405 635 454 780 405 812 447 776 422 805 457
854 400 949 471 578 407 635 453 687 403 720 433
855 399 955 473 579 407 636 453 687 402 720 433
862 400 971 474 580 408 637 453 686 402 719 433 779 406 817 445 671 365 680 375
863 400 978 475 581 408 637 454 685 403 718 433 671 365 680 374 650 337 661 344
