

274 405 626 633 658 356 859 690 848 475 894 561 637 499 669 544 665 543 851 717 857 517 895 567
653 357 856 690 260 403 623 638 846 475 892 561 635 499 668 546
648 359 853 687 244 400 618 644
237 398 614 646 646 363 848 684
228 398 611 650 647 346 844 645 849 519 886 565
223 401 608 650 637 347 825 632
635 349 825 631 217 405 606 651 657 539 829 714 612 498 643 537
633 350 824 631 214 410 605 653 611 499 641 538
631 352 819 630 212 414 603 654 829 479 875 564 610 500 640 539 638 545 822 715
629 353 815 630 211 416 602 654 826 479 872 563 637 549 819 717 609 501 639 541
628 354 812 632 207 417 602 655 824 479 870 561 635 550 816 716
625 357 810 633 179 404 579 655 631 551 812 716 822 477 868 560
620 357 806 634 160 407 585 657 627 550 806 714 821 477 867 561
148 403 580 659 613 359 802 633 819 476 866 561 623 551 801 712 828 521 869 568
139 399 575 664 608 359 797 634 818 477 865 564 620 553 796 710
127 391 570 671 610 383 790 667 816 477 864 564 616 557 792 706
606 382 786 666 116 388 566 677 814 478 865 565 613 558 786 705
100 385 568 681 593 379 773 665 812 477 866 566 611 560 781 703
91 385 567 685 589 377 772 667 811 479 853 563 584 560 776 708
76 388 564 686 584 376 769 667 808 478 851 564 580 558 769 709
71 393 559 684 577 373 764 669 804 476 846 564 575 551 762 709
62 395 555 685 569 361 757 630 800 474 843 565 568 547 754 710
562 363 751 629 36 385 527 680 799 475 840 568 564 545 747 709
22 375 533 684 558 366 744 679 560 546 741 708 797 504 842 583
15 373 532 684 556 362 738 683 558 546 736 707 794 504 840 583
6 341 539 700 542 370 722 679 533 552 727 709 790 477 827 566 710 497 743 536
3 339 538 702 541 369 719 682 531 552 721 710 790 476 827 566 709 495 742 535
539 367 716 684 13 366 525 685 528 553 713 711 789 477 826 565 794 508 839 580
535 364 714 685 10 372 520 684 524 554 706 713 788 479 827 565
533 364 712 683 520 554 702 715 7 371 516 683 787 483 827 564
516 551 700 715 532 360 711 683 5 370 519 682 788 483 827 564
513 545 699 717 529 358 709 685 0 269 528 683 789 481 827 566
511 539 697 718 530 356 709 686 0 257 530 684 793 504 839 580
512 537 696 719 529 354 710 688 0 253 528 689 794 504 840 582
513 537 696 718 531 352 712 689 0 252 531 691 796 504 841 583
0 249 533 698 530 351 716 690 515 538 698 717 799 504 844 584
0 245 536 703 531 350 719 691 516 537 702 716 801 505 846 586
0 242 536 707 533 351 721 691 519 537 705 715 803 504 849 587 724 470 770 532
560 348 732 687 0 239 540 707 521 539 705 714 806 504 851 588
561 351 732 685 524 543 705 712 0 234 540 708 808 504 853 588
561 354 732 683 526 547 704 711 0 239 541 707 808 507 855 588
561 356 731 681 529 549 705 712 0 246 540 705 809 507 856 588
562 359 731 681 532 552 705 712 810 505 857 587
563 364 731 680 536 553 706 713 813 510 866 586
563 368 731 681 539 552 708 713 735 473 781 533
563 371 731 682 542 550 710 713 0 328 530 714 735 474 782 532
564 373 730 683 544 549 709 713 0 330 524 712
567 373 728 683 547 550 707 711 0 331 519 712
569 371 726 682 549 551 706 708
571 369 727 682 551 551 705 707
572 368 728 680 552 552 704 707
573 368 728 679 553 550 704 710
574 366 728 678 555 547 704 712
576 369 727 678 556 546 705 713 479 470 524 536
578 370 729 676 0 281 498 694 558 548 706 712 477 469 526 537 817 508 862 574
580 373 731 676 0 281 493 692 475 480 529 541 575 538 721 710 740 462 792 521 818 509 862 577
583 380 734 676 0 281 489 689 578 539 723 712 472 483 531 544 741 466 792 524 820 509 863 579
587 385 738 677 0 282 484 688 581 537 726 712 471 484 533 545 821 509 864 580
590 387 740 677 3 281 476 686 584 537 729 713 466 482 535 546 821 509 865 578
8 279 469 685 594 387 742 680 464 482 536 545 596 540 721 711 826 521 863 574 820 477 864 564
10 273 463 687 597 387 743 681 461 480 538 544 601 541 723 711 827 521 864 572 822 476 866 563
10 268 459 690 602 387 745 684 458 479 540 546 605 543 725 712 828 522 865 572 823 478 866 563
12 264 456 693 603 386 746 684 454 474 542 548 606 543 725 713 828 522 866 571 824 478 867 563
9 267 455 694 606 387 748 683 450 461 542 546 609 543 728 713 825 508 870 576
6 266 451 697 618 398 742 649 613 544 732 713 439 461 537 547 825 507 871 575
1 265 445 697 617 400 745 643 435 461 538 548 616 542 736 713 824 480 869 564
0 259 439 696 430 467 542 552 617 400 746 641 618 538 738 713 823 479 868 564
3 246 431 697 422 466 543 553 617 399 747 643 620 538 739 712 822 480 867 564
414 468 544 553 9 236 425 699 618 399 748 644 621 538 739 712
407 467 544 555 13 228 416 701 618 399 748 648 623 540 739 711
11 228 413 701 403 469 544 556 619 400 748 649 623 539 739 711 822 503 866 574
387 463 543 562 8 222 408 702 619 400 748 649 624 539 740 709 822 502 865 574
381 464 543 561 5 214 404 700 619 401 747 646 624 539 740 709 822 503 864 575
372 463 542 561 6 205 399 701 619 401 748 645 625 538 740 708 822 502 864 574
368 463 542 560 6 199 399 702 625 535 741 708 620 400 747 644 822 504 864 574
362 463 543 560 0 185 381 705 626 534 740 708 621 399 747 646 825 516 861 570
359 463 545 558 0 177 377 708 626 532 741 706 630 408 759 628 825 516 861 570
355 463 547 558 0 170 372 711 627 531 740 705 631 409 758 626 825 516 861 570
353 464 547 559 0 165 366 712 627 532 740 704 636 410 754 579 825 518 861 571
350 465 550 559 0 157 361 714 637 412 753 576 629 535 739 704 825 520 862 571 623 410 637 444
347 467 551 560 0 147 355 717 638 413 753 574 638 531 750 703 824 522 863 574 623 410 636 444
345 468 553 560 637 531 750 703 0 133 347 719 639 413 752 573 822 507 867 578
344 470 553 562 637 530 750 702 0 131 340 719 642 415 751 571 823 506 867 579
344 469 553 563 637 529 750 702 0 132 327 719 643 415 751 571 823 505 866 581
345 471 553 563 637 531 749 701 0 139 315 719 638 423 755 615 823 505 865 582
345 469 553 563 637 529 749 700 644 417 750 570 0 143 306 719 823 480 861 567 615 485 657 560
345 469 553 562 637 529 749 699 637 422 755 618 822 481 861 567 0 152 300 714 614 486 658 559
345 468 554 561 637 527 749 700 636 420 756 622 822 477 861 567 0 157 288 710 613 485 659 558
345 470 554 561 637 528 749 701 638 421 753 623 822 476 862 568 613 487 658 559 0 282 255 688
345 472 555 561 638 529 748 702 639 422 752 625 822 477 862 568 0 282 248 690 612 488 658 560
345 471 553 562 638 530 747 701 640 424 751 624 0 266 239 703 823 505 864 581 611 489 658 560
346 470 553 562 638 530 747 701 640 425 752 622 823 481 862 567 0 242 231 719 611 488 659 560
347 470 552 562 640 425 753 620 638 530 747 699 823 506 864 581 611 487 659 560
348 469 553 561 640 425 754 619 638 529 747 697 823 482 864 566 611 486 660 559
349 469 554 560 640 423 753 620 640 529 745 696 824 482 865 565
348 467 555 560 641 425 752 619 824 484 866 564 642 529 746 696
348 465 555 560 642 427 752 618 825 484 866 564 642 527 746 697
347 462 556 561 643 428 752 615 825 483 867 564 643 526 746 697 1 346 126 717
