

611 392 644 416 575 392 593 406 654 395 688 433
612 392 644 415 575 392 593 406
611 391 643 415 575 392 592 406
611 391 644 415 575 392 592 405
612 391 644 415 644 367 693 436 575 392 592 405
612 392 644 415 644 368 694 436 576 392 592 404
613 393 643 415 644 369 694 436 576 392 592 404
613 392 644 415 644 369 694 435 576 393 592 405
614 391 645 415 645 370 695 435 577 393 592 405
613 391 646 416 645 369 694 436
613 391 647 417 645 368 694 436
613 391 647 418 645 369 692 436
612 390 648 418 646 370 691 436
612 391 647 417 646 371 691 435
612 391 646 416 645 371 691 435
645 371 692 433 612 392 643 415
645 371 692 433 611 392 642 414
612 392 642 413 646 370 693 432
613 391 643 412 647 367 694 432
614 389 644 411 648 364 695 431
615 389 644 412 647 361 695 431
615 389 643 412 647 360 695 431
615 390 643 412 647 359 694 431
615 389 644 412 647 359 694 431 591 394 609 409
614 390 645 412 647 361 694 433 589 394 608 410
615 391 647 414 648 363 695 434 587 394 608 410
615 392 648 415 648 365 694 435 586 394 607 410
615 392 649 416 649 365 694 436
615 393 649 416 649 365 694 435
615 393 649 417 649 366 694 435
614 393 649 417 649 366 694 435
614 392 649 417 648 365 695 434
614 392 649 417 648 363 695 434
614 393 648 416 649 363 695 435
614 393 647 415 650 363 696 435
615 393 647 414 651 363 696 435
615 392 647 414 651 362 696 435 588 395 608 410
615 392 646 413 651 361 696 434 589 395 610 411
615 392 646 413 650 361 697 435 590 396 611 411
615 393 646 413 651 362 697 435 591 396 610 411
615 394 646 414 651 363 696 437 590 396 609 411
615 394 646 415 651 364 697 437
615 394 646 415 651 363 697 437
615 395 646 415 651 362 698 438
612 401 642 420 651 360 698 439
612 401 642 421 651 360 699 440
611 401 643 421 650 361 699 440
610 401 643 421 650 362 699 440
610 400 644 421 650 363 699 440
650 364 698 440 611 400 644 421
650 365 698 439 613 395 648 417
613 395 647 416 651 364 698 439
613 395 646 416 651 363 698 439
613 395 646 415 651 363 699 439
613 395 646 415 651 362 700 439
614 395 646 416 651 361 700 440
614 394 647 416 652 360 701 440
651 361 701 440 614 394 648 416
651 362 701 441 611 400 643 421
651 364 701 441 611 401 642 420
651 365 701 441 611 401 642 421
652 366 701 441 611 401 643 421
652 367 701 441 610 401 644 421
610 401 644 421 653 367 701 441
610 401 643 421 653 368 702 441
610 401 642 421 653 370 702 440
611 401 642 421 653 370 702 440
611 401 641 421 653 371 701 440
611 401 641 421 653 371 700 440
611 401 642 421
612 401 642 421
612 401 642 421 654 386 695 439
612 401 642 421
612 401 642 421
612 400 642 421
613 400 643 422
613 400 643 422
613 400 643 421
614 401 642 421 650 382 697 440
613 401 641 420 651 382 697 441
652 382 698 441
613 394 647 416 652 382 698 441
613 394 647 416 652 381 698 441
615 395 645 416 652 381 697 441
616 396 643 415 654 384 696 439
616 397 641 414
654 383 695 439 616 397 641 414
654 384 695 439 616 397 642 415
654 384 695 439 615 396 643 415
614 396 645 416
615 396 645 415
615 396 644 415
615 396 644 415
615 396 644 415
615 396 643 415
615 396 643 415 653 375 695 437
615 396 642 414 653 376 695 437
615 396 642 414 653 376 695 437
