

747 253 942 386 946 243 1134 371 619 251 727 342 1076 243 1278 439 0 282 108 591 121 248 165 351
751 251 945 387 950 242 1133 372 622 251 730 341 1089 239 1279 448 0 270 89 604 118 248 164 351 588 261 621 288 557 214 566 233
756 250 951 387 953 241 1137 373 625 252 733 340 1092 239 1279 449 1 266 81 612 117 246 162 350
760 251 958 388 960 248 1143 380 627 251 737 341 1097 238 1279 448 0 268 72 614 117 245 161 347
765 252 965 388 964 248 1150 381 630 249 740 342 1101 239 1279 446 0 275 63 611 74 276 165 420
769 253 972 388 967 249 1160 380 632 247 742 343 1108 241 1279 445 1 323 51 632 71 278 166 422
770 253 980 388 969 250 1170 380 633 243 749 343 1113 244 1279 445 66 277 164 424 567 210 575 228
770 252 988 389 971 251 1177 381 634 244 750 343 1120 245 1279 444 61 300 156 432 568 210 577 228
769 253 992 391 635 245 751 343 986 250 1195 385 1140 242 1279 452 57 301 153 431 570 211 579 228
781 254 1002 399 638 246 753 344 989 252 1197 387 1145 242 1279 451 41 301 140 437
785 255 1005 402 642 246 756 345 994 253 1200 387 1147 247 1279 449 36 302 138 436
791 255 1011 403 647 246 760 345 1001 253 1206 387 1153 248 1279 450 28 303 133 439
794 256 1019 404 650 244 765 347 1006 253 1215 388 1161 248 1279 450 18 306 125 443
798 256 1028 405 1010 252 1223 390 652 243 768 349 10 308 117 445 1169 246 1279 449
804 257 1036 405 1012 252 1230 392 653 242 770 351 1191 235 1279 461 6 309 113 447 783 256 867 335
811 256 1042 406 653 242 779 351 1014 253 1237 395 1199 273 1279 468 5 310 110 445 787 257 869 337
831 257 1053 414 1028 254 1263 403 652 243 784 352 1206 286 1279 463 4 309 108 446 791 257 870 338
832 255 1058 417 1037 257 1266 405 653 244 788 352 1214 292 1279 463 4 311 105 450 798 256 885 339 588 211 597 227
834 256 1063 418 1046 258 1273 408 656 245 791 352 801 257 887 340 1219 290 1279 467 2 310 85 459 589 210 598 227
838 257 1070 418 1053 257 1278 413 661 246 794 352 805 256 891 341 590 209 599 227 1242 318 1279 468 2 308 78 462
841 258 1079 420 1062 256 1279 417 666 247 796 353 809 256 895 343 592 209 601 228
842 257 1092 422 1069 255 1279 421 668 247 798 355 811 255 899 344 594 209 603 227
844 256 1102 424 668 248 801 355 1074 256 1279 423 812 255 900 344 595 208 604 227
861 261 1122 437 1100 258 1277 426 665 249 803 356 820 257 917 347 597 209 606 228
863 263 1128 435 1103 260 1278 428 679 248 812 357 823 256 921 349 599 209 608 229
864 265 1138 434 680 247 818 359 1106 259 1279 429 826 257 925 350
860 259 1141 448 682 246 821 360 1111 260 1279 430 828 257 927 350 602 209 611 229
866 258 1149 452 684 245 824 361 1116 258 1279 431 838 259 944 347
869 258 1163 456 685 245 827 362 1121 257 1279 431 842 261 944 369
872 259 1179 459 686 246 829 364 1156 250 1279 441 845 263 946 369
875 260 1191 463 686 246 831 364 1161 250 1279 437 848 264 949 370 605 211 613 231
883 260 1200 468 688 246 832 365 848 264 953 370 1165 255 1279 435 605 211 613 232
891 259 1213 473 690 246 836 366 850 265 976 376 1197 253 1277 441 605 211 613 232
897 260 1226 478 695 254 841 375 851 266 977 377 1198 257 1277 439 605 211 614 233 65 236 106 394
896 260 1239 481 696 254 845 377 857 267 975 376 62 233 102 396 1201 259 1277 436 606 212 614 233
895 260 1249 484 697 253 847 379 851 267 983 379 60 232 98 397 828 267 869 293 605 212 614 232
892 259 1259 487 697 253 849 380 853 268 987 381 48 235 89 399 628 274 673 301 605 212 613 232
909 262 1267 491 696 253 851 381 857 268 993 383 45 228 88 406 626 273 687 304 831 267 869 293
910 264 1268 494 695 253 851 382 43 225 85 410 859 269 997 385 635 273 685 303 831 266 870 294
915 268 1270 499 694 254 850 384 860 270 1000 388 39 226 81 406 642 270 705 305
918 270 1272 504 693 254 851 386 859 270 1004 391 35 231 78 398 653 270 706 306
922 272 1273 511 692 253 851 387 862 268 1030 397 34 237 76 391
924 272 1271 514 690 252 853 388 862 267 1030 399 21 234 64 398
929 272 1270 518 689 250 853 388 863 265 1027 400 15 233 61 400
931 271 1270 521 686 248 855 389 864 263 1026 401 10 233 58 400
934 270 1271 524 685 248 855 391 863 263 1028 401 8 235 55 400 592 206 602 228
937 270 1272 525 682 248 857 392 860 264 1031 401 590 207 600 227 0 236 56 412
941 270 1273 529 680 247 857 393 859 265 1034 400 1 234 36 411 589 208 599 227
943 268 1275 534 677 246 857 394 859 266 1036 400 0 235 33 409
952 282 1279 560 675 246 856 395 859 266 1038 401 581 208 591 229 0 239 28 403
955 282 1278 565 673 244 856 396 857 265 1039 402 580 208 590 229
959 279 1277 575 672 242 857 398 855 264 1045 403 578 207 588 228
964 277 1275 584 671 239 857 400 857 263 1049 405 576 207 586 227
969 275 1275 595 669 240 857 400 857 262 1052 406 573 206 583 226
972 276 1277 598 667 241 857 400 857 263 1051 407 570 206 581 226
664 240 857 400 854 263 1051 409 976 276 1279 604 567 206 578 226
663 237 857 402 852 263 1052 411 979 275 1279 608 565 206 576 226 440 241 465 304
662 235 856 404 854 263 1051 413 983 271 1277 615 562 208 574 228
661 234 856 406 853 262 1051 413 986 270 1277 616 558 206 568 228
657 234 853 409 990 273 1277 620 851 261 1055 414 557 206 566 228
654 233 852 412 992 275 1278 620 847 260 1063 416 555 206 565 227
653 232 850 415 993 276 1277 624 846 260 1072 417 552 206 562 227
653 231 850 416 995 272 1277 627 846 260 1080 418 549 206 560 227
652 231 848 416 996 272 1277 632 843 262 1085 419 546 206 556 227
650 233 848 417 996 271 1276 637 841 262 1090 421 543 207 552 228
649 236 847 419 996 273 1276 640 840 262 1091 423 540 208 549 228
647 238 847 421 996 276 1277 636 840 261 1092 424 539 209 548 228
644 238 848 425 997 280 1276 633 842 261 1092 426 533 209 543 230
641 237 848 428 845 260 1094 428 998 281 1276 634 532 209 542 230
639 238 849 431 847 260 1096 430 997 270 1279 668 530 209 540 230
636 238 850 431 848 261 1098 430 998 270 1279 668 528 209 538 230
633 238 852 432 848 261 1098 429 1001 268 1279 671 526 208 536 228
632 238 852 432 999 258 1279 638 847 261 1098 432 523 208 533 228
617 238 851 433 1002 259 1279 635 847 261 1099 434 520 207 530 227
617 237 850 433 1003 259 1279 634 847 262 1100 435 518 207 528 227
616 237 850 434 1004 260 1279 634 846 262 1104 434 516 207 527 227
1006 257 1279 637 616 237 850 434 845 261 1106 435 515 208 525 228
1014 270 1279 670 615 237 851 434 844 261 1109 435 514 208 525 227
1015 269 1279 672 614 237 852 434 842 261 1111 436 514 208 524 227
1013 246 1279 650 600 232 864 452 845 256 1141 456 508 208 518 229
1020 241 1279 654 600 230 861 454 847 258 1141 459 508 208 518 229
1028 238 1279 658 599 230 861 455 848 257 1141 460 507 208 518 228
1032 236 1279 660 599 230 861 456 848 256 1139 458 506 207 517 228
1036 234 1279 661 599 231 864 458 850 253 1135 459 505 206 516 228
1040 231 1279 663 599 229 866 459 850 251 1134 460 504 206 515 228
598 227 867 460 1045 232 1279 661 851 250 1133 462 503 206 514 228
597 225 867 459 1048 235 1279 659 851 250 1134 461 502 206 513 227
595 223 868 460 850 249 1136 457 1059 281 1275 664 500 206 511 226
595 222 869 462 1062 280 1276 664 851 248 1138 452
595 219 870 465 850 246 1138 447 1065 281 1276 664
595 217 870 466 1068 284 1275 663 850 247 1135 446
595 214 870 469 848 255 1110 433 1071 289 1275 664 375 135 399 183
592 213 872 471 850 255 1106 433 1075 294 1274 664 374 134 397 182 494 197 506 219
852 255 1104 434 590 214 876 473 1077 298 1273 665 1166 273 1272 338 372 133 395 180 493 197 505 219 815 146 846 165
853 255 1103 433 589 216 879 475 1079 305 1272 662 1163 284 1274 344 371 133 392 179 493 197 505 219 815 146 846 165
853 254 1103 431 590 217 881 474 1082 312 1271 659 1161 285 1272 344 369 132 392 178 492 197 504 219
853 253 1102 430 590 218 883 475 1085 315 1270 658 1159 286 1270 344 367 132 390 178 491 197 502 220
853 252 1100 430 590 218 885 474 1094 308 1278 663 1157 288 1266 345 365 133 389 178 490 197 502 220
