

850 381 1075 513 589 337 743 518 1119 386 1185 500 572 91 634 119 1041 375 1080 473 485 398 520 425 565 386 592 410 739 392 761 408 187 393 265 416
850 380 1075 513 589 337 743 518 1119 386 1184 499 572 91 634 119 1041 375 1080 473 484 398 520 425 564 386 592 410 739 392 761 408
850 380 1075 513 589 337 743 518 1119 386 1184 500 572 91 634 119 1041 375 1080 473 564 386 592 410 484 398 520 425 739 392 761 408
850 381 1075 513 589 337 743 518 1119 386 1185 500 573 91 634 119 1041 375 1080 473 564 386 592 410 484 398 520 425 739 392 761 408
850 381 1075 512 589 337 743 518 1119 386 1185 500 573 91 634 119 1041 375 1080 473 564 386 592 410 484 398 520 425 739 392 761 408
850 381 1075 512 589 337 743 518 1120 386 1185 500 1041 376 1080 473 564 386 592 410 571 91 633 118 483 397 519 425 739 392 761 408 758 307 778 320
850 381 1074 512 589 337 743 518 1124 377 1194 503 1041 376 1080 473 564 386 592 410 759 307 778 320 570 90 633 117 739 392 761 408
850 381 1074 512 589 338 743 518 1123 377 1194 503 760 308 779 320 1041 376 1080 473 564 386 592 410 739 393 761 408 187 393 265 416 569 89 633 116
850 381 1074 512 589 338 743 518 1124 377 1194 503 1041 376 1081 473 564 386 592 410 760 308 779 320 739 393 761 408 569 89 634 116
850 381 1074 512 589 337 743 518 1124 377 1194 503 1041 376 1081 473 564 386 592 410 760 308 779 320 739 393 761 408 569 89 634 116 187 393 266 416
850 381 1074 512 589 337 743 518 1124 377 1194 503 1041 376 1081 473 760 308 779 320 564 386 592 410 739 393 761 408 569 89 634 116 187 393 266 416
850 381 1074 512 589 337 743 518 1124 376 1194 503 1041 376 1081 473 760 308 779 320 564 386 592 410 481 387 517 426 739 392 761 408 187 393 265 417 569 89 634 116
851 381 1074 512 589 337 743 519 1124 376 1194 503 1041 376 1081 473 761 308 779 320 564 386 592 410 481 387 517 426 739 392 761 408 569 89 634 116 187 393 265 417
851 381 1074 512 589 337 743 519 1124 376 1194 503 761 307 779 320 1041 376 1081 473 481 397 519 425 564 386 592 410 739 392 761 408 569 89 634 116 186 394 266 417
851 381 1074 512 590 337 743 519 1124 375 1194 503 761 307 779 320 481 397 519 425 1041 375 1081 473 564 386 592 410 738 392 761 408 569 90 633 117 186 394 266 417
851 381 1075 512 589 337 743 518 1124 375 1194 503 761 307 779 320 481 397 519 425 1041 375 1080 473 564 386 592 410 738 392 761 408 568 90 634 117 186 394 266 417
851 381 1075 512 589 337 743 518 1124 375 1194 503 761 307 779 320 481 397 519 425 564 386 592 410 1041 375 1081 474 738 392 761 408 568 90 634 117 186 394 266 417
851 381 1075 512 589 337 743 518 1124 375 1194 503 761 307 779 320 481 397 518 425 564 386 592 410 1041 375 1081 474 738 392 761 408 186 394 265 417 553 89 637 121
851 381 1075 512 589 337 743 518 1124 375 1194 503 761 307 779 320 564 386 592 410 480 397 518 425 1041 374 1081 474 186 394 265 417 738 392 761 408 553 89 637 121
851 381 1075 512 589 337 743 518 1124 375 1194 503 761 307 779 320 564 386 593 410 1041 374 1081 474 480 397 518 425 186 394 265 417 738 392 761 408 553 89 637 121
851 381 1075 512 589 337 743 518 1124 376 1194 503 761 307 779 320 564 386 593 410 1041 374 1080 474 480 397 519 425 738 392 761 408 186 394 266 417 553 89 637 121
851 381 1075 512 589 337 743 518 1124 376 1194 503 761 307 779 320 564 386 593 410 1041 375 1080 474 480 397 518 425 738 392 761 408 186 394 266 417 553 89 637 121
851 381 1074 512 590 337 743 518 1124 376 1194 503 761 307 779 320 480 397 518 425 564 386 593 410 1041 375 1080 473 738 392 761 408 186 394 266 417 553 89 637 121
851 381 1074 512 590 337 743 517 1124 375 1194 503 479 398 518 425 761 307 779 320 1041 375 1080 473 564 386 593 410 738 392 761 408 186 394 266 417 553 89 637 121
851 381 1074 512 590 337 743 517 1124 375 1194 503 479 398 518 425 761 307 779 320 1041 376 1080 473 564 386 593 410 738 392 761 408 186 394 266 417 553 89 637 121
851 381 1075 512 590 337 743 517 1124 375 1194 503 478 398 518 425 761 307 779 320 1041 376 1080 474 564 386 593 410 738 392 761 408 186 394 266 417 553 89 637 121
851 381 1075 512 590 337 743 517 1124 375 1194 503 478 398 518 425 761 307 779 320 1041 375 1081 474 564 386 593 410 738 392 761 408 186 394 265 417 553 89 637 121
851 381 1075 512 590 337 743 517 1109 375 1191 505 477 398 518 425 761 307 779 320 1041 375 1081 474 564 386 593 410 738 392 761 408 186 393 265 417 553 89 637 121
852 381 1075 512 590 337 743 517 1109 375 1191 505 477 398 518 425 761 307 779 320 1040 375 1081 474 564 386 593 410 738 392 761 408 186 393 265 417
852 381 1075 512 590 337 743 517 1109 376 1191 505 476 398 518 425 761 307 779 320 1040 375 1081 473 564 386 593 410 738 392 761 408 186 393 265 416
851 381 1075 512 590 337 743 518 1109 376 1191 505 476 398 518 425 761 307 779 320 1040 376 1081 474 564 386 593 410 186 393 265 416 738 392 761 408
851 381 1074 512 590 337 743 518 1108 376 1191 505 476 398 518 425 761 307 779 320 1040 376 1081 474 564 386 593 410 186 393 265 416 738 392 761 408 553 89 637 121
851 381 1074 512 590 337 743 518 1109 376 1191 505 476 398 517 425 761 307 779 320 1040 376 1081 474 564 386 593 410 186 393 265 416 738 392 761 408 553 89 637 121
851 381 1075 512 590 337 743 517 1109 376 1191 506 761 307 779 320 476 398 517 425 1040 377 1081 474 564 386 593 410 738 392 761 408 186 393 265 416 553 89 637 121
851 381 1075 512 590 337 743 517 1109 376 1191 506 761 307 779 320 476 398 517 425 1040 377 1081 475 564 386 593 410 738 392 761 408 186 393 265 416 553 89 637 121
851 380 1074 512 590 337 743 517 1109 376 1191 506 761 307 779 320 476 398 517 425 1039 377 1082 476 564 386 593 410 738 392 761 408 186 393 265 416 553 89 637 121
851 380 1073 512 590 337 744 517 1109 377 1191 506 761 307 779 320 476 398 517 425 1038 377 1083 476 564 386 593 410 738 392 761 408 186 393 265 416
851 380 1073 512 591 338 744 518 1109 378 1191 506 761 307 779 320 475 397 517 426 1038 377 1083 477 564 386 592 410 187 393 265 416 738 392 761 408
851 381 1072 512 591 339 744 518 1119 386 1185 500 761 307 779 320 475 396 517 426 1037 377 1083 478 564 386 592 410 187 393 265 417 738 392 761 408 568 90 633 117
851 381 1070 512 591 339 744 518 1119 385 1186 500 761 307 779 320 475 396 518 426 1039 390 1084 494 564 386 591 409 187 393 265 417 569 90 633 116
850 381 1068 512 591 339 744 518 1108 377 1191 506 761 307 779 320 1039 390 1084 494 474 396 518 426 564 386 591 409 187 393 265 417 569 90 633 116
850 382 1066 512 591 339 744 518 1108 377 1192 506 761 307 779 320 1040 391 1083 493 474 396 518 426 564 386 591 409 187 393 265 417 569 90 633 116
850 382 1066 512 591 339 744 518 1119 383 1185 500 761 307 779 320 1033 381 1075 468 473 396 518 427 564 386 592 409 187 393 265 416 569 90 633 116
849 381 1065 512 591 339 744 517 1108 377 1192 505 761 307 779 320 1033 380 1074 468 473 396 519 427 564 386 592 409 187 393 265 416 569 90 633 116
849 381 1064 512 591 339 744 517 1123 375 1195 503 761 307 779 320 1030 383 1078 496 473 396 518 427 564 385 592 409 187 393 265 417 569 90 633 116
848 381 1062 511 592 339 744 517 1123 375 1195 503 1029 384 1078 496 761 307 779 320 473 396 518 427 564 385 592 409 187 393 265 417 569 90 633 116 738 392 761 408
848 382 1062 511 592 339 744 517 1123 375 1195 502 1028 385 1077 495 761 307 779 320 472 396 518 427 564 385 592 408 187 393 265 417 569 90 633 116
848 382 1063 511 592 338 744 516 1123 374 1195 503 761 307 779 320 1027 386 1076 494 472 396 518 427 565 385 592 408 187 393 265 417 569 90 633 116
847 382 1063 510 592 338 743 516 1108 374 1192 504 761 307 779 320 1026 388 1075 493 472 396 518 427 565 385 592 408 187 393 265 417 569 90 633 117
846 382 1062 510 592 338 743 516 1109 374 1192 505 761 307 779 320 1024 390 1074 492 511 376 552 420 565 385 592 408 472 396 518 426 187 393 265 416 569 90 633 116 737 391 761 407
846 383 1060 510 592 338 743 515 1109 374 1192 505 761 307 779 320 1024 377 1069 476 511 376 552 420 565 385 592 408 472 396 517 427 569 90 633 116 737 391 761 408 187 393 265 416
845 382 1060 510 593 338 742 515 1110 373 1192 506 761 307 779 320 511 376 552 420 565 385 592 408 737 392 761 408 570 90 633 116 187 393 265 416
845 382 1058 509 593 338 742 515 1110 373 1192 506 761 307 779 320 511 376 552 420 565 385 592 408 737 392 761 408 187 393 265 416 571 90 632 116
843 383 1057 509 600 336 737 519 1110 372 1191 507 761 307 779 320 511 376 552 421 564 385 592 408 187 393 265 416 737 392 761 408 570 90 632 116
842 383 1054 509 601 337 738 520 1109 372 1191 508 761 307 779 320 511 376 552 420 564 384 592 408 187 393 265 416 737 392 761 408 570 90 632 116
839 384 1052 509 601 337 738 520 1109 372 1190 508 761 307 779 320 511 376 552 420 564 384 593 408 1021 380 1062 474 187 393 265 416 737 393 760 408 569 90 633 116
838 384 1050 509 601 337 737 519 1108 372 1189 508 761 307 779 320 511 376 552 420 564 384 593 408 1021 380 1059 474 187 393 265 416 737 393 760 408 569 90 633 116
837 384 1049 509 602 338 737 519 1109 371 1188 507 761 307 779 320 510 376 552 421 565 385 593 408 736 393 760 409 186 393 265 416 1020 380 1055 474 569 90 633 116
837 384 1048 509 602 338 736 518 1108 371 1187 508 761 307 779 320 510 376 552 421 565 385 593 408 736 393 760 409 569 90 633 116 187 393 265 416
836 384 1047 509 602 338 736 518 1116 378 1182 501 762 307 779 320 565 385 593 408 511 376 551 421 569 90 633 116 735 392 760 409 187 393 265 416
835 384 1046 509 602 339 736 518 1116 378 1181 501 762 307 778 320 566 386 593 409 511 376 551 421 569 90 633 117 734 392 760 410
834 384 1045 508 601 339 736 518 1116 378 1181 501 762 307 778 320 568 90 633 117 733 392 760 411 1009 378 1047 472
834 385 1045 508 601 339 736 518 1116 378 1179 501 761 307 778 320 566 386 594 409 511 376 551 422 733 392 760 411 569 90 633 117 1009 379 1045 470
834 385 1045 507 602 340 735 518 1114 377 1178 501 761 307 778 321 566 385 595 409 510 377 551 422 732 392 759 411 569 90 633 117
825 387 1035 506 602 341 734 517 1113 375 1177 502 510 377 552 422 761 308 778 321 566 385 595 409 732 392 759 411 569 90 633 116
826 388 1032 505 602 342 733 516 1110 373 1176 502 509 377 552 422 761 308 777 321 566 385 596 409 732 392 759 411 569 89 634 116
826 388 1031 504 602 342 733 515 1109 372 1175 502 509 377 552 422 761 308 778 321 567 386 595 409 732 392 759 411 568 89 634 116
826 388 1031 503 602 342 733 515 1107 372 1174 502 509 377 552 422 761 308 778 321 567 386 596 409 732 392 759 411
825 388 1029 502 602 342 732 515 1105 373 1172 501 510 377 551 422 761 308 778 321 567 386 596 409 732 392 759 410
825 387 1029 502 603 342 732 514 1102 373 1171 500 510 378 551 422 567 386 596 409 761 308 778 321 733 392 759 410
825 386 1027 502 603 342 731 512 1101 373 1170 500 510 378 552 422 567 386 596 409 761 308 778 321 733 392 759 410 190 394 263 416 987 383 1025 459
825 385 1026 502 603 341 730 511 1101 373 1168 501 510 378 552 422 761 308 778 321 733 392 759 410 191 394 262 416 553 88 637 120 987 382 1022 461
825 385 1023 502 604 342 729 510 1095 380 1158 497 509 377 552 422 761 308 778 321 192 394 261 416 553 88 637 120 462 395 511 428 590 393 606 407
824 385 1021 503 604 342 729 510 1093 381 1158 497 508 377 551 422 761 308 778 321 553 88 637 120 590 393 606 407 192 394 260 416
824 385 1020 502 605 344 729 509 1091 382 1157 497 508 377 551 422 761 308 779 321 591 393 607 407 552 88 638 120 191 393 260 416
823 386 1017 501 605 345 728 507 1088 381 1156 496 508 377 551 423 592 394 607 407 762 308 779 321 552 88 638 120
821 386 1014 500 605 346 727 506 1085 381 1153 495 592 394 608 408 508 377 551 423 762 308 780 321 459 394 512 429 552 88 638 120
819 386 1011 500 606 347 726 504 1082 380 1151 495 593 394 608 408 508 378 550 423 459 394 512 429 763 308 780 321 552 87 638 119
818 386 1009 499 607 348 726 503 1079 380 1149 495 593 394 608 408 507 378 550 423 459 394 512 430 763 308 780 321 552 86 638 119
817 386 1006 499 608 349 726 502 1078 379 1146 496 593 393 608 408 507 378 550 423 763 308 780 321 552 86 638 118 459 394 509 430
817 386 1004 499 609 349 725 501 1078 378 1143 497 593 393 608 408 763 308 780 321 506 378 550 424 552 86 638 117
816 386 1001 500 609 351 723 499 1070 380 1133 497 592 393 608 408 569 389 589 406 763 308 781 321 506 378 550 424 552 85 638 117 459 395 507 430
816 387 998 499 610 352 722 496 1069 380 1131 497 592 394 608 408 569 389 589 407 764 308 780 321 552 85 637 117 503 370 553 429 458 395 507 430
814 389 994 498 610 354 720 494 1067 380 1128 497 592 393 608 408 568 389 589 407 764 308 781 321 552 85 637 117 503 370 553 429
812 390 991 497 610 355 719 494 1064 379 1125 497 593 393 609 408 567 388 589 407 551 85 637 116 503 370 553 429 764 307 781 321
810 391 988 497 612 357 718 493 1061 378 1122 497 593 392 609 408 551 84 636 116 567 388 589 408 764 307 781 321 503 369 553 429 452 362 508 431
809 391 987 497 613 358 716 491 1059 378 1120 497 594 392 609 408 551 83 636 115 764 308 781 321 566 388 590 408 452 361 508 431 504 367 554 429
809 393 985 497 613 359 715 491 1058 378 1117 498 594 392 610 409 764 308 782 321 551 83 636 115 504 367 554 430 451 362 507 432
808 393 983 497 613 360 715 493 1049 383 1107 494 763 308 782 322 552 82 635 115 593 393 610 410 504 369 554 430 455 396 505 431
806 394 982 497 613 360 715 495 1047 382 1106 494 552 82 635 114 763 309 783 322 503 371 554 430 454 395 503 432 593 393 610 410
805 394 982 497 614 361 714 496 1044 384 1105 492 552 81 635 114 451 394 503 433 503 373 554 431 764 309 783 322 593 394 610 410
804 394 981 497 615 361 712 494 1042 385 1102 491 552 81 635 114 448 393 502 434 503 373 553 431 593 394 610 410 764 309 782 323 357 397 411 424
804 394 980 496 616 362 710 493 1040 386 1099 490 445 373 501 436 552 80 635 113 593 395 609 410 503 374 552 430 765 310 781 323 356 398 408 423
804 394 979 496 616 362 708 493 1038 387 1096 490 445 374 500 436 552 80 635 112 593 395 609 410 506 379 549 426 765 310 781 323 713 396 736 413 354 399 405 423
804 394 978 496 616 363 708 493 1035 388 1095 490 550 79 636 111 594 395 609 410 507 379 549 427 764 310 782 324 351 399 404 423 712 397 734 414
805 394 976 496 617 362 708 493 1033 386 1092 491 594 395 610 410 549 78 637 109 350 399 402 423 507 379 549 427 764 309 782 323 711 397 733 414
805 393 974 496 617 363 707 492 1032 385 1089 492 440 386 500 436 595 395 610 410 764 309 783 323 548 77 638 107 710 397 733 414 348 398 401 423 507 379 549 427
796 397 968 496 618 362 705 491 1022 389 1083 491 440 386 500 436 594 395 610 410 763 309 784 323 710 397 732 414 503 374 552 430 548 76 638 106 347 398 400 423
