

862 376 982 602 712 432 754 510 653 433 700 511 419 449 447 490 868 513 992 686 614 457 640 476 464 454 493 492 565 457 593 475 1029 449 1191 587 655 476 692 526 209 434 254 506 693 451 712 486 1166 485 1279 650
864 373 986 603 653 432 700 511 414 447 442 491 712 433 754 509 879 503 999 690 612 455 641 475 655 476 692 526 482 453 517 484 564 455 593 474 448 451 472 490 1036 449 1195 588 543 455 565 477 1202 491 1278 658
866 372 989 605 653 431 701 511 879 497 1003 693 713 433 753 509 442 449 471 495 612 454 640 474 412 446 440 491 655 476 693 526 564 454 593 473 1042 447 1270 607 460 450 505 487 481 452 516 484 1210 486 1277 664
881 494 1008 695 653 430 700 511 871 361 1010 626 713 432 754 508 1054 454 1270 606 655 476 693 526 611 453 640 473 456 448 512 484 563 453 592 471 412 447 443 491 437 448 467 495 717 467 748 511 763 455 784 483
871 362 1014 626 653 429 700 511 883 494 1013 696 713 431 755 506 654 476 693 527 452 447 513 482 1064 457 1264 603 610 451 639 473 561 451 592 470 695 449 713 488 397 444 426 488 763 454 785 482 851 455 897 521 719 467 748 509
872 360 1016 627 654 428 700 512 713 431 756 506 449 446 512 481 655 476 694 527 887 497 1018 695 1077 457 1261 604 609 451 639 473 413 447 450 494 696 449 715 488 563 451 591 470 765 454 786 482 130 438 185 501 301 438 361 468 853 455 901 520
874 358 1019 628 654 429 701 512 450 446 509 482 712 432 757 506 655 476 695 527 893 499 1024 694 609 451 639 474 696 449 715 488 1085 454 1259 608 564 451 591 470 765 455 786 482 725 469 756 509 110 407 161 489 393 432 418 468
878 357 1024 630 654 430 702 512 451 447 506 483 1105 456 1279 623 712 434 757 508 609 452 639 474 656 477 695 527 904 521 1025 705 698 452 716 488 565 452 590 470 725 469 756 510 766 457 786 483
884 356 1032 633 655 431 702 512 453 447 503 485 610 452 640 475 1119 462 1279 624 910 522 1031 705 816 445 871 511 712 435 758 509 725 469 757 511 656 478 696 526 699 452 717 488 565 453 591 471 766 457 787 484
893 355 1039 637 656 433 702 513 454 448 501 485 610 452 641 476 719 434 762 508 817 447 872 510 726 471 758 513 915 525 1036 707 700 453 718 488 657 478 697 526 1137 499 1277 631 564 454 591 471 768 457 787 484
901 355 1045 638 720 434 763 509 657 433 703 513 455 448 500 485 727 472 759 515 608 452 642 477 819 447 875 510 541 454 565 478 933 523 1051 709 658 478 698 526 701 452 719 488 565 453 590 472 768 457 789 485 1149 501 1279 633 642 454 660 470
722 435 765 509 917 359 1063 635 729 472 761 515 607 452 642 479 659 433 704 514 456 448 499 485 937 523 1061 711 541 454 564 478 660 478 700 525 821 447 877 509 701 450 719 489 566 453 590 472 769 458 791 485 642 454 660 470 709 448 728 492
919 360 1067 635 723 435 766 509 730 471 762 516 945 523 1073 711 606 453 642 479 459 448 496 486 660 433 705 515 540 453 562 478 662 487 696 538 701 448 719 489 567 453 590 472 641 455 660 471 592 455 617 477 709 448 727 492
923 357 1074 639 933 523 1089 718 724 435 766 510 731 471 763 516 605 453 642 480 661 433 705 516 540 453 560 478 461 448 494 486 304 436 361 508 663 487 696 537 641 455 661 471 591 454 620 477 701 447 720 490 876 442 963 540 567 453 590 471
929 354 1083 643 724 435 767 510 941 525 1095 719 730 471 763 516 661 432 706 516 605 454 642 480 463 448 493 486 265 438 351 512 539 453 560 478 876 444 967 540 591 455 622 478 663 487 696 538 640 455 661 472 709 448 727 493 841 455 896 522 701 448 719 489 566 454 590 472
934 349 1095 649 724 435 767 511 730 472 763 517 947 527 1103 719 661 433 705 516 605 454 641 481 588 456 624 480 841 453 898 523 462 449 494 486 639 456 661 473 663 486 697 538 877 446 972 539 709 448 726 493 444 448 477 486 701 450 719 489 565 455 590 474 526 454 544 481 280 432 334 508 819 443 873 507
937 344 1104 657 725 436 767 512 729 472 763 518 661 433 705 516 966 529 1121 719 842 453 899 522 586 457 625 482 460 449 495 486 443 448 473 488 525 455 544 482 663 486 697 539 606 456 641 481 638 458 661 475 709 449 726 492 894 444 989 547 564 457 590 475 700 452 718 489
937 337 1113 663 967 526 1131 719 725 436 767 512 729 472 763 518 522 456 543 483 441 448 470 490 831 450 909 522 583 456 629 483 660 457 705 532 895 446 992 547 781 457 808 492 564 457 591 476 709 449 726 492 608 456 641 481 637 458 661 475 700 452 718 489
960 334 1128 667 725 436 768 511 971 526 1142 719 729 472 763 518 520 455 541 483 582 455 632 484 257 434 305 504 830 448 907 510 661 433 705 516 438 447 468 490 663 486 698 539 781 457 809 492 896 444 996 546 710 450 727 491 564 457 590 476 636 457 663 474 700 451 719 489 110 454 210 528
968 332 1140 667 725 434 768 510 580 453 634 483 978 524 1153 717 831 446 911 511 661 433 706 516 730 471 764 517 517 454 539 482 664 485 698 539 780 456 810 491 710 451 727 491 634 454 664 473
978 327 1153 669 578 451 636 483 726 434 769 510 833 445 916 512 661 433 707 515 732 471 765 516 664 485 698 539 514 452 536 481 431 447 481 486 781 456 811 490 710 450 727 491 984 523 1161 715 634 452 665 471 419 443 445 490
983 324 1164 671 575 450 635 483 726 433 770 510 835 444 919 512 1008 522 1195 717 661 432 708 515 732 472 766 517 411 443 492 489 665 485 699 538 781 455 812 490 710 450 728 490 634 452 666 471
1003 322 1184 672 573 451 634 483 727 434 771 510 836 443 921 512 732 472 768 517 661 433 709 515 1013 522 1204 717 408 443 491 489 665 485 700 538 634 451 667 471 900 441 1044 548 782 456 813 490 711 451 728 489
1011 319 1194 674 571 451 633 484 728 434 772 510 661 432 710 516 836 442 923 511 734 473 769 518 666 485 700 538 1028 530 1270 716 634 451 667 471 405 445 493 488 898 442 1052 547 711 452 729 488 783 457 814 490
1021 314 1206 678 570 451 632 484 729 436 772 510 846 444 936 514 735 472 770 518 661 433 711 517 1038 528 1268 716 667 486 701 539 634 451 668 472 919 436 1072 558 711 452 729 489 499 450 519 483 403 445 493 488
1045 309 1238 681 570 450 631 486 918 436 1085 561 849 447 939 529 731 437 773 510 736 471 771 518 1046 525 1270 716 497 451 518 484 634 451 669 474 712 451 730 490
1051 311 1240 685 922 434 1095 567 851 447 944 530 570 451 629 487 732 438 774 511 633 452 670 476 1054 523 1273 716 712 450 731 491 493 453 517 485 369 449 399 496 419 448 477 484
1060 309 1253 686 853 447 949 530 926 433 1108 571 733 438 775 511 569 451 628 488 633 453 671 477 668 432 717 516 713 451 732 491 1060 522 1278 718 668 488 703 542 365 449 392 494 420 448 475 486 205 439 311 480 475 449 496 484 511 453 545 473
1067 304 1264 686 856 447 952 529 733 438 775 511 632 452 672 478 567 451 626 489 669 432 718 518 927 443 1123 581 715 452 733 491 474 449 498 487 201 439 307 480 669 489 703 542 1068 524 1278 719 409 449 469 488 510 454 545 474
948 435 1145 590 1099 292 1279 684 864 445 973 535 734 437 776 511 631 452 672 478 561 443 626 493 667 449 716 534 471 448 497 489 715 452 734 490 787 458 819 490 408 449 469 490 341 450 370 497 198 439 306 481 512 455 545 474 669 489 703 541
953 433 1155 594 1103 285 1279 689 865 444 976 535 734 435 776 510 628 450 672 478 667 450 716 534 468 449 492 489 561 443 625 492 715 451 733 489 185 439 293 482 811 429 895 502 786 458 820 490 406 449 468 489 669 489 703 541 540 454 562 473 512 455 544 474
1112 281 1279 692 866 441 978 536 960 434 1169 596 627 450 672 478 733 435 776 510 667 449 716 535 398 446 475 494 556 445 617 493 715 452 733 489 179 439 290 483 812 427 895 503 785 458 820 491 669 490 703 542
1125 281 1279 693 867 441 978 535 626 451 671 480 733 435 775 510 667 447 715 536 395 447 474 496 552 446 614 494 827 430 910 503 715 452 733 489 966 437 1178 599 786 459 820 491 174 439 285 484 669 491 704 543
1138 286 1278 692 869 440 977 534 543 446 618 496 392 449 471 497 627 451 670 480 732 435 774 511 982 427 1207 609 667 444 715 536 786 459 821 491 827 429 908 502 715 453 732 489 159 441 267 486 613 455 641 479 668 491 704 544 263 441 313 510
388 450 468 497 869 440 977 534 541 445 615 496 731 435 773 511 1147 295 1278 688 735 473 771 519 987 426 1216 614 628 451 669 479 669 431 717 519 785 459 821 491 826 428 908 502 155 440 263 486 714 454 731 488 613 455 643 479 667 491 705 544 258 436 307 510
537 444 609 495 384 449 464 497 868 440 979 533 729 435 772 510 735 474 770 519 1149 349 1279 702 826 425 910 502 978 415 1257 636 664 444 708 539 611 453 647 479 630 450 667 478 785 458 820 490 714 454 730 487
861 436 988 521 727 435 771 510 733 474 769 518 826 423 912 503 988 416 1269 627 663 445 709 539 610 452 650 480 532 443 606 494 372 449 456 496 784 457 820 490 634 450 665 476
523 444 597 497 369 449 454 498 861 436 990 521 606 451 652 481 826 423 914 505 725 437 769 510 662 446 709 538 731 473 767 518 995 415 1279 622 782 457 821 491 637 451 664 474
517 446 594 499 365 450 448 499 604 452 650 482 825 423 914 507 861 437 991 522 660 446 708 538 724 437 768 511 729 472 764 518 998 415 1279 623 640 452 664 473
510 446 589 500 602 451 649 483 659 447 707 537 826 422 915 508 723 437 766 511 862 436 990 523 1003 414 1279 625 662 490 700 543 360 449 445 500 640 452 663 472
827 420 917 510 658 448 706 536 602 450 647 483 503 445 587 500 722 436 765 510 1059 391 1279 643 865 435 988 524 661 490 699 542 640 452 662 472
497 442 577 499 829 418 919 511 658 449 706 536 601 449 646 482 722 434 765 510 883 434 1035 540 1060 385 1279 648 780 457 825 494 640 451 662 470
492 441 575 498 830 416 920 512 659 449 706 537 883 432 1038 541 1107 385 1279 655 599 448 648 481 722 434 765 510 780 456 825 494 582 452 626 480
485 440 573 499 832 415 923 513 885 433 1043 541 661 449 708 537 723 435 766 510 598 448 649 481 1126 386 1279 663 67 435 202 487 567 454 594 476 639 451 663 470
479 440 569 501 835 415 925 515 888 434 1046 540 662 448 708 538 724 435 767 511 338 444 421 498 580 450 635 484 782 456 823 495 66 436 199 485 637 450 663 472 799 456 836 499 565 454 591 477
473 440 567 503 891 434 1053 539 837 417 927 517 664 447 709 538 724 436 768 512 331 443 420 499 581 450 636 485 636 449 664 474 783 457 821 495 800 456 837 500 563 455 588 478 39 435 190 487 969 454 1126 577
464 438 560 505 839 414 941 524 892 432 1059 537 582 449 636 485 327 443 420 499 725 436 768 511 978 456 1129 578 664 447 709 538 635 449 664 474 783 457 820 494 799 457 839 499 39 434 185 487 560 454 586 477
456 436 556 505 843 411 947 524 900 431 1093 548 580 448 633 485 726 435 768 511 309 440 409 500 989 459 1140 579 663 429 711 525 633 449 664 474 665 479 707 547 784 456 818 492 36 434 180 486 1112 445 1279 636 557 453 587 478
449 433 551 504 905 429 1093 544 846 409 953 522 304 440 406 498 578 446 631 484 726 433 769 509 666 427 717 524 995 459 1151 580 731 470 766 515 1147 440 1278 644 38 429 174 482 785 454 817 490 666 479 708 545
443 431 547 504 913 426 1097 542 1015 452 1182 588 850 407 955 520 665 425 718 524 302 439 403 495 575 444 628 484 726 431 770 508 732 468 766 513 801 454 847 496 13 428 160 482 545 449 573 472 785 453 816 488
432 430 541 504 920 422 1101 544 1023 453 1197 588 665 423 719 522 305 438 401 491 857 405 960 522 726 430 771 506 571 441 629 483 11 427 160 482 628 437 665 468 734 467 767 511 803 453 848 494 541 448 572 472
422 429 537 506 923 419 1114 545 666 423 719 522 861 404 968 522 305 438 398 492 725 432 771 507 568 440 628 484 1033 458 1208 591 626 436 665 469 734 467 767 511 11 427 155 483 804 453 846 494 536 448 571 473 669 477 712 545 784 451 815 486
415 429 532 509 666 424 719 522 865 403 975 523 922 416 1125 548 1055 449 1243 600 726 431 771 507 289 441 386 496 564 438 626 486 733 468 767 512 532 448 569 474 669 477 712 545 805 452 843 494 785 452 815 487 0 433 134 488
395 429 521 516 935 414 1167 557 862 404 983 526 291 442 380 498 1069 448 1256 606 666 426 718 522 725 431 769 508 562 438 624 489 731 468 766 514 531 450 567 477 669 477 712 547 0 434 127 489 786 453 817 489 805 453 841 495 211 430 258 511
938 412 1176 561 388 428 515 519 864 402 986 528 286 443 376 499 666 426 717 523 724 430 768 508 556 440 617 491 1080 448 1265 609 731 468 765 514 617 445 651 478 0 436 122 489 786 454 817 490 531 450 564 479 669 477 712 546 188 430 236 512 805 452 840 495 512 451 547 478
942 409 1190 564 866 399 991 529 363 428 504 521 662 427 712 525 1108 442 1279 621 551 438 614 493 723 431 766 508 281 443 371 500 729 467 764 514 613 444 650 479 666 478 708 547 786 453 818 491 513 451 547 477 0 438 116 489 185 432 236 511 804 451 839 496 492 447 526 478
945 407 1201 567 865 397 995 529 660 428 712 525 541 438 616 493 333 427 499 520 721 432 765 508 267 444 358 501 665 478 707 547 609 444 648 479 1127 448 1279 628 786 453 819 491 489 448 523 476 513 452 545 477 0 438 113 490 804 451 839 496
958 405 1232 573 536 438 610 493 320 427 485 523 658 429 711 524 868 394 1015 532 719 433 765 508 663 478 706 548 262 444 349 499 605 445 645 479 488 448 521 476 1163 443 1278 638 786 454 819 492 515 452 541 476
966 405 1243 578 298 426 469 525 867 393 1019 532 656 429 709 523 532 437 607 492 662 479 705 549 717 435 764 509 487 448 521 476 602 445 643 479 786 454 819 492 246 444 328 500 465 446 493 483
280 422 460 529 974 404 1257 578 524 435 597 495 653 428 707 521 868 390 1027 533 712 436 760 509 659 480 703 549 786 453 819 491 240 439 326 502 488 448 520 475 803 450 836 495
980 395 1269 593 519 432 592 494 869 375 1033 528 651 426 706 520 713 435 759 507 259 420 457 530 786 451 818 490 656 480 701 547 804 449 835 495
995 389 1274 596 223 413 423 537 511 431 586 492 650 424 705 519 713 433 758 505 438 445 465 487 589 434 629 474 787 450 817 490 654 480 700 546 804 449 836 495 638 443 657 461
1008 387 1272 598 206 411 415 539 506 431 584 491 649 423 704 519 712 432 758 505 587 434 627 473 787 450 817 490 436 443 461 488 653 479 699 546 804 449 836 495 638 442 657 460
1018 387 1273 605 649 423 704 520 166 409 386 542 496 431 578 495 712 432 757 506 786 451 818 492 582 434 625 473 652 479 698 547 804 449 837 496 860 427 879 459
489 432 575 496 1023 383 1273 612 648 424 703 520 712 432 755 507 147 408 380 546 651 479 697 548 785 452 818 494 805 450 837 498
90 406 353 552 480 433 570 498 1038 365 1273 634 647 425 702 520 711 432 753 508 650 479 695 550 784 453 817 497 577 443 618 481
1048 370 1272 662 474 433 567 499 647 427 701 520 710 433 752 509 649 479 694 552 78 407 340 553 784 453 817 499 619 450 641 472
1061 368 1275 667 461 434 556 501 885 359 1119 570 644 427 699 521 17 399 312 569 707 433 750 510 648 479 692 553 391 444 424 494 559 442 607 485 783 453 816 500 616 450 639 472 858 426 881 459
451 432 552 501 1 388 281 573 1076 366 1275 673 643 426 699 522 707 432 750 510 647 478 691 553 557 434 611 487 783 453 815 501 614 450 638 472
0 376 240 569 1105 372 1278 673 442 430 549 501 640 425 697 523 705 431 749 510 553 433 609 487 646 479 690 552 372 437 400 496 783 452 813 501 613 444 637 465
1124 385 1277 672 429 430 538 501 639 422 697 524 705 431 749 509 0 364 215 572 646 480 689 551 553 426 605 484 710 468 746 516 366 436 394 495 784 452 813 500 613 444 638 464
638 419 696 525 420 426 534 501 704 431 749 508 547 425 601 485 644 480 689 550 709 468 746 515 1146 390 1278 678 0 363 174 570 612 443 638 464 784 452 814 500 844 455 896 520
637 418 696 526 928 351 1206 585 705 431 749 508 643 480 689 550 403 425 517 504 1168 425 1276 664 543 425 598 485 710 468 746 515 785 452 815 500 894 453 941 534 611 444 638 464 846 456 899 521 128 429 240 496
390 420 516 507 636 419 697 526 924 351 1225 589 705 430 749 508 105 428 224 496 896 454 947 536 642 480 689 551 709 469 746 516 1201 404 1279 687 535 426 591 484 849 456 903 524 784 452 815 500 611 444 637 464 201 432 227 496
949 344 1247 603 636 422 697 527 383 418 512 508 99 427 225 496 706 431 749 509 534 425 590 484 642 481 689 552 900 454 953 540 195 427 223 498 851 457 907 527 785 452 815 501 594 441 627 469 612 445 637 464
958 339 1260 616 362 418 502 510 637 437 695 542 88 426 228 495 531 423 587 485 706 433 750 510 641 481 684 554 910 457 972 547 592 447 625 475 850 457 907 529 613 450 637 471
966 335 1268 623 333 419 501 516 637 434 695 544 526 420 585 487 709 472 748 522 641 482 684 556 81 420 233 489 591 447 626 476 914 459 979 547 482 441 521 485 863 456 923 535 824 459 871 521 613 450 637 472 808 463 840 517
316 419 493 516 973 332 1273 632 636 433 695 544 521 417 582 489 641 482 684 556 710 471 749 522 62 417 210 492 590 446 627 476 478 442 519 486 922 454 1011 553 825 460 873 522 865 455 925 536 808 464 841 518
980 318 1275 639 298 413 472 518 637 422 696 527 926 453 1014 553 641 481 684 555 57 415 212 489 709 435 752 510 517 415 580 489 463 441 510 485 868 455 928 535 825 459 874 520 589 446 627 475
277 409 465 518 985 293 1273 649 636 418 696 528 711 433 753 508 641 481 684 553 42 412 177 485 591 438 626 468 927 453 1019 550 823 459 875 518 857 454 939 536 457 440 507 483 614 442 638 462 137 414 227 478
1021 246 1278 698 636 413 696 529 641 479 683 551 711 432 754 506 38 409 177 481 588 435 625 465 942 451 1048 552 255 396 465 509 762 451 793 484 615 438 640 460
215 392 431 512 1034 233 1272 718 18 408 155 479 635 415 690 530 940 434 1076 561 712 431 755 506 641 479 683 550 486 414 574 482 587 431 622 463 877 451 966 539 428 430 488 470 617 436 640 458 763 451 793 482 118 404 208 471
197 387 423 517 14 406 153 480 417 431 492 475 635 415 690 532 640 479 683 551 711 431 754 506 943 429 1086 562 481 410 574 482 585 432 621 464 878 452 968 541 693 437 709 461 617 436 640 457 121 405 203 468 762 451 794 483
711 431 754 508 640 482 683 553 634 416 690 534 157 384 396 518 17 404 145 480 1062 274 1274 691 582 433 621 466 476 407 574 485 408 431 489 478 965 413 1138 574 694 437 709 463 617 438 639 458
712 431 755 509 639 486 684 556 973 412 1154 580 393 432 474 479 4 402 123 481 633 417 691 536 579 436 621 468 1107 293 1277 677 459 407 558 489 130 382 398 520
386 431 471 480 68 375 364 528 712 431 757 510 1128 298 1277 681 639 488 684 558 995 398 1197 594 454 405 558 492 625 413 699 548 576 436 622 469 2 396 113 483 717 468 752 516
1002 399 1211 595 382 429 467 481 1152 348 1273 714 451 402 557 491 640 488 684 558 635 415 700 533 712 432 758 511 576 437 623 469 35 370 321 526 0 394 84 484
9 357 313 544 635 413 700 534 445 399 559 490 717 430 763 509 575 435 623 468 640 486 685 558 369 427 454 480 1008 371 1261 609 1152 366 1274 695 782 455 815 491 923 471 1020 567
0 351 285 545 364 424 448 481 636 413 701 533 719 431 764 509 575 434 622 468 1039 365 1270 623 640 486 685 559 428 401 542 492 781 454 814 490 618 436 642 459
0 340 236 551 637 414 702 533 1053 374 1277 625 720 431 766 509 357 423 442 482 639 484 692 560 575 434 623 469 420 398 543 493 848 462 897 528 781 454 813 491 870 461 925 535 619 437 643 460
1065 372 1277 630 721 431 767 511 639 416 703 531 639 485 693 562 574 436 623 472 0 323 214 562 346 426 426 481 848 462 897 529 781 454 814 493 870 461 924 536 918 472 977 567
722 432 768 511 1097 390 1279 642 640 434 699 545 0 305 162 571 727 470 765 521 574 437 622 473 848 462 897 531 375 384 542 504 339 426 421 484 782 455 815 493 917 472 976 567 638 487 688 563 971 467 1127 601 896 474 952 557
724 434 769 512 642 435 701 545 365 381 540 508 1111 399 1279 649 728 472 767 522 570 438 622 483 5 321 126 539 973 469 1137 606 849 463 897 531 916 474 976 566 825 459 873 523 872 478 924 549 807 467 846 515
330 383 523 508 726 435 771 512 645 438 702 544 730 473 769 524 569 437 622 484 1129 404 1279 662 975 469 1148 608 872 478 924 549 850 465 897 531 916 475 976 566 645 501 693 570
320 380 521 511 728 435 772 513 646 438 704 544 732 473 772 526 1156 467 1278 668 562 437 623 483 8 377 111 465 1016 468 1182 614 873 479 925 550 647 500 695 571 918 478 976 565
309 375 511 515 730 434 775 512 646 420 709 529 649 484 700 564 559 436 617 484 0 380 90 462 1020 467 1193 617
732 432 776 511 642 413 718 546 650 484 701 564 279 372 483 514 559 431 615 479 0 378 86 463 1067 487 1230 650
268 361 476 519 735 430 779 509 643 412 720 545 558 429 615 476 652 481 701 563 0 378 81 461 1074 486 1241 654 467 432 500 463 873 461 924 532 513 433 547 457
