

416 389 928 710 932 459 1046 622 4 384 150 685 942 359 1049 521 484 395 506 441 646 216 821 418 215 408 264 485 542 384 563 409
417 390 928 709 925 460 1029 614 941 360 1046 514 215 408 264 485 646 216 821 418 483 395 505 441 6 476 124 690 397 391 452 448
417 390 929 710 921 458 1025 609 923 366 1022 516 214 407 264 486 477 395 501 443 397 391 453 448 4 476 106 696 88 406 176 496
417 391 929 711 917 455 1017 606 922 369 1019 513 477 393 501 444 214 406 264 486 41 419 131 511 398 390 453 448 5 418 62 518
417 390 928 711 913 453 1010 602 4 416 62 520 477 393 501 445 920 370 1015 510 214 404 263 485 542 383 561 408 92 402 176 497 398 389 453 447
417 389 926 711 910 450 1003 596 4 415 62 521 475 394 501 445 918 368 1012 510 214 404 263 485 541 382 561 409 92 402 176 497
416 390 926 711 908 448 999 591 4 415 62 521 473 394 500 446 914 367 1009 510 541 382 562 409 214 404 263 485 92 402 175 498
414 390 928 712 906 445 994 587 4 414 62 521 911 369 1005 510 540 381 564 410 214 403 263 485 472 394 500 446 92 402 175 498
412 391 928 714 903 444 989 586 4 414 62 521 906 371 998 509 540 380 564 410 215 403 263 484 645 216 821 418 471 394 498 446 92 402 175 498
413 390 926 715 4 414 62 521 902 443 986 584 903 372 992 513 540 380 563 410 215 403 263 484 470 395 497 446 92 402 175 498
415 390 924 716 4 414 62 521 899 372 987 516 1150 367 1279 697 215 403 263 484 540 380 562 410 900 444 983 583 469 395 496 447 92 402 175 498
417 390 924 716 1137 356 1279 701 4 414 63 521 215 404 263 484 467 395 495 448 539 380 563 409 898 370 984 518 92 402 175 498 358 390 454 453
418 389 924 717 1122 336 1279 626 4 414 63 521 881 407 971 564 215 404 263 485 1046 431 1137 523 357 388 456 453 92 402 175 498 465 395 493 449
418 389 924 716 1105 330 1279 631 4 414 63 521 879 412 967 563 1046 430 1135 523 215 404 263 484 357 389 456 453 92 402 175 498 1098 552 1279 714
418 388 923 716 1100 327 1278 640 4 414 63 521 877 411 964 561 1091 543 1279 715 215 404 263 484 1046 430 1133 521 92 403 175 498 358 390 455 453
418 388 922 714 1069 343 1265 700 4 414 63 520 215 404 264 484 875 410 960 559 92 403 175 498 358 391 455 454 538 377 562 407 1090 539 1279 715
420 389 921 714 1062 330 1247 658 1061 530 1266 719 4 414 63 520 215 404 263 484 356 390 457 454 92 402 175 498 886 443 945 552 893 371 944 468 537 378 562 408 935 403 1019 500
421 389 919 713 1056 333 1229 658 1051 526 1252 719 4 413 63 520 355 390 456 455 215 403 263 484 890 367 943 472 92 402 175 498 933 402 1019 502 885 444 943 547 536 378 562 410
421 389 919 713 1034 337 1208 657 4 413 63 521 1028 525 1215 719 215 403 263 484 888 365 943 474 356 390 455 455 874 443 936 544 932 402 1020 503 92 403 175 499 537 378 562 410 525 381 545 409
421 389 919 713 1025 338 1191 654 1019 518 1201 719 4 413 63 521 931 401 1020 504 215 403 263 484 356 389 454 456 875 444 934 540 878 367 931 472 92 403 175 498 524 380 545 410
420 389 921 713 1009 513 1188 719 1018 340 1174 650 4 413 63 521 355 387 454 456 931 402 1020 503 877 371 929 467 214 403 263 484 873 445 930 536 93 402 176 498 523 380 544 411
421 388 921 714 989 508 1164 718 1000 352 1150 642 4 412 63 522 929 403 1018 502 355 386 452 457 876 373 926 463 214 404 263 485 522 379 545 412 872 446 928 533 92 402 176 497
421 389 922 715 994 353 1143 636 988 507 1157 716 4 413 62 522 928 404 1016 501 214 404 263 485 435 379 475 471 875 372 924 460 521 378 545 413 93 402 176 497 869 446 924 531 356 386 450 458
420 389 923 715 981 353 1134 630 977 493 1148 707 4 413 62 522 431 379 471 472 214 404 263 485 927 424 1012 504 519 378 545 414 874 371 920 460 93 403 176 497 867 438 924 512 44 415 128 512
419 389 924 715 971 353 1125 627 972 494 1136 699 4 413 62 522 214 404 263 485 426 401 471 480 517 377 543 414 928 425 1010 504 93 403 176 496 871 369 919 460 867 439 921 512 44 415 128 513
418 389 926 715 968 350 1113 627 969 497 1122 687 4 413 63 522 214 403 262 485 423 401 469 481 94 403 176 496 44 415 128 513 937 429 997 502
417 390 927 714 958 353 1097 625 953 497 1101 675 4 414 62 522 411 374 463 473 215 404 263 485 93 403 176 496 44 415 128 512 868 368 919 463
416 391 930 713 952 352 1090 624 961 504 1090 665 4 414 63 521 409 374 462 474 215 404 263 485 92 403 176 497 850 438 905 509
416 392 931 713 957 498 1083 657 953 362 1077 602 4 414 63 521 405 401 461 484 215 404 263 485 92 402 175 497 855 371 907 462
415 393 931 714 943 365 1071 596 953 493 1074 650 5 415 64 521 401 401 456 487 854 369 905 466 215 404 262 485 92 402 175 498
416 394 929 714 937 365 1064 593 948 490 1064 647 5 415 64 521 398 400 452 491 853 368 903 468 92 402 175 498 215 405 262 486
415 394 929 713 933 364 1056 593 945 487 1055 644 5 415 64 521 850 368 902 468 396 400 450 492 479 379 525 464 92 401 175 497 215 405 262 486
416 394 930 712 930 360 1051 593 941 485 1047 641 5 414 64 521 385 400 438 497 849 369 900 464 215 404 262 486 92 402 175 497 474 376 521 464
417 394 931 711 929 357 1049 592 381 399 436 499 5 414 64 521 939 484 1042 638 461 406 509 487 846 372 899 460 215 405 262 485 92 402 174 497 1045 430 1139 521
416 395 931 709 926 357 1049 591 922 473 1034 617 1125 364 1279 700 5 414 64 522 376 400 432 501 457 377 508 469 1045 431 1141 521 215 405 263 485 456 425 503 502 845 374 898 459 92 404 174 497
419 394 931 709 917 362 1034 581 921 475 1030 612 1116 350 1279 701 5 414 64 521 1046 432 1139 520 215 405 263 485 92 405 174 497 453 377 503 470 374 421 426 504 843 374 896 460 847 431 893 503
419 394 932 708 918 474 1024 605 1107 346 1279 699 914 366 1029 576 5 415 64 521 1046 432 1137 520 355 390 412 504 215 406 263 485 92 405 174 498 431 424 483 519 1114 550 1276 714 45 416 128 510
421 393 933 708 914 471 1018 599 1098 344 1279 698 911 371 1022 568 350 386 407 506 6 415 64 521 417 393 489 550 1045 432 1135 520 215 406 262 485 1072 544 1274 713 92 405 174 498 519 396 544 435 45 416 128 510
422 395 932 708 912 468 1011 596 1064 352 1275 692 907 375 1012 522 5 415 64 521 350 421 402 515 215 407 262 485 413 391 484 553 1045 431 1136 520 92 406 174 498 518 397 544 435 841 375 894 462 45 416 129 511
426 396 929 709 1057 347 1263 693 911 465 1005 593 905 374 1007 524 6 415 63 521 389 400 471 557 215 407 262 485 334 385 386 511 840 374 893 464 92 406 174 498 517 396 543 436 45 416 129 511
430 395 925 710 1049 346 1250 693 902 372 1002 526 910 463 1000 591 6 414 63 521 375 406 461 565 1040 533 1279 719 839 373 892 464 215 407 263 485 92 405 174 498 514 395 543 436 328 416 381 525
431 395 923 711 1041 342 1242 698 899 371 998 527 909 461 997 589 363 408 449 573 6 413 63 522 1029 530 1277 719 215 407 264 485 839 373 892 466 92 405 174 498
428 395 923 711 1022 345 1216 688 898 371 997 526 908 458 996 589 6 413 63 522 1028 529 1271 719 215 408 265 485 838 374 892 466 92 405 174 498 509 393 539 437
423 396 923 712 1016 341 1201 651 896 373 993 523 906 454 994 588 318 439 423 594 5 412 63 522 974 455 1254 707 215 407 264 485 327 364 415 528 839 374 892 463 293 371 376 523 92 404 174 498
420 395 922 713 1008 342 1188 647 895 373 990 523 904 450 991 586 5 412 63 522 1002 520 1218 719 283 363 377 524 215 407 263 484 277 435 388 606 839 375 892 460 92 404 174 498
415 394 923 713 252 438 385 619 267 356 373 531 1004 344 1179 638 895 375 986 523 997 518 1204 719 5 413 63 522 902 448 988 584 92 404 175 499 214 407 261 486 974 389 1025 464 839 374 891 459
413 393 924 712 983 343 1163 639 5 413 63 522 883 370 974 526 999 520 1192 719 901 446 989 582 92 404 175 499 256 358 358 529 241 439 369 629 972 390 1024 464 840 372 890 461
415 391 924 712 978 342 1148 632 882 370 973 527 5 414 64 522 215 357 331 533 973 513 1167 718 195 439 350 638 92 406 174 498 969 390 1021 461 904 443 993 584
417 390 924 712 968 344 1137 628 880 369 973 525 4 415 63 521 970 512 1159 715 212 361 312 531 137 402 309 668 885 380 911 420
419 390 926 712 961 346 1127 622 878 371 971 523 967 490 1151 705 4 417 63 520 125 405 301 673 883 380 910 419 180 367 277 578 895 446 958 556
419 391 928 712 961 487 1143 706 959 346 1121 621 876 372 968 522 78 389 263 682 882 380 908 418 488 399 517 447 896 446 957 555 3 418 62 521 834 367 878 438
423 392 928 712 958 484 1133 702 942 346 1105 620 873 373 962 519 834 366 878 439 116 378 224 588 896 446 955 554 15 427 266 681 880 380 906 417
425 392 928 713 939 346 1098 620 955 480 1128 695 870 373 957 518 834 366 878 439 896 446 952 551
426 391 928 712 932 347 1089 623 941 478 1110 683 119 441 238 603 869 372 954 516 466 399 509 486 834 366 878 439 129 375 220 527
424 391 928 711 928 348 1081 625 938 475 1103 678 104 447 226 608 869 372 953 516 463 400 507 487 214 407 263 480 833 365 877 438 14 418 106 519
425 390 927 710 924 349 1071 622 933 473 1094 674 459 401 504 489 868 371 949 516 213 408 262 484 832 365 877 437 78 388 184 564 53 448 204 618 2 417 62 520
425 390 926 710 930 351 1054 601 928 471 1084 667 453 402 501 492 867 371 946 516 213 408 262 485 831 365 877 437 41 445 189 625 68 384 169 568 862 441 943 543
424 391 928 711 926 350 1051 597 2 442 162 634 925 472 1076 660 447 402 498 496 870 369 935 469 831 365 877 436 214 407 263 485 871 442 934 542
422 391 930 711 5 433 135 640 923 475 1069 654 926 351 1051 597 868 369 934 469 214 407 263 485 443 401 497 499 831 365 876 437 547 377 569 407 872 442 933 541
421 391 932 711 868 370 932 467 917 455 1070 641 433 401 488 501 214 406 263 486 832 365 875 437 94 405 176 495 870 428 931 517
421 391 932 711 867 371 931 465 426 400 483 505 917 456 1066 638 214 406 263 486 833 366 875 437 645 216 823 418 91 403 176 497 870 428 930 515 0 420 71 653 1046 431 1137 521
420 392 932 711 902 458 1047 639 867 372 928 463 420 413 477 512 214 406 263 486 832 367 874 437 890 366 1047 510 870 428 928 514 43 415 129 514 93 402 176 496 1045 432 1137 521
420 394 931 710 900 459 1043 635 866 372 927 462 214 405 263 485 887 366 1045 509 832 367 872 438 407 414 469 515 5 416 63 521 870 427 926 514 93 402 176 497
419 394 930 710 905 465 1030 628 865 373 924 459 400 415 465 519 5 415 63 521 885 367 1039 509 214 405 263 485 835 370 867 429 93 401 176 497 870 426 924 513 1045 433 1137 521
420 396 929 710 903 465 1023 623 863 372 923 459 5 415 63 521 380 380 468 515 214 404 263 485 896 367 1011 522 93 401 176 498 835 370 866 427 870 426 922 511 1045 433 1137 521
420 396 929 709 899 462 1017 619 370 398 464 531 894 368 1006 520 862 373 921 457 5 415 64 521 214 404 262 485 93 400 177 498 1045 433 1137 522 835 371 865 426
421 397 928 709 898 460 1014 618 361 398 458 533 893 368 1003 518 861 372 920 457 5 414 64 521 214 404 261 485 93 399 177 499 1154 385 1279 695 546 376 569 407 1045 433 1136 522
420 396 927 710 896 459 1008 614 1147 383 1279 698 892 368 1001 516 5 414 64 521 861 372 918 456 213 405 261 486 340 403 430 539 93 399 177 498 1045 433 1136 522 836 373 863 426
418 398 927 710 895 461 1001 610 1137 383 1279 699 329 407 423 544 5 414 63 521 890 370 997 515 861 372 918 457 93 401 177 498 213 406 261 487 1045 433 1136 522 836 374 863 427
413 399 929 711 315 407 410 549 894 460 995 607 1126 376 1279 702 5 415 63 521 888 370 994 515 860 372 917 457 1045 433 1134 523 93 401 177 498 213 406 260 487 399 387 455 445 835 375 863 426 45 415 127 512
412 398 930 711 893 458 991 607 1117 371 1277 700 307 406 400 554 5 415 63 521 874 372 975 511 1046 433 1134 523 855 374 910 457 93 402 177 498 213 406 260 487 399 388 454 445 835 374 863 427 644 221 823 416 545 378 570 407 45 415 128 512
413 397 931 712 280 410 382 558 879 448 982 606 1109 364 1277 698 5 414 63 521 873 373 971 510 854 373 907 457 1047 434 1132 521 93 401 177 498 214 406 261 486 399 388 454 445 835 373 862 427 45 415 128 512
414 396 931 712 262 409 371 564 878 448 980 604 1081 361 1254 694 854 372 904 459 5 414 63 521 872 373 966 509 93 401 177 498 213 406 260 488 1047 434 1132 518 387 387 462 447 1109 538 1275 719 45 414 127 512
414 395 932 712 877 447 977 601 1070 363 1244 692 853 371 900 459 5 414 63 521 870 373 963 508 231 407 341 570 93 402 177 499 399 388 454 445 45 414 127 512
415 395 931 712 219 404 335 575 1064 365 1231 690 876 447 974 600 851 371 898 459 5 414 63 521 867 370 957 511 93 401 177 498 1068 528 1265 719 387 387 464 448
418 394 929 712 1060 365 1221 689 874 446 971 600 863 367 950 511 5 414 63 521 848 372 896 459 92 402 176 499 399 387 454 447 951 400 1042 496
419 393 929 712 1044 365 1199 680 873 446 970 599 858 366 943 510 5 415 63 521 141 427 300 612 545 376 572 407 948 398 1043 497 399 386 454 447 1057 526 1235 719
420 391 929 712 1036 367 1192 678 869 443 968 597 854 365 939 506 4 417 62 521 161 372 261 579 101 428 270 623 947 396 1043 497 545 375 572 407 356 387 456 454 43 417 128 513
421 391 929 711 91 426 259 636 1028 369 1181 679 852 365 937 505 868 442 965 595 131 371 232 583 4 417 62 520 933 401 1019 501 355 387 456 454 546 376 572 407
423 389 926 712 1022 372 1170 683 866 441 962 595 355 387 457 454 933 400 1021 501 849 366 936 506 80 402 243 652 128 373 213 581 217 405 263 480
423 389 925 713 1018 371 1161 692 215 406 264 484 847 366 908 474 354 387 457 453 930 401 1022 500 30 399 200 664 868 440 959 597
423 389 925 714 1 391 154 680 1006 377 1143 684 843 366 905 476 215 406 264 485 354 387 458 453 928 402 1021 499
422 389 927 713 999 378 1139 681 841 367 903 473 353 386 458 453 214 406 264 485 0 378 133 689 928 405 1019 497
423 389 927 714 991 376 1133 676 841 369 899 470 354 386 458 452 214 406 264 485 92 406 175 496
423 388 925 715 983 375 1124 672 843 371 895 467 355 386 458 452 215 405 263 485 90 405 174 497
423 388 924 715 977 374 1116 666 5 413 64 521 826 373 879 468 355 386 457 452 215 405 263 485 93 404 175 498
422 388 923 716 975 374 1108 663 5 412 64 521 353 385 458 452 847 372 891 463 215 404 262 484 93 403 175 499
421 388 922 716 5 413 64 521 352 386 458 452 846 372 890 462 968 365 1075 617 978 488 1098 664 215 404 263 484 93 403 175 499
422 389 920 716 965 365 1076 613 968 491 1084 658 5 413 64 521 353 386 458 452 846 373 889 461 215 404 263 484 93 403 175 499
422 390 920 715 961 365 1073 607 965 491 1078 652 5 413 64 521 843 373 890 462 354 387 458 453 215 404 264 484 93 403 175 498
422 390 921 714 956 369 1069 595 960 485 1071 650 5 414 64 521 353 386 458 453 842 374 889 462 215 404 263 484 93 402 175 499
421 390 924 714 949 371 1063 588 955 482 1061 648 5 413 64 521 354 386 458 453 841 375 889 463 215 404 263 483 93 401 175 499
420 391 926 713 944 372 1059 588 5 413 64 521 952 480 1054 646 355 387 458 453 833 374 883 468 215 404 263 484 93 401 175 499
420 391 927 713 940 372 1055 592 5 413 64 521 833 374 883 470 355 388 457 453 950 482 1047 643 215 404 263 484 93 401 175 499
419 390 928 712 937 371 1052 596 5 413 64 520 834 373 882 470 355 387 457 453 215 403 263 483 92 400 175 499 948 483 1042 641
420 391 929 711 936 375 1046 595 5 413 64 520 834 374 880 469 356 388 457 453 215 403 263 483 894 411 946 490 92 400 175 500
420 391 930 711 939 447 1038 615 5 413 64 521 834 375 878 469 355 388 457 453 894 409 945 490 215 404 263 484 537 379 564 412 92 400 175 499
420 391 931 711 929 381 1026 580 5 412 64 521 833 376 877 467 355 388 457 453 895 408 944 491 215 404 263 484 538 379 564 412 92 400 175 499 1046 432 1137 519
