

609 416 679 473 560 414 595 442 686 421 719 437 670 384 678 394 403 368 415 382
609 418 680 474 557 413 594 443 684 421 719 437 671 384 679 394 402 369 414 383 1089 407 1137 425 420 430 448 443
609 419 681 476 555 413 594 444 418 431 446 445 1087 407 1137 425 671 384 679 395 682 421 719 438 402 370 414 385
610 419 682 477 418 432 444 446 1085 408 1139 426 544 427 564 446
611 418 684 478 417 433 443 447 541 428 564 446 445 432 468 446 1085 410 1142 427
611 418 685 479 539 428 562 446 415 433 442 447 444 432 468 446 1200 403 1239 429 1085 410 1146 428
612 418 686 478 538 428 561 446 413 432 441 447 443 432 469 446 1087 410 1149 428
613 418 688 479 536 427 561 446 439 431 468 447 413 433 442 447 1088 409 1151 428
614 418 689 478 535 427 560 445 439 431 467 446 414 433 443 447 1089 409 1153 427 674 385 683 397 399 435 424 447
614 418 690 479 534 426 559 445 437 431 466 446 416 432 445 446 1088 409 1153 428 674 385 683 396
614 417 691 479 417 432 446 446 439 431 465 446 1088 410 1152 429 674 385 683 396 535 427 557 444 396 370 409 384 521 427 548 445
615 417 692 478 418 432 446 446 520 427 546 446 1090 410 1152 429 439 431 465 445 675 385 684 395 395 370 409 384
615 416 693 477 518 427 544 446 417 431 444 446 1093 408 1153 428 395 433 422 446 443 431 467 444
616 414 694 477 517 426 543 446 416 430 442 444 394 431 422 445
615 413 695 475 507 417 542 443 416 429 441 443 787 415 822 436 394 429 421 444
616 413 696 474 505 417 541 442 784 413 825 435
617 412 698 473 492 416 527 440 781 412 826 435 414 422 446 438
618 411 700 473 490 414 527 440 507 418 537 441 415 421 447 438 390 422 424 438 777 411 826 434
619 411 700 473 489 414 527 440 509 418 536 440 389 421 422 439
620 410 701 473 490 414 525 440 509 419 535 439
619 410 702 474 490 415 524 440 807 411 837 432
618 411 703 475 488 415 523 441 808 412 840 436 368 421 401 438 384 356 396 373
616 412 705 476 484 415 522 443 807 412 845 437 384 356 396 373
626 413 710 477 808 414 848 437 383 356 396 374 481 416 520 443 949 407 999 434
627 414 712 479 823 415 860 440 382 357 395 374 965 409 1022 434 460 417 503 443 367 428 397 443 491 425 516 446
628 414 714 479 822 414 863 441 965 408 1030 434 457 416 503 444 381 357 395 374
629 413 715 479 825 413 867 441 453 415 504 445 971 407 1033 433 380 357 394 374
628 413 717 479 454 414 503 445 829 413 869 438 987 407 1051 431
628 412 719 479 440 415 479 442 459 414 502 445 588 418 623 442 834 413 871 436
628 412 721 479 435 415 478 442 585 416 623 443 1017 404 1074 429 848 413 890 436
629 412 721 480 430 414 477 444 583 417 622 443 706 423 733 452 757 414 787 431 852 413 890 436
630 413 721 480 707 423 737 451 425 413 474 445 756 413 788 432 584 417 621 443
631 414 721 480 708 422 741 451 569 418 598 439 756 412 789 433 470 427 496 446 1073 407 1116 427
631 415 722 481 709 422 744 451 467 428 493 446 566 417 598 440 1071 405 1121 427 757 412 789 433 901 412 941 438
632 414 723 481 711 421 747 451 464 428 490 447 563 417 597 440 410 413 457 445 759 412 789 433
631 413 724 481 713 420 749 452 561 417 596 440 405 412 454 445 460 427 487 447 761 412 789 432
632 412 725 482 560 418 593 440 716 419 750 453 1118 404 1167 426
633 412 728 483 561 418 592 439 722 421 763 454 448 426 477 448 926 410 976 441 1119 401 1175 427
635 412 730 484 721 421 766 454 445 426 474 448 561 418 590 439 539 418 568 441 941 409 996 440
636 412 731 485 722 420 771 453 441 426 471 448 536 417 569 442 944 409 1001 441 389 416 429 440 564 418 589 438
637 412 733 485 437 425 467 448 725 419 774 453 533 417 570 442 948 408 1005 439 387 416 427 440
637 412 734 486 728 419 777 454 433 425 464 449 529 417 569 442 966 407 1018 439 899 406 942 432
637 411 735 486 730 419 778 454 431 425 462 448 971 406 1023 439 897 405 947 432 529 417 566 441 1132 402 1193 423
643 410 739 485 732 420 780 453 511 418 552 441 897 404 951 432 423 427 453 447 1130 402 1195 423
643 409 740 485 504 417 551 442 420 426 451 447 1130 402 1197 423 898 403 953 431 734 421 780 453
643 409 742 485 501 416 548 442 417 425 448 447 1132 402 1199 423 901 402 951 430 352 347 367 362 739 419 795 452 362 420 396 440
644 409 744 485 414 424 447 447 501 416 544 441 1136 402 1200 424 740 419 799 452 351 345 366 362 806 417 832 437
646 409 748 485 411 423 444 447 485 415 534 441 349 344 365 361 743 418 801 453 809 416 833 436 1140 404 1200 423
647 410 752 487 481 414 531 441 348 344 364 361 408 424 442 447 749 418 802 453 811 416 834 435
648 411 756 488 476 414 528 441 347 345 362 361 394 424 429 448 812 414 835 434 753 418 804 453 1063 407 1117 431
649 411 758 489 475 414 524 441 390 424 429 449 1065 406 1125 430 346 344 360 360 755 419 807 453
650 411 761 491 388 423 426 450 479 414 519 439 1134 403 1205 425 1073 405 1127 430
650 410 764 494 387 422 423 450 461 415 505 441 1139 402 1206 425 1090 403 1148 429 768 418 823 453
650 409 767 496 456 415 503 441 383 421 421 452 773 418 827 453 697 368 707 381 1097 401 1150 429 1146 401 1205 425
650 408 768 497 454 415 500 441 381 420 419 452 777 418 830 453 697 367 707 380 1161 401 1215 425 1110 402 1170 430
650 408 770 497 453 415 496 440 379 420 421 450 783 419 830 452 698 365 708 379
656 404 777 500 385 418 428 442 369 424 402 452 439 419 484 441 1136 400 1208 428 796 415 846 443 699 365 709 379
655 405 780 501 438 417 482 442 385 418 434 441 793 417 847 454 366 425 399 453 699 364 709 378 332 336 348 352 1137 401 1211 428
655 406 783 501 438 417 479 442 363 425 395 453 388 418 434 440 798 417 851 454 1153 401 1227 427 699 365 709 378 331 337 347 352
654 407 789 501 438 418 472 440 1145 402 1244 433 391 418 434 440 359 425 392 454 330 335 346 351 807 419 852 454 700 364 710 379
654 408 794 501 405 418 453 442 1148 402 1249 434 357 425 389 454 438 420 467 438 329 335 344 352
655 409 798 501 405 418 455 443 815 417 873 456 1159 403 1266 436 348 428 381 457
661 413 798 506 404 418 455 443 820 419 877 455 345 428 381 457 1163 402 1269 436
661 413 802 507 405 418 458 443 341 430 379 457 830 422 876 454 1165 406 1226 430 1222 405 1270 428
665 408 800 512 410 418 460 443 338 430 375 457 843 419 893 453 1165 408 1226 431
666 407 803 513 625 426 643 453 845 419 898 454 424 418 470 443 336 432 371 458
672 410 810 512 850 420 902 453 424 417 474 444 625 426 645 454
674 409 813 514 426 418 480 444 626 426 646 453 351 404 394 446 319 432 354 457 855 421 902 453 395 416 428 442
676 408 818 514 429 419 485 443 626 426 647 453 394 416 427 442
677 408 823 514 434 418 487 442 309 426 349 457 394 416 424 440 627 425 647 453 868 417 916 454
679 408 827 514 351 403 399 446 445 415 502 443 396 416 420 436 868 412 924 447
680 408 833 515 445 414 508 444 352 400 398 446 867 411 928 445
683 406 839 516 448 414 513 443 353 399 396 446 865 409 933 441
686 405 844 518 454 414 515 442 288 425 328 458 863 407 935 439 353 397 395 446 634 426 652 453 616 414 646 435
689 404 848 518 862 405 938 438 635 426 653 453 461 414 514 441 353 395 395 445 284 426 323 458 616 414 646 434
691 403 856 519 470 414 529 442 637 426 655 453 348 387 396 445 864 404 947 439 616 413 646 433 683 414 716 437
692 402 864 520 473 414 535 442 639 427 657 453 348 387 397 446 871 405 961 440 683 414 718 437 615 412 647 432
693 401 872 522 874 406 962 439 264 429 308 462 641 428 659 453 480 415 538 441 347 386 398 447 684 414 720 437 616 412 647 431
692 400 875 523 260 429 305 463 876 406 964 439 642 429 661 454 493 414 554 443 347 386 399 447 685 414 723 438 616 412 648 431 1188 403 1248 430
700 400 882 525 493 414 561 444 879 406 967 439 641 429 662 455 257 429 299 466 347 387 399 449 686 413 726 439 615 413 649 432
703 400 886 528 881 406 969 439 499 415 563 444 642 429 664 456 347 386 399 451 685 413 729 440 257 430 293 466 614 413 651 433 1041 405 1097 430
705 399 892 530 883 407 973 440 347 386 400 452 643 429 666 456 519 416 578 444 690 412 746 443 613 414 654 434 1220 403 1263 433
708 399 900 531 884 407 975 441 515 416 585 445 347 386 401 451 645 430 668 456 690 412 749 443 1015 411 1078 444
711 399 912 533 895 405 987 441 519 417 590 444 236 430 274 468 347 388 402 452 646 429 670 457 690 412 751 442 1001 407 1091 448
714 400 923 534 899 406 989 440 347 390 402 453 688 412 753 442 233 432 271 468 547 418 602 442 720 359 733 374
716 399 933 536 905 406 990 440 536 417 612 443 675 411 757 445 221 433 260 470 348 392 403 454 1027 409 1113 447 721 359 734 374
717 398 939 537 908 406 992 439 540 418 616 443 673 412 760 445 349 392 406 455 1028 409 1117 447
717 397 944 538 672 412 765 444 910 406 995 438 339 390 417 452 551 416 612 441 1023 407 1125 447
730 394 955 543 338 389 420 451 672 412 771 444 568 415 633 442 920 404 1010 438 1049 408 1138 446
735 393 959 544 924 402 1011 437 337 386 423 451 566 414 639 442 1048 407 1146 446 675 411 776 444
741 392 964 544 927 401 1011 437 335 384 422 451 1047 406 1152 446 659 428 684 458 577 412 663 444 718 411 776 438 1214 394 1279 416
746 391 975 545 933 401 1009 433 319 379 403 453 661 427 687 458 1068 407 1168 445 714 410 780 437 585 410 666 443 994 400 1048 430 726 356 738 370
750 391 985 547 320 379 401 453 939 401 1010 433 1071 404 1173 445 662 428 688 458 593 409 664 439 710 410 784 435 239 423 288 450 993 399 1059 430
752 390 996 549 700 412 790 442 320 378 401 453 663 427 690 458 993 398 1067 431 1073 401 1179 445 944 400 1012 432 604 406 695 443 238 423 287 449 1250 398 1275 430
751 390 1004 551 700 412 794 442 321 378 401 453 1087 405 1192 445 606 409 695 444 665 427 690 459 993 398 1069 432 237 424 287 450
759 387 1021 557 322 380 401 455 1089 403 1200 445 701 412 799 442 165 428 202 473 623 411 683 439 1008 400 1069 430
764 389 1023 561 323 382 401 457 1089 401 1206 446 717 411 793 435 667 430 693 463 1010 402 1070 431 1210 399 1273 426 629 412 681 439 680 413 723 436
770 389 1031 562 1110 401 1220 446 323 383 402 458 467 412 491 446 668 429 695 463 723 411 792 434 1212 398 1276 426 675 411 730 437 1012 402 1070 430
