

3 353 129 430 615 323 679 386 885 311 1161 438 369 337 456 372 728 327 766 359 812 327 938 399 1073 311 1277 490 241 328 265 400 767 325 813 357
1 356 123 429 900 310 1192 440 616 324 680 386 1102 304 1279 497 366 338 457 373 728 328 767 359 817 328 938 400 765 324 815 358 225 328 258 405
906 309 1199 442 0 357 117 431 617 325 680 386 364 338 456 373 729 328 767 359 1119 308 1279 493 222 327 251 407 822 331 935 400 766 324 816 359
912 309 1211 446 0 358 109 434 617 326 680 386 362 338 453 374 730 328 768 360 827 328 960 401 768 325 817 359 1152 302 1279 492 214 328 244 411
921 308 1222 450 618 325 681 386 359 337 451 374 0 358 93 436 827 328 964 402 731 327 769 360 771 326 817 360 1164 308 1279 488
829 329 968 403 619 325 682 386 932 304 1251 452 0 358 90 437 355 336 450 375 732 326 770 360 773 326 819 359 194 327 224 413
942 303 1257 455 620 325 682 386 832 330 971 403 732 326 772 360 0 358 85 439 352 335 452 376 774 326 819 359
955 304 1267 458 620 325 682 386 733 327 773 361 843 329 985 406 0 359 80 441 348 335 452 377 774 326 821 360 172 326 205 417
966 304 1275 461 620 326 682 386 844 329 991 407 734 327 775 361 345 335 451 378 0 356 64 442 164 326 198 421 774 326 822 360
621 327 683 386 975 306 1276 465 849 329 997 406 735 327 776 361 342 335 452 379 775 326 824 360 0 354 59 444 149 328 184 421
989 302 1279 472 622 328 683 385 843 320 1013 414 736 327 777 362 339 336 439 379 140 329 179 425 776 326 827 361 1 355 42 444
1007 302 1279 478 853 321 1036 412 622 328 684 385 737 327 778 361 336 336 440 380 779 325 827 361 135 331 174 422 1 347 32 450
860 320 1042 413 1028 302 1277 486 622 327 685 384 738 326 779 361 330 341 438 381 781 325 828 360 113 328 153 428
868 319 1050 414 622 326 686 384 1050 300 1275 491 738 325 780 359 329 334 440 380 783 324 828 358 93 323 129 438
874 318 1056 415 622 326 686 383 738 325 781 359 1067 301 1273 494 322 340 439 381 783 325 830 358
880 319 1065 416 623 327 686 383 738 325 781 359 317 340 439 382 784 324 832 358 1098 306 1279 489 693 313 718 335
624 328 686 383 883 320 1073 420 312 340 439 383 739 326 781 359 785 324 833 357 1118 337 1279 505 692 313 718 335
897 324 1095 422 625 329 687 383 309 342 415 383 742 323 787 362 787 323 832 357 1141 350 1279 503 691 312 717 336
905 326 1100 425 625 329 687 383 305 341 418 384 742 324 788 363 787 323 842 360 691 311 717 336
913 327 1112 429 625 328 687 383 300 341 419 385 742 324 789 363 788 322 843 361 690 311 717 336
920 325 1123 433 625 328 687 384 293 342 417 386 742 325 790 364 790 322 843 362 689 311 717 336
932 323 1149 439 625 328 686 384 287 342 416 387 742 325 792 364 792 323 844 363 688 311 716 336
941 323 1151 444 625 328 686 384 742 325 793 363 282 342 415 388 794 323 845 363 688 311 715 336
953 324 1162 448 625 329 685 384 743 326 794 364 278 343 397 389 795 324 847 363
962 326 1176 452 625 328 685 385 270 343 398 391 743 326 795 364 796 325 850 363
988 325 1202 457 625 329 684 385 743 326 797 364 262 344 396 392 797 325 852 363
996 327 1210 461 625 329 684 384 744 326 799 363 257 343 394 393 797 325 855 363
1006 329 1223 463 625 329 684 384 252 344 374 393 744 326 800 363 797 324 858 364 0 569 1279 706
625 329 684 384 246 344 376 395 745 326 802 363 798 324 862 364 1036 329 1257 466 0 570 1279 707
1052 327 1264 474 237 344 378 397 625 330 683 384 746 326 802 363 799 323 865 363 0 570 1279 707
231 344 374 399 625 330 683 384 1071 346 1263 488 747 327 803 364 800 323 865 363 0 569 1279 707
626 331 682 384 748 327 803 365 223 347 356 401 1109 344 1276 489 802 324 863 363 0 567 1279 706
213 348 360 404 626 331 682 384 749 327 804 366 807 325 874 366 0 569 1279 706 1070 326 1168 380
204 349 358 406 626 332 683 384 750 327 806 366 808 326 874 368 0 571 1279 706 1076 324 1170 380
199 348 354 409 625 332 683 384 751 327 808 366 811 326 875 368 1087 316 1200 381 0 572 1279 706 565 332 594 350
191 348 336 410 625 332 682 384 752 327 810 367 814 326 875 369 1103 311 1225 382 0 573 1279 704
183 348 335 412 625 331 682 384 753 327 812 367 1107 307 1232 382 814 323 885 371 0 572 1279 704
625 331 681 384 177 349 329 414 1112 304 1236 385 754 323 814 370 817 323 888 372 0 571 1279 704
622 333 682 389 1129 307 1254 384 174 358 326 416 754 323 815 371 819 322 890 372 0 571 1279 703
621 334 682 390 161 359 315 419 759 330 820 376 821 327 884 368 1137 308 1258 385 0 569 1279 705
620 334 682 391 154 360 311 422 759 331 822 378 1156 306 1276 387 824 327 884 368 0 571 1279 704
620 334 682 391 1165 303 1278 390 760 332 825 379 148 362 305 423 829 326 902 374 0 571 1279 705
621 334 682 390 762 332 827 379 134 363 290 424 831 326 904 374 1172 303 1278 393 0 571 1279 705
620 335 682 390 762 329 830 379 833 326 908 375 128 362 284 425 0 569 1279 704
763 328 834 379 620 335 681 389 110 362 264 426 836 326 913 374 0 566 1279 705
105 362 257 427 765 327 837 380 620 335 681 389 839 326 917 374 0 565 1279 704
767 327 839 380 619 335 681 389 842 324 919 373 90 359 243 428 0 564 1279 703
769 327 841 380 619 335 681 389 84 359 237 430 842 324 921 373 0 563 1279 703
770 326 844 380 619 335 680 389 844 322 933 377 85 360 226 432 0 564 1279 702
775 328 852 380 59 360 210 434 624 331 678 384 847 321 936 376 0 564 1279 702
775 326 856 381 624 331 677 384 850 321 938 376 56 360 202 437 0 566 1279 701
776 325 861 381 623 331 678 384 855 321 943 376 37 357 187 440 0 567 1279 700
778 325 866 382 623 331 677 384 859 320 947 377 36 357 177 443 0 567 1279 699
780 324 870 382 622 331 677 384 12 359 161 446 866 321 962 381 0 568 1279 697
781 323 874 382 622 331 677 383 866 319 966 382 9 358 153 447 0 567 1279 697 338 337 430 377 665 315 689 336
783 322 878 384 621 330 677 383 870 317 972 382 1 355 130 451 0 567 1279 697 336 337 426 377 665 315 688 336
785 321 881 386 620 329 676 382 876 317 977 382 0 353 120 455 0 569 1279 698 332 337 422 378
789 321 892 388 620 330 676 382 888 318 990 384 330 338 417 385 0 571 1279 698 0 350 109 457
791 320 897 390 620 330 675 383 889 318 995 385 316 338 408 387 0 367 88 462 0 573 1279 698 535 330 565 348
794 320 904 392 621 330 674 383 892 319 1002 387 309 339 409 388 0 574 1279 699 533 330 563 348 0 369 83 464
794 325 914 398 621 330 673 384 303 340 406 390 897 320 1006 388 0 573 1279 700 531 331 562 349
795 324 920 401 621 329 673 384 905 319 1025 394 298 340 403 392 0 574 1279 700 530 332 562 351
806 323 927 404 620 330 674 384 907 320 1033 393 285 341 391 393 0 575 1279 700 530 332 561 351
808 323 935 404 619 329 673 383 278 339 389 393 916 320 1030 389 0 576 1279 699
810 321 945 404 616 326 673 380 272 338 386 391 0 575 1279 699 931 316 1055 394
817 317 963 406 614 323 674 376 256 335 373 393 934 314 1064 392 0 575 1279 698
817 318 969 404 613 320 675 373 253 334 375 391 941 311 1064 390 0 575 1279 699
820 312 975 398 612 317 673 371 247 326 371 385 951 308 1088 391 0 574 1279 700 520 320 549 340
828 308 985 403 611 316 673 370 240 324 365 385 959 305 1091 391 517 318 548 339 0 571 1279 701
831 306 1000 405 226 321 354 387 611 315 672 369 972 304 1117 393 516 316 549 338 0 571 1279 701 446 186 472 222
832 307 1016 406 221 321 351 388 610 318 667 370 975 302 1125 401 515 315 548 338 443 184 469 220 0 573 1279 700
610 318 666 371 217 319 344 390 849 306 1044 406 983 302 1142 402 514 315 546 339 440 183 466 219 0 573 1279 698
848 310 1058 416 610 319 666 371 193 322 330 390 1016 301 1170 404 512 316 545 340 0 573 1279 697 436 182 463 218
856 305 1073 423 609 320 665 371 187 332 325 397 1026 302 1182 407 510 317 542 341 0 572 1279 698
859 303 1086 426 609 320 665 371 183 332 320 397 1033 302 1197 407 0 570 1279 698 510 318 541 341 426 173 451 218
878 302 1123 431 608 320 665 371 170 334 305 399 0 569 1279 697 423 173 447 217 1069 297 1227 410 509 318 541 341
886 299 1132 436 166 337 300 401 606 319 664 371 1080 296 1243 411 0 568 1279 696 506 318 541 342 419 172 442 216
893 297 1150 440 605 318 664 372 167 338 294 402 0 568 1279 696 1113 295 1264 413 410 157 440 208 504 317 541 343
913 295 1181 447 604 317 663 373 171 339 290 403 1120 296 1268 414 0 567 1279 697 405 155 439 207 498 321 527 343 648 313 669 332 485 158 513 184
603 319 662 374 135 340 279 408 898 298 1227 466 0 566 1279 697 647 314 668 333 1125 293 1274 415
135 342 273 413 604 323 662 376 948 301 1254 460 0 564 1279 698 646 316 668 335 398 151 426 209
941 301 1273 483 109 344 264 417 604 327 661 379 0 562 1279 699 494 329 525 349 394 151 423 210 645 318 667 336
958 298 1279 491 109 344 256 419 604 329 661 381 0 562 1279 699 493 330 524 351 390 151 420 210 645 318 666 336
982 296 1279 498 603 330 660 383 0 562 1279 700 88 351 240 424 491 331 522 352 645 319 665 335
1002 296 1279 504 85 351 232 427 602 330 660 384 0 561 1279 699 459 141 491 174 489 332 520 353
601 330 659 384 1024 295 1279 509 68 351 217 429 0 560 1279 699 455 137 488 169 375 154 400 203 487 332 519 354
63 352 212 431 601 331 659 384 1046 286 1274 561 0 559 1279 699 447 134 480 165
601 331 660 384 29 345 211 436 0 557 1279 699 1064 287 1275 561 443 128 478 161 485 331 516 353
602 331 660 384 33 351 184 432 0 556 1279 699 1109 294 1279 561 440 118 471 150 671 264 688 281 484 330 515 352
602 330 660 383 14 349 167 433 435 114 468 147 0 553 1279 699 1144 341 1273 538 672 264 689 281 483 330 514 351
2 345 171 440 602 329 660 383 432 108 467 142 0 550 1279 700 1162 353 1275 541 672 263 690 281
0 341 157 443 601 326 660 380 0 547 1279 700 665 142 692 170 432 103 462 136
600 322 661 377 0 335 140 446 666 136 694 165 0 548 1279 700 417 86 453 122
1 344 119 440 599 318 661 374 410 78 451 117 0 549 1279 699 667 129 696 158
1 343 108 444 599 316 661 373 0 551 1279 700 342 87 379 112 666 120 696 149 405 73 448 113
598 314 661 373 0 349 86 444 666 113 698 146 0 547 1279 702 393 59 430 98 338 83 374 107 468 320 505 344
598 314 661 373 666 106 701 141 0 350 66 449 0 547 1279 703 386 51 429 93 466 320 504 344
598 314 662 373 667 99 704 137 380 38 422 78 0 351 57 454 465 320 504 345 0 547 1279 704
