

420 388 931 710 925 361 1059 578 939 468 1058 629 4 414 63 521 835 374 881 466 356 387 455 454 95 402 176 497 214 404 263 485 882 377 921 459 45 413 129 513
419 388 932 710 936 469 1053 626 4 413 63 521 925 362 1056 579 355 386 456 454 834 374 881 466 881 376 921 460 214 404 263 485 95 402 176 497 44 413 129 513
421 388 932 710 4 413 63 522 931 468 1050 621 355 387 456 453 834 374 882 466 214 404 262 485 881 376 921 460 95 401 176 496 919 370 1066 509 44 413 129 513
421 389 932 710 919 470 1036 614 4 413 63 522 916 366 1028 515 834 375 882 466 356 387 456 454 213 404 262 485 95 401 176 497 881 376 920 460 44 413 128 513
421 390 932 710 916 469 1033 611 904 370 1043 495 4 413 63 522 834 375 882 465 542 360 632 398 214 404 262 485 357 387 455 454 95 402 176 497 498 368 514 390
421 390 933 710 912 467 1026 608 898 371 1037 497 4 412 63 522 834 376 881 464 214 404 262 485 95 401 176 497 357 386 455 454 498 368 513 390 879 377 919 457
421 390 933 710 908 466 1017 606 904 373 1011 508 4 412 63 522 835 376 881 463 214 404 262 485 356 386 456 454 94 400 176 497 498 368 512 389 1045 432 1139 522 879 378 919 456
421 390 932 711 904 465 1010 602 899 374 1005 509 4 412 63 522 835 377 881 463 214 404 262 485 94 399 177 497 355 385 456 454 497 368 512 389 878 379 918 455
421 390 931 711 902 463 1005 598 899 375 1002 507 4 413 63 521 835 378 880 462 214 404 263 485 94 399 177 497 356 386 456 454 877 379 918 454
420 391 930 711 901 460 1002 593 897 374 998 504 4 413 63 521 836 378 880 460 214 404 263 485 94 399 177 497 356 387 456 453 877 379 917 453 45 414 129 513
420 391 929 711 899 457 999 590 897 372 995 504 4 413 63 521 836 379 879 459 214 404 263 486 94 399 176 497 356 387 456 453 1045 433 1137 520 45 414 129 513 876 379 917 454
420 391 928 711 896 371 990 506 898 454 995 586 4 413 63 521 836 380 879 457 214 404 263 485 356 388 457 453 93 399 176 497 1045 433 1138 521 45 414 129 513
421 392 927 711 895 452 992 583 4 413 63 521 894 370 987 507 836 381 878 455 214 404 263 486 355 387 457 453 93 399 176 497 1045 432 1138 521 45 414 129 512
422 392 925 712 1150 333 1279 712 4 413 63 521 894 449 988 581 836 381 877 453 1044 432 1140 522 214 404 263 486 355 387 457 453 94 399 177 497 882 373 974 509 544 360 630 398 45 414 129 512
422 392 924 712 1135 308 1279 672 4 414 63 521 1044 432 1140 522 885 370 974 464 354 387 458 453 892 448 987 581 836 381 877 454 213 404 263 486 94 400 177 498 492 367 507 390 45 414 129 512
421 392 925 712 1119 311 1279 669 4 413 63 521 1045 432 1138 522 884 373 970 463 354 387 458 453 213 404 263 486 835 381 877 456 93 400 177 498 1118 524 1279 719 493 367 507 390 970 399 1067 490 44 415 129 512
422 392 923 712 1103 314 1279 665 4 413 63 521 1111 519 1279 719 882 376 966 460 1044 432 1135 523 354 387 458 454 835 381 878 458 213 404 263 486 94 400 177 498 968 398 1067 491 544 362 628 398 494 367 506 390 837 381 868 423 44 415 129 512
423 392 921 712 1080 315 1263 675 1108 514 1279 719 4 413 63 521 890 375 956 463 835 381 878 457 94 400 177 498 213 404 263 486 355 386 457 453 965 398 1069 492 544 362 627 398 494 368 507 390 1044 430 1133 522 837 381 869 422
425 391 917 713 1075 314 1255 677 1108 517 1277 719 4 413 63 522 887 374 954 461 834 381 878 456 94 399 177 499 213 405 263 486 355 385 457 453 966 399 1070 492 494 367 506 390 837 381 869 421
426 390 914 713 1063 312 1245 679 4 412 63 522 834 381 876 454 94 400 177 499 885 373 949 460 1071 512 1266 719 214 404 263 485 355 385 457 453 494 367 507 390
426 390 913 713 1053 312 1238 674 4 412 63 521 1064 512 1251 719 836 381 867 423 93 400 177 499 874 374 934 458 214 404 264 485 357 386 456 453 494 367 507 390 945 396 1047 497
426 390 913 714 1037 319 1200 665 4 413 64 521 871 372 936 459 835 381 866 425 1058 511 1233 719 93 400 177 499 214 404 264 485 930 397 1022 503 357 387 456 453 495 367 506 389
427 389 913 714 1027 322 1191 655 4 413 64 521 869 370 936 460 1029 507 1208 719 931 396 1022 504 834 381 865 425 93 400 177 500 214 404 264 485 356 386 456 454 494 366 506 389
429 388 913 713 1017 326 1181 647 1020 484 1196 710 4 413 64 521 866 370 935 461 931 396 1020 504 833 381 864 426 92 400 176 500 355 385 457 453 214 404 264 485 494 366 506 388 860 443 942 534
430 389 913 713 1015 483 1181 703 1004 334 1145 640 864 369 934 461 4 413 64 521 930 397 1019 503 832 381 864 426 92 400 176 500 355 385 457 453 214 404 264 485 859 444 940 531 493 367 507 389
429 389 916 712 998 338 1139 635 862 370 932 460 992 483 1157 696 4 413 64 521 831 380 863 426 92 400 176 500 214 404 265 485 930 399 1017 499 854 435 942 517 356 385 456 453
427 389 918 711 989 341 1135 630 999 484 1137 686 862 370 932 459 4 413 64 521 830 380 862 426 93 400 176 500 215 404 264 485 854 435 942 517 355 384 457 453
426 389 921 711 979 342 1125 626 863 366 929 446 4 412 63 522 829 380 860 426 93 400 176 499 214 404 264 485 854 435 942 516 354 384 457 453 495 367 506 388
426 389 921 711 972 342 1115 624 861 365 928 445 4 412 63 521 829 380 859 426 92 399 176 499 215 404 264 484 355 385 456 453 855 435 942 515 495 367 506 388
426 388 922 713 957 344 1094 617 980 475 1102 658 859 366 926 444 4 412 63 521 829 380 859 426 92 399 176 499 215 404 264 485 355 386 456 453 856 435 941 514
426 388 921 713 955 344 1091 617 860 367 924 442 4 412 63 521 829 381 859 426 91 399 176 499 215 403 264 484 980 475 1096 654 354 386 456 453 855 435 940 513 497 367 507 388
428 388 921 713 952 347 1077 595 963 473 1081 652 4 412 62 521 860 369 923 441 829 381 859 426 214 403 264 484 92 398 176 499 354 385 457 453 854 434 939 512 497 367 507 388
429 388 920 713 943 347 1073 591 4 412 62 521 860 370 921 439 829 381 859 426 957 470 1074 653 214 403 263 485 92 399 176 499 356 386 456 452 497 367 507 388 838 432 918 511
428 389 919 712 947 454 1069 633 936 350 1061 551 4 413 62 521 853 373 913 440 830 381 859 425 849 433 911 513 214 404 264 485 93 400 176 498 498 367 508 389 524 366 535 387 357 386 455 452 475 368 486 391
426 390 921 711 944 455 1061 625 933 352 1055 548 853 373 912 439 4 414 62 521 830 381 859 424 849 434 911 512 93 401 176 498 214 404 264 484 498 367 508 389 356 386 455 452 475 368 486 390 524 367 534 387
426 390 921 710 940 454 1052 616 918 352 1035 547 852 375 910 438 4 414 63 521 831 382 859 423 849 434 910 511 214 404 264 484 93 401 176 499 354 385 455 452 498 367 508 388 475 368 486 390
425 390 922 710 916 352 1034 545 852 375 908 437 936 453 1046 608 4 414 63 521 93 401 176 499 215 404 264 484 831 381 858 423 849 433 908 511 354 386 455 452 498 367 508 388 816 379 842 419
425 391 923 711 918 450 1032 601 913 352 1028 542 3 413 63 521 850 375 905 436 93 401 176 499 215 404 264 484 849 431 906 510 354 387 455 452 815 378 842 419 832 381 858 422 1045 432 1136 521 499 368 508 389
425 391 924 710 915 450 1026 596 909 354 1019 539 3 412 63 522 848 375 903 436 93 400 176 499 354 386 456 452 214 403 264 485 816 377 842 421 848 430 905 510 1045 432 1136 521 498 368 508 389
425 391 924 711 912 446 1017 594 904 358 1009 533 3 412 63 522 847 375 901 435 93 399 177 499 354 386 456 453 815 376 841 421 214 403 263 485 847 429 903 508 498 369 508 389 1045 432 1137 521
425 391 923 711 910 442 1011 592 900 361 1004 529 3 412 63 522 846 375 899 435 93 400 177 500 354 387 455 453 815 376 841 421 214 403 263 485 846 428 901 508 498 370 509 388 1045 433 1136 520
425 391 922 711 907 440 1005 590 896 362 998 527 4 412 63 521 846 375 897 434 93 401 177 499 354 387 455 453 214 403 263 485 814 376 839 419 845 427 900 508 499 370 509 389
426 390 921 711 899 402 1006 578 4 412 63 522 94 401 176 499 353 385 456 453 846 375 894 434 214 404 263 484 813 376 838 418 499 370 509 389 845 426 900 509 1045 432 1137 521
427 390 919 712 895 403 999 575 4 412 63 522 352 386 456 453 94 401 176 499 845 376 892 432 215 404 263 485 1044 432 1137 521 499 369 509 389 889 380 912 420 812 376 835 418 475 369 486 391
426 392 919 712 893 405 993 572 4 412 63 522 352 386 457 453 94 402 176 499 843 376 890 433 215 404 264 484 887 380 911 420 1044 432 1137 521 498 369 509 390
424 393 921 712 893 405 987 570 4 413 64 522 351 387 458 453 842 376 889 433 94 402 176 498 215 404 264 484 886 380 911 421 1045 432 1137 521 44 414 127 512
421 393 923 712 894 405 985 568 5 413 64 521 351 386 459 453 841 376 888 433 215 404 264 484 94 401 176 498 886 380 911 422 1045 432 1137 521 45 414 127 512
420 392 925 711 877 408 980 564 4 413 63 521 353 386 459 453 841 376 888 434 215 404 264 484 94 402 176 498 886 380 910 419 1045 431 1137 522 499 369 508 388 476 369 486 389 45 414 128 512
420 392 924 711 876 406 978 560 4 414 63 521 354 386 458 453 214 404 264 484 94 402 176 497 840 375 889 435 646 217 819 418 499 369 509 388 476 369 486 389 45 414 128 512 1045 431 1138 523
421 391 922 711 876 403 977 557 4 414 63 521 355 386 457 453 94 402 176 497 214 405 263 484 647 217 819 418 839 374 890 435 1205 441 1279 716 476 368 486 389 499 369 508 388 45 414 128 512 967 397 1064 490
422 391 920 712 874 402 975 554 4 414 63 520 354 386 458 453 1198 435 1279 715 214 404 263 484 94 402 176 497 647 217 819 417 839 373 890 434 477 368 486 389 499 368 508 387 45 414 128 512 1045 431 1138 523
422 390 921 711 873 402 971 551 4 414 63 521 354 385 458 453 214 404 264 484 93 402 175 497 647 217 820 418 838 372 890 434 1160 374 1279 699 476 368 486 389 1044 431 1138 524 500 368 508 387 523 367 533 387 967 398 1065 490
423 391 921 712 868 401 966 547 1157 372 1279 700 4 413 63 521 355 385 457 453 647 216 820 419 214 404 264 484 93 402 175 498 1044 431 1137 524 837 371 890 433 476 368 486 390 500 368 509 388 523 367 533 387 966 398 1065 490
424 391 921 712 1151 364 1279 702 866 402 962 545 4 413 63 521 355 385 457 453 1044 430 1137 525 214 404 264 484 647 217 820 419 93 402 175 498 833 367 883 432 475 368 486 391 500 368 509 388 524 367 534 387
424 390 920 714 1145 363 1279 703 865 401 960 542 4 413 64 521 1045 430 1138 525 354 385 458 453 215 404 263 484 93 402 175 497 648 217 820 418 833 367 883 432 475 368 486 391 500 368 508 388 524 367 534 387
425 390 918 715 1137 363 1279 699 865 402 955 538 4 413 63 521 1045 429 1137 525 215 404 263 484 648 217 819 418 93 402 175 498 356 386 457 452 475 368 486 390 833 367 882 433
425 389 916 716 1129 364 1279 693 4 414 63 521 863 370 950 518 1046 429 1135 526 215 404 263 484 648 218 819 417 93 402 175 498 474 368 486 391 357 386 455 452 833 367 881 432 949 397 1046 496
425 389 915 716 1122 363 1273 691 4 414 63 521 860 370 948 518 1046 429 1133 526 215 404 263 484 474 367 486 391 1145 530 1276 719 93 402 175 498 647 219 819 416 357 386 454 452 948 397 1045 496 833 368 880 432
424 389 915 716 858 370 947 517 4 413 63 522 1112 528 1278 719 214 403 263 484 474 367 486 391 355 385 455 453 1046 429 1133 525 93 402 175 497 1094 367 1246 681 933 400 1020 502
423 389 914 715 1087 365 1233 685 856 369 944 516 4 413 63 522 215 404 263 484 93 402 175 497 356 386 454 453 932 400 1020 502 1109 532 1278 719 473 368 486 390 834 375 873 422
424 389 913 715 1077 363 1220 688 855 369 941 515 5 413 63 522 214 404 263 484 93 403 175 497 931 400 1019 502 357 387 454 453 544 382 568 407 835 375 871 423
425 388 912 715 1072 362 1208 689 5 413 63 522 854 368 938 515 929 401 1019 503 214 405 263 484 94 404 176 498 357 387 454 453 544 382 568 407 835 375 869 423 1095 536 1210 706
425 388 911 716 1056 364 1192 679 5 414 63 521 855 368 936 514 928 400 1019 503 214 405 263 484 544 382 568 407 94 403 176 498 357 386 455 453 1093 530 1203 702 836 375 868 423
425 389 912 716 1048 363 1187 676 5 413 63 522 855 370 936 513 927 401 1019 502 543 382 569 407 215 405 263 484 94 403 176 498 356 385 455 452 837 374 866 423
425 390 914 715 1040 364 1178 674 5 413 63 522 854 371 933 514 927 400 1019 502 543 382 569 408 94 402 176 498 215 405 263 484 356 385 454 452 838 374 866 423 56 422 114 509
427 390 915 715 1029 352 1167 644 5 413 63 522 853 372 932 513 927 401 1020 501 542 382 568 409 215 405 263 484 94 401 176 498 356 385 455 452 1044 503 1169 682 851 428 905 508 839 374 865 423
428 389 914 715 1025 349 1161 643 4 413 63 522 928 401 1019 500 542 382 567 409 852 373 930 514 1037 504 1159 678 215 405 263 484 94 400 176 498 851 428 906 508 646 219 821 418 357 385 454 452 838 374 865 423
427 390 914 716 4 413 64 522 1016 366 1127 610 928 401 1018 499 542 383 566 408 851 372 932 510 1032 505 1149 669 215 404 263 484 852 429 906 507 94 401 176 498 646 219 821 418 357 385 455 452 838 375 864 423 44 415 128 512
428 390 914 716 1010 367 1122 606 4 413 63 522 1014 497 1134 659 542 383 565 408 852 428 906 507 930 402 1018 498 215 404 263 484 851 371 933 509 646 219 821 418 94 402 176 498 838 374 863 422 44 415 128 512
429 390 914 716 1002 369 1115 603 999 497 1136 651 4 413 64 522 541 384 564 409 853 429 906 504 215 404 262 484 94 402 176 498 645 219 822 419 851 370 935 505 931 403 1018 497 837 374 862 421 358 386 455 452
430 389 914 715 996 369 1108 599 1002 494 1117 650 4 413 64 522 541 385 564 409 853 428 905 501 215 405 263 484 94 402 176 498 645 219 822 420 837 375 862 420 358 387 454 453 931 403 1017 497
429 389 916 715 990 368 1100 599 995 491 1106 646 4 413 64 522 539 386 564 410 215 405 263 484 849 402 905 493 94 402 176 498 645 218 822 420 837 376 861 421
429 389 917 715 986 368 1095 598 4 413 63 522 991 489 1098 642 848 400 902 493 215 404 264 484 537 386 563 411 93 402 176 497 645 218 822 421 357 386 453 453 938 424 994 504
428 388 916 716 970 366 1080 596 4 412 63 522 847 401 900 493 214 404 264 484 535 386 562 412 93 402 176 498 987 489 1092 639 645 218 822 421
429 387 915 716 966 364 1077 592 4 412 63 522 846 401 899 492 533 385 562 413 214 404 265 484 646 217 821 421 93 402 176 497 971 486 1082 639
427 387 917 716 960 364 1071 588 4 412 63 522 533 384 562 414 844 403 898 491 214 403 265 485 94 402 176 497 646 217 821 420 399 386 453 447
427 388 917 715 953 363 1064 585 4 413 63 522 843 404 898 490 215 404 264 484 533 385 562 415 94 402 176 497 646 217 821 420 43 414 127 513 357 386 454 452
427 387 918 714 946 362 1058 580 4 414 63 521 841 404 898 491 214 403 264 484 94 402 176 497 647 218 820 419 1048 431 1138 521 356 386 455 452 43 415 128 513
427 387 919 714 942 362 1055 578 840 404 898 492 4 414 63 521 215 404 264 484 648 218 820 420 1047 431 1139 521 93 402 176 497 43 416 128 512 357 386 455 452
427 388 920 713 938 364 1051 575 839 404 896 493 4 415 63 520 215 404 264 484 1046 431 1139 521 648 218 819 420 93 403 176 497 357 387 455 452 948 485 1044 595 43 416 128 512
427 388 921 712 935 368 1047 573 4 415 63 520 838 405 895 492 215 404 264 484 648 218 819 419 93 402 176 497 1045 431 1138 520 355 387 455 452
428 388 922 711 927 384 1025 557 5 416 63 520 838 405 894 491 354 387 456 452 214 404 264 484 648 219 819 419 93 402 176 498 1045 431 1137 521 938 459 1038 596
427 388 924 711 923 386 1020 557 5 416 63 520 838 405 894 491 354 387 456 452 215 404 264 484 94 403 176 498 1045 432 1136 521
426 388 925 712 918 389 1015 558 5 416 63 520 215 404 264 484 355 388 455 452 837 374 894 463 93 403 176 498 521 395 548 431 1045 433 1136 521
425 387 927 712 912 390 1009 558 5 415 63 520 520 395 546 432 215 404 264 484 93 402 176 498 356 388 455 452 837 374 894 462 1045 433 1136 521
426 386 926 712 910 390 1005 557 5 414 63 521 519 395 543 432 215 404 263 484 93 401 176 498 833 368 883 435 356 388 453 451
427 387 925 713 908 391 1001 554 5 414 63 521 519 395 543 433 215 404 263 484 93 401 176 498 832 368 882 435 357 388 452 451 44 415 128 512
428 388 925 714 906 392 997 552 5 415 63 521 518 395 542 433 215 404 263 484 93 401 176 498 832 368 882 435 43 415 128 512 357 387 451 452
427 389 924 714 903 395 993 552 5 415 63 521 517 395 542 434 215 404 262 484 94 401 176 498 831 368 882 435 44 415 128 511 357 387 451 452
426 388 923 714 899 395 991 551 5 415 63 521 515 395 539 434 214 404 262 484 94 401 176 498 471 379 487 408 356 387 452 452 44 415 128 511 830 368 882 435
426 387 922 713 897 397 989 552 5 415 63 521 513 394 538 436 214 404 262 484 94 401 176 497 356 387 453 452 471 380 488 408 44 415 128 511 830 367 882 436 1044 432 1137 520
425 388 922 713 894 397 987 552 5 414 63 521 511 394 537 437 214 404 262 484 94 402 176 497 355 386 454 452 1044 432 1137 521 472 380 489 407 831 376 883 460 44 414 128 512
424 389 923 713 887 375 970 527 5 414 63 521 509 394 537 438 94 402 176 498 214 403 262 484 354 386 454 452 1044 432 1137 521 831 375 882 461 44 415 128 512
423 390 921 713 886 376 968 525 5 414 63 521 1044 431 1137 522 214 403 261 484 94 402 176 498 507 395 537 438 831 375 881 462 353 385 455 452
425 390 920 713 885 378 965 524 5 414 63 521 1044 431 1136 522 214 403 262 484 95 402 176 498 354 386 454 452 831 376 880 460 900 451 958 541
426 390 918 713 882 377 958 526 5 414 63 521 214 403 263 484 94 402 176 497 1044 432 1137 521 354 386 453 452
425 390 919 712 880 378 952 526 4 414 63 521 214 403 263 484 94 402 176 497 1044 432 1136 522 354 386 454 452 948 399 1046 494
425 391 919 712 878 377 948 526 4 414 63 522 214 403 262 484 93 402 176 497 493 394 522 448 354 385 455 452 946 398 1046 496 828 371 874 439 1044 431 1136 522 44 415 128 511
