

360 398 663 604 188 464 294 522 4 420 172 618 658 469 732 523 330 453 428 533
360 398 663 604 187 463 295 522 658 469 732 523 327 454 429 533 4 420 159 617
361 398 662 604 187 464 295 522 0 415 133 620 658 469 732 524 323 456 430 534
361 398 662 604 189 464 294 522 1 414 117 625 657 469 732 523 319 457 432 535
361 397 662 604 190 465 293 522 657 469 733 523 313 455 410 537 5 420 102 627
360 397 662 605 192 465 293 522 310 453 410 540 657 469 733 523 2 417 74 632
360 396 662 605 199 466 297 522 307 452 411 541 657 468 734 523
362 397 662 606 303 451 410 542 199 466 298 522 657 469 733 523
363 397 663 606 299 451 409 543 199 466 298 522 658 470 734 523
364 403 668 627 295 452 407 543 200 467 298 522 658 471 733 524
367 404 670 626 291 452 406 543 200 468 297 522 658 471 733 524
369 405 671 626 278 451 399 546 193 468 291 522 658 472 733 524
369 405 672 627 272 451 399 547 194 468 289 521 658 472 733 524
367 404 673 628 265 451 398 547 195 468 286 521 658 472 734 524
366 404 673 629 256 451 400 548 195 468 282 521 658 472 733 524
367 403 673 629 248 449 396 551 658 472 733 525 194 467 277 521
368 403 672 629 236 447 393 554 658 472 733 524 192 465 272 520
370 402 672 630 225 444 392 556 659 472 733 524 191 462 270 519
216 442 392 557 370 400 672 631 658 471 733 524
370 400 672 632 209 440 393 559 658 471 732 524
369 400 673 632 188 438 387 561 658 471 732 524
182 434 385 565 368 400 673 631 658 471 732 524
174 431 380 568 367 400 674 631 658 471 732 524
160 428 376 572 367 401 674 631 658 471 732 524
367 401 673 631 145 425 373 575 659 471 733 524
367 401 671 630 133 422 371 578 658 471 733 524
368 401 669 629 106 418 373 586 658 471 733 524
367 401 669 629 90 415 366 589 658 471 733 524
366 401 669 629 75 414 357 591 658 471 733 524
364 401 669 628 68 406 350 598 658 471 733 523
362 402 668 627 657 471 733 523 55 403 354 598
362 403 667 626 27 401 328 603 656 471 734 523
362 403 665 625 14 395 319 609 656 472 734 523 353 451 404 529
364 404 662 624 0 403 313 626 656 471 734 523 348 451 404 530
365 406 659 622 0 403 304 628 656 471 734 523 345 450 404 531
367 402 660 601 0 406 291 632 655 470 734 523 339 453 423 531
367 403 658 600 0 401 279 637 655 470 734 523 334 453 420 533
367 402 659 600 655 470 734 523 0 395 267 643 330 454 419 534 237 465 293 524
366 401 658 601 655 471 734 523 0 366 245 675 328 457 403 536 220 467 295 523
366 401 659 601 210 468 295 523 655 471 733 523 322 457 404 538 0 347 218 641
368 401 659 601 204 468 295 522 655 470 733 523 316 457 405 540 2 333 206 648
370 403 660 600 192 466 292 523 3 325 174 650 654 470 734 523 311 456 406 542
375 409 657 620 192 467 292 523 4 323 158 647 306 455 407 542 654 470 734 523
378 410 656 621 301 453 406 543 192 467 291 522 653 471 734 523 5 319 135 646
379 409 656 622 295 453 405 545 192 467 290 522 652 471 735 523
378 408 656 624 289 452 406 547 652 471 734 523 192 467 289 522
377 406 655 626 275 451 406 549 652 471 733 523 192 468 289 522
375 405 655 628 268 449 407 550 652 470 733 523 192 468 285 522
374 405 655 630 261 449 405 550 651 471 733 523 192 468 280 522
375 405 654 631 254 449 406 552 650 471 733 523 192 468 275 522
379 406 653 630 250 448 404 554 650 471 734 523 191 467 273 522
380 406 653 630 237 446 401 556 650 471 734 523 190 465 271 521
225 443 398 558 382 407 652 628 650 471 734 523
213 442 396 560 383 409 652 626 650 471 734 523
209 442 395 561 385 411 651 624 646 471 725 522
386 412 652 624 188 440 392 563 645 471 725 522
184 436 389 567 386 412 652 625 645 472 725 522
175 431 383 573 386 412 652 626 644 472 725 523
163 429 378 576 385 412 651 626 644 472 725 523
145 427 375 578 385 412 650 625 643 472 725 523
384 413 649 623 130 436 378 587 643 473 726 523
384 413 650 621 106 419 370 589 642 473 726 523
383 413 652 620 91 430 369 594 641 473 727 523
383 413 653 620 640 473 727 523 85 409 357 598
384 414 654 619 640 473 727 523 58 412 366 615
386 416 654 618 639 473 727 524 37 406 328 602
388 417 654 617 27 403 322 604 639 473 727 524
390 418 654 618 11 408 318 622 639 473 727 523
391 418 656 618 639 473 727 523 1 408 311 625
392 418 657 619 638 473 727 524 0 408 303 627
393 419 658 619 638 473 727 524 0 406 295 629
394 420 657 620 637 473 727 523 4 385 284 612
393 421 656 621 637 473 727 523 2 366 279 625 220 466 294 525
391 422 656 622 636 473 728 523 213 467 294 524 2 348 273 638
405 417 637 612 636 473 728 523 207 468 294 523 2 341 222 640
406 418 637 610 635 473 729 523 203 468 294 522 7 338 204 643
406 420 637 609 634 473 729 523 190 467 293 523 0 332 172 646
407 421 636 608 633 472 729 523 190 466 293 523 3 328 147 645
407 421 635 609 633 472 729 523 191 466 293 522 3 320 124 648
408 422 635 608 633 472 730 523 191 467 292 523
409 422 634 608 632 472 730 523 191 467 292 523
410 422 634 607 632 472 730 523 191 467 291 522
410 421 632 606 191 467 291 522 633 472 730 523
410 422 632 605 190 467 291 522 632 472 730 523
411 424 630 604 189 467 291 521 631 472 730 523
411 423 629 603 188 467 292 522 630 472 730 523
412 421 628 604 188 467 292 522 630 472 731 523
413 422 627 603 188 467 292 522 630 472 730 523
415 423 626 602 188 467 292 522 630 472 730 523 618 479 649 512
416 425 626 601 188 467 291 522 630 472 731 523
418 425 626 600 187 467 291 522 628 472 731 524 396 477 470 527
420 428 625 599 186 467 290 522 628 471 732 524 394 476 469 529
422 431 625 597 185 467 290 522 628 471 732 524 394 476 468 530
424 434 625 595 185 467 290 523 629 471 732 523 393 476 467 531
423 435 625 594 184 467 290 523 630 471 732 523 392 476 467 531 620 478 650 514
423 434 623 593 184 467 290 523 629 471 732 523 391 476 467 531 621 478 650 513
424 433 622 593 184 466 290 523 629 471 732 523 389 475 467 532 622 478 650 513
425 433 621 593 184 466 290 523 629 471 732 523 389 475 466 532 621 478 650 512
