

466 411 492 428 517 416 545 436
567 432 586 459 467 415 495 433 1181 452 1202 497
542 428 567 451 489 427 518 446 704 446 752 483 588 451 608 477
490 427 519 448 568 435 589 456 595 450 613 476 542 432 567 453 1207 451 1228 498
566 437 592 458 514 433 542 453 493 431 519 449 543 435 565 453
516 438 544 455 591 443 614 461 567 440 591 458 542 439 563 455
540 441 565 458 520 440 544 455 590 444 618 461
540 441 566 457 640 458 660 486 566 442 587 458
563 441 590 459 544 439 567 455
565 441 592 458 590 442 614 458
666 460 686 484 641 454 666 476 567 441 591 457 589 443 614 460 587 451 614 470
663 460 687 482 640 456 666 477 590 452 616 470
662 459 690 482 614 454 641 473 638 457 664 476
662 459 692 481 616 455 644 473 689 463 713 483 637 456 663 474
634 454 663 473 714 462 734 484 688 460 714 482 667 458 692 477
636 454 668 474 717 463 736 483 685 459 714 481
639 459 670 478 736 477 755 508 685 462 714 483
641 465 668 482
636 479 668 499 686 483 713 505
636 481 665 501 665 484 690 504
616 479 645 500 664 484 690 505 714 501 733 529 639 481 664 501
614 477 644 497 663 480 689 501
611 464 640 483
609 459 640 480 641 463 665 484
614 458 639 479 591 455 620 476

539 456 568 476 515 455 545 474
511 456 547 477 541 460 569 480 563 464 589 484
511 455 545 476 710 486 787 549 544 461 570 482
465 440 495 458 695 484 770 543 515 454 544 474 488 442 518 459
689 482 765 543 462 438 492 456 489 441 520 457
680 484 760 546 442 440 471 457 492 453 525 475 518 457 540 477 464 439 491 456
669 485 748 546 438 442 468 460 490 455 520 477 519 460 539 481
667 483 748 544 519 461 538 483 435 441 465 461 489 455 517 476
669 481 748 540 435 438 466 459 489 453 517 473
670 470 748 530 435 434 468 456 484 441 518 462
679 464 761 526 437 431 469 452 487 436 519 458
681 457 766 520 489 431 520 454 521 435 542 457 440 429 470 448
684 455 769 518 491 428 521 451 523 432 543 453 441 418 469 437
684 455 770 517 440 415 470 436 523 429 544 452 492 427 521 448
679 448 766 512 438 413 468 433
675 446 763 510 466 413 495 433
661 441 748 505 414 406 447 425
653 438 744 501 465 410 492 432
632 436 720 498
617 434 701 495 365 382 400 403
609 433 698 497 362 380 393 401
603 438 693 502
585 444 674 507
582 456 674 520 383 409 419 436 418 414 445 441
585 455 677 519 386 409 421 435 419 414 446 440
604 443 696 508
611 438 701 504 365 384 394 404
625 432 720 502 363 380 400 403 416 388 455 415
632 431 722 499 366 380 404 402 420 388 456 413
650 428 740 498 436 387 472 413
657 428 745 496 441 387 476 412 388 380 422 402 465 390 492 414
674 428 767 499 463 390 496 415 394 382 428 404
679 431 773 502 496 406 520 433 407 387 444 409
700 433 794 507 494 407 522 433 414 389 442 409
706 437 800 509 494 409 524 433
722 439 819 516 494 412 523 434 442 404 477 426
726 451 826 524 458 408 493 432
733 459 829 529 459 414 494 435
745 462 840 538 512 435 547 461 460 429 495 453
746 476 847 552 458 431 497 457 512 440 550 466
748 476 851 552 461 430 501 457 515 439 548 462
755 479 850 546 466 430 500 451
534 431 565 453
563 429 596 451 615 434 642 459
613 434 645 458
611 433 645 454
996 503 1095 572
732 456 771 481 1016 503 1123 578 779 464 817 490
1041 505 1146 587
1048 510 1148 588 754 461 793 488
1064 511 1172 594 759 462 799 490
1066 515 1179 603 761 462 803 490 822 477 869 507
1063 515 1177 605 758 462 800 491 822 478 866 507
1059 518 1173 613 753 474 796 502 757 466 793 488
1057 523 1168 619 802 488 845 513
1046 532 1159 615 734 480 780 511 798 497 840 523 193 332 220 353
1056 523 1166 623 733 479 780 510 795 490 837 516
1056 517 1171 618 795 484 838 512 733 475 779 505
1058 512 1174 613 796 479 837 506 734 463 774 489
1057 510 1175 611 729 461 774 491 801 476 838 505
1056 512 1172 617 783 478 824 506 727 463 767 489
1037 522 1155 615 785 482 820 511
1034 528 1150 618 684 480 717 503
1007 536 1136 636 681 482 717 508 73 330 276 417
1003 536 1129 643 735 501 769 534 660 485 694 509
981 539 1115 639 716 501 748 531 634 483 666 509
613 480 647 508 976 537 1110 640 680 488 717 513 956 536 1043 616
605 479 650 510 957 534 1087 635 683 486 718 518
951 533 1089 638 661 485 700 514 602 478 642 507
940 529 1091 642 585 479 628 508 658 486 694 512
933 537 1090 649 690 506 712 534 581 483 623 510 639 502 671 528
634 504 677 538 928 543 1090 657 687 512 709 536 573 498 617 527
