

381 215 682 565 148 405 367 574 670 321 868 528 4 344 170 696 733 436 998 593 1079 415 1276 661 1097 431 1178 474 347 436 403 507 976 442 1063 494
381 216 682 566 146 405 367 575 669 321 867 528 3 347 169 696 731 436 1001 594 1098 432 1177 474 1091 444 1279 643 347 436 404 507 978 442 1063 494
381 217 683 567 144 405 367 575 3 350 169 697 667 321 867 528 1098 432 1177 474 729 437 1004 593 1094 447 1279 644 347 436 404 507 980 442 1064 494
380 220 683 566 141 405 369 575 3 354 167 698 666 321 868 529 1099 433 1178 474 731 438 1006 593 1097 471 1279 667 347 436 404 508 981 442 1064 495
380 222 684 565 139 405 370 575 3 356 166 700 665 321 868 530 1100 433 1180 474 734 439 1008 593 1101 474 1278 669 347 436 404 508 981 442 1065 495
381 223 684 563 139 406 371 575 2 361 164 700 663 321 869 530 1100 433 1181 475 736 440 1009 593 347 436 404 509 1105 479 1277 671 980 442 1065 495
381 224 684 562 139 406 371 576 662 320 869 531 2 363 162 699 1100 433 1182 475 737 440 1010 593 346 437 405 509 1109 483 1276 672 980 441 1067 495
382 223 684 561 137 406 371 577 661 319 869 531 2 367 160 696 1101 433 1183 475 346 437 405 510 753 439 1033 592 1114 486 1276 672 981 440 1067 494
382 223 685 561 135 405 371 578 661 318 869 530 2 370 157 696 1101 432 1184 476 346 437 405 510 752 439 1036 591 980 439 1068 493
132 405 372 580 382 224 687 560 661 318 870 529 2 373 154 697 1102 432 1185 476 346 437 405 510 752 439 1038 591 979 439 1069 492
383 225 686 559 129 404 373 580 661 317 870 528 2 377 150 699 1102 432 1185 476 346 437 405 511 752 440 1039 591 978 439 1070 491
384 225 685 560 117 403 365 576 662 316 870 528 1103 432 1186 476 2 383 141 699 346 437 404 512 750 441 1044 591
384 225 684 560 117 402 365 577 662 315 870 528 1104 432 1187 475 1 388 134 699 346 437 404 512 747 443 1048 592
384 224 684 562 116 402 364 577 662 315 870 528 1105 433 1188 475 0 421 131 719 747 443 1051 592 347 438 404 512
116 402 365 577 385 224 683 563 663 314 871 528 1105 433 1188 475 1 447 119 704 749 443 1052 593 347 438 404 512
115 402 366 577 385 224 682 564 662 312 873 528 1106 433 1190 475 2 376 113 707 752 442 1054 594 347 438 404 512
114 402 366 578 386 225 681 563 661 310 875 530 1108 433 1191 475 2 430 109 718 755 442 1056 594 346 438 404 512 5 419 116 514
113 402 366 578 386 226 680 562 661 310 878 531 1110 433 1192 475 758 443 1060 594 1 422 105 719 345 439 405 512 3 415 115 517
112 402 365 578 386 227 680 560 661 310 880 532 1110 433 1193 475 760 443 1063 595 0 429 89 719 345 440 405 512 4 414 113 518
111 402 364 578 662 310 882 532 386 227 679 561 1111 432 1194 475 757 445 1075 596 1 432 85 718 344 440 405 512 4 414 114 517
662 309 884 532 110 402 364 579 385 227 679 562 1112 431 1195 475 731 449 1099 623 2 435 81 717 343 440 405 512 5 416 115 514
662 308 887 533 108 403 362 580 385 227 678 563 1112 431 1195 475 730 449 1108 622 343 439 405 513 3 437 76 715 0 400 87 543
663 308 888 533 106 404 360 580 385 227 678 563 732 447 1110 622 1113 430 1195 475 342 439 405 513 0 404 86 542
665 307 890 534 104 404 357 579 385 227 679 563 733 448 1113 620 1113 430 1196 475 342 439 405 513 1 405 85 543
386 226 680 563 667 307 890 534 102 404 355 580 736 448 1119 620 1117 431 1200 476 2 406 84 544 342 439 405 512
386 225 682 563 100 404 351 580 669 308 891 534 740 449 1124 619 1117 431 1200 476 2 406 82 545 342 439 405 512
387 225 683 564 100 403 349 581 670 308 891 533 747 447 1128 618 1118 431 1201 476 341 439 405 513 2 407 82 545
387 224 683 565 98 403 346 582 670 308 892 532 759 445 1131 617 1119 431 1202 475 341 439 406 514 2 408 81 546
388 223 683 566 95 403 345 582 670 306 893 532 770 442 1136 617 1121 431 1204 475 341 439 406 514 2 409 79 548
388 222 684 567 93 403 344 582 669 305 894 531 1122 431 1207 475 781 440 1139 617 341 439 406 515 2 411 78 549
388 222 684 567 92 402 344 583 682 302 902 531 1124 432 1208 475 786 438 1141 621 341 439 406 515 2 412 80 549
388 222 685 567 91 401 343 583 681 302 904 530 1126 432 1209 475 2 411 81 548 341 438 406 515 789 437 1145 625
388 222 684 567 89 401 342 583 662 308 942 525 1128 432 1211 474 1 411 82 547 340 438 406 516 827 431 1165 624
388 222 685 566 86 401 343 583 660 306 943 525 826 431 1171 622 1 410 81 547 1130 432 1212 475 339 437 406 516
387 222 686 566 83 401 343 582 658 305 943 526 823 432 1179 622 1 410 80 548 339 437 406 517 1131 432 1213 474
387 221 686 566 80 402 343 583 666 289 941 520 0 408 80 547 822 431 1191 625 339 437 406 517 1132 432 1214 474
386 222 685 565 79 403 342 584 667 289 944 520 0 406 79 548 339 437 406 518 828 430 1198 629 1133 433 1215 474
386 222 684 566 76 403 342 586 668 288 948 520 0 404 78 548 339 437 405 519 833 429 1206 634 1135 433 1216 473
385 222 684 567 71 394 350 599 658 300 951 531 0 403 76 549 339 437 405 519 839 429 1212 636 1133 433 1217 471
385 222 685 570 68 393 349 600 660 299 951 534 0 402 75 548 844 429 1219 639 339 437 404 519 1154 432 1221 466
384 221 685 571 65 392 348 601 662 298 952 536 0 401 73 548 850 431 1226 640 339 438 404 518 1154 433 1222 465
384 220 687 571 63 392 347 601 665 297 953 536 854 430 1233 644 0 400 71 548 339 438 404 518 1155 434 1222 463
384 219 688 572 61 393 348 600 665 297 956 536 853 430 1240 645 0 401 70 548 339 438 404 518 1157 434 1221 462
384 217 689 573 58 392 349 600 664 296 959 536 848 430 1245 650 0 401 69 549 338 438 405 518
384 215 689 576 55 391 350 600 662 295 962 536 836 429 1250 656 0 402 68 549 338 438 405 519
384 213 689 578 53 391 351 600 661 294 963 537 832 426 1254 662 0 403 68 549 338 438 406 519
384 213 688 578 51 391 352 600 661 292 965 538 834 423 1258 664 338 438 406 520 0 404 67 549
384 213 688 578 48 392 353 599 662 290 971 540 843 421 1263 665 338 438 406 520 0 403 67 548
383 213 688 578 47 392 355 599 662 289 979 541 846 418 1266 667 338 438 406 520 0 403 66 548
383 212 689 581 46 393 354 598 663 288 982 542 847 415 1267 668 338 439 405 520 0 403 66 547
382 211 689 582 46 393 355 598 674 282 977 523 848 414 1268 669 338 438 405 520 0 403 66 547
382 210 689 584 45 393 356 599 674 282 973 524 854 414 1272 669 338 438 405 520 0 403 67 546
382 210 689 584 38 396 343 597 674 280 972 525 859 417 1275 670 337 439 405 520 0 403 66 546
383 209 689 585 674 280 973 525 37 397 343 598 862 419 1277 672 337 439 406 520 0 402 66 546
383 208 690 586 675 280 973 525 36 397 344 598 858 421 1278 675 337 439 406 520 0 401 66 546
384 207 690 587 35 396 343 599 676 280 980 524 851 422 1279 679 336 437 413 522 0 401 66 546
384 208 691 585 34 397 344 600 677 280 983 523 847 424 1279 682 335 437 414 522 0 409 57 543
385 208 691 584 33 397 344 600 676 281 988 522 846 426 1278 684 334 438 414 521 0 409 57 542
385 209 692 582 33 397 344 600 677 281 988 522 848 428 1276 685 334 438 414 521 0 409 56 542
385 209 693 583 33 396 343 602 677 279 993 525 850 425 1277 688 333 437 414 520 0 406 40 545
385 208 694 584 33 395 341 603 677 276 998 527 852 422 1279 689 333 437 415 520 0 405 40 546
384 207 695 585 32 394 340 604 675 273 1002 532 916 420 1275 686 333 437 415 520 0 406 39 545
384 207 695 585 32 393 340 605 671 281 1001 548 916 417 1275 687 333 437 415 520 0 407 39 544
385 207 696 585 31 393 339 605 671 280 1005 549 915 412 1276 692 333 437 415 520 0 411 39 542
385 208 697 583 30 392 338 605 674 269 1013 535 913 410 1278 694 333 437 415 519 0 413 38 541
385 209 698 581 28 391 337 605 674 269 1016 534 911 408 1279 696 332 437 414 519 0 414 37 541
385 211 698 578 28 389 336 606 673 268 1015 534 909 408 1279 692 332 437 415 519 0 412 34 542
385 211 697 576 26 385 335 608 672 268 1016 535 909 404 1279 689 332 436 414 519 0 409 33 544
385 211 697 576 25 383 334 610 673 266 1020 537 907 402 1279 686 331 436 415 519 1 405 32 545
385 212 697 575 23 382 333 611 674 263 1023 540 909 401 1279 685 331 436 414 519 1 404 32 546
386 212 698 575 674 260 1026 542 22 381 331 611 910 401 1279 684 320 438 405 511 1 404 32 545
387 212 698 575 674 255 1029 546 21 380 328 612 915 401 1279 681 320 439 405 510
387 213 698 576 674 251 1034 549 19 379 323 613 923 401 1278 677 320 439 405 510 308 455 344 486
388 213 698 576 674 248 1037 550 18 379 319 613 930 400 1278 672 330 438 414 518 308 455 343 487
388 213 698 577 675 247 1038 548 17 379 317 614 936 400 1279 670 330 437 414 518 307 455 343 488
388 212 698 576 675 244 1043 548 15 378 316 614 940 399 1277 671 329 437 414 518 307 455 343 486
388 212 698 575 676 241 1049 547 12 377 316 615 946 398 1276 673 329 437 414 519 307 455 343 485
675 237 1057 548 388 211 699 576 9 377 316 615 953 395 1276 674 321 439 407 511
674 235 1062 550 387 211 699 576 7 376 316 615 959 392 1277 675 321 439 407 511 1056 438 1139 497
672 233 1066 552 388 210 699 577 4 377 316 614 965 395 1279 674 321 439 407 511 1061 440 1144 494
671 232 1068 553 388 210 698 577 3 377 316 613 971 402 1278 674 321 439 407 511 1065 439 1162 495
388 211 698 576 670 230 1070 553 2 377 316 613 977 408 1277 675 320 438 408 512 1065 440 1164 493
388 211 699 576 670 231 1073 551 2 377 314 613 981 412 1277 676 320 438 408 513 1069 441 1163 492
388 211 701 577 670 230 1074 549 3 377 313 613 318 437 408 514 985 415 1278 678 1075 441 1162 490
388 210 702 580 671 229 1075 551 3 376 313 614 316 437 408 515 1084 441 1163 489 993 426 1279 681
388 209 704 583 671 225 1076 553 3 375 313 614 314 437 409 516 1090 441 1164 488 1001 433 1279 682
388 208 705 585 671 222 1078 558 3 374 313 615 313 436 409 516 1094 441 1164 488 1007 445 1279 684
388 208 706 584 691 219 1108 564 4 374 311 616 312 436 408 517 1098 439 1170 488 1010 458 1279 687
388 207 707 584 690 216 1112 565 4 374 309 616 310 436 407 517 1102 439 1171 488 1064 441 1274 708
389 207 708 583 688 214 1115 565 3 373 308 616 309 435 406 517 1106 439 1171 488 1072 450 1275 705 1196 426 1279 507
389 205 708 586 685 211 1117 566 1 373 308 616 309 435 406 517 1110 440 1174 485 1077 453 1275 705 1199 424 1275 480
388 205 709 587 682 210 1120 567 1 373 308 616 309 435 405 518 1114 439 1176 486 1098 451 1279 710 1201 422 1276 479 260 449 317 504
387 205 709 588 679 209 1123 570 1 374 307 616 309 435 405 518 1102 453 1279 711 1118 439 1179 487 1202 421 1277 477 259 449 317 503
387 204 710 588 678 207 1126 572 1 373 306 616 309 435 404 519 1110 494 1279 691 1203 421 1279 476 1121 438 1180 487 258 449 317 503
386 204 710 588 679 206 1127 574 1 373 305 616 309 435 404 519 1116 496 1279 694 1203 422 1279 476 1123 438 1181 487 258 449 316 502
386 204 710 589 2 372 304 617 680 205 1130 576 309 435 404 519 1204 423 1279 476 1140 495 1279 698 256 449 315 502 1126 438 1181 489
386 203 710 589 4 372 302 617 682 206 1135 574 310 435 403 519 1206 422 1279 476 255 449 315 502 1148 495 1279 696 1138 440 1184 487
386 203 710 590 5 371 300 617 673 198 1160 590 310 434 403 519 1208 421 1279 477 255 448 315 501 1142 438 1186 487
