

246 414 365 495 433 444 510 507 106 410 163 486 362 433 397 458 110 371 163 438
238 419 363 500 433 445 510 508 361 434 397 459 86 414 143 487 103 371 155 464
433 446 510 509 243 413 356 496 361 434 397 460 78 412 137 487 82 362 140 438
224 421 354 501 433 447 511 509 362 435 396 461 50 410 122 487
216 419 353 502 433 447 510 509 363 436 396 461 635 498 667 535 25 408 101 487
208 417 352 504 435 447 511 510 364 437 396 462 19 403 96 487 997 548 1088 601
438 448 512 510 204 414 347 506 364 438 396 463 7 396 66 490 995 551 1097 604
441 448 514 511 186 405 347 504 365 439 395 464 1012 557 1126 611
176 413 342 510 443 448 516 511 366 440 395 466 1016 560 1131 613
168 412 339 510 1032 559 1154 618 447 448 518 511 366 440 396 466
153 411 326 511 450 448 520 510 1035 560 1161 622 366 438 397 467
137 408 320 513 452 449 522 509 1050 560 1186 626 365 438 398 467
119 395 317 511 453 448 523 509 366 437 399 467 1074 563 1213 629
97 403 314 519 457 455 522 518 1076 565 1221 632 366 438 400 467 182 204 217 244
1090 565 1245 633 66 390 305 514 456 457 522 516 366 438 401 467
42 395 300 529 456 459 522 517 1098 565 1247 633 367 445 403 477 163 190 211 264
1119 565 1263 633 456 458 522 517 31 382 291 520 364 439 399 469 157 188 205 265
0 384 258 543 455 460 522 522 364 448 401 479 1129 577 1265 640 152 186 202 265
0 377 241 552 456 462 522 525 361 450 399 482 228 430 287 496 1154 576 1277 643
0 365 223 565 455 466 522 527 360 452 398 485 1160 578 1279 646 196 425 280 501
457 463 522 523 0 361 184 570 188 417 277 489 363 451 398 482 1167 577 1279 645
0 324 177 566 178 409 275 484 1191 558 1279 637 454 456 524 522
0 319 157 569 155 405 269 487 1195 557 1279 639 460 455 530 525
148 402 263 489 461 454 531 526
464 459 531 527 117 410 250 492 360 446 399 483
462 457 531 520 87 402 253 495 352 436 398 473
463 459 531 521 85 406 236 492 357 442 397 481
464 456 530 518 350 435 399 474 46 400 226 494
34 397 215 497 464 455 531 518 348 435 398 475
20 388 201 496 465 450 530 511 347 432 398 474
464 451 530 510 2 388 183 495 347 432 397 475
1 378 168 495 463 449 530 507 338 430 392 471
0 369 151 494 462 445 529 503 337 426 391 469
459 442 532 501 334 425 388 466 0 360 135 498 786 507 865 575 1002 451 1045 544
329 427 384 468 4 359 111 502 455 444 522 504 787 508 868 579
0 358 83 511 324 428 381 477 454 449 520 508 786 511 871 582
454 458 520 516 321 430 377 480
455 458 520 515 319 429 376 478 826 523 912 600
454 450 520 510 312 430 365 474 831 523 917 600 1025 450 1110 634
454 449 519 509 308 429 368 476
453 457 515 515 303 430 363 480
451 460 513 519 292 436 361 490 532 477 562 512
449 465 512 524 291 441 357 495 530 482 561 516 517 477 548 510
448 471 510 529 284 445 346 500 517 482 544 513
448 473 510 531 275 446 348 502 532 487 562 517
270 444 347 501 448 470 510 528 534 485 563 515
267 437 346 495 449 463 510 521 535 479 566 512 927 532 1075 654
260 423 345 484 449 457 508 515 536 473 566 507 938 527 1084 654
445 449 508 507 257 422 341 481 538 470 567 505 981 523 1128 658
442 445 506 503 244 419 333 478 535 460 565 492 991 523 1137 664 562 434 629 521 346 432 369 451
237 418 331 479 440 445 504 503 536 461 566 491 1027 523 1175 668 344 433 368 452 4 390 82 457 563 434 630 521
231 414 326 478 439 443 503 502 537 460 567 491 565 433 633 523 343 432 368 452 1025 521 1190 663
439 443 502 501 228 410 323 479 537 460 567 492 560 443 640 527 344 432 369 453
211 405 313 475 438 438 501 496 569 429 638 523 537 456 566 493 1126 533 1271 701 969 521 1073 615
561 426 644 515 208 389 307 466 538 451 567 490 440 434 499 493 1157 526 1272 701
205 385 301 468 563 423 646 512 538 448 568 488 434 421 496 486
434 423 495 485 181 384 291 468 564 422 648 514 538 448 567 488
432 438 491 496 176 401 285 480 566 429 648 518 1034 520 1182 647 538 457 565 489
429 444 488 502 147 401 271 485 564 443 649 538 539 469 567 510
427 450 486 509 564 446 652 545 536 472 568 513 122 403 253 486 491 464 515 491
424 449 484 508 564 445 655 545 95 395 255 488 536 470 569 513 491 463 514 491
77 386 245 485 423 446 483 506 571 441 664 546 537 469 570 513 492 462 515 490
67 378 241 481 422 442 482 502 570 438 666 544 537 467 570 511 492 460 515 488 512 461 535 492 340 434 365 453
42 369 220 478 421 441 482 501 572 438 673 546 537 467 570 511 491 459 517 489 512 460 536 493 340 434 366 453
25 365 209 483 418 445 481 504 574 442 681 552 537 471 572 515
10 359 198 486 416 448 480 506 577 443 687 557 538 472 574 518
0 355 182 486 417 450 481 507 584 451 685 572 539 475 574 521 515 475 537 506
415 445 483 503 0 346 164 485 595 437 702 567 539 473 572 516 517 473 541 503 557 474 591 522
415 444 483 502 599 437 709 568 1 322 146 478 539 472 571 514 552 468 598 530 518 473 541 502
414 442 482 500 0 318 119 479 602 439 716 568 539 473 569 513 553 467 599 530 519 473 541 502
413 445 481 504 607 448 719 582 0 314 91 479 538 478 566 517 519 477 541 507
414 448 484 506 610 448 730 590 518 479 542 509 0 309 75 479 536 483 563 518 554 484 604 543
606 447 741 594 414 449 485 506 518 479 544 510 554 484 607 544 534 482 561 516
608 441 749 595 414 447 484 503 518 475 545 506 534 478 561 513 579 481 626 553 552 475 607 531 495 475 523 500 346 441 371 458
412 445 482 499 624 432 766 601 534 475 561 511 553 474 607 531 581 480 629 552 495 473 524 499 518 473 544 505 345 439 371 456 829 558 861 616
629 428 775 602 412 442 481 497 536 473 562 511 554 473 608 530 582 479 631 550 496 472 524 499
632 428 787 606 407 442 469 499 537 475 563 512 582 479 633 551 462 458 488 490
636 432 801 615 406 445 465 502 535 479 564 516 578 482 633 554 495 477 524 504
636 442 812 628 459 473 485 505 558 485 642 556 405 458 461 515 534 484 565 520 495 483 525 511
406 457 462 516 459 474 487 508 651 445 840 640 560 489 642 557 537 490 567 533 510 484 539 519
654 444 852 645 461 474 490 506 563 489 642 554 407 457 462 516 536 483 568 522
659 438 870 647 567 486 643 549 404 447 462 508 539 480 570 522 510 480 538 514 462 472 491 502 625 501 678 584
403 441 462 502 664 430 883 644 541 476 570 517 460 458 491 493 570 483 645 546 627 498 681 582
402 439 461 499 460 456 492 491 541 473 572 515 696 416 910 660 512 473 538 504 573 476 666 552 560 476 589 519
459 454 492 488 402 436 459 494 703 405 926 668 576 465 667 538 541 471 573 512 561 473 590 518 647 494 703 587 512 472 538 499
697 411 960 670 579 479 665 551 457 454 493 490 401 438 459 496 561 475 590 518 542 474 574 515 511 473 540 502 646 495 708 589
711 414 981 680 579 479 672 554 456 456 494 492 401 439 459 497 560 477 590 520 512 474 542 504 542 476 573 516 640 497 723 587
582 479 680 558 458 459 496 495 402 443 460 500 513 476 546 508 560 479 591 522 718 422 1008 691 653 498 746 595 540 480 571 517
404 446 462 501 515 477 550 509 460 460 498 495 753 416 1080 698 592 479 698 565 559 480 593 523 673 501 769 627
595 479 702 568 406 448 463 502 517 478 555 509 761 413 1111 705 462 460 500 496 559 480 597 525 676 502 777 627
599 478 707 569 407 448 464 501 517 478 557 509 463 461 502 496 560 480 600 525 772 403 1138 708 710 501 814 643
408 448 465 502 691 498 840 641 809 397 1234 715 464 461 503 496 614 481 725 571 518 480 555 508 561 482 601 524
615 481 730 572 833 382 1246 717 410 449 466 501 528 480 566 516 465 461 503 496 694 499 856 646
723 500 901 657 618 481 737 573 853 369 1269 719 411 448 467 501 530 481 568 515 467 461 503 496 574 486 625 541
725 502 921 661 618 481 743 573 412 448 467 501 532 481 571 515 868 354 1269 719 467 461 503 496 576 486 627 541
747 500 966 679 411 450 467 503 632 488 765 586 534 481 573 517 933 351 1267 719 467 469 507 502 577 488 628 542
631 478 777 597 411 452 467 505 750 504 982 685 535 484 575 519 480 473 515 505 579 490 630 544
633 478 787 600 774 492 1054 696 411 454 467 506 480 473 516 507 537 486 577 520 966 386 1276 713 580 491 632 546
