

0 189 159 483 698 240 930 396 258 294 371 469 452 237 494 260 249 184 372 392 640 229 661 250
1 183 168 484 265 181 383 388 698 240 930 396 274 292 383 456 453 237 494 260 640 229 661 250 615 230 636 249
2 181 173 486 698 241 930 396 307 289 401 449 454 238 493 259 280 185 390 387 641 229 661 250 615 229 636 249
2 182 179 485 309 184 418 391 697 241 931 396 320 290 413 443 456 238 493 259 641 230 662 251 615 230 636 249
0 183 187 481 697 241 931 396 324 188 430 386 335 289 423 440 642 230 663 251 457 238 492 258
0 197 207 473 698 242 931 396 337 191 434 379 642 230 664 251 356 265 445 421 458 238 492 258
0 195 211 472 698 242 931 396 361 198 456 367 642 230 666 252 373 288 441 407
0 191 217 471 373 200 465 364 698 242 931 396 643 230 666 252 395 290 454 400
0 187 224 468 698 242 930 396 385 201 474 359 400 291 461 394 643 230 666 252
0 184 230 467 698 242 930 396 393 201 478 358 407 273 467 379 644 230 665 251
2 183 234 466 698 242 930 395 411 202 490 359 644 231 664 251
0 193 240 450 698 242 930 395 421 201 500 353 644 231 663 251 429 272 485 369
0 196 250 445 697 242 932 395 431 201 510 347 643 230 661 251 449 270 501 366
0 184 258 421 697 242 932 396 457 271 508 361 448 206 515 334
0 191 266 414 697 241 932 396 447 201 522 343 642 231 660 252 463 272 511 357
0 195 278 408 697 241 931 396 471 256 525 354 643 231 660 252
0 196 290 404 478 259 530 350 697 241 931 396 641 230 661 251 473 211 536 299
0 197 302 400 486 259 534 345 697 241 930 396 641 230 662 251 472 204 546 340
0 196 307 399 697 242 930 396 490 260 536 341 640 229 663 251
12 197 313 396 698 242 929 396 495 216 550 327 639 229 663 251
25 198 319 395 698 243 929 395 502 222 552 323 697 239 715 257 639 229 662 250
40 199 326 393 698 243 929 395 507 228 554 323 638 230 662 250 697 240 715 257
46 198 331 392 697 244 929 395 638 230 661 250 697 240 715 257
56 198 349 389 697 244 929 395 697 239 715 257 638 229 661 250
64 199 349 389 697 244 930 395 697 239 714 257 639 230 660 249
89 206 341 373 697 244 930 395 697 240 714 257 640 230 660 249
96 205 349 373 697 244 930 395 537 257 568 301 640 230 660 249 534 216 573 295
104 205 356 371 697 243 931 396 541 256 571 302 641 230 660 248
111 206 363 368 696 242 932 396 544 256 573 303 641 230 661 248
136 206 370 366 696 241 932 397 548 256 575 302 641 229 661 248 550 215 587 298
145 207 370 364 696 240 933 397 550 215 589 296 641 229 662 248
154 207 373 362 696 239 933 398 552 216 590 294 556 253 585 302 641 229 662 248
163 206 378 361 696 239 933 398 558 254 588 300 554 217 593 292 641 229 662 248
170 206 385 360 696 240 933 397 560 254 591 299 558 218 597 291 641 229 662 248
176 208 391 358 696 241 933 397 563 253 594 299 561 218 600 291 641 229 662 248
194 210 407 357 696 242 933 396 565 253 597 299 641 229 662 248 567 222 598 271
200 210 407 354 697 243 933 396 568 253 599 298 641 229 662 248 568 223 599 274
208 209 408 352 697 243 933 395 570 253 600 298 641 229 662 249 570 224 599 276
213 208 412 349 697 244 933 395 572 253 601 296 641 229 662 249 569 219 605 291
220 208 418 347 697 244 933 396 641 230 662 249 696 237 715 258 579 251 606 295 574 217 611 290
227 208 422 345 697 243 933 396 580 252 607 293 641 230 662 249 696 237 715 258 582 226 608 274
234 210 425 343 698 243 932 397 582 252 608 291 581 226 609 275 641 230 662 249 696 238 715 258
238 211 428 342 698 243 932 397 584 253 610 291 582 226 610 275 641 230 662 249 696 238 715 258
243 212 432 340 698 243 931 396 586 253 612 291 583 227 611 275 641 230 662 249 696 238 716 258
257 214 443 337 698 243 932 396 588 252 613 291 585 228 612 274 640 230 662 249 696 238 715 258
264 214 443 334 698 244 931 395 590 251 615 289 588 229 614 274 640 230 662 249 697 238 715 258
272 214 444 331 698 245 931 395 591 249 616 289 590 230 615 273 640 230 662 249 697 238 716 258
280 213 447 329 697 246 932 394 594 249 617 287 697 239 716 258 639 230 662 249
286 214 451 327 697 247 932 394 596 248 618 286 697 239 716 258 639 230 662 248
292 214 456 327 697 246 932 394 598 231 620 275 697 239 717 259 639 230 663 248
296 215 461 326 697 246 933 394 599 231 621 275 698 239 717 259 638 229 663 248
302 215 464 324 697 245 933 395 600 231 623 275 698 238 717 259 639 229 663 248
306 214 467 323 697 244 933 395 601 232 623 273 698 238 717 259 640 229 663 248
309 214 470 322 696 244 932 396 606 230 629 271 697 238 717 259 640 230 663 248
318 216 477 322 697 244 932 395 606 231 629 272 697 238 717 259 641 230 663 248
324 215 476 321 696 245 932 395 607 232 630 272 696 238 716 258 609 253 628 276
329 215 476 320 696 245 932 395 609 233 630 272 696 238 716 258
333 215 477 319 696 245 932 396 610 233 631 271 696 238 716 258
336 215 478 319 696 246 931 395 611 234 632 271 697 239 716 259
345 220 478 314 697 246 931 395 612 234 633 271 698 239 716 259
350 221 477 313 697 246 931 395 614 234 634 270
357 219 488 313 697 245 931 395 615 234 635 269
360 220 490 312 697 244 931 396 616 234 635 268
366 221 492 310 697 244 931 395 618 234 637 267
372 222 494 309 697 244 932 395 619 235 638 267
376 222 496 308 697 244 932 395 620 235 639 266
379 223 496 308 697 244 934 395 621 235 640 266
381 223 496 308 698 245 935 395 622 235 641 266
385 219 509 311 698 245 937 395 623 235 642 265
389 220 510 309 698 244 937 395 624 234 644 265
392 221 511 308 698 244 936 395 624 234 645 264
396 222 512 307 698 244 936 395 625 234 645 264
400 222 514 306 699 244 935 396 625 235 645 263
404 224 516 305 699 244 935 395 634 234 655 261 624 234 645 261
406 224 516 305 699 244 934 396 635 234 655 261
409 225 516 304 699 245 934 395 636 236 655 262
698 244 934 395 412 225 516 304 636 236 655 262
415 225 526 303 698 245 934 395 637 236 656 262
421 216 523 300 698 245 934 395 637 235 657 262
423 216 525 299 698 245 934 395 638 235 657 262
427 217 527 298 698 244 934 396 639 236 657 263
430 217 529 298 698 244 934 396 640 236 657 263
433 217 529 298 698 245 935 396 640 236 657 262
436 217 530 297 698 245 935 396 641 236 658 261
440 217 530 296 698 245 936 396 641 236 658 261
443 219 530 295 698 244 936 396 642 236 658 261
698 244 936 397 445 220 530 293 643 236 658 261
698 244 936 396 447 222 531 291 643 236 659 260
697 244 937 396 449 224 538 290 644 236 659 260
450 226 538 289 697 243 937 396 644 236 659 260
451 226 538 289 697 243 937 397 644 236 659 260
454 226 541 288 697 243 936 397 644 236 659 260
457 226 544 288 697 243 937 397 644 236 660 259
461 226 546 287 697 243 937 397 645 235 660 259
464 226 549 286 697 243 937 397 645 235 660 259
467 227 551 285 697 244 936 396 645 235 660 259
470 228 552 284 697 245 936 396 645 235 661 258
472 228 552 284 698 245 936 396 645 235 661 258
