

507 177 788 331 6 155 153 260 194 185 329 229
507 178 792 333 5 156 150 260 192 186 327 229
511 177 799 335 6 156 150 261 191 186 327 229
513 175 802 337 4 157 149 260 186 192 332 237
518 174 807 339 3 156 151 260 190 187 322 229 159 189 209 219
518 173 808 340 190 187 315 228 158 188 208 219
524 174 813 339 1 156 151 260 189 186 316 228 160 188 207 218
526 175 813 338 1 154 148 261 170 184 306 228 159 187 206 216
532 176 816 337 1 154 147 262 169 183 307 228
1 152 142 264 535 175 816 337 168 183 306 228
2 152 144 264 522 173 840 343 166 181 309 228
1 151 146 264 535 177 865 344 163 181 312 229
539 174 869 347 0 151 146 264 162 180 311 230
541 175 877 350 0 151 143 264 163 178 306 229 339 203 374 244
540 177 884 351 0 151 141 264 163 178 304 229 337 205 374 245
542 180 897 352 0 151 141 264 161 179 307 231 336 205 374 245
547 183 911 353 0 158 135 272 157 182 311 231 335 206 375 246
556 184 925 356 0 158 134 273 153 183 316 232 335 206 377 247
565 183 933 359 0 158 134 275 150 183 318 232 336 206 379 247
579 180 940 367 0 158 134 275 146 182 321 234 339 205 380 247
592 178 947 376 0 158 133 276 144 182 323 235
598 177 957 383 1 158 133 277 142 181 325 236
595 179 965 383 1 158 133 278 147 182 318 234
602 168 997 387 1 156 133 280 144 182 278 232 246 189 334 239
605 170 1016 394 2 155 131 281 147 183 270 231 245 184 331 232
608 167 1037 404 1 155 128 281 149 183 263 230 247 184 329 232
612 164 1056 411 1 155 124 282 149 182 264 231 246 184 327 232
621 164 1076 412 2 150 113 292 149 181 263 231 243 182 325 230
629 166 1097 413 0 148 112 294 146 180 265 232
634 170 1114 415 0 150 111 294 146 181 263 232 358 197 461 245 242 183 286 218
656 163 1137 421 0 152 110 295 143 180 265 233 348 195 468 248
661 163 1161 430 0 153 109 296 142 181 267 233 343 194 474 249
665 162 1192 437 0 162 93 308 140 183 272 234 346 195 474 249
670 162 1222 442 0 165 93 311 140 184 275 234 362 197 493 253
691 174 1221 459 0 167 92 314 138 184 279 243 365 198 496 255 249 183 283 202
691 171 1242 463 0 164 91 320 138 184 283 244 366 198 500 256
0 160 90 327 695 174 1250 464 139 183 285 245 381 196 520 257
726 161 1271 479 0 156 90 332 385 195 521 256
739 162 1274 482 0 158 88 332 391 196 519 254 366 225 406 268
755 166 1279 491 0 161 85 331 132 185 234 242 366 226 406 267 249 186 283 206
767 173 1279 497 0 165 82 329 130 186 232 243 250 185 282 204 209 173 249 192 367 225 406 268 412 203 543 253
776 178 1279 504 129 186 229 244 0 192 74 346 412 204 548 258 250 184 281 202 208 172 249 193
781 179 1279 505 128 187 227 245 0 193 72 348 419 203 548 257 251 184 281 201 208 172 249 193
803 177 1279 511 0 193 70 350 128 187 225 244 251 183 281 200 208 172 248 193 440 204 556 261
816 148 1279 532 0 192 69 351 122 188 213 247 209 173 248 193 252 184 281 200 444 204 555 260 379 230 422 272
841 140 1279 540 0 190 66 353 123 188 212 245 209 173 248 192 252 184 280 200 451 204 555 259
853 141 1279 548 123 187 212 244 0 188 64 355 4 147 137 267 209 172 248 192 252 183 280 200 381 230 424 273
868 143 1273 571 125 187 210 243 4 146 137 267 0 162 73 324 209 171 247 191 252 183 280 200 381 229 426 274
879 145 1267 591 4 146 138 267 124 186 208 242 0 162 72 322 209 171 247 191 252 182 280 199 382 230 427 275
910 173 1268 591 4 145 139 266 0 163 72 318 123 185 206 242 210 171 248 191 385 230 429 274 253 182 281 198
921 171 1266 602 4 144 143 265 209 171 249 191 0 165 72 320 120 178 207 239 386 230 430 275 253 181 281 198
943 170 1267 595 3 144 144 263 210 170 249 190 0 191 61 353 118 177 203 239 388 229 433 274 253 181 281 197
965 166 1269 587 2 142 144 263 0 191 60 359 209 169 251 188 117 177 201 238 384 218 438 273
985 161 1269 575 1 140 143 263 0 190 58 365 209 167 250 186 386 218 440 273 116 177 199 236
1024 174 1271 574 2 137 142 264 209 165 251 185 0 190 57 369 387 216 441 272
1046 177 1273 581 2 134 141 265 210 163 251 183 0 186 54 373
1 133 140 265 209 161 252 181 400 230 447 273 602 201 649 290
1110 190 1277 590 1 131 138 266 210 160 251 179 402 231 449 273 605 200 651 290
1132 266 1277 603 2 131 135 266 209 159 249 178 403 232 449 273 397 191 447 263 608 200 654 289
6 129 122 272 210 160 249 177 405 231 451 273 1 154 69 311 1150 265 1279 601 398 191 449 264
6 129 123 273 408 231 452 274 209 160 249 178 1 152 68 316 400 191 450 265 619 191 666 293
6 129 125 275 1 149 67 320 620 191 669 294 410 230 456 275 208 161 252 179 402 191 453 266
6 128 124 276 622 194 671 295 1 148 66 322 412 231 458 276 207 162 255 181
6 128 124 276 626 197 676 297 0 150 65 321 408 219 462 276 208 164 256 184
6 129 123 276 630 198 682 302 0 152 63 321 410 219 463 278 211 166 254 186
4 132 122 276 633 198 687 304 193 197 275 246 411 218 465 280 0 153 64 320 214 167 252 187 0 197 38 342
641 196 695 308 2 132 122 276 412 217 466 281 214 166 251 186 0 153 64 320 0 198 38 343 210 199 295 247
644 198 697 309 1 132 122 277 419 219 472 284 213 165 251 185 0 197 34 345 216 200 302 247
1 131 121 278 650 199 701 310 420 218 474 285 213 164 250 184 0 196 31 347
1 132 120 278 655 199 706 310 422 217 476 286 213 164 249 183 1 196 28 349 257 198 347 248
1 132 121 279 214 163 249 182 658 198 710 310 267 198 349 249 1 196 26 349
0 132 120 280 426 214 481 286 213 163 250 182 667 195 719 311 271 195 354 248
0 132 119 280 669 197 723 311 427 212 483 286 214 163 252 182
0 132 118 280 673 198 727 311 214 163 253 182 429 211 484 286
0 133 118 281 214 163 252 182 430 211 484 286 677 199 730 310 471 181 661 271
4 142 116 299 214 164 252 182 466 181 662 269 431 212 483 286
3 141 115 303 214 165 250 183 460 180 664 270 431 211 483 287
3 140 114 306 214 165 250 183 434 210 484 288
5 142 111 308 216 166 249 183
5 141 109 313 216 167 249 184
5 140 107 318 217 168 250 184
6 136 107 322 217 169 251 185 721 209 770 326
5 135 108 322 217 169 252 185 727 208 777 327
5 135 108 325 217 169 255 186 730 211 781 325
0 130 86 341 217 170 254 186 743 209 794 330
0 130 84 346 748 210 800 333 217 171 254 187
1 132 80 346 750 212 805 336 218 172 252 187 460 250 537 309
1 135 77 348 460 249 537 311 754 213 810 337 219 172 252 187 472 200 526 295
2 137 75 349 460 248 541 312 474 198 529 298 768 213 824 339 218 171 252 187 394 202 451 288
2 139 73 349 772 210 831 341 475 198 533 299 460 246 545 313 396 202 451 289 217 171 254 188
3 141 75 349 777 211 838 341 477 198 536 299 462 246 549 313 396 203 451 289 216 171 257 188
3 144 74 348 478 198 539 300 465 245 552 313 788 211 848 343
794 210 854 346 4 144 71 348 479 197 542 302 467 244 556 313 395 203 455 288
3 144 69 350 801 210 861 345 491 196 553 301 480 259 562 320 400 189 458 262
3 147 69 347 492 197 555 302 482 259 562 320 804 211 863 342 401 189 459 263
813 204 874 352 3 149 71 341 494 199 557 300 483 260 564 321 403 188 461 263
3 153 73 333 496 200 559 300 484 260 568 322 814 206 890 351 405 187 461 264
485 260 573 324 2 154 72 328 498 202 561 300 822 205 898 349
