

688 277 1050 488 1019 279 1139 383 1105 265 1188 348 4 331 567 621 1267 277 1277 318 1184 281 1206 320 877 214 900 272
688 277 1050 488 1019 279 1139 383 1106 266 1188 347 4 331 567 621 1267 278 1277 316 1235 283 1248 297 877 214 900 272 1184 281 1206 319
688 277 1051 488 1019 279 1139 383 1107 266 1187 347 4 331 568 619 1235 283 1248 296 1266 280 1277 313 878 214 900 271
1019 279 1140 384 688 278 1052 488 1106 267 1187 347 5 330 567 618 878 214 900 271 1266 280 1277 311 1234 283 1248 295 709 317 797 373
1019 279 1139 384 687 278 1053 488 1106 268 1187 346 6 330 567 616 878 214 900 271 710 316 797 374 1267 280 1277 309 1234 283 1247 295
687 277 1054 488 1020 278 1139 383 1106 267 1188 346 5 331 567 614 877 214 900 271 710 314 797 374
687 277 1055 488 1019 278 1139 383 1106 266 1188 347 4 331 567 612 877 214 900 270 710 313 797 375
688 277 1055 488 1019 278 1139 383 1106 266 1188 347 4 331 568 612 877 214 900 271 710 312 797 374
687 277 1054 488 1019 277 1139 383 1106 265 1187 347 3 331 568 611 877 214 900 271 709 312 797 373
687 277 1051 487 1020 277 1138 383 1105 265 1187 346 3 330 567 610 877 213 899 272 1182 279 1205 316
687 277 1050 486 1020 276 1138 383 1105 265 1187 346 3 330 568 608 877 213 899 272 1182 279 1205 316
687 277 1051 485 1021 276 1137 382 1104 264 1186 345 3 329 567 608 876 213 900 272 1182 277 1205 315
687 277 1051 484 1021 277 1136 381 1104 264 1186 345 4 329 567 608 876 213 900 271 1181 277 1205 315
687 277 1053 483 1020 277 1136 380 1103 264 1186 345 5 329 566 610 704 313 796 374
687 277 1053 483 1020 277 1136 379 1102 264 1185 345 5 329 566 611 703 312 796 374
685 278 1052 483 1020 277 1137 380 7 328 565 614 1101 264 1185 345
684 278 1052 482 1019 276 1137 380 7 327 564 616 1100 264 1185 345
682 277 1051 481 1017 276 1137 380 9 327 562 617 1100 265 1185 344
681 277 1052 480 1017 275 1137 380 1101 265 1184 343 10 326 561 618
680 276 1051 478 1017 274 1137 378 1100 263 1184 342 12 326 559 618
681 275 1051 478 1016 274 1136 377 1100 262 1184 341 12 326 559 618 1180 278 1201 312
681 274 1049 478 1014 272 1136 375 11 325 560 618 1097 260 1185 341 1180 277 1201 311
679 272 1048 477 1013 272 1135 375 7 325 563 616 1097 260 1185 340 1180 277 1200 312
676 272 1046 476 1011 270 1136 373 4 324 566 615 1097 259 1185 339 1180 277 1200 310
673 271 1045 474 1009 269 1136 372 3 323 567 612 1098 259 1184 339
670 272 1043 474 1007 269 1136 371 1 323 567 612 1098 258 1184 339 1235 271 1248 286 1265 265 1276 292 1214 274 1225 287
669 272 1042 473 1007 269 1135 371 2 322 566 612 1098 258 1183 338 1235 271 1248 286 1214 274 1225 287 1179 276 1199 308
668 274 1039 472 1006 269 1135 371 2 322 567 611 1099 258 1183 338 1178 276 1197 309 1235 271 1247 286
667 274 1036 472 1005 268 1136 371 2 322 568 608 1098 257 1183 338 1178 276 1197 308
667 275 1034 472 1004 268 1137 372 1 323 570 606 1097 257 1183 337 1179 276 1197 307 865 207 888 260
668 274 1033 473 1004 269 1136 372 0 324 570 606 1097 257 1183 337 865 207 888 260 1178 276 1197 307
669 274 1032 474 1004 270 1136 372 0 325 570 609 1097 257 1182 337 3 128 465 382 1178 276 1197 306
670 274 1032 475 1004 269 1136 372 1 326 569 611 1098 257 1182 337 6 129 464 381 1179 276 1198 305
671 274 1033 475 1003 269 1136 372 1 325 569 613 1098 258 1182 337 1265 263 1277 295 1179 276 1199 305 1214 274 1226 288 8 125 465 382 1234 271 1248 286
673 275 1035 473 1004 269 1136 372 2 325 568 612 1099 259 1183 337 1179 275 1199 305 1214 274 1226 288 1266 264 1277 293 1 121 469 384 1184 270 1205 293
676 275 1036 473 1006 269 1135 371 5 325 566 609 1099 260 1183 337 1179 276 1200 306 1265 265 1276 290 1214 274 1227 288
681 275 1036 473 1008 270 1136 371 8 327 564 607 1098 260 1184 338 1179 276 1200 308 1215 273 1227 288 1265 265 1275 288
686 275 1038 475 1010 270 1136 371 11 328 562 607 1099 260 1184 338 1181 276 1201 308 1214 274 1228 289 1235 273 1247 286
691 274 1039 475 1011 271 1137 372 1100 261 1185 338 11 328 562 610 1213 273 1228 289 1181 276 1202 310
697 272 1042 476 1014 271 1137 373 1103 262 1186 338 11 326 562 610 1212 272 1228 290 1183 275 1204 310
703 271 1043 475 1017 270 1139 375 1106 261 1186 339 9 322 564 608 1184 274 1206 313 1212 271 1227 289
708 271 1044 475 1020 268 1139 375 1109 260 1188 341 8 319 566 605 1186 272 1209 314
711 271 1044 475 1022 267 1150 371 1110 259 1191 342 7 317 567 605
716 271 1044 475 1024 267 1154 371 1110 260 1193 343 21 322 590 600
718 272 1045 475 1028 268 1156 371 1121 259 1208 336 21 322 594 603
724 270 1056 476 1034 269 1157 371 1123 261 1209 336 16 322 603 601 1203 275 1226 308
726 272 1058 476 1038 270 1158 371 1127 262 1210 337 13 322 609 601 1204 276 1227 309 904 213 927 267 1 114 534 390
729 272 1065 474 1044 270 1158 372 1131 261 1213 340 11 321 615 599 1208 275 1230 312
734 273 1073 471 1048 270 1159 373 1135 261 1214 341 17 318 617 596
739 274 1083 467 1053 269 1176 370 1145 258 1231 336 20 317 622 598
741 275 1090 465 1058 271 1179 370 1148 260 1232 335 23 317 626 597
746 276 1096 462 1063 271 1182 372 1151 261 1234 337 22 317 634 596
753 276 1103 462 1069 270 1184 373 1156 261 1236 339 23 317 640 593
761 277 1109 461 1074 267 1196 371 1160 261 1239 341 25 316 643 592
768 277 1115 462 1077 268 1199 372 26 316 645 594 1162 261 1240 342
780 277 1118 460 1084 270 1203 372 1173 259 1257 337 30 314 652 595
792 276 1123 460 1092 270 1207 373 1179 260 1259 337 31 312 663 597 1260 274 1275 315
804 274 1127 459 1100 270 1207 373 1184 260 1262 340 30 309 673 595 1262 269 1276 319
811 273 1131 458 1104 269 1220 369 1188 259 1264 341 29 307 681 594 0 351 81 501 1263 264 1277 324
818 271 1133 459 1110 270 1224 370 24 306 697 595 1199 257 1272 337 0 352 87 500
822 270 1134 462 1118 270 1228 371 20 304 714 594 1202 259 1273 338 0 354 92 499
830 272 1146 460 1124 268 1231 372 14 304 730 596 1210 261 1278 338 0 348 112 501
833 273 1147 459 1128 267 1241 370 14 305 736 595 1212 262 1279 338 0 346 117 504
838 274 1155 457 1134 269 1247 369 12 304 744 597 1216 260 1279 339 0 341 124 512
844 274 1165 454 1141 270 1252 370 9 300 750 595 1221 258 1279 339 0 337 130 517
849 274 1178 452 1148 270 1256 371 52 308 766 584 1225 256 1279 341 0 335 134 517
853 274 1186 451 1150 270 1255 371 50 306 774 586 1238 262 1278 338 0 339 149 503
861 273 1196 451 1158 269 1268 368 29 281 790 635 0 339 158 500 1242 260 1278 341
871 273 1204 450 1164 268 1271 368 28 279 795 637 0 339 167 501 1245 258 1279 344
880 273 1211 449 1171 267 1274 369 22 278 804 640 0 338 177 502
886 272 1213 448 1174 264 1276 370 16 280 813 637 0 339 181 500 1054 207 1076 259
897 272 1213 448 9 280 828 638 1178 266 1276 370 0 338 188 496 1062 208 1082 258
902 277 1205 432 7 279 839 637 1190 267 1279 368 0 329 188 468
910 278 1212 431 8 275 849 638 0 332 213 466 1196 269 1279 368 1077 207 1098 258
915 277 1218 430 17 275 854 638 0 331 216 466 1200 268 1279 368 1081 207 1102 259
26 275 859 637 920 277 1223 428 5 329 222 465 1208 270 1279 365 1088 207 1108 257
38 279 863 633 922 279 1227 426 7 326 229 464 1213 271 1279 366
945 277 1236 431 48 282 866 629 9 324 240 463 1218 271 1279 367 1103 206 1124 260
949 277 1237 431 45 297 886 594 6 322 250 462 1221 272 1279 368 1108 206 1129 260
955 277 1243 429 57 296 885 595 7 320 255 462 1224 272 1279 368
962 276 1250 428 126 306 914 588 44 329 280 463 1238 277 1278 364
968 275 1259 426 127 302 920 592 52 328 283 463 1241 277 1278 366 1130 205 1151 258
972 275 1265 425 134 298 921 595 51 327 288 461 1245 278 1279 365 1135 206 1156 257
976 276 1271 423 143 297 924 595 51 326 297 460
157 296 921 596 980 276 1271 422 51 326 304 458 1153 207 1172 256
1002 271 1275 430 169 295 922 596 85 330 332 463 1157 205 1176 258
1009 271 1273 429 174 294 927 593 90 329 334 463 1162 205 1182 258
1019 271 1271 427 181 293 936 591 93 327 340 461
1027 270 1270 427 188 292 942 589 97 324 346 459
1034 269 1269 427 201 291 939 590 104 322 353 457 0 374 25 514
1038 269 1271 426 218 302 1018 578 109 321 357 457 0 372 30 512
1045 270 1274 425 233 301 1011 579 130 326 381 462 0 370 36 511
1051 271 1278 423 244 301 1009 579 133 326 385 462 0 352 39 499
1058 272 1279 422 253 301 1008 579 142 323 386 460 0 346 53 516 1205 206 1225 256
1063 272 1279 422 259 300 1008 579 150 322 390 458 0 349 59 514 1209 206 1230 257
1069 272 1279 422 266 298 1009 577 0 352 66 513 158 319 398 457 1213 205 1234 256
1072 272 1278 422 271 296 1012 575 2 354 74 513 162 319 406 457
1075 273 1277 421 279 296 1011 569 178 321 431 460 3 356 81 511
