

370 300 668 643 700 503 809 583 801 494 900 545 931 460 974 564 661 497 692 537 204 499 228 553 125 497 146 542 153 511 174 568
367 301 667 643 700 503 810 584 801 495 901 545 931 460 976 563 660 497 692 537 202 494 234 563 150 510 173 570 300 514 320 571 10 530 165 633 122 499 145 543
367 301 667 643 699 503 813 584 803 495 902 545 660 496 693 537 931 459 977 563 147 509 172 571 201 493 233 564 5 533 164 635 298 513 319 570
368 299 665 643 698 503 814 584 805 494 904 544 931 459 980 563 660 496 693 536 1 532 158 638 145 507 171 570 200 492 232 564 296 512 318 570 108 494 128 537
366 297 665 645 698 502 815 584 808 493 904 543 659 495 692 535 932 458 981 562 1 531 151 642 200 496 227 551 144 507 170 570 106 497 125 538 288 494 318 580
365 294 665 646 699 501 816 584 814 490 915 541 658 494 692 535 932 452 978 556 2 525 146 640 199 495 226 549 102 499 122 538 141 506 168 568 295 510 317 571
364 293 666 647 699 500 818 584 815 488 913 538 657 492 693 534 942 460 984 559 198 493 225 548 100 500 118 540 2 526 145 639 295 509 317 570
364 290 667 649 700 499 818 584 817 487 915 538 658 491 693 534 942 453 984 556 197 492 223 549 98 501 118 544 296 508 317 568
363 289 666 650 700 499 819 583 819 486 917 536 658 490 694 533 943 452 987 556 192 483 225 561 97 500 117 547 296 508 317 567
363 288 664 650 704 495 827 587 822 485 918 536 944 451 989 557 658 489 694 534 190 482 222 560 98 499 118 548 125 489 156 566
362 286 663 651 703 495 828 587 945 448 992 559 824 484 919 536 658 488 695 534 187 481 218 560 84 492 103 540 100 497 120 548 123 489 154 565
361 285 663 650 702 494 831 588 947 447 994 560 826 483 921 535 658 487 695 534 80 494 100 544 124 495 147 554 185 480 214 559 100 497 120 548
359 284 665 649 701 495 834 588 950 447 995 560 658 487 696 534 829 484 923 535 75 495 95 545 117 489 148 566 183 480 213 558 98 497 119 548
358 285 666 649 701 495 837 588 953 446 997 561 658 487 697 534 833 484 923 534 71 496 91 546 115 488 146 567 289 497 309 550 182 480 213 558 95 499 116 548
357 285 666 649 702 497 839 589 658 488 699 534 955 445 1001 561 845 477 937 533 113 489 144 569 71 497 90 546 177 483 210 561
356 284 666 647 703 497 842 589 658 488 700 534 956 444 1003 559 850 477 938 532 175 483 208 562 2 545 88 637 111 489 142 569 73 498 93 548
354 282 668 645 704 498 845 590 659 488 700 534 853 478 940 531 173 482 206 562 958 446 1003 558 3 548 83 638 276 495 305 575 251 478 274 573 60 496 79 546
352 280 669 645 705 497 848 590 660 488 701 534 857 478 941 531 961 448 1017 559 170 481 204 560 2 548 79 639 276 495 304 576 55 499 76 550 104 496 133 572
350 280 670 647 706 498 851 591 660 488 702 534 859 478 941 531 168 481 202 560 1 543 69 641 273 495 303 576 103 496 132 573 50 500 71 551
350 281 669 650 705 499 854 595 659 488 702 534 166 483 200 561 99 496 130 573 270 495 301 578 0 543 63 644 865 483 940 535
349 281 670 650 704 501 856 597 659 489 704 535 163 484 196 563 94 497 128 575 267 495 299 579 0 545 56 648 867 484 939 536
348 282 670 651 707 501 853 602 658 492 704 536 161 484 193 565 90 497 125 577 265 496 297 583 0 544 44 650 878 488 935 536
347 283 671 652 712 507 853 610 659 494 705 537 159 485 192 565 88 497 123 579 263 496 296 585 972 453 1021 568 0 546 40 649 888 487 944 540
348 282 670 656 711 508 856 611 660 495 706 539 261 495 293 587 975 453 1021 569 158 486 191 566 85 498 120 581 890 487 946 542 0 544 33 651 44 497 79 574
348 281 672 659 708 508 861 612 977 454 1021 570 259 494 292 587 660 496 707 541 159 486 191 567 894 487 949 541 83 499 118 581 41 497 76 574 0 539 27 654 227 481 252 589
347 280 673 660 716 510 868 612 980 455 1024 571 256 494 290 588 661 496 709 543 77 498 110 578 158 487 191 568 898 488 950 543 37 498 73 575 2 573 13 659 223 479 251 592
346 281 675 663 717 509 870 613 981 455 1027 572 662 496 708 543 255 495 290 589 74 499 108 581 150 489 185 567 902 494 943 541 687 498 712 533 27 497 58 577
346 282 674 665 718 508 873 614 248 494 285 593 663 496 708 544 70 500 106 584 982 455 1029 572 148 490 184 567 686 497 713 534 215 480 244 595 24 497 56 579 906 496 944 538
345 282 675 668 719 508 876 615 247 496 284 596 66 502 103 587 663 496 708 545 989 459 1037 572 145 495 181 576 19 499 53 581 211 483 240 598 684 496 714 535
344 281 675 670 720 508 881 616 244 498 281 599 63 503 101 590 662 496 709 547 144 495 179 578 991 459 1038 572 13 499 51 584 209 485 238 599
342 282 675 669 722 508 883 617 242 500 279 601 662 496 709 548 143 495 176 580 61 503 98 592 9 499 49 586 994 457 1039 573 205 489 229 601
340 284 674 668 724 507 887 620 239 501 276 604 661 498 709 548 140 496 174 584 995 455 1039 575 200 487 226 606 59 502 96 595 9 501 49 591
337 286 674 668 724 506 890 622 996 454 1041 577 136 498 171 587 660 500 709 548 236 502 274 605 48 507 85 595 0 502 28 593 195 485 224 609
335 286 673 669 724 506 894 625 996 452 1043 577 46 507 81 598 234 510 272 608 134 498 168 590 661 501 711 551 0 505 23 598 190 483 221 611 684 502 713 539
334 286 674 670 724 506 898 626 997 451 1044 579 44 506 79 598 231 510 270 607 133 498 167 591 661 502 711 551 188 482 220 611 0 504 21 600 684 502 713 538
334 285 673 672 723 505 902 627 998 451 1047 580 41 507 76 598 662 501 711 551 230 509 267 609 126 499 162 587 184 479 218 613
332 284 674 673 723 504 907 627 1000 454 1049 579 39 507 72 599 662 500 711 550 125 498 160 591 225 506 261 611
330 281 676 675 722 503 912 628 1001 456 1052 578 221 495 260 612 663 497 711 549 36 504 69 600 123 497 158 593 174 481 204 616
328 281 678 674 722 502 917 629 1003 456 1054 577 218 496 258 611 119 497 156 591 663 497 710 545 27 503 61 596 170 481 200 614
329 281 681 673 722 502 922 630 1004 452 1055 578 214 497 255 609 116 496 153 591 664 495 718 546 24 501 59 595 164 484 195 613
330 280 682 673 723 501 926 630 211 498 251 608 113 494 148 591 20 500 55 594 1006 449 1054 577 664 495 719 546 161 485 192 612
332 279 682 674 723 501 931 630 207 500 247 608 17 500 52 593 1014 445 1061 580 664 494 719 545 111 490 144 597 158 486 190 613
331 279 682 674 723 501 935 629 204 501 246 607 1016 441 1062 581 16 499 49 594 671 496 718 539 110 486 141 600 153 486 181 611
330 277 684 673 722 501 941 630 1017 440 1064 581 671 495 719 538 14 499 47 593 197 499 238 607 148 483 178 613 762 488 796 509
733 496 952 634 330 276 684 672 1019 440 1065 580 194 499 235 608 665 491 721 543 12 498 46 594 143 479 173 614 100 490 134 596 761 487 796 509
734 494 955 635 330 274 685 670 192 499 233 608 1020 443 1069 577 666 489 722 543 97 489 130 595 138 477 169 616 10 498 44 595 760 487 796 509
736 494 958 635 332 273 683 671 189 500 230 608 666 489 724 543 1021 446 1071 575 4 493 37 595 136 477 167 617 94 489 126 595 759 486 796 510
738 494 962 635 332 271 682 671 184 503 226 615 666 489 725 542 1022 448 1076 573 3 494 36 596
741 493 967 635 332 270 681 672 668 492 725 536 181 503 221 615 1 493 34 596 1024 447 1078 573 123 475 157 615
743 492 971 636 331 268 681 672 666 488 726 540 118 474 154 616 171 498 214 619 0 491 31 597 1020 431 1097 575
744 492 974 636 330 269 683 672 168 493 212 615 667 487 726 539 113 472 150 619 0 489 29 600 1024 428 1097 577
746 491 980 638 328 270 683 674 164 498 207 620 669 493 725 536 109 473 147 621 1042 440 1088 581 0 487 26 603
749 491 987 641 327 273 683 674 161 498 203 621 669 494 724 537 1043 441 1089 582 100 472 135 621
752 491 997 645 327 273 683 674 1045 441 1092 583 670 496 724 538 157 500 199 621 97 469 133 622
751 491 1004 648 326 272 684 674 1046 443 1096 582 668 492 726 545 155 503 196 621 94 469 130 621 853 474 882 496
323 271 686 674 750 493 1010 650 1049 440 1101 583 669 492 727 546 144 501 188 622 90 468 125 621
321 272 687 675 767 495 1019 659 140 501 184 622 674 496 726 539 1051 441 1104 581 86 470 121 622 272 482 300 568
320 270 687 676 772 496 1019 662 137 501 180 622 676 496 726 539 1052 441 1121 583 76 466 111 619 271 482 299 569
321 270 686 678 772 497 1023 663 133 502 177 622 677 496 726 539 1053 441 1122 584 74 465 109 621 270 481 299 570
320 269 686 678 772 498 1032 663 677 496 726 539 1060 438 1118 588 68 466 104 621 131 505 172 622
320 269 687 678 764 493 1061 682 1064 435 1118 590 678 497 726 539 118 500 160 626 62 467 99 622
763 493 1071 684 320 267 688 677 1068 434 1118 591 114 501 155 627 674 494 729 547 57 470 94 621
762 494 1078 685 320 267 688 676 1071 434 1120 592 110 502 152 628 676 495 730 547 53 468 88 619
762 494 1085 686 319 268 689 675 680 496 732 547 49 474 87 616 1069 435 1128 597 88 491 156 641
764 494 1092 687 318 267 691 674 1072 436 1133 596 682 495 734 546 43 476 85 616 81 492 148 643 783 485 820 509
765 493 1100 688 316 267 693 674 1074 438 1136 595 89 498 132 641 683 494 735 546 38 478 82 616 778 484 823 510 908 464 936 494
765 492 1106 688 315 266 695 672 1078 439 1140 594 73 491 135 645 683 494 735 546 36 478 79 619 776 484 824 510 911 463 940 495 734 484 765 507
767 491 1118 689 306 236 709 692 1081 439 1144 592 683 494 735 546 773 484 825 511 56 488 121 648 734 483 766 507 35 481 76 611
771 490 1130 690 307 235 707 693 684 494 736 547 51 491 117 651 1085 439 1148 591 772 484 825 511 17 469 57 626 734 484 764 508
777 489 1144 692 308 235 706 694 43 490 110 654 686 494 736 547 1086 431 1153 573 770 484 826 512 9 465 53 628 931 464 963 491 734 485 763 510 249 482 276 571
780 488 1154 694 307 236 707 695 34 488 106 657 686 494 737 548 1090 434 1151 561 768 484 825 512 935 463 967 493 7 467 52 625 249 483 276 572 734 487 763 511
778 490 1166 696 303 237 712 694 28 487 98 659 1095 433 1154 560 685 496 737 548 767 486 825 512 821 494 835 534 2 450 32 643 247 482 276 574
809 492 1186 700 300 237 714 695 24 488 91 664 1097 434 1157 558 685 499 737 550 822 495 836 534 766 488 824 513 953 462 983 495 246 481 274 574
808 494 1197 703 300 238 714 697 1105 431 1167 565 8 486 67 666 958 463 988 496 824 496 837 534 684 500 738 551 767 489 824 513 244 482 273 574
808 493 1207 704 301 238 713 698 7 492 68 669 1108 433 1169 561 691 500 743 551 824 496 838 535 769 489 822 512
807 493 1225 705 302 236 711 697 3 488 61 671 1114 435 1173 556 692 498 743 550 824 496 838 533
806 493 1242 704 303 231 709 695 0 484 53 673 1120 437 1178 552 692 495 743 549 241 480 268 573
805 492 1255 705 302 227 707 693 1123 437 1183 551 692 492 743 548 0 479 45 676 19 476 56 574 239 478 267 572
802 490 1266 707 301 224 708 692 692 492 744 548 18 473 54 577 0 502 28 679 1123 440 1183 545 238 478 266 572
801 488 1277 708 299 223 710 694 14 472 51 579 694 493 746 549 237 478 266 572
807 486 1279 710 297 223 714 697 11 470 48 582 704 500 744 543 236 478 265 574 834 496 849 533
816 484 1279 711 297 221 717 704 7 469 46 587 707 501 744 543 835 496 848 534 236 476 265 576
824 482 1279 713 298 220 717 709 6 469 45 587 708 501 745 544 836 496 849 534 236 475 265 578
829 482 1279 713 299 215 718 712 708 501 747 544 4 469 39 581 837 496 852 533 237 475 264 579
830 481 1279 713 299 211 718 711 708 501 749 544 3 469 36 578 226 476 254 574 839 495 854 533
833 481 1279 713 297 208 719 708 707 501 749 543 1 469 32 576 224 476 252 572
841 478 1279 715 297 206 719 706 708 500 748 542 0 468 28 576 223 475 252 572
850 475 1279 719 294 203 720 707 709 499 748 542 0 465 25 578 221 473 251 571 733 485 784 511
853 470 1279 719 294 199 721 708 0 463 22 579 711 499 749 541 731 485 785 511 220 471 251 570
293 195 723 712 855 468 1279 719 0 460 20 581 713 500 751 541 732 485 782 510 219 470 251 569
294 193 724 715 863 468 1279 719 0 458 18 582 713 502 752 542 733 486 779 511 220 471 250 569
294 190 725 719 867 468 1278 719 0 456 16 586 713 503 751 542 734 487 775 512 222 472 250 569
294 186 727 719 872 468 1276 719 222 472 250 571 729 499 761 541 736 489 773 513
294 184 730 719 899 474 1279 714 730 500 761 541 222 473 249 574
294 183 733 719 900 476 1279 712 729 502 760 542 221 473 248 576
294 183 736 719 904 479 1279 711 731 502 760 542 221 474 246 576
291 181 740 718 913 479 1278 711 732 502 760 541
289 179 742 718 921 476 1273 712 735 501 761 540
