

397 301 637 481 702 202 915 437 0 7 344 517 1119 329 1276 620 362 317 419 393 268 181 380 420 1055 322 1088 370 1026 336 1081 394
397 300 637 480 0 8 345 516 702 202 914 437 1115 326 1275 621 370 316 425 390 1054 321 1086 370 270 182 379 420 1024 337 1080 394 817 174 867 234
397 300 637 480 0 7 345 515 701 202 914 437 1111 324 1275 623 370 316 425 390 1053 320 1085 369 271 181 379 420 1022 338 1078 393
397 299 637 480 699 202 913 437 0 7 345 516 1109 324 1275 623 370 316 425 389 272 182 379 418 1051 320 1083 369
397 299 638 480 698 202 911 437 0 7 345 514 1107 324 1275 623 371 316 425 389 273 182 377 417 1049 320 1081 368 655 312 705 381
397 299 639 480 697 203 910 437 0 8 346 513 1105 325 1275 622 370 316 426 389 274 183 377 414 656 312 705 381 1048 321 1079 368
397 299 639 482 696 205 908 436 0 9 347 512 1101 291 1279 601 370 316 426 389 274 184 377 413 656 312 705 381 1015 335 1071 394 878 182 903 201
398 299 639 484 695 206 907 436 0 10 346 513 1100 289 1279 602 362 317 418 392 657 312 704 382 274 185 378 412 1014 335 1070 393
397 299 638 486 693 206 905 436 0 10 347 514 1098 284 1279 605 362 316 418 392 1012 335 1068 393 656 312 705 382 272 185 378 412
396 300 637 487 693 202 904 437 0 12 350 514 1097 284 1279 605 362 316 418 392 1012 334 1067 393 656 313 705 382 271 184 378 414
395 301 638 488 693 199 902 438 0 12 351 515 362 316 418 392 1013 312 1065 388 271 184 379 414 655 313 704 383
397 303 638 487 692 196 903 440 0 14 352 517 370 316 426 388 1014 310 1063 388 270 185 378 413
399 303 638 484 692 195 903 442 0 14 351 521 370 317 426 388 1015 310 1063 386
399 304 640 482 692 192 904 443 0 15 351 521 370 317 427 389 1015 310 1063 386 881 172 914 193
399 303 641 480 693 192 904 443 0 14 349 521 371 316 427 388 1016 310 1063 385 882 173 915 193 270 184 380 412
400 303 643 481 694 192 905 444 0 14 348 520 1075 288 1270 597 371 316 427 387 271 184 380 409 1005 315 1052 391 657 313 705 383 883 172 916 192
400 302 643 480 694 195 905 444 0 14 348 519 1074 282 1268 596 371 316 428 387 272 184 380 409 1005 316 1053 390 656 313 705 382 884 171 918 191
401 302 643 480 693 198 905 442 0 15 347 519 1071 275 1268 598 371 316 428 386 1003 318 1053 390 273 185 380 410 655 313 705 381 884 170 919 189
401 301 643 479 692 199 905 441 0 15 348 516 1069 271 1268 599 372 316 428 386 272 185 381 410 1001 320 1051 389 885 169 920 187
401 300 642 479 692 199 904 438 0 14 348 514 1065 266 1268 601 372 315 428 387 273 183 382 412 998 320 1048 387 886 167 921 186
402 298 641 480 691 199 904 437 0 14 349 514 1063 261 1266 604 371 313 428 388 273 181 382 414 996 320 1046 385 903 163 927 181 887 166 922 184
403 298 641 482 690 199 904 436 0 15 346 513 1060 256 1265 606 371 312 429 388 273 179 383 419 993 317 1045 384 904 163 929 180
403 298 641 482 689 199 904 435 0 16 347 513 1058 254 1266 607 371 312 430 387 992 316 1044 383 273 178 384 420 904 162 930 179
403 298 641 481 0 17 347 512 688 198 906 436 1053 251 1267 605 371 312 430 386 991 314 1041 382 273 178 384 420 904 161 932 178
404 299 642 480 0 16 348 512 688 199 906 436 1048 246 1269 605 370 312 430 386 990 313 1040 383 904 160 933 178 273 179 383 417
405 299 643 479 0 15 349 512 688 199 907 437 1044 242 1271 606 371 311 431 387 272 181 381 414 904 159 934 177 991 311 1040 382
405 300 644 479 0 14 349 512 688 200 906 436 1042 241 1272 607 371 311 431 389 904 158 935 176 272 181 381 413 657 312 705 372
405 301 646 479 0 12 351 512 688 201 906 437 1042 241 1273 607 371 311 431 390 272 180 381 415 904 158 937 176 657 312 705 374
405 302 647 479 0 11 351 514 689 202 905 438 1041 240 1273 608 372 311 431 391 905 158 940 176 272 179 382 416 978 316 1027 386 658 313 705 376
406 303 647 479 0 9 352 515 689 200 904 440 1039 238 1273 610 373 311 432 390 978 314 1026 386 273 178 382 418 906 159 942 176 658 313 704 376
407 303 648 479 0 9 351 516 691 199 905 440 1038 236 1274 610 373 311 432 390 978 313 1027 386 273 178 383 418 907 159 944 176
408 304 649 479 692 196 906 442 0 8 350 518 1036 235 1273 610 374 312 433 391 978 313 1026 386 274 189 380 446 656 311 705 379
409 306 650 480 693 197 907 442 0 8 350 519 1031 234 1274 610 374 312 434 391 977 314 1025 386 274 191 382 445 656 310 706 380 928 158 952 175
411 307 649 480 692 197 908 444 0 9 350 521 1025 234 1276 612 373 312 434 392 976 314 1023 385 657 311 707 382 274 191 381 445 929 158 955 175 388 121 611 346
411 307 648 481 691 197 910 444 0 9 348 521 1020 235 1278 613 373 312 434 393 975 315 1021 385 929 157 956 175 657 312 706 382 275 191 380 447 388 120 612 345
411 308 646 480 693 196 910 445 0 10 349 520 1016 236 1277 613 373 311 434 393 929 157 958 174 974 315 1020 384 657 314 706 382 275 189 379 448
411 308 645 481 695 197 910 445 0 10 349 519 1013 238 1278 613 373 310 434 393 928 156 960 174 657 314 706 382 275 189 379 449 974 316 1018 384
412 309 644 480 697 198 911 445 0 10 349 519 1010 239 1279 614 373 309 433 393 657 314 707 382 928 156 962 174 274 190 380 448 973 317 1017 384
412 308 643 479 697 197 913 445 0 10 349 520 1008 240 1279 617 373 309 432 392 657 313 707 381 273 191 380 447 927 156 965 173
413 308 643 478 696 196 914 446 0 10 348 520 988 269 1278 604 373 309 432 391 657 313 707 381 272 191 379 447 928 155 968 173
414 307 643 478 675 207 938 446 0 10 349 519 986 270 1278 600 373 310 433 391 656 312 707 380 273 190 378 447
414 307 643 478 674 209 937 448 0 7 349 518 985 270 1278 597 373 310 433 390 656 311 708 379 273 190 377 448 929 151 969 170
415 307 643 477 696 195 916 447 0 5 349 516 984 268 1278 596 373 310 432 390 657 310 708 379 274 189 378 448 930 150 970 169 390 117 611 344
417 306 642 476 697 196 915 445 0 1 348 514 984 267 1278 597 373 309 432 390 659 310 708 377 274 188 379 447 932 148 972 167 389 118 611 343
418 307 640 475 698 196 914 445 0 0 346 513 983 265 1277 600 374 309 433 389 660 310 708 376 948 320 998 384 274 188 379 447 950 145 980 164 387 117 610 343
419 306 639 474 698 196 913 444 0 0 346 513 983 262 1276 602 374 308 433 388 660 311 708 375 948 142 983 162 947 319 996 383 275 188 379 447 388 115 607 343
418 306 639 473 0 0 348 513 698 195 914 445 981 260 1276 602 374 308 433 388 947 141 985 161 660 311 707 374 948 319 995 382 276 188 379 447
418 306 640 471 0 0 350 514 699 194 914 445 979 261 1277 600 374 308 433 388 948 140 987 159 661 310 707 374 948 318 996 381 276 191 379 445
418 305 639 469 0 0 352 513 699 193 915 445 977 263 1277 598 375 307 434 388 949 140 990 158 662 310 707 374 948 318 997 381
419 306 638 468 0 0 350 513 701 191 916 445 976 263 1277 596 662 309 707 375 375 307 434 387 950 139 992 158 946 318 996 382
420 306 638 468 0 0 346 513 702 192 917 445 977 262 1276 597 662 308 707 375 375 305 434 386 949 139 994 158
421 306 637 466 0 0 343 510 704 191 917 447 978 259 1277 598 374 305 433 386 663 307 707 374 952 139 996 158
422 305 637 464 686 204 945 451 0 0 341 507 975 259 1278 600 374 304 433 385 664 308 707 374 954 139 999 157 275 170 385 428
423 305 636 462 685 204 944 453 0 0 341 505 972 260 1278 601 375 305 433 385 672 307 710 375 972 137 1005 156 277 169 386 431
424 305 636 462 686 205 945 452 0 0 341 505 968 265 1277 602 375 305 433 385 969 137 1008 157 672 308 711 375 278 168 388 433
423 305 636 461 0 0 343 504 687 203 947 451 970 266 1276 603 375 306 434 385 970 138 1012 159 672 308 711 376 278 169 388 432
423 305 637 459 0 0 345 503 688 203 952 451 972 268 1276 604 376 306 434 384 672 308 712 377 970 139 1015 159
422 304 638 455 0 0 349 503 687 203 955 452 976 269 1277 605 377 306 435 384 972 138 1019 158 673 308 712 376
422 304 639 453 0 0 352 503 687 202 956 453 975 270 1277 604 377 305 436 383 674 307 713 375 974 137 1021 155
422 304 639 451 0 0 355 504 687 200 956 452 974 270 1277 603 377 304 437 382 675 306 714 374 977 134 1024 152
423 305 640 449 0 0 356 505 688 196 959 452 971 266 1277 603 676 305 715 373 368 301 446 381
423 303 640 446 0 0 356 506 688 194 959 451 970 263 1277 605 677 304 717 372 367 298 447 381 997 125 1032 145
424 302 640 444 0 0 355 507 686 194 962 451 971 260 1278 605 677 303 717 373 366 296 447 381 997 123 1034 144
425 299 639 443 0 0 357 508 704 156 939 448 973 260 1278 603 366 289 450 374 996 120 1038 142 677 303 717 372
428 297 639 441 0 1 359 508 705 156 938 447 974 262 1279 601 996 118 1041 139 367 290 449 373 681 306 712 372
430 296 640 440 0 2 362 507 707 153 938 448 975 263 1279 605 996 116 1045 137 369 291 449 372 682 307 713 370
432 296 641 439 0 0 363 510 709 152 939 447 976 265 1278 609 998 116 1048 135 369 290 449 373 683 309 714 369
432 296 642 438 0 0 364 513 710 152 942 446 980 266 1278 611 378 290 441 372 1002 114 1052 134 685 311 716 367 618 307 649 345 407 290 459 362
446 293 646 442 0 0 365 516 710 155 944 445 984 267 1279 611 378 289 441 371 1017 111 1059 132 685 297 725 363 617 307 651 344 407 288 459 362
446 292 647 441 0 0 365 517 710 157 949 445 987 265 1279 612 1015 111 1065 132 369 288 448 371 421 291 473 350 686 298 727 363 617 306 653 343
447 292 648 441 0 0 365 518 711 159 949 444 1010 235 1279 626 369 288 448 371 1017 110 1069 131 422 292 473 350 686 298 728 362 616 305 655 343
449 293 648 440 0 0 367 518 712 157 951 444 1011 238 1279 625 1020 110 1075 131 381 288 443 370 424 292 474 350 688 315 724 364 622 307 667 346
451 295 649 440 0 0 365 519 1014 244 1279 623 692 189 976 453 383 288 445 370 1024 110 1079 131 621 308 668 348 691 314 725 364
452 296 651 440 0 0 365 518 698 167 965 427 1017 251 1279 620 398 293 454 366 1039 109 1084 131 621 310 670 350
454 296 652 440 0 0 362 518 694 185 978 457 1021 255 1278 620 398 294 453 366 1038 110 1087 132 621 310 671 351 698 309 732 371 438 297 475 347
456 297 654 439 0 0 365 516 697 184 979 459 1024 255 1277 623 398 294 453 367 1040 110 1092 132 623 312 673 351 700 309 733 371 439 298 475 347
459 297 655 439 0 0 367 516 725 179 963 455 1027 255 1278 625 397 293 454 368 1042 110 1097 131 703 310 734 371 626 313 675 351 441 300 475 348
461 297 659 438 0 1 369 516 717 148 973 453 1030 256 1277 626 397 292 454 369 1045 109 1103 131 706 311 735 371 631 317 683 355 445 301 476 349
464 296 660 438 0 3 371 516 721 148 972 451 1032 259 1275 624 398 293 456 368 708 311 737 371 1049 107 1105 131 633 317 685 356 446 302 476 349
466 295 660 437 0 19 415 508 723 146 972 452 993 306 1275 619 400 292 457 368 708 311 738 370 636 317 687 356 445 301 476 349
469 294 661 436 0 21 419 505 724 148 971 451 986 311 1277 620 400 293 456 368 708 313 738 369 1065 98 1116 123 444 301 475 349
471 294 662 435 0 20 421 501 727 147 970 450 988 315 1277 620 401 293 455 368 1066 97 1121 122 709 314 740 368 444 301 474 349
471 293 664 435 0 18 421 501 730 149 970 447 1000 312 1278 618 402 293 455 367 1068 95 1123 120 709 314 741 367 445 301 473 349 643 309 694 352
472 292 664 435 733 149 971 447 0 16 419 498 1039 262 1276 619 402 291 455 366 709 314 742 366 643 308 695 351 1070 93 1127 118 445 299 472 348
472 290 665 435 732 149 973 447 0 13 417 498 1039 259 1276 618 402 289 454 365 644 308 697 350 710 315 742 365 447 297 472 346
733 146 973 448 473 286 663 422 0 10 418 498 1042 260 1275 613 401 288 453 364 646 309 699 348 448 295 473 345 711 316 743 363 1085 89 1140 112
475 286 663 420 0 8 422 498 733 142 972 447 1044 259 1275 612 401 287 454 363 647 309 700 347 1085 87 1143 111 449 294 473 345 712 316 743 362
477 284 662 416 0 7 425 495 735 139 971 445 1044 258 1275 611 401 284 454 361 648 307 701 345 1086 83 1147 107
482 281 663 412 0 9 428 491 736 137 970 442 1045 258 1275 612 401 281 455 358 650 305 703 342 714 305 744 350
485 279 663 410 737 136 970 440 0 13 430 486 1046 257 1275 614 400 279 455 357 651 304 706 341 1093 72 1155 99 715 305 745 351
488 279 664 410 738 136 970 438 0 15 430 484 1050 258 1276 615 400 278 455 356 653 304 707 342 716 305 745 351 1098 72 1156 97
489 280 666 408 739 136 971 439 0 16 430 480 1052 255 1276 618 400 278 453 356 656 304 709 342 715 302 746 351
489 280 668 406 739 135 972 438 0 17 428 476 1054 258 1275 618 399 277 451 355 657 304 710 341 716 302 746 350 1111 69 1169 95
489 280 670 404 739 135 972 438 0 19 428 471 1057 259 1275 620 398 275 450 355 657 303 712 341 1114 68 1174 94 715 300 746 349
489 280 670 404 739 136 971 436 0 22 427 467 1059 263 1274 617 398 275 448 355 657 305 712 341 1117 66 1178 93
489 279 671 404 740 137 971 434 0 23 427 465 1061 265 1274 615 399 275 446 355 663 306 726 344
489 279 672 403 740 137 971 434 0 23 426 464 1063 267 1274 612 386 271 440 358 664 306 727 344
489 281 675 403 740 141 973 433 0 24 426 462 1066 271 1274 610 386 272 437 357 666 308 729 346
