

460 225 546 287 697 244 935 396 645 236 660 260
462 226 548 286 698 245 936 396 645 235 660 260
466 226 550 285 698 246 936 396 645 235 660 259
469 227 551 285 699 247 937 396 645 235 660 259
470 227 552 285 699 247 936 396 646 234 661 259
471 227 553 284 699 247 936 396 645 235 661 258
472 228 553 283 699 247 936 396 645 235 661 258
699 247 936 396 474 227 553 283 645 235 662 257
699 247 936 396 482 231 556 282 645 235 662 257
484 230 556 281 699 247 936 395 646 234 662 257
699 247 936 395 646 234 662 258
699 246 936 395 646 234 662 258
699 246 936 395 647 233 662 258
699 245 935 395 647 233 662 257
699 245 935 396 647 233 662 257
699 245 935 396 647 233 662 257
498 230 568 280 699 246 935 396 647 233 662 256 0 61 306 659
499 230 569 280 699 246 935 396 0 49 337 648 647 233 662 256
501 229 570 280 0 35 357 646 698 246 935 396 647 233 663 256
698 246 935 396 503 230 571 280 0 15 374 666 647 233 663 256 614 232 634 248
3 20 424 666 698 245 935 396 505 229 571 279 647 233 663 256 614 231 634 248
3 15 433 685 699 245 934 395 506 229 572 279 648 233 663 256 614 231 634 248
4 7 444 701 699 245 935 395 506 229 572 278 648 233 663 256 614 231 634 248
3 3 458 709 699 245 935 396 507 228 571 276 648 232 663 256 614 231 634 248
0 0 478 715 699 245 935 396 512 229 576 275 648 232 663 256 614 231 634 248
0 0 492 719 698 244 935 396 512 230 577 275 648 232 664 255 614 231 634 248
0 1 504 719 698 243 936 396 512 229 577 275 648 231 664 255 614 231 635 248
0 2 518 719 697 242 937 397 514 228 579 275 614 231 636 248
0 9 530 719 697 242 937 396 517 225 580 275 647 231 665 254 615 231 636 248 975 192 998 302
0 13 538 719 697 242 936 396 522 223 581 275 615 231 636 248 975 192 998 303
6 16 536 719 698 243 935 396 527 222 582 275 975 192 998 304 614 231 636 248
3 15 541 713 698 242 934 396 538 228 578 271 649 230 666 254 975 191 998 305 614 230 636 248
0 19 547 696 697 242 934 396 975 189 998 306 649 230 667 254 562 228 583 263 546 228 578 271 615 230 636 248
0 23 556 681 696 242 934 396 559 227 583 265 976 188 999 305 649 229 667 253 615 230 636 248
0 25 564 675 696 242 934 396 561 225 585 266 976 187 999 305 649 229 667 252 616 230 636 247
0 20 571 676 697 243 934 396 564 226 586 265 976 185 1000 305 649 228 667 252 616 230 636 247
0 15 580 684 697 243 934 396 976 184 1002 307 568 227 587 266 648 228 666 251 617 230 637 248
0 16 585 688 697 243 935 396 975 181 1003 309 647 228 666 251 618 230 637 248 572 228 589 267
0 21 591 678 697 243 936 396 975 180 1004 309 647 228 666 251 618 230 637 248
0 32 596 668 697 242 936 396 976 181 1006 308 647 228 666 250 618 230 638 248
0 55 625 648 697 241 936 397 976 182 1008 307 646 228 666 250 617 230 638 248
0 56 628 656 697 240 935 397 976 184 1011 307 646 228 667 250 617 230 638 248
0 45 628 668 697 240 934 397 976 183 1012 307 646 228 666 250 617 230 637 247
0 34 625 656 696 239 934 397 976 183 1013 306 647 228 666 250 618 230 637 247
0 30 623 634 695 240 935 397 976 182 1013 306 647 228 665 250
0 18 636 558 695 240 935 397 977 182 1014 305 647 228 665 250
6 19 636 553 695 241 934 397 978 183 1015 304 647 228 665 250
1 17 638 549 695 241 935 397 979 183 1016 304 646 228 665 250 620 229 639 249
0 13 640 544 695 240 935 398 980 182 1016 305 645 228 664 250 621 229 640 250
0 9 645 536 695 240 936 398 981 182 1017 306 645 228 664 250
0 6 645 526 696 241 936 397 982 182 1017 306 644 228 664 250
0 7 645 516 696 242 936 397 984 181 1018 306 642 228 663 250
0 9 646 508 697 243 936 397 986 181 1020 304 640 227 663 250
0 8 646 500 697 243 936 397 987 180 1021 303 634 216 661 249
0 5 648 484 696 243 937 397 987 181 1021 303 636 215 664 249
0 0 650 467 695 243 938 397 988 181 1021 303 639 215 666 248
16 1 654 448 694 242 939 397 989 180 1022 304 640 214 668 248
42 4 654 436 694 243 939 397 990 180 1022 304 0 8 55 385 641 214 669 248
63 10 658 426 694 243 939 397 990 180 1022 304 0 2 69 391 641 215 668 249
77 7 659 403 694 243 938 397 996 181 1025 305
91 11 661 399 694 242 938 397 997 180 1025 305
122 10 686 398 694 242 937 397 997 180 1025 305
136 12 677 395 695 243 937 397 997 181 1026 305
152 14 671 391 695 244 936 397 998 181 1028 305
165 15 670 388 695 244 935 397 999 181 1029 306 2 56 175 404 646 228 667 250
176 18 675 385 695 243 935 398 1000 179 1031 307 1 46 186 403 647 228 667 250
186 22 675 380 695 242 935 398 1001 177 1031 309 1 43 207 406 647 228 667 250
200 24 681 378 696 242 934 398 0 44 220 400 1002 175 1032 312
213 25 684 376 0 46 233 397 697 242 933 398 1003 175 1032 314
228 26 682 373 0 17 238 391 697 243 933 397 1003 174 1032 319
236 26 679 373 0 16 246 391 696 243 933 397 1003 174 1032 321
254 28 674 370 0 17 257 388 696 244 934 397 1004 175 1032 319
268 32 672 367 0 17 267 386 696 243 935 397 1005 178 1032 315
282 34 671 364 4 33 269 373 696 243 935 397 1005 179 1033 312
288 35 672 362 3 38 279 367 697 243 935 398 1004 179 1033 311
307 36 695 349 0 41 293 363 697 243 935 398 1003 177 1032 279
317 37 691 344 0 43 305 360 697 243 935 398 1004 176 1032 277
325 41 688 339 0 47 313 357 696 242 935 398 1004 175 1032 275
329 45 690 338 0 49 317 355 696 242 934 398 1005 174 1032 275
334 49 689 338 0 58 321 349 696 242 934 398 1007 173 1033 275
339 50 690 335 5 64 327 345 697 242 933 398 1009 172 1033 276
347 50 686 335 13 72 333 340 698 243 931 398 1010 173 1033 276
353 49 684 332 22 76 339 337 697 244 930 398 1010 173 1033 275
360 51 685 332 18 90 357 346 697 245 929 398
369 53 686 331 42 91 367 347 697 245 929 397
377 54 685 331 49 93 368 344 701 250 923 395
381 59 679 331 53 100 373 338 699 251 922 395
382 66 677 332 65 100 381 339 700 253 920 397
384 73 676 333 82 98 387 341 697 249 925 401
388 74 682 335 106 80 385 328 698 251 925 401
391 73 683 336 118 74 391 330 699 250 927 400
396 73 685 335 129 78 398 325 699 250 927 400
401 74 686 334 138 85 405 322 699 249 927 402
407 74 687 332 146 108 420 329 699 248 927 403
410 75 688 332 700 251 927 401 150 123 404 316
414 77 688 331 699 249 927 401 158 127 409 313
417 78 688 329 699 247 927 399 166 128 410 309
191 131 412 313 421 79 689 328 699 244 927 401
