

258 381 440 466 552 381 634 431 514 391 536 405 682 341 807 480 537 392 550 407
259 380 440 466 544 382 631 430 682 340 806 481 514 391 536 405 537 392 550 406
259 381 440 467 543 382 631 430 682 341 805 481 514 391 536 405 537 392 550 406
259 380 440 467 543 382 631 430 514 391 536 405 682 341 805 481
260 380 440 467 543 382 630 430 514 391 537 405 681 341 805 482
260 380 440 467 543 382 630 430 682 340 805 481 515 391 537 405
260 380 440 467 543 382 629 429 693 336 794 487 515 391 536 405
260 381 439 467 543 382 629 429 515 391 536 405 693 336 794 487 799 354 874 431
260 381 439 467 543 382 629 430 693 337 794 486 515 391 536 405
259 381 438 467 543 382 628 430 693 337 794 487 515 391 536 405
259 381 437 468 543 382 628 430 693 337 794 487 515 391 536 405
259 381 437 467 543 382 627 429 692 336 794 489 515 391 537 405
259 382 437 467 542 382 627 429 681 341 806 483 515 391 537 405
258 382 438 466 542 382 626 429 681 341 805 484 515 390 537 405
258 382 438 466 542 382 626 428 681 341 805 484 515 390 538 405
258 381 439 466 542 382 625 428 681 341 806 483 515 390 538 405
259 381 439 466 541 382 624 428 681 342 806 482 515 391 537 405
259 381 439 466 541 381 623 428 681 342 806 482 515 391 537 404
259 381 439 466 541 382 623 428 682 342 807 481 515 391 536 404
259 381 440 466 541 382 622 428 515 391 536 404 693 337 794 488
259 381 439 466 540 382 621 428 515 391 536 404 693 337 794 489
259 381 439 466 540 382 620 427 693 337 794 489 515 391 536 404
259 381 438 466 540 382 619 427 693 337 795 491 515 391 536 404
258 382 438 466 540 382 618 427 683 341 807 483 514 391 536 404
257 382 439 467 540 382 617 426 682 342 807 483 514 391 537 404 422 392 446 407 786 352 854 426
257 381 440 467 540 382 616 426 694 337 794 491 513 391 538 404 786 352 854 426 422 392 447 407
258 381 440 467 539 382 617 426 513 391 538 404 694 337 794 491 786 352 853 426 423 392 448 408
258 381 439 468 539 382 617 426 513 391 538 404 682 342 807 483 424 391 449 408 786 351 853 427
259 381 439 467 539 382 616 425 513 391 537 404 682 342 807 482 424 390 451 408 786 351 854 427
259 381 439 467 538 382 616 425 513 391 537 404 682 342 806 483 423 389 452 409
259 381 439 467 538 382 616 425 513 391 537 405 682 342 806 482 423 389 453 410
259 381 440 467 538 382 615 425 513 391 537 405 682 342 806 483 422 389 454 410
259 381 440 467 538 382 616 426 513 391 537 404 682 342 806 484 420 388 456 410 0 503 959 644 786 351 853 426
259 381 440 467 537 382 616 426 418 388 458 410 682 342 806 484 511 387 537 402 786 351 853 426 0 502 959 643
259 381 439 468 537 382 616 426 417 388 460 410 511 387 537 403 681 342 807 485 786 351 853 426 0 502 959 643
259 381 438 468 537 382 615 427 510 386 537 403 681 343 807 485 419 389 459 409 786 350 853 426 0 502 959 642
259 380 438 468 537 382 615 427 510 386 537 403 681 343 807 485 427 391 466 411 786 350 854 426 0 502 959 641
259 380 439 468 536 382 615 428 512 390 537 405 681 343 807 485 428 392 469 411 785 350 854 426
258 381 440 468 536 382 614 428 512 390 537 405 680 343 807 485 429 393 470 411 785 350 854 426
258 381 439 468 536 382 614 428 432 393 473 411 512 391 536 405 681 344 807 485 784 350 854 426
259 381 440 468 536 382 613 427 434 393 474 411 681 344 807 485 512 391 536 404 783 350 853 427
259 381 440 468 537 382 613 427 435 393 476 410 512 391 535 404 682 344 807 486 782 350 853 427
259 381 440 468 537 383 613 427 437 393 475 410 693 340 793 494 512 391 535 404 782 351 853 427 421 393 446 408
260 381 440 468 537 383 612 427 684 340 779 500 513 391 534 404 437 393 475 409 782 351 853 427
260 381 439 468 537 382 612 427 684 339 779 499 513 391 534 404 438 392 475 409 781 351 853 428 638 393 672 423
260 381 438 468 537 382 611 427 683 339 779 499 513 391 534 404 448 391 481 408 638 393 672 423
259 382 437 468 537 382 611 427 683 338 779 498 513 391 534 404 447 391 482 409 638 393 672 423
259 382 438 467 536 383 604 426 682 339 779 496 513 391 534 404 447 391 484 409
259 383 439 467 536 383 604 426 682 339 779 493 512 391 534 404 448 391 485 409
259 383 439 467 537 382 604 426 681 339 778 491 510 386 535 403 449 392 487 409
258 383 439 467 537 383 604 427 680 340 777 491 510 386 535 403 451 392 487 409 423 394 447 408
259 382 438 468 536 383 604 426 680 341 776 490 510 386 535 403 452 392 486 409 423 393 447 408
259 382 438 468 536 383 603 426 678 341 774 491 510 386 535 403 452 392 486 409
259 382 438 468 536 383 603 426 677 341 772 491 509 386 536 403 453 391 487 409
259 381 439 468 536 383 603 425 676 342 771 492 510 386 536 403 454 392 487 409
260 381 440 468 535 383 603 425 674 342 768 494 510 386 536 403 454 392 489 409
260 381 440 468 535 382 602 425 673 342 765 496 510 386 535 403 455 392 489 409
260 381 440 468 535 382 602 425 671 342 762 497 510 386 535 403 454 392 491 409 637 393 673 422
260 382 439 468 535 382 602 425 670 342 760 497 510 386 535 403 453 392 491 409
260 381 439 468 535 382 602 425 668 341 758 498 453 392 492 410 510 386 535 403
259 381 439 468 534 382 601 425 666 340 757 500 454 392 493 410 511 386 534 403
259 381 439 467 533 382 602 425 664 340 755 502 453 392 494 410 511 387 534 402
259 381 439 467 533 382 602 425 664 340 753 501 453 392 494 410 513 391 534 404
258 381 439 467 532 382 602 425 663 339 751 500 454 392 494 409 513 391 534 404
258 381 439 467 532 382 602 425 663 339 749 500 456 393 492 408 513 391 534 404
258 380 440 467 532 382 601 425 655 338 737 501 512 391 533 404 457 393 492 408
259 380 440 467 532 382 601 425 654 338 737 501 513 391 533 404 458 393 490 408
260 381 440 467 532 382 601 425 652 341 738 498 512 391 533 404 458 393 490 407
260 381 440 467 531 382 600 425 651 344 736 497 512 391 533 404 459 392 489 407
260 381 440 467 530 382 600 425 648 347 733 496 512 391 533 404 459 392 490 407
260 381 440 467 530 382 600 425 646 348 730 498 512 391 532 404 459 392 490 407
260 381 440 466 530 382 599 425 642 348 728 499 512 391 532 405 460 392 490 406
260 381 440 467 530 382 599 425 640 350 726 499 512 390 533 405 461 392 488 406
260 381 440 467 530 382 598 425 637 350 724 498 510 387 533 402
260 381 439 467 530 382 598 425 637 350 722 497 510 387 534 402 608 153 947 530
260 381 439 467 530 382 597 425 635 350 719 497 510 387 533 402 608 152 947 529 475 391 496 406
260 381 438 467 530 382 597 425 635 350 716 495 512 390 532 405 476 391 496 406
260 381 438 467 529 382 597 424 635 352 712 491 513 390 532 405 476 391 497 406
260 380 439 468 529 382 597 424 635 354 709 488 513 390 532 405
261 380 439 467 529 382 596 424 634 354 706 486 513 390 532 404 640 423 711 501
261 380 440 467 529 382 596 424 633 356 704 484 513 390 532 404 638 422 709 499
260 380 440 467 529 383 595 424 633 357 702 482 514 390 532 404
260 380 439 467 530 383 595 424 628 356 694 482 634 419 704 498 514 390 532 404 476 391 497 405
260 380 439 467 530 383 595 424 628 356 693 480 510 387 533 403 633 419 702 496 476 390 497 406
260 381 439 467 531 383 595 424 627 356 692 479 510 386 532 403 476 390 498 406
259 381 438 467 531 383 594 424 626 356 690 479 622 422 693 494 510 386 532 403 477 390 498 406
259 381 438 467 530 383 594 424 625 357 689 481 514 390 531 405 477 390 498 406
259 381 438 467 529 383 594 424 622 357 685 482 514 390 531 405 477 390 498 406
259 381 438 467 529 384 594 424 617 356 681 484 511 387 532 402 477 390 498 405
259 381 438 468 529 384 593 423 613 355 678 484 511 387 532 402 478 390 498 405
259 381 439 468 529 384 593 423 611 356 677 483 512 388 532 402 478 390 498 405
259 380 439 467 529 383 593 423 610 358 677 480 512 388 532 402 477 391 498 405
259 380 440 467 530 383 592 423 609 358 677 477 512 388 532 402
260 380 440 467 530 383 592 423 609 359 676 476 512 388 532 402
260 380 440 467 530 383 591 423 608 359 673 474 513 388 532 402
260 380 440 467 529 383 591 424 606 359 670 471 512 387 532 402 616 416 662 476 480 391 499 405
259 380 439 467 529 384 590 424 603 360 668 467 610 415 666 475 512 387 532 402 480 391 499 404
259 381 439 468 528 384 590 424 615 414 661 477 601 360 665 466 512 387 532 402 480 391 499 405
