

386 345 674 653 681 521 752 582 239 543 333 606 1091 451 1194 714 857 497 888 571 972 479 1004 580 668 524 686 557
387 344 673 651 681 520 752 578 237 544 330 605 1101 448 1206 711 973 479 1005 580 858 488 891 569 667 522 686 559
387 343 673 648 682 518 753 575 233 541 328 603 858 486 892 567 974 479 1007 578 1115 449 1217 704 667 520 686 559 668 513 686 537
388 342 675 640 683 515 755 572 231 539 324 599 977 479 1010 578 1130 432 1262 719 859 484 894 565 668 510 686 536
389 339 675 634 683 511 756 571 1145 428 1270 719 980 479 1013 576 230 536 322 595 859 482 894 562 668 508 687 536 276 501 299 546 331 509 348 545 252 501 273 546
391 336 675 631 683 508 757 570 982 477 1016 574 1167 434 1273 714 668 505 687 534 861 478 895 561 230 536 320 592 276 499 299 542 330 505 347 544 251 497 272 545
391 332 671 631 684 505 758 569 985 477 1018 572 668 503 687 533 862 476 896 559 275 495 299 540 331 502 346 541 229 534 320 590 1198 430 1278 716 251 494 273 543
391 329 669 632 684 504 760 569 987 477 1018 571 669 502 688 532 1204 427 1279 719 863 475 896 557 331 500 347 541 275 493 298 539 216 531 315 590
391 328 668 631 685 504 761 570 670 502 688 534 332 498 347 541 866 482 888 551 274 492 297 538 996 473 1027 573 213 530 316 590 1220 430 1279 719
392 328 669 631 685 505 761 570 998 472 1030 574 670 503 688 533 210 530 316 589 333 497 348 540 273 494 296 537 868 481 890 551
393 327 669 631 685 506 762 570 1000 471 1033 574 671 503 688 533 208 530 314 589
393 325 669 632 684 506 762 569 1004 471 1038 571 671 502 689 531 205 530 311 589
394 323 669 632 684 506 764 568 671 501 690 531 1008 470 1041 569 203 516 306 587
395 320 669 633 684 504 766 567 201 515 304 587 672 500 691 532 1011 470 1043 567 877 472 909 554
393 319 669 633 685 503 768 567 200 514 302 587 877 469 911 553 672 499 691 534 265 491 289 537 754 503 787 536
391 318 669 633 685 503 768 567 877 468 913 553 201 512 298 588 672 499 691 534 1022 461 1055 567 332 494 349 548 754 502 789 536 265 491 288 538
389 319 670 633 685 504 768 568 878 468 915 555 187 508 289 590 1026 464 1059 569 671 500 691 533 330 495 348 548 753 503 791 537
389 319 671 634 685 506 768 569 184 508 286 590 879 471 915 556 1030 466 1062 572 670 500 690 533 752 503 793 539 330 495 347 544
389 321 673 634 685 507 768 570 181 509 285 590 879 472 917 558 1033 467 1065 573 670 501 689 533 751 505 797 540
388 322 673 634 685 508 768 570 881 473 917 558 178 508 281 590 751 505 801 541 670 501 689 533 1035 467 1064 573
388 322 673 633 686 507 769 570 882 473 918 558 752 504 804 541 178 509 277 591 670 501 689 532 1047 462 1079 576
388 318 672 633 686 507 770 570 884 472 918 558 753 503 807 540 1049 463 1083 576 670 501 690 531 177 508 274 592 252 494 273 538 351 493 366 544
389 313 672 634 686 505 773 570 884 471 920 557 753 501 808 539 159 527 271 594 670 500 690 532 1052 463 1087 575 251 494 271 537 349 490 365 545 221 490 248 540
390 306 672 634 685 504 775 569 157 511 269 590 887 469 921 556 251 491 270 537 753 498 811 538 669 499 691 531 1056 458 1089 573 346 487 363 546 220 490 247 539 325 490 344 544
389 300 672 634 685 502 776 568 152 511 268 590 250 489 270 539 888 467 924 555 343 486 360 547 669 498 691 531 752 496 812 537 325 491 343 543
388 296 671 634 686 502 777 568 149 511 266 590 248 486 270 539 761 497 823 535 668 498 692 528 1072 453 1107 571 889 459 925 549 341 486 359 549
387 296 670 635 687 501 777 567 147 510 264 591 760 496 826 535 247 485 269 540 667 498 690 527 670 490 690 514 1075 453 1110 571
387 294 671 635 688 501 778 567 764 496 828 534 246 485 268 540 140 526 266 597 667 498 689 528 197 485 221 542 1080 452 1115 570 892 458 936 550
386 293 671 635 687 497 776 562 245 484 267 540 768 495 830 534 129 525 249 598 198 484 223 540 894 458 937 549 667 498 687 530
386 291 672 636 687 496 777 562 124 524 249 598 244 484 266 540 895 459 937 548 771 495 832 534 200 484 224 539 666 498 687 530
386 290 672 637 687 496 778 562 121 523 250 600 243 484 266 540 897 460 937 546 755 488 835 535 200 486 224 538 670 488 688 512 181 477 202 523
386 287 670 637 687 495 781 561 898 460 938 545 758 486 838 534 117 523 247 599 242 485 265 540 670 488 688 512 199 487 222 537 180 480 199 522
385 285 669 638 686 495 783 561 900 460 938 545 761 486 841 533 241 485 264 542 116 525 242 599 176 481 196 521 198 488 221 536 669 488 688 512 328 490 344 547
385 284 667 638 687 495 783 561 901 460 939 547 766 486 844 533 106 527 222 599 240 485 262 544 327 490 343 548 197 488 219 537 174 482 192 521 664 499 687 527 669 489 688 513 231 486 251 539
386 285 667 637 688 495 782 562 903 460 941 547 105 529 220 600 766 487 848 533 326 489 342 549 231 482 252 541 240 486 262 544 195 488 217 537 172 482 190 522 663 499 688 527 669 488 689 513
386 285 668 637 690 500 792 568 905 459 942 547 101 531 220 602 776 488 856 532 229 483 253 546 323 491 341 550 193 489 216 540 663 499 689 527 668 488 689 515 172 492 191 539
386 286 669 636 690 501 794 569 907 459 943 548 99 532 219 605 777 488 860 533 228 485 253 548 321 490 339 553 664 498 690 526 192 491 215 540
386 287 669 636 690 501 796 571 777 489 864 534 226 489 251 549 909 459 944 549 99 532 218 607 664 497 689 527 319 492 337 555 175 492 196 541
384 289 669 637 690 503 797 572 778 491 868 536 225 491 249 550 910 458 946 550 664 497 689 528 101 531 216 610 158 491 179 542 317 493 335 555 177 493 199 542
383 291 668 636 691 505 798 573 777 492 871 537 223 492 248 551 663 498 689 530 911 457 949 551 80 533 187 615 156 493 177 544 177 495 198 545
382 293 669 636 691 506 799 573 779 492 873 538 221 492 247 553 663 499 689 531 77 533 191 618 914 463 952 558 153 494 175 544 175 496 197 547
380 295 669 636 691 505 799 574 781 493 875 539 219 492 245 553 662 499 688 532 915 468 961 556 72 533 194 619 149 495 172 544 174 496 197 550
378 295 668 637 691 505 799 575 783 493 876 541 662 498 688 532 916 468 962 556 217 492 244 554 72 533 194 619 146 495 168 545 172 494 196 553
376 298 668 639 692 505 800 576 786 493 879 542 920 467 964 557 663 499 689 533 213 492 241 553 71 532 191 619 144 494 166 545 169 496 194 551
375 298 669 640 694 505 803 577 795 494 887 544 923 465 967 559 664 500 690 533 212 493 240 552 75 532 187 619 144 495 166 545 167 499 192 551
374 298 670 642 696 505 805 579 796 495 890 544 927 464 969 561 665 500 692 533 211 493 239 553 78 530 182 619 132 494 154 537 37 551 138 625 147 495 168 546 980 454 1023 548 307 508 325 569
374 298 670 642 698 504 807 580 798 495 892 543 929 463 971 562 664 500 692 534 211 494 239 554 129 497 152 540 33 552 136 627 305 510 325 569 151 497 172 548
373 298 669 643 699 504 808 582 799 494 895 543 931 463 973 563 663 499 692 536 127 499 149 542 211 496 238 554 33 553 132 629 304 510 323 570
372 300 668 644 699 504 809 583 800 494 897 544 931 461 975 563 661 498 692 537 125 500 147 543 152 510 175 568 204 500 228 550 301 512 322 571
370 300 667 644 699 504 811 584 801 495 899 544 660 497 692 537 931 461 977 562 150 508 173 570 10 530 164 632 204 500 229 550 299 514 320 570 124 501 146 543
368 301 667 644 698 504 813 585 803 495 902 544 659 497 693 537 931 461 978 562 148 508 171 571 5 533 161 635 298 515 319 570 204 500 229 550 694 504 709 525
368 298 665 645 698 503 815 584 807 494 904 543 659 496 692 536 932 460 979 561 1 533 156 638 145 506 170 571 202 499 228 548 297 515 318 570 108 495 125 537
367 294 665 647 698 502 817 585 811 492 905 542 658 494 693 536 1 529 150 638 933 452 977 556 142 505 168 570 199 497 226 547 104 496 123 537 289 493 319 579
366 290 665 649 699 500 818 584 815 489 913 539 658 492 692 535 942 461 984 559 101 499 119 539 197 494 225 547 0 526 147 636 289 493 318 579 135 499 168 571
367 287 666 650 700 498 819 584 817 487 915 538 658 491 693 534 942 451 984 557 99 500 118 543 197 493 223 548
365 287 665 650 699 497 820 584 821 485 916 537 658 489 694 534 943 449 987 558 191 483 223 562 99 499 119 547 126 489 157 566
363 285 665 649 703 494 828 587 824 484 919 536 944 448 990 559 658 489 694 534 188 481 219 562 100 497 121 549 123 489 155 565 85 495 102 539
361 284 663 648 702 494 830 587 827 484 920 535 947 446 992 561 657 488 695 534 82 493 101 542 185 480 215 560 1 547 56 641 124 494 148 555 102 495 123 550
361 284 664 647 702 494 832 588 829 483 922 535 949 447 994 561 657 487 696 534 78 495 98 544 184 479 214 559 122 494 146 556 5 545 111 631 101 496 121 549
360 284 665 648 701 494 835 588 657 488 697 534 952 446 996 561 834 484 922 535 73 495 93 545 6 545 106 632 183 479 213 558 116 489 148 566 97 497 119 550
359 284 666 649 701 496 838 589 658 488 698 534 954 444 1000 561 844 477 937 532 72 495 91 545 114 489 145 567 178 484 210 560 95 499 117 549
359 284 665 649 702 497 842 590 658 488 699 534 956 444 1004 562 849 477 935 532 177 484 208 563 112 489 142 569 73 496 92 545
357 283 666 647 703 497 844 591 659 489 699 534 852 478 936 532 175 485 206 564 957 445 1005 560 276 495 306 576 61 495 79 545 75 497 96 547
355 282 668 647 704 497 847 591 659 488 699 534 855 478 937 531 172 483 204 563 276 494 305 576 56 499 76 548
352 281 669 647 704 497 850 592 660 488 701 534 859 479 939 530 169 483 202 562 273 494 304 577 2 541 70 640 103 495 132 573 50 500 71 549
351 280 670 649 705 498 852 594 659 488 704 534 167 483 200 562 270 494 302 579 100 496 130 575 862 479 939 531 0 540 64 644 47 502 66 547
351 281 668 651 704 500 855 596 658 489 704 535 165 483 198 563 267 495 301 580 96 498 128 575 965 460 1020 561 0 541 59 647 867 483 939 535
350 281 667 653 708 501 852 601 658 491 704 536 163 483 196 565 92 498 125 576 265 496 298 583 876 487 933 536 0 542 55 649
349 282 667 654 705 502 856 602 659 493 704 537 160 484 193 565 264 495 296 585 89 497 122 577 0 544 41 648 887 487 944 540
348 282 668 656 711 508 856 610 660 495 706 539 158 485 192 567 262 495 294 588 86 498 120 580 974 456 1024 568 888 489 946 542 0 546 35 649 45 498 79 574 22 508 49 567
348 281 669 656 709 508 860 611 660 495 707 541 260 493 293 587 158 485 191 567 975 455 1023 570 891 489 949 541 84 499 118 581 42 497 77 575 0 544 30 652
347 280 670 659 716 510 867 611 258 493 290 589 661 495 708 543 978 456 1025 571 158 486 191 568 896 489 951 542 76 499 112 578 38 498 75 575
347 281 673 662 717 509 869 613 979 455 1027 572 256 494 289 589 662 495 708 543 74 499 109 580 150 489 186 567 901 489 953 542 686 497 712 533
346 281 675 666 717 508 872 614 663 495 708 544 248 492 286 594 981 455 1030 572 70 499 107 583 148 489 186 568 686 497 713 534 25 498 58 579 216 480 245 594
346 280 675 668 717 508 875 615 248 494 286 595 663 495 708 544 67 500 105 586 981 455 1031 571 147 488 184 568 21 499 56 581 686 497 713 534 213 482 242 596
344 279 676 669 718 507 878 616 245 496 283 597 65 501 102 589 662 495 709 546 990 457 1038 573 145 494 182 578 16 499 53 583 684 496 713 535 210 485 240 598
341 280 676 669 721 507 882 617 662 495 709 547 242 499 279 600 61 501 100 591 143 495 178 580 993 456 1039 574 11 498 51 585 205 487 230 600
339 281 675 668 723 506 885 619 662 496 710 548 996 453 1040 577 140 495 175 585 239 500 277 603 59 502 97 594 202 486 227 605 7 500 50 588
337 284 674 668 723 506 888 620 996 453 1042 577 138 496 174 589 661 498 710 549 238 500 275 606 51 508 87 592 197 484 224 609
336 285 673 669 724 506 893 623 996 452 1043 578 135 496 171 591 661 500 710 550 235 500 274 607 48 509 84 595 1 511 19 581 192 484 221 610
335 285 673 670 723 506 898 625 996 451 1045 579 233 509 271 609 45 507 81 597 661 501 711 550 134 498 168 591 188 483 220 611 0 506 16 589
334 284 673 672 724 505 902 627 997 451 1046 580 230 509 269 608 42 507 78 597 661 501 711 551 132 497 165 593 185 483 218 612
333 283 674 673 723 504 905 627 998 453 1048 580 40 508 75 597 662 500 712 551 229 508 266 609 128 497 160 590 184 481 217 614
331 282 677 674 722 504 910 627 1000 454 1051 579 663 498 711 550 37 505 72 598 224 506 260 611 125 497 159 592 176 486 204 614
330 281 679 674 722 502 915 628 1002 454 1054 578 219 497 258 610 121 497 157 591 664 496 718 548 35 501 69 600 171 484 201 615
329 279 683 673 721 502 921 629 1003 451 1056 578 216 498 255 609 117 497 154 588 25 501 60 595 673 497 716 541 165 484 196 613
331 279 683 673 722 501 925 630 1004 448 1056 579 214 498 253 608 22 500 58 594 114 496 150 588 672 497 717 540 163 485 192 613
332 279 682 673 722 501 929 629 210 499 249 608 19 500 55 594 1014 445 1062 579 112 491 146 592 671 497 718 539 160 486 190 613
333 279 681 674 723 501 934 630 206 500 247 608 1015 442 1063 580 17 500 51 595 663 494 720 544 110 488 142 597
331 279 683 672 722 500 940 630 1018 440 1064 580 15 499 48 595 663 493 720 543 203 501 244 607 761 488 797 509 151 483 179 612 109 483 141 602
329 278 685 670 733 498 950 633 1018 440 1065 580 196 498 237 608 671 495 719 538 13 500 46 594 761 488 796 509 102 488 136 599 146 479 176 613
734 495 954 635 330 275 686 669 193 500 234 608 1019 442 1067 579 671 494 720 537 11 499 45 594 141 476 172 615 99 488 132 599 760 487 796 509
735 495 957 635 331 273 685 671 190 501 230 607 1019 445 1070 576 670 493 722 537 137 477 169 617 4 494 36 593 96 489 126 596
737 494 960 635 332 270 683 673 185 505 227 613 665 489 725 541 1021 447 1074 574 4 494 36 595 134 477 167 618
738 494 963 635 331 269 682 674 182 505 224 613 667 492 725 536 1022 448 1077 573 2 494 36 596 126 478 159 615
741 492 967 636 330 267 684 673 666 488 726 539 121 477 156 616 1 492 33 597 1020 432 1098 573 180 505 221 613
743 491 972 636 328 268 683 673 668 491 725 536 115 474 151 618 168 497 212 619 0 490 30 599 1025 429 1098 577
746 491 977 637 327 270 683 671 165 494 208 614 666 487 726 540 109 475 147 620 0 487 27 602 1041 439 1087 581
