

697 480 796 557 568 466 702 573 824 479 925 558 876 471 937 571
697 479 795 557 568 466 702 573 824 479 925 555 875 472 936 570
696 479 795 556 568 466 702 573 875 472 936 570 829 479 923 550
695 479 794 555 874 472 934 570 568 467 702 573 831 480 924 550
695 480 793 554 849 477 944 558 568 467 701 573
694 478 792 553 848 477 947 557 567 467 701 574
693 478 791 553 849 477 948 555 566 468 701 575
692 478 791 552 871 475 923 567 565 469 701 577
693 478 790 552 868 474 923 568 564 469 700 577
693 477 790 552 564 467 699 576
693 477 790 552 564 465 698 576
693 476 790 552 854 472 978 556 569 469 701 566
692 476 790 551 856 471 984 555 569 468 702 566 809 496 842 545
692 478 790 550 858 471 990 553 568 468 702 566 856 472 907 568 809 497 843 545 815 476 843 528
693 480 790 549 854 470 906 567 859 472 992 554 568 467 701 566 810 497 843 545
694 481 789 548 851 470 904 565 884 472 1003 554 568 467 699 565 1112 439 1272 695 810 497 844 546
693 482 789 548 847 470 901 565 883 473 1009 554 568 467 699 566 1110 439 1272 697 811 496 846 546
692 481 788 549 845 471 898 565 883 473 1015 556 568 468 700 566 1080 435 1258 698 768 482 815 518
691 482 788 549 885 473 1018 557 567 470 700 567 844 471 898 564 1078 437 1251 697 768 482 815 518
691 482 789 550 865 472 1043 564 566 471 701 567 842 471 897 564 1075 436 1241 695 768 481 816 517
870 473 1050 563 691 484 789 549 565 471 701 567 840 472 896 563 1068 442 1234 693 848 522 891 568 764 476 821 530
874 473 1057 563 691 484 789 548 564 469 701 567 839 473 893 563 1064 443 1227 694 764 476 821 530
879 471 1063 562 692 484 789 548 839 473 892 561 564 467 701 566 1060 443 1223 695 765 476 823 530
692 480 788 547 885 469 1066 562 563 459 693 581 829 473 880 560 1035 441 1202 693 767 476 824 530
898 469 1082 560 693 478 787 547 829 472 881 559 564 457 693 579 1030 441 1195 693 773 479 821 516
905 467 1080 559 694 476 786 546 828 473 880 559 564 457 692 577 774 477 822 516 1024 441 1188 693
910 465 1080 560 693 476 786 546 827 474 880 558 562 459 692 576 774 476 824 515 1020 437 1184 692
693 474 786 546 561 459 691 576 926 469 1061 557 826 457 874 545 775 475 826 515 1014 494 1179 679 827 506 881 565
692 464 789 541 825 455 874 545 560 460 691 576 929 469 1062 555 773 471 830 522 1010 501 1171 673 1016 452 1125 619 826 506 879 565
691 463 789 542 822 455 872 544 560 464 700 566 1014 449 1126 624 776 474 831 515 933 467 1062 555 1005 508 1170 667
691 464 789 541 821 455 872 545 559 463 699 566 1012 447 1124 630 776 474 829 514 936 467 1061 554 989 544 1148 677
691 463 789 540 820 456 871 545 556 463 699 566 1008 444 1120 631 777 474 827 514 985 544 1140 676 942 471 1050 553
690 463 790 540 554 463 700 567 820 456 870 545 982 524 1136 665 1001 444 1116 627 778 473 825 514
689 462 792 541 553 463 701 567 976 527 1127 667 818 457 870 544 964 446 1152 559 779 473 825 514
689 461 793 541 558 458 692 574 972 527 1120 667 818 458 871 541 990 439 1104 626 779 473 826 514
688 461 795 541 552 463 702 567 817 458 869 540 982 516 1097 663 966 442 1170 562 778 472 825 512
688 460 795 539 551 464 702 567 817 459 869 539 961 525 1093 658 986 447 1210 559 777 471 823 511
688 460 796 538 550 465 702 566 986 450 1213 578 814 479 868 556 957 523 1092 655 777 469 821 510
687 460 796 537 550 465 701 566 981 451 1221 578 815 459 867 536 951 526 1091 654 776 468 820 509 966 459 1067 623
687 459 796 536 550 467 701 566 989 448 1229 581 813 457 868 536 944 528 1086 654 961 453 1065 622 776 467 820 508
686 459 796 536 550 468 701 567 957 455 1062 623 811 457 868 537 937 528 1079 654 1001 448 1237 581 776 467 820 507
1045 445 1260 584 687 458 796 537 549 467 702 566 810 457 870 539 952 454 1058 622 776 467 820 506
1047 447 1270 586 687 458 795 538 811 457 871 541 549 467 701 566 950 454 1054 622 776 467 821 507
1052 447 1279 587 688 458 794 538 947 452 1052 622 550 466 700 566 813 456 873 543 777 466 823 507
1052 450 1279 586 688 458 793 539 944 452 1048 622 550 466 700 567 815 455 874 545 778 466 824 507
1053 449 1279 586 689 458 793 539 942 453 1044 621 550 465 700 567 817 455 873 546 779 465 825 507
1055 447 1279 586 689 458 794 540 940 452 1041 620 549 464 700 567 817 454 870 546 780 465 825 507
689 457 795 540 1093 446 1279 586 939 449 1038 616 549 464 700 567 816 453 868 546 781 466 824 506
688 457 796 541 1102 444 1279 587 929 450 1028 614 548 463 700 567 817 453 866 545
688 457 796 541 1110 443 1279 588 927 451 1027 613 552 457 689 573 818 453 865 544
688 456 797 542 1117 444 1279 588 926 452 1025 613 551 456 689 574 820 453 865 545
688 456 798 542 1126 444 1279 587 925 453 1022 613 552 456 689 574 820 454 866 546
688 456 798 543 1136 444 1279 586 924 451 1019 611 553 456 689 573 815 480 872 557
689 456 799 543 922 451 1017 612 1163 443 1279 591 554 456 690 572 816 481 874 557
690 456 800 543 920 451 1015 610 1166 445 1278 588 554 456 691 572 821 455 873 545
691 455 801 542 918 452 1013 611 554 457 691 571 819 455 875 544 1194 445 1278 595
691 455 802 541 916 451 1012 611 818 455 876 544 554 457 692 572 860 462 934 522
692 455 803 540 913 450 1010 610 818 456 877 544 554 456 692 573 860 462 937 521
693 455 804 538 554 456 694 572 911 452 1010 611 808 484 887 554 859 462 939 522
694 455 804 537 555 454 695 572 909 454 1009 609 810 485 890 554 1189 532 1279 711
696 455 805 537 557 452 697 571 907 455 1008 607 813 486 892 554 1171 534 1279 713
697 455 806 536 558 451 697 571 906 453 1008 605 814 485 891 554 1166 485 1279 697
697 455 806 536 558 452 698 571 903 452 1007 605 1163 480 1279 695 819 454 877 543
698 455 807 536 558 451 698 571 900 452 1005 605 820 454 877 543 1158 474 1277 695
698 454 807 536 558 451 698 572 898 452 1003 606 820 453 876 542 1154 472 1274 695
698 454 808 536 558 451 698 572 897 453 1002 606 820 451 876 541 1134 432 1279 709
698 454 807 537 558 451 698 572 897 451 1000 607 819 450 876 541
697 455 807 539 558 452 698 571 896 449 1000 606 1130 399 1279 684 818 450 876 542
696 457 808 541 559 453 699 571 1120 397 1279 683 896 447 998 604 817 451 875 543
696 458 809 543 558 454 699 571 1112 398 1277 683 895 449 995 603 817 452 875 543 1090 542 1260 705
696 458 810 544 1108 399 1274 682 557 453 700 572 895 452 992 601 817 453 875 544
697 459 810 545 556 454 702 574 1087 408 1262 681 895 453 989 605 817 454 875 545
697 459 811 545 556 456 703 573 1080 407 1257 682 896 452 986 607 817 454 875 547 1107 540 1277 704
697 460 811 546 556 457 704 573 1071 406 1248 684 898 450 982 610 813 463 875 564 947 456 1044 546
697 460 812 545 556 455 704 573 1066 406 1238 684 814 462 876 564 899 446 980 610 947 457 1050 547
697 460 813 545 557 454 705 574 1062 408 1229 684 814 462 876 564 899 441 978 608 945 457 1057 547
696 469 817 551 557 457 706 574 1060 408 1222 683 814 461 876 565 959 459 1070 547 886 453 973 601 1014 552 1223 696
696 469 818 552 1043 413 1207 682 556 462 706 573 814 460 877 567 956 459 1076 548 885 456 973 600 1003 551 1234 696
696 468 818 552 1037 412 1202 684 556 463 706 572 952 458 1079 549 814 460 877 567 882 461 973 602 996 551 1243 697
697 468 818 552 1030 410 1197 687 558 461 706 574 951 462 1085 557 814 460 877 567 996 548 1238 698 881 464 972 605
558 457 706 575 698 468 818 553 1023 409 1191 689 813 459 875 568 955 462 1086 559 879 463 972 610
559 453 708 577 699 467 818 553 1020 410 1184 689 813 458 874 568 878 460 972 611 945 456 1098 571
558 452 708 577 700 466 817 554 1018 410 1177 688 813 459 874 568 878 458 974 609
558 451 708 577 700 466 817 554 814 459 874 568 1013 410 1174 685 878 457 973 606
559 451 708 577 700 466 818 553 814 460 874 568 877 456 973 604 1010 411 1172 681 988 544 1207 701
558 451 707 577 700 461 817 546 813 460 874 569 876 455 971 602 986 545 1206 702 990 416 1162 674
559 452 707 576 700 461 817 546 813 461 875 570 876 456 969 602 993 415 1158 675 982 547 1208 702
559 451 707 576 700 461 817 546 813 460 874 571 992 414 1151 678 876 456 969 602 975 548 1215 701
558 451 707 576 700 460 817 546 984 434 1152 693 813 459 874 571 877 457 970 603
558 451 707 576 700 460 817 546 982 434 1151 691 812 459 874 571 878 456 971 604 962 552 1229 702
558 452 707 575 700 460 817 547 981 415 1140 681 812 460 875 571 878 457 971 606 1080 438 1239 565 908 524 1223 710
558 451 708 575 700 466 818 554 975 415 1135 678 813 460 876 572 880 455 972 606 1086 448 1241 577 905 521 1217 712
559 452 707 574 700 467 818 554 951 536 1176 705 970 415 1129 674 815 460 876 572 1080 447 1254 579 880 456 973 606
559 451 707 575 700 467 818 554 947 534 1175 705 964 417 1128 672 815 460 876 572 1072 445 1267 582 880 455 975 605
559 451 706 574 700 466 818 555 945 533 1172 705 1101 447 1277 580 962 417 1126 672 815 460 876 572 880 455 976 605
700 465 818 556 560 452 706 574 1101 445 1278 587 962 433 1135 700 814 461 876 572 880 452 975 603
701 464 818 556 559 452 706 573 1102 445 1279 592 946 532 1162 704 814 461 876 571 987 429 1108 644 881 450 975 602
1106 444 1279 597 559 453 707 573 701 464 818 556 949 537 1158 701 814 460 875 571 985 428 1106 643 881 449 975 601
