

467 423 531 482 998 414 1090 571 639 448 697 538 783 439 848 545 981 472 1122 598 5 187 357 553 542 430 560 461 561 424 586 477 636 406 682 491 587 432 625 465
6 180 351 558 466 422 530 482 1001 412 1093 569 981 474 1124 599 782 440 851 546 640 449 697 539 542 430 561 461 560 424 586 477 636 406 683 489
466 421 530 482 782 444 852 546 1003 409 1096 569 8 171 345 559 983 475 1127 600 641 450 698 539 559 423 586 477 637 405 683 487 305 213 365 234
465 421 530 483 783 444 853 546 7 160 331 566 1006 409 1099 570 643 451 698 539 986 478 1132 600 559 424 586 476 644 404 694 489 301 209 364 230
466 422 531 484 784 445 853 545 644 451 699 540 1009 411 1103 567 5 144 325 563 1003 497 1129 600 560 425 586 476 643 406 694 488
464 431 530 492 646 451 701 541 789 417 849 529 785 476 859 552 1016 415 1108 567 996 489 1147 600 7 154 319 551 642 408 695 487 561 425 586 477
463 431 530 494 646 450 702 543 785 475 859 554 791 417 850 528 1019 417 1115 567 1001 488 1149 598 642 410 695 486 561 426 586 476 884 433 903 498
463 432 530 495 647 450 702 544 791 436 856 549 1021 418 1119 572 1010 488 1168 601 642 410 696 488 558 438 584 495 542 434 558 464 887 432 905 500 367 325 394 355 284 194 340 219
463 433 530 496 648 449 703 546 1019 416 1120 575 792 435 857 550 1014 484 1163 604 558 437 585 496 278 190 339 215 643 410 696 488 890 434 908 499 543 435 559 464 0 84 350 615 364 326 394 357
464 434 530 496 1020 411 1123 578 794 434 858 550 648 447 703 548 1016 482 1161 608 558 438 585 497 274 186 338 210 643 410 697 490 0 81 344 610 911 436 930 504 542 436 557 465 893 436 911 499 362 328 393 358
464 434 530 496 1022 410 1125 580 795 433 859 551 648 445 703 551 1018 482 1162 610 555 427 590 505 270 183 339 207 911 436 930 502 0 80 342 610 644 410 699 490 360 328 392 358
463 433 530 496 650 445 705 551 798 430 861 552 1026 409 1126 581 1021 483 1166 609 554 427 590 505 911 435 933 501 359 327 390 356 646 411 700 490
463 432 529 496 1044 407 1143 582 651 447 706 549 799 429 863 553 553 427 590 504 1026 486 1170 609 647 412 701 490
1049 407 1146 581 654 477 709 558 462 431 530 495 1031 487 1176 610 800 473 877 565 648 415 704 523 553 427 589 503 801 419 861 527 236 156 330 184
656 478 710 559 1053 407 1151 581 802 474 878 565 1033 487 1181 610 649 414 706 523 552 429 591 501 812 417 873 529
1056 407 1157 580 804 473 883 565 1036 487 1190 611 656 448 711 548 466 425 528 481 813 413 876 531 555 443 586 495 651 409 707 493 560 427 589 467
1061 407 1163 578 806 471 888 564 1042 484 1197 612 465 425 528 482 815 412 879 532 652 410 709 523 657 473 713 560 555 444 587 495 560 426 589 469 583 427 655 480
1065 408 1170 578 809 409 892 547 464 426 527 482 652 409 711 523 1049 481 1202 611 661 471 720 560 555 443 587 495 1004 421 1038 516 583 426 656 481 205 111 304 145 814 469 878 564 560 425 589 470 540 427 565 467 980 420 1012 515
809 408 895 547 661 473 721 561 1069 409 1173 579 465 427 527 481 653 410 712 522 1065 476 1216 611 583 426 657 482 555 443 588 494 815 470 878 565 560 426 589 470 1006 419 1040 517 200 104 302 138
810 406 899 548 661 472 723 564 1092 402 1193 587 466 427 527 480 655 411 713 522 522 435 541 461 554 443 588 494 541 427 566 470 817 471 880 566 1073 504 1224 622 1005 417 1042 520
813 406 903 548 1097 402 1201 594 663 472 725 565 585 430 661 495 666 415 722 522 521 436 540 462 1079 503 1236 623 545 449 573 491 1007 421 1042 520
586 431 664 496 1102 401 1210 597 817 407 909 548 665 470 728 566 461 434 527 487 666 416 724 522 545 447 574 492 1086 503 1245 624 1021 420 1059 521 822 491 914 579
587 431 665 496 825 472 909 575 1107 405 1217 595 667 468 730 567 462 433 527 488 1024 418 1063 521 545 445 576 493 934 428 967 463 665 407 721 491 1090 502 1247 626 837 414 904 528
826 408 915 551 590 432 666 495 669 466 732 569 462 433 526 489 1115 406 1220 590 826 484 919 586 935 429 970 464 544 443 576 495 668 415 726 524 262 397 391 479 1028 422 1069 511
829 408 918 553 593 431 667 494 670 466 734 570 462 433 525 489 1120 406 1221 590 830 484 924 587 541 430 583 498 258 393 393 481 669 414 728 525 936 430 971 465
833 409 923 556 594 431 669 494 672 464 737 572 462 432 525 489 541 430 583 498 1141 399 1242 589 832 484 929 588 672 414 731 526 949 428 984 468 521 437 540 464 257 393 393 482 1050 409 1096 485
594 430 670 494 834 410 927 557 673 465 738 571 1142 394 1248 597 541 430 583 498 462 433 526 489 673 416 732 526 950 427 987 468 520 438 540 463 840 486 938 588 247 401 375 481
1143 391 1254 600 596 430 672 495 843 406 937 555 665 472 744 564 844 485 941 590 540 430 584 498 675 416 734 524 952 428 991 467 519 436 540 462 461 433 526 488 1068 409 1119 484
847 405 941 554 1147 392 1258 602 598 430 673 495 849 483 947 593 667 472 745 563 675 415 734 522 520 435 540 462 540 430 584 498 953 428 995 467 462 432 525 488 541 428 568 470
850 404 947 556 1152 392 1264 603 241 376 389 479 600 429 674 495 853 482 953 595 521 434 540 463 677 413 736 520 540 429 583 498 667 470 747 566 466 425 525 481 954 428 997 468 542 427 569 471 1096 409 1144 483
240 379 390 479 854 404 953 555 600 426 682 495 855 480 956 596 1160 394 1269 601 521 434 540 464 676 407 732 497 541 428 582 498 466 425 526 481 543 426 568 472 764 425 780 472 976 424 1007 468 668 470 748 567 1116 409 1164 484
237 378 389 480 859 403 960 555 601 426 683 496 520 435 540 463 673 412 753 553 541 428 583 499 977 425 1012 469 863 482 969 596 1169 395 1271 596 578 428 612 468 542 426 568 471 768 425 784 473 1121 409 1168 483
237 377 386 481 866 403 968 553 602 426 685 497 868 483 975 599 520 436 540 463 675 414 756 554 540 429 583 499 680 404 735 501 579 429 614 468 462 433 526 489 1148 408 1193 485 542 427 567 469 1206 385 1274 592 680 484 757 590
239 374 384 484 605 427 687 498 873 404 976 556 675 454 756 589 874 485 982 601 540 429 584 499 519 436 540 463 462 434 526 489 973 425 1029 475 580 430 614 468 682 403 735 500 1152 408 1196 485 1107 423 1130 460 1207 381 1275 588
607 426 689 500 241 373 383 485 876 402 982 560 678 411 759 558 1169 407 1216 486 540 429 585 499 863 479 993 603 462 435 526 489 519 436 540 463 976 425 1032 476 582 430 616 467 683 488 761 594 1166 390 1218 416
610 426 690 500 240 371 385 485 888 403 996 562 681 407 762 560 875 482 1014 604 548 427 588 498 462 435 526 488 685 490 765 593 519 437 540 463 583 430 618 467 1174 409 1219 481
612 426 692 502 893 400 1004 563 238 373 389 483 683 406 767 561 881 480 1021 609 549 426 587 499 463 436 527 490 520 437 541 462 687 492 769 592 584 431 620 467
614 428 694 504 900 397 1014 564 686 407 771 562 236 374 391 481 889 478 1030 612 549 426 586 499 464 437 527 492 521 436 542 461 584 431 622 469 688 487 772 592
616 430 697 505 688 406 774 565 907 395 1023 567 896 476 1036 617 236 375 391 482 549 426 587 499 462 435 527 492 1231 464 1279 696
619 432 698 505 699 447 788 597 236 377 390 483 462 436 528 493 550 428 587 500 914 392 1031 574 902 472 1045 619 522 437 541 460
701 451 792 599 621 433 699 506 239 378 391 486 551 429 589 502 463 437 528 494 916 465 1072 625 919 390 1035 580 523 439 543 461 561 480 589 504
624 430 712 510 704 456 798 604 921 464 1081 629 464 438 529 495 938 386 1061 571 240 382 391 488 553 430 592 502 525 441 543 462 563 480 591 506 693 403 776 560
628 429 713 510 700 401 796 568 931 466 1090 631 944 382 1068 572 466 438 530 494 554 430 594 502 240 377 393 490 564 480 592 507 710 485 798 609
633 429 715 509 707 398 803 567 954 378 1079 574 556 430 597 502 468 438 532 492 238 376 396 487 941 467 1099 625 565 478 593 506
638 428 719 508 714 394 812 569 237 371 401 484 557 430 600 501 470 436 534 490 962 461 1130 627 542 437 559 462 961 381 1079 577 566 475 596 504
643 427 723 508 721 391 822 571 967 458 1146 628 237 373 404 482 991 371 1118 575 557 432 603 501 473 435 535 489 599 426 653 480 542 437 561 460
725 448 832 610 646 421 736 512 239 371 406 480 975 456 1158 627 475 428 535 481 558 433 605 500 1003 370 1129 576 601 426 656 478 543 435 562 458 723 376 820 524 563 426 594 470
652 421 739 513 241 370 410 479 478 429 538 481 739 442 847 612 560 432 608 500 1005 457 1188 630 604 425 660 479 726 374 825 526 1011 373 1129 579
657 422 743 513 241 367 413 481 743 446 854 617 1025 352 1191 617 481 427 541 483 742 371 847 528 377 245 427 266
665 423 748 515 242 367 416 484 744 383 856 569 1036 353 1205 614 484 433 544 489 571 428 616 500 375 242 428 264 611 426 680 481
241 369 418 487 753 381 864 572 670 421 765 522 1061 350 1233 616 574 428 617 502 489 436 553 492 737 462 886 621 373 241 429 263 617 435 679 486 581 473 614 506
676 423 770 524 242 373 420 489 488 438 554 493 578 430 621 504 623 437 684 490 762 384 870 573 372 241 430 261 584 475 616 511 1073 349 1245 625 742 459 898 625
243 377 425 493 682 426 776 525 492 440 556 497 583 433 624 505 586 477 620 514 372 239 431 260 770 388 872 575 755 483 904 647 630 439 686 494 1122 347 1273 633
246 378 430 497 692 425 796 532 586 436 628 508 774 485 929 651 588 476 624 518 497 442 560 497 635 443 704 499 1135 337 1277 644 371 237 434 258 800 391 910 584
246 377 431 499 700 433 795 539 639 444 711 500 782 486 944 652 588 438 630 511 501 442 562 496 591 474 625 518 371 234 436 255 807 387 915 590 777 404 865 573
260 378 438 500 643 444 718 501 715 428 817 544 598 437 640 512 810 394 913 587 791 489 956 652 505 442 566 495 372 230 437 252 594 474 625 516
259 374 440 501 599 436 641 512 721 434 827 544 821 489 995 654 653 443 736 503 604 476 637 519 855 385 964 598 515 441 575 495 372 218 437 240 809 399 910 581
655 442 742 503 256 369 443 501 603 434 645 508 516 441 579 494 836 363 995 630 608 477 641 517 728 429 872 545 370 211 440 235
660 440 748 502 255 364 445 499 842 360 1001 634 607 432 649 507 734 427 879 544 519 439 583 493 611 475 644 514 815 405 911 566 865 496 1038 655 368 205 444 229
258 361 449 497 525 437 587 490 742 426 889 542 877 355 1033 642 673 437 766 502 611 431 654 505 617 472 648 510 849 390 964 587 370 192 442 217
679 436 769 500 260 358 452 494 749 425 898 539 853 397 962 573 530 436 592 488 921 349 1087 642 367 184 444 210 624 429 665 503
685 435 775 498 262 354 457 492 934 351 1094 646 627 428 668 502 861 401 969 567 770 424 939 549 634 470 664 507 536 434 601 487
263 350 461 491 775 425 940 549 962 345 1153 647 694 433 791 499 631 429 673 501 543 425 603 484 638 470 668 507 368 162 457 191 870 402 978 570
698 433 796 500 262 350 468 488 783 425 951 550 547 426 608 482 900 398 1013 572 635 430 679 501 1007 341 1201 636 643 469 672 505 636 428 664 468 366 154 459 185
703 432 803 500 262 353 473 487 552 428 612 481 806 423 1004 560 1016 337 1213 640 637 429 661 466 682 435 717 467 369 138 459 168
809 426 1010 560 261 355 478 487 711 429 824 505 1055 326 1260 638 948 395 1062 577 555 429 615 481 933 471 1091 608 650 429 689 501 638 432 656 464 367 132 459 160 803 429 846 514 655 472 685 506 686 436 720 467
714 430 826 504 818 428 1017 564 261 353 478 488 558 434 616 487 652 429 692 503 658 472 689 508 638 433 656 463 1115 318 1279 649 811 427 851 517 959 397 1078 575 364 119 462 149
718 434 831 508 259 349 480 489 832 426 1067 572 655 431 696 504 661 474 694 512 640 435 658 463 360 113 462 141 559 435 618 489 819 432 867 519
258 348 479 491 720 437 836 513 658 435 699 507 844 435 1072 591 662 474 697 517 561 437 624 492 827 440 873 539 642 437 660 464 643 453 660 474 1005 407 1125 581 702 448 739 487 355 104 463 135
261 346 480 495 732 439 852 519 661 439 701 510 854 437 1082 597 562 440 625 494 1028 395 1185 635 642 454 661 477 700 451 742 488 352 90 465 120 834 442 877 539
259 350 478 500 734 443 854 528 874 440 1125 607 562 443 626 495 662 441 703 512 845 444 891 545 642 455 662 480 348 83 466 112 701 455 743 489 1035 395 1202 644
737 447 859 530 257 351 477 505 564 443 626 497 641 455 663 483 885 443 1199 633 852 447 896 545 662 442 703 513 702 458 743 491 340 76 471 109
742 449 864 531 896 445 1213 634 251 352 475 508 565 443 626 498 641 454 663 484 661 455 707 522 704 459 743 491 857 450 901 546
898 449 1242 637 746 450 868 533 249 350 476 510 641 454 663 483 565 444 625 498 873 450 918 544 662 456 708 522 704 459 743 491 1206 410 1278 644
246 348 477 509 749 448 883 537 890 451 1259 635 641 454 663 482 565 443 625 497 878 449 924 545 662 457 709 521 704 458 745 490 320 13 450 48 953 453 983 495
931 444 1273 635 242 343 477 508 752 447 888 536 643 454 662 481 564 441 625 495 891 448 943 545 663 442 706 513
946 440 1276 634 240 339 474 505 753 444 896 536 643 453 662 479 895 445 950 546 563 438 625 493 663 441 706 513
969 434 1275 637 238 334 473 504 741 442 914 535 643 452 662 478 562 437 625 491 663 440 706 514 900 446 955 547 704 445 780 498
986 429 1273 636 239 332 470 504 758 441 932 537 643 452 662 478 561 436 625 491 667 474 704 521 703 445 780 497 916 440 976 549 645 440 661 466
235 331 471 505 761 439 936 539 1023 436 1272 628 561 437 624 492 667 475 703 521 645 451 662 477 663 439 705 513 704 445 781 499 202 435 217 468
765 437 938 541 231 331 470 505 1051 435 1270 630 561 436 623 492 668 477 702 521 644 451 662 477 664 438 706 512 703 445 783 500 644 439 661 466 199 435 214 467 943 440 1000 551
769 437 948 543 216 330 460 504 1071 436 1270 636 668 477 702 521 664 438 705 512 561 437 623 493 643 451 661 476 643 439 660 466 964 438 1021 553 197 435 211 467
772 438 957 545 210 328 459 506 1104 439 1279 640 667 477 703 522 559 437 618 493 642 453 660 477 967 435 1027 554 663 440 704 511
776 440 971 549 203 325 457 510 559 437 617 492 643 453 659 478 666 476 702 522 1118 452 1279 634 1019 444 1080 551 664 446 693 493 182 435 197 468
776 440 980 552 195 324 456 511 559 438 617 492 665 476 702 522 642 453 659 478 665 445 694 496 179 437 193 468
786 439 1005 558 188 305 469 499 662 441 702 512 558 439 616 492 665 477 701 521 642 452 659 477 693 449 799 506 175 438 189 469
791 436 1014 559 184 324 461 508 662 439 702 511 558 440 616 492 664 478 702 521 1023 431 1110 572 642 451 658 476 694 448 798 506 643 441 659 464
798 433 1030 560 174 326 458 505 661 437 703 509 556 439 616 491 663 476 701 520 693 445 798 505 643 440 659 463 621 440 637 464 155 437 169 467 1058 429 1147 573
161 305 467 499 802 429 1044 560 660 435 703 508 552 446 614 485 662 476 699 519 691 442 802 506 622 439 638 464 643 439 658 462 1064 426 1157 574 152 437 166 468
154 304 466 498 824 426 1071 565 550 446 614 484 659 434 702 506 661 476 698 517 622 438 639 464 689 439 806 506 644 438 658 461 1105 423 1194 574 148 436 164 470 624 450 640 473
147 301 466 501 827 425 1084 564 659 432 701 505 550 445 613 483 622 437 639 464 660 475 697 517 689 439 807 507 644 438 657 460 624 450 641 474
140 304 466 500 833 423 1100 567 658 432 700 506 549 445 612 483 621 436 638 464 659 474 695 516 688 438 808 508 643 437 658 460 623 449 640 474
135 303 467 499 857 421 1140 574 548 446 610 483 656 433 699 507 620 436 638 463 688 438 806 509 658 474 695 516 643 438 658 460
120 303 452 501 845 424 1177 605 546 447 609 484 653 435 697 508 688 438 808 511 620 438 638 463 655 475 694 517
120 303 447 501 855 424 1200 606 544 448 608 484 653 436 696 508 689 439 809 512 620 438 638 464 653 476 693 517
113 301 440 504 873 423 1223 609 543 439 606 494 652 436 693 508 651 476 690 518 691 439 811 512 620 438 637 465
105 299 433 506 882 425 1246 612 542 440 604 495 651 437 693 509 649 476 690 518 620 450 636 475 619 439 637 464 692 441 810 510
93 294 428 509 912 421 1268 616 540 441 603 495 648 439 692 510 619 449 634 475 805 460 892 529
