

458 430 792 671 2 352 163 687 823 413 1024 537 734 447 784 479 440 439 511 491 1147 430 1203 507 713 449 740 472
458 431 793 672 822 413 1018 536 2 350 139 686 733 447 783 479 438 440 512 491 1143 433 1200 507 713 449 739 472
458 431 791 672 818 415 1010 534 3 347 119 692 733 447 783 479 1138 434 1195 507 435 440 512 492 92 430 174 480
458 431 793 672 815 418 1003 531 732 446 784 479 1133 432 1190 506 434 439 490 491 68 429 162 482 983 419 1019 488 1 335 82 707
457 431 794 673 810 420 996 528 60 429 158 482 731 446 784 479 430 439 489 491 2 367 63 682 980 419 1015 489 1137 408 1185 491
456 431 796 675 806 420 991 525 50 430 155 481 731 446 784 479 428 439 487 490 1122 435 1179 503 974 419 1011 488
454 431 794 676 803 420 987 523 31 430 153 482 730 446 783 478 426 440 484 490 1118 436 1174 502 1122 437 1279 719
454 431 794 677 802 421 984 520 29 430 146 481 731 446 782 478 423 440 481 492 1113 434 1167 502 1100 442 1279 717
454 432 794 679 800 422 984 517 28 430 138 481 732 446 782 478 1070 433 1274 714 420 440 478 493 1114 410 1159 491 460 427 553 497
454 432 795 682 801 422 982 516 27 431 131 480 1057 390 1275 699 732 446 782 478 418 440 476 494 459 428 552 498 1103 409 1153 495
453 432 797 684 1040 377 1271 700 792 426 962 516 13 430 126 482 732 446 782 478 416 440 491 496 1101 408 1148 494 456 428 553 499
452 432 798 685 10 429 119 482 796 424 947 517 1021 363 1272 700 732 446 780 477 455 428 551 499 413 441 491 495 1096 409 1141 487
449 432 799 685 8 428 111 482 796 423 937 516 985 377 1265 684 732 446 778 476 452 428 550 500 406 441 467 494
448 432 799 685 793 423 920 511 5 429 102 482 971 371 1265 688 731 447 776 476 402 442 464 495 449 428 548 502
793 423 916 509 446 431 801 686 958 369 1267 689 5 429 98 481 731 447 775 475 399 443 460 495 445 426 549 504
789 424 911 508 444 432 803 687 944 365 1266 695 1 428 87 483 731 446 775 475 433 425 538 507 397 442 456 496
785 424 906 506 441 432 803 688 931 364 1268 697 0 429 82 483 428 423 538 509 731 446 775 475 394 441 453 497
781 423 902 506 439 432 801 689 922 368 1271 697 0 429 77 482 424 422 537 510 731 446 775 475 392 440 450 497
439 432 799 689 780 423 899 506 912 376 1277 689 422 423 535 510 0 429 72 481 730 446 774 475 388 440 442 496
439 432 799 690 776 426 889 503 902 379 1279 685 418 422 533 512 730 447 772 475 383 441 437 496 1 428 61 482
893 385 1279 682 775 429 885 501 439 431 801 690 415 422 531 513 729 447 770 476 378 441 432 497 0 428 57 482
865 392 1279 677 774 432 881 499 438 431 803 691 405 423 516 513 729 447 769 476 373 441 426 498 0 423 46 484
857 395 1279 673 771 433 878 499 437 432 804 691 396 423 519 513 730 446 769 475 0 423 44 483 371 439 425 498
852 398 1270 662 436 432 805 691 770 433 874 499 387 423 520 514 731 447 767 474 0 427 28 475
849 400 1249 651 436 432 805 691 769 433 869 499 369 421 536 516 731 448 765 473 0 429 22 472
435 433 805 690 850 403 1222 641 769 434 865 499 363 420 538 517 731 449 763 473
435 432 804 690 848 404 1203 637 768 435 863 499 360 419 539 518 731 449 763 473
434 431 804 689 845 407 1176 630 764 436 853 499 347 421 524 519 732 450 762 473
432 429 804 690 762 438 850 498 344 421 522 522 838 409 1160 623 733 451 760 473
431 429 803 690 760 439 848 497 337 420 524 526 821 415 1128 614 734 452 759 473
430 429 803 690 333 418 522 528 758 439 846 497 825 415 1105 580 734 451 759 473
431 430 804 689 821 415 1088 577 325 416 516 531 757 437 844 497 1129 419 1279 577 734 451 759 472
820 415 1071 574 432 430 805 689 318 415 505 532 758 436 841 497 1116 416 1278 575 734 450 760 472
432 429 805 689 811 416 1049 569 310 414 497 533 758 435 839 496 1103 412 1277 573 736 444 756 463
432 428 804 690 811 416 1040 566 305 414 497 534 758 436 836 495 1097 412 1279 573 735 443 757 464
433 429 803 691 808 417 1025 561 297 415 475 538 1075 415 1269 566 758 436 833 494 456 414 548 484 736 443 757 464
434 429 803 692 803 418 1009 558 291 416 467 542 1063 413 1275 568 757 437 830 494 453 413 547 487 736 443 757 464
798 420 997 554 433 430 804 693 284 417 458 546 1052 412 1279 571 449 414 545 487 756 437 828 493
796 423 990 552 433 429 802 693 276 416 455 548 1043 411 1279 571 448 415 544 487 752 440 816 493
435 428 797 694 1031 411 1279 570 264 414 452 550 785 428 974 545 750 441 813 492 443 414 534 492
436 426 794 693 1021 411 1279 567 787 428 965 543 255 409 448 553 749 442 811 491 441 414 534 494
436 426 797 694 1012 411 1279 564 787 428 956 541 233 408 436 554 438 415 535 493 746 442 808 489
435 426 803 694 1009 412 1279 561 786 427 948 540 226 403 431 557 745 442 806 489
435 427 807 695 210 401 425 561 784 427 939 538 1005 411 1279 556 746 444 800 487
435 429 808 694 782 426 931 536 195 400 421 567 1008 412 1271 553 746 445 798 487 425 412 482 492
435 429 808 693 977 412 1263 550 781 425 924 532 173 402 405 567 744 444 796 487 421 411 480 491
432 429 809 693 973 412 1252 549 780 424 919 530 166 401 401 570 744 442 796 488 414 414 498 492
431 428 808 692 970 413 1234 547 769 429 920 526 149 401 392 574 744 440 794 488 413 414 499 493
430 428 808 692 969 415 1219 544 771 428 912 526 133 401 385 578 412 412 502 494 745 440 792 488
430 428 809 692 954 420 1197 540 775 428 903 525 92 396 387 590 410 412 505 495 745 441 790 488
431 428 810 692 766 428 893 520 955 420 1186 537 77 397 375 592 735 444 778 486
432 429 810 692 766 428 887 518 952 420 1173 535 59 396 367 595 735 444 777 486
432 428 809 693 766 428 881 515 946 420 1161 534 36 398 341 596 735 445 776 485 395 414 474 493
433 429 809 693 765 427 876 514 939 421 1152 533 28 394 331 602 736 445 775 484 393 412 475 494
433 429 809 692 764 427 873 513 936 423 1146 532 12 390 322 604 736 446 773 482 392 410 477 495
435 429 809 692 764 426 869 513 921 425 1127 527 0 385 309 610 736 447 771 482 389 408 477 496
437 429 808 691 764 427 866 511 921 427 1118 524 0 395 298 642 735 448 769 482 385 407 479 496 429 424 529 510 263 426 312 517
439 430 807 690 917 427 1108 520 755 430 859 505 0 391 284 654 735 448 767 482 258 428 307 521 379 405 482 495 425 427 527 512
439 430 806 690 913 428 1102 518 755 432 858 504 1 385 274 663 735 449 766 483 422 428 526 515 375 403 486 495 250 425 302 525 1216 433 1277 607
439 429 806 690 905 426 1094 516 753 433 856 503 419 430 526 516 735 449 765 483 370 401 487 495 2 377 266 667 1205 436 1275 596 227 426 293 527
439 428 807 692 750 433 855 503 900 425 1088 515 417 433 525 516 0 362 233 685 735 450 764 483 367 405 452 495 193 426 283 529 1174 424 1275 576
439 427 807 693 748 434 852 502 895 423 1085 514 187 427 276 530 0 362 217 677 411 434 510 513 1163 424 1273 576 735 450 763 482 364 404 452 496
440 427 807 693 748 435 849 501 888 421 1064 512 407 434 511 514 0 347 184 647 362 403 454 497 1138 425 1279 570 736 449 763 482 172 424 265 540
438 427 807 693 884 422 1057 511 750 435 844 501 2 348 157 649 402 436 510 515 1123 416 1279 570 357 401 458 498 735 449 761 482 154 428 262 522
436 427 806 693 880 422 1049 511 751 434 840 501 398 437 508 515 1107 404 1279 573 3 343 129 657 353 400 461 499 734 447 761 483 106 424 244 543
433 427 805 692 876 421 1042 511 751 435 836 500 85 423 237 545 395 438 506 515 1094 393 1279 577 346 405 429 499 732 447 760 482
433 428 804 692 875 420 1036 512 750 436 834 499 1074 396 1273 572 392 438 505 514 343 405 427 500 45 419 227 556 730 447 760 483 2 343 73 696
432 428 805 692 26 419 219 560 876 427 1026 507 1061 394 1277 574 739 438 825 497 372 436 493 514 339 405 427 499 728 447 759 483
431 429 805 692 871 429 1021 507 13 419 206 565 1052 392 1278 578 738 438 824 497 366 438 493 515 335 404 427 498 727 446 758 484
432 429 806 692 865 429 1016 506 0 422 191 569 738 438 823 496 1040 392 1278 579 359 440 494 517 328 403 429 498
433 429 807 692 0 422 183 571 863 427 1014 507 1030 393 1279 576 741 438 821 496 353 441 496 517 322 403 434 498 714 449 751 479
433 430 807 691 0 421 169 568 1017 395 1279 570 865 426 999 505 742 437 819 496 327 426 493 520 714 449 751 478
434 430 807 691 863 426 997 504 1 419 154 565 1006 398 1279 566 743 437 817 495 320 428 493 522 715 449 750 477
433 430 806 690 862 427 993 503 1000 398 1279 561 2 416 140 562 741 436 816 495 313 431 492 526 715 449 748 477
435 431 806 690 858 427 991 502 4 411 124 564 997 400 1279 557 308 432 494 528 740 439 815 495 815 449 842 472 715 449 748 477
435 431 806 690 854 428 987 502 973 403 1262 553 302 433 497 531 738 441 814 495 4 410 111 565 813 450 841 473
437 431 807 690 967 404 1247 552 851 429 983 502 290 426 481 530 738 441 812 495 0 408 84 570
437 431 807 691 962 403 1232 551 287 426 480 535 849 429 982 502 1 408 70 572 737 440 811 495
437 432 807 691 285 427 477 538 959 404 1224 549 849 431 981 501 736 440 810 495 0 408 56 575
437 432 805 692 937 406 1204 545 275 427 471 541 843 432 967 499 740 442 805 494
436 433 803 692 937 405 1186 545 263 430 464 545 841 433 965 499 738 442 803 494
436 433 802 692 934 405 1169 544 248 433 461 548 838 434 961 499 737 443 801 494
436 433 802 692 929 405 1160 543 241 436 460 549 836 434 958 499 736 444 800 493
437 432 803 693 224 433 445 549 912 409 1139 537 836 434 951 498 739 448 798 487
437 431 804 693 210 430 441 553 913 408 1128 537 837 434 945 498 1124 349 1277 700 739 448 797 487
439 430 805 693 194 426 436 557 912 408 1117 535 830 437 932 497 1096 297 1279 693 739 447 796 487 807 450 832 475
440 429 806 693 183 427 432 560 911 407 1112 534 1069 305 1270 683 828 438 930 496 739 446 795 488 808 450 833 475
441 429 806 693 1046 307 1273 683 906 407 1100 532 825 439 927 496 156 429 418 556 740 445 793 488
440 429 805 692 139 430 421 562 1024 307 1275 688 822 439 923 496 905 406 1086 530 731 443 789 490
439 429 805 692 118 429 421 568 989 323 1279 653 819 439 919 496 898 408 1051 522 732 443 788 490
437 429 804 692 119 444 404 582 816 438 917 495 991 348 1279 687 897 408 1036 520 731 444 787 488
435 429 804 692 83 406 413 582 730 444 787 488 964 350 1279 635 808 438 905 494 890 416 1004 516
435 430 801 691 888 416 999 515 806 439 902 494 62 427 394 612 731 445 787 487 963 368 1279 681
436 431 800 690 40 427 382 617 804 440 898 493 731 446 786 486 882 419 974 512 946 367 1279 682 159 374 400 483
436 432 799 691 36 426 375 621 806 440 895 493 730 447 786 485 878 423 970 509 935 366 1279 681 153 374 395 485
437 432 800 691 17 424 354 623 805 441 890 493 730 448 784 485 917 351 1279 637 875 423 964 507
438 431 799 692 5 423 347 630 804 440 886 494 730 449 782 485 911 352 1279 632 871 435 931 504
439 430 799 691 0 421 337 635 730 450 779 485 801 440 884 495 867 433 925 504 906 360 1279 622
