

359 474 392 524 177 559 291 635 757 375 877 459 481 433 535 504 365 499 397 530 870 336 966 402 581 426 628 468 1041 281 1143 366 891 290 939 362 1166 211 1216 292
749 376 861 461 476 432 531 505 851 337 955 405 361 499 394 531 357 474 391 524 580 427 625 467 880 292 928 360 481 470 530 510 1040 280 1143 367 485 308 521 329 1093 237 1145 353
743 374 857 462 850 337 954 405 471 432 527 506 578 427 622 467 876 294 924 360 358 499 392 532 158 557 267 635 358 475 389 521 346 476 371 514 478 470 527 510 1039 280 1143 368 485 308 522 329
739 373 851 463 849 339 950 406 870 293 921 392 151 555 262 638 345 475 372 517 467 431 524 506 576 428 620 468 1071 237 1126 358 1040 277 1141 370
736 373 846 463 460 433 512 505 846 341 946 407 344 474 372 520 868 295 919 393 345 498 381 534 1067 236 1125 358 147 555 255 640 573 428 618 469 462 470 509 515 773 351 828 442
726 375 836 465 457 433 510 505 343 499 380 536 342 474 371 522 137 553 241 640 844 343 941 407 1063 237 1121 356 867 299 917 394 1027 277 1119 373 1116 217 1212 349
721 375 831 465 340 499 377 536 453 433 505 505 340 475 369 521 457 471 506 514 136 553 234 640 850 302 903 398 560 425 606 469 1020 258 1114 386
716 374 824 467 338 500 373 536 449 433 502 507 847 304 900 398 339 476 367 519 454 472 503 514 558 426 605 469 1044 243 1101 355 1117 226 1170 327 135 552 225 643 1086 274 1206 367 131 518 184 621
843 305 896 396 335 500 370 536 715 375 818 465 445 435 499 509 338 475 366 518 556 428 602 469 1042 244 1096 352 1082 274 1202 367 1011 260 1104 388 1122 224 1225 288 295 483 317 519 1113 229 1166 324
703 376 808 467 839 306 894 396 333 500 367 537 555 427 600 469 438 437 488 508 1117 224 1229 291 339 475 365 515 1083 276 1196 365 1038 247 1092 351 442 471 483 517
698 378 802 466 829 311 883 394 1114 225 1227 305 435 437 487 508 553 427 597 469 796 360 910 423 1016 267 1192 382 331 499 365 538 343 473 366 511 1091 233 1149 353
1111 226 1227 305 431 435 484 509 825 311 878 392 696 378 795 467 799 362 903 424 1007 271 1186 386 324 497 355 537 551 428 596 470 322 472 349 525
1111 226 1229 306 803 364 896 424 427 437 480 510 684 379 780 468 321 499 355 538 821 313 873 390 981 280 1158 394 1067 239 1125 357 320 472 348 524
1111 225 1231 307 678 379 777 468 801 365 890 424 975 286 1160 397 318 500 354 538 422 460 476 519 817 313 869 390 1064 240 1119 355 317 473 347 523
1112 225 1233 307 971 289 1159 399 674 380 771 469 799 366 886 424 315 500 353 539 419 460 474 519 535 427 580 472 811 315 874 416
1110 224 1238 307 964 290 1153 402 671 380 766 469 314 499 352 538 801 316 858 415 786 363 878 427 417 462 473 519 535 428 580 471
1109 223 1242 307 959 289 1146 403 785 365 877 427 663 381 756 469 799 318 855 415 314 497 351 536 535 430 581 471 417 474 460 518 137 524 217 579 1020 260 1078 381 1084 246 1111 300 972 271 1025 377
955 287 1137 405 661 381 755 468 1109 218 1260 311 784 366 874 427 315 498 349 535 798 320 852 414 1017 256 1078 384 416 472 461 519 535 428 581 471 137 523 220 579 1082 248 1109 301
955 283 1134 405 657 381 752 467 782 367 872 426 316 499 348 535 797 320 852 414 1108 218 1261 312 415 471 460 517 536 428 582 471 138 519 223 578 1013 255 1073 384 318 480 348 521 1245 223 1278 318 1081 250 1107 302
654 383 747 465 317 499 347 534 780 367 869 425 941 285 1109 406 794 320 850 414 1079 222 1265 315 414 470 459 516 536 426 582 470 139 517 224 576 1079 253 1105 303 1013 259 1070 380
651 384 742 466 777 367 866 425 933 287 1107 406 318 499 348 532 413 470 458 514 1100 214 1251 299 791 319 847 415 537 426 581 470 141 515 226 574 993 263 1049 382
648 384 738 467 1069 207 1270 302 917 308 1099 421 776 366 863 424 413 469 457 512 318 498 349 531 789 318 846 415 537 424 579 469 142 514 229 574 989 264 1042 382
912 308 1091 421 647 385 736 468 1070 205 1270 301 415 469 456 511 776 365 861 423 319 497 352 530 789 318 846 415 971 267 1030 385 538 423 578 469 143 514 232 575 1047 283 1133 357
908 309 1085 419 648 385 735 465 969 268 1026 383 1099 205 1275 304 779 363 861 420 412 448 462 504 1047 282 1134 356 792 315 842 395 140 514 233 578
906 310 1081 418 648 384 735 463 966 268 1021 379 1099 204 1275 302 777 338 867 408 415 450 454 495 1045 282 1134 357 793 313 843 395 419 470 457 505
905 311 1076 417 1100 202 1274 302 648 384 734 461 339 476 369 515 782 340 867 406 962 266 1018 379 1044 283 1134 356 1217 228 1271 318
894 314 1063 420 643 380 730 461 340 476 371 514 786 343 868 406 1101 200 1275 300 428 451 469 495 794 311 845 394 1042 285 1134 354 1217 227 1273 318 946 268 1006 385 130 532 182 591
890 316 1059 419 644 383 729 458 787 343 868 406 430 450 470 493 343 474 373 512 1215 223 1275 319 794 311 845 393 945 269 1004 385 1022 284 1127 354 1127 209 1258 287
886 316 1052 419 645 386 727 457 431 448 470 491 786 342 866 405 1214 221 1274 318 345 472 375 510 941 270 998 382 1019 284 1127 354 128 517 200 580 654 363 708 436
881 316 1044 418 645 388 724 456 431 447 469 490 1211 219 1272 318 783 338 863 404 1018 283 1125 356 347 471 377 508 131 515 204 578 654 363 708 436 920 274 979 383 438 429 469 465 1059 248 1088 297
875 317 1035 419 643 389 720 456 430 447 469 490 790 313 844 396 1195 261 1278 330 1017 284 1123 356 348 472 378 507 920 276 979 381 138 514 219 576 1058 249 1087 298 440 427 469 463 559 401 598 445 1214 205 1270 304
867 317 1027 421 638 390 714 457 430 450 467 490 348 472 377 506 140 513 221 574 780 337 859 405 1017 285 1118 357 1190 255 1279 332 557 403 596 445 442 425 469 461 1057 252 1086 297
633 388 708 457 348 472 376 505 846 321 1008 425 139 512 223 572 776 335 859 406 555 401 593 445 228 488 284 553 429 451 464 488 992 286 1101 361 608 256 640 277 998 264 1042 367 872 279 963 404
841 322 1002 426 417 447 458 489 629 387 705 457 768 336 849 404 1167 204 1268 332 347 472 374 505 215 490 294 551 863 280 956 405 553 401 592 444 139 512 226 570 994 263 1038 368 992 288 1099 362 611 254 641 277 1034 252 1063 303
833 324 992 426 416 446 456 488 620 385 699 456 766 333 848 404 870 283 933 405 1162 204 1263 332 975 261 1025 371 214 488 297 552 346 471 374 505 552 401 593 444 1033 253 1062 304
617 387 694 457 824 324 981 428 415 447 454 488 761 333 847 405 974 263 1020 371 867 284 927 406 213 487 300 553 1156 205 1255 334 345 471 372 504 552 403 592 443
613 388 689 458 413 447 451 488 974 264 1016 373 756 336 840 407 815 323 973 429 213 486 304 553 344 472 372 504 1163 207 1216 328 1141 256 1249 338 847 290 905 405
611 388 684 458 791 330 957 431 412 448 449 488 1147 212 1202 331 973 267 1012 373 844 290 901 407 1132 260 1247 337 343 473 370 504 213 485 308 553
613 385 677 458 1145 212 1199 332 786 334 950 432 411 449 448 488 750 330 807 407 826 296 882 406 260 486 313 549 1123 266 1228 339 972 272 1010 372
777 336 938 435 410 449 445 489 746 330 802 410 613 387 673 457 1141 216 1193 333 822 301 878 403 539 403 576 448 953 278 996 376
408 450 444 489 606 387 662 458 782 349 910 442 743 331 798 414 539 405 575 447 278 486 327 550 1123 222 1174 332 1098 280 1204 360 952 280 992 373
605 389 660 459 1090 276 1207 363 405 450 443 491 1119 222 1170 337 750 333 905 434 284 485 335 549 798 307 856 427 951 280 991 374 539 405 574 446 343 472 369 506 741 331 796 418 1188 199 1279 283
1084 277 1203 365 604 389 659 460 406 451 445 493 767 357 885 441 1115 233 1164 354 794 312 853 428 1189 200 1279 285 950 283 991 373 950 315 1045 381
606 389 660 461 1082 281 1198 365 762 359 880 442 409 450 448 493 792 317 850 428 1189 204 1279 287 1112 237 1161 356 301 482 357 546 951 316 1046 383 400 418 450 485 946 294 990 387 927 302 973 393
608 387 662 459 1080 285 1193 365 1099 243 1152 356 758 359 876 443 790 320 848 429 1193 210 1279 289 413 448 451 489 946 293 991 387 948 317 1046 385 405 416 453 483
613 387 671 455 756 356 874 444 1070 292 1184 362 1100 247 1150 355 775 320 833 428 952 283 993 377 1198 214 1279 289 328 460 384 531 553 401 590 441 945 318 1048 385 663 244 696 264
616 386 674 450 1068 294 1185 361 756 353 874 444 1102 248 1148 355 954 281 996 376 558 400 592 436 773 317 831 424 942 317 1048 384 1205 215 1279 287 347 455 400 524
1067 293 1185 361 758 350 876 441 625 368 678 435 1101 245 1148 353 940 314 1050 382 437 425 471 463 954 276 999 373 771 314 829 421 567 400 594 429
1066 291 1184 362 631 365 684 432 760 347 877 437 940 310 1052 380 1099 242 1147 352 441 424 474 458 971 273 1016 369
1065 287 1182 362 767 322 876 422 941 307 1055 377 1097 238 1147 351 640 363 695 428 584 377 616 414 794 305 853 396 312 468 355 516 971 271 1017 365
1063 286 1180 362 767 323 877 422 642 361 698 424 1096 235 1145 350 945 284 1050 368 404 433 459 498 460 405 490 443 589 375 618 411 794 301 855 400
645 360 700 421 766 326 876 419 945 283 1048 367 1059 285 1176 361 1094 235 1141 349 592 375 619 408 776 304 829 397 517 385 538 416 797 300 857 400 732 205 766 227
645 360 699 420 755 328 853 419 944 282 1046 365 773 304 827 398 593 374 620 407 519 385 539 415 1043 286 1154 363 1073 238 1122 349 800 300 859 398
1037 283 1151 363 644 359 696 420 750 328 848 418 941 282 1045 365 592 375 619 406 521 386 540 414 1071 241 1117 350 769 305 823 397 802 303 858 393
441 406 501 490 589 374 617 406 796 305 852 390 345 441 397 501 641 359 692 420 753 308 807 396 746 328 847 417 1037 286 1143 363 939 283 1045 368 521 386 540 414
442 406 505 490 631 359 681 419 732 326 825 418 344 440 398 501 751 311 805 394 773 307 827 391 586 373 613 405 926 283 1019 367 519 383 538 413 1018 288 1124 362
445 406 509 489 624 358 674 419 772 307 826 390 343 438 399 500 725 317 782 414 709 360 796 423 569 375 592 405
443 409 517 488 317 437 399 498 565 374 592 407 719 318 778 416 611 347 660 411 766 307 820 391 731 199 765 219
447 410 521 487 608 347 655 412 752 310 801 389 700 317 759 415 319 438 401 497 963 288 1073 365 727 198 766 220 560 373 588 406 898 279 949 364 998 245 1041 360
449 410 526 485 343 436 402 497 604 371 645 417 696 319 754 415 746 309 796 391 725 196 765 219
458 412 535 485 345 433 404 496 675 319 730 415 585 349 633 410 725 313 776 389 543 356 570 395 872 281 1046 373 947 245 998 360
462 414 540 483 667 320 727 417 585 368 627 417 346 432 406 495 718 311 773 392 868 276 923 365 863 282 1034 374 945 249 994 360 712 194 750 218
466 413 548 481 581 367 621 416 887 308 1010 379 339 430 415 494 654 321 710 416 704 309 753 388 390 398 425 441 921 262 976 370 710 194 749 218 865 274 919 365
645 323 706 418 696 310 750 390 470 410 554 480 266 425 347 478 848 279 905 366 336 408 421 490 1243 204 1278 295 891 309 999 378 709 193 748 217 918 270 975 369 579 368 615 414
480 405 569 481 336 406 419 489 643 325 699 415 863 310 980 378 843 275 900 366 708 193 744 216 565 368 602 414
487 405 577 480 628 327 682 415 1219 198 1278 295 352 402 415 491 841 309 959 379 674 312 726 391 561 369 599 414 708 194 741 216 827 285 880 367
621 327 676 417 841 309 953 380 1215 197 1276 295 354 401 417 490 494 398 594 481 822 282 876 368 708 194 741 216 667 310 722 393
501 398 601 480 337 408 425 490 923 250 1006 312 820 314 933 379 707 193 740 215 1214 198 1270 294 655 310 707 388 821 279 874 370
606 330 655 416 905 249 1001 313 818 314 925 380 510 379 605 468 266 420 347 474 337 409 429 489 648 312 703 391 706 192 741 214
522 378 629 473 906 250 999 313 1169 239 1267 305 600 331 648 414 799 316 908 381 265 419 347 474 642 333 703 402 704 191 741 213 361 414 434 490 1192 201 1243 292 797 279 850 371 821 273 874 373
906 252 996 312 796 312 901 382 527 376 639 473 265 419 347 475 1162 238 1262 305 360 414 436 489 820 273 875 375
906 252 993 312 1147 240 1243 306 539 375 658 475 361 411 440 487 265 418 349 475 778 311 876 382 794 278 850 374
903 253 990 311 774 309 870 385 362 410 445 487 266 418 349 476 541 362 677 476 1122 242 1227 305 519 369 547 413 774 283 826 374
560 376 692 472 903 253 988 311 1120 243 1220 308 516 368 547 416 365 407 451 487 758 309 854 386 265 418 350 476 1144 206 1192 295 466 375 493 412
753 304 846 388 901 253 987 311 512 369 544 417 366 407 455 487 1114 244 1213 308 264 417 350 476 569 377 695 468 464 374 492 412 559 339 599 411
901 252 986 312 583 365 728 469 262 416 353 476 511 371 540 417 380 411 464 489 748 303 840 390 1099 244 1197 310 553 341 594 415
734 303 819 391 383 413 469 489 595 368 746 469 900 250 985 314 1202 244 1277 428 261 415 355 477 536 341 583 418 498 373 525 415 1092 240 1193 313
387 412 476 489 495 373 524 418 535 340 578 419 260 416 355 478 737 298 804 391 898 249 985 315 1167 252 1278 436 1077 259 1169 324 1200 186 1277 383 1094 220 1146 314 615 367 780 467
629 366 789 466 492 374 522 419 532 342 574 419 259 417 356 479 388 410 482 488 1157 251 1276 436 896 249 984 315 1070 256 1166 328 1198 187 1276 381 580 339 628 409 668 319 727 429 1092 220 1140 315
1119 276 1279 457 261 417 358 480 1158 193 1260 383 489 374 520 421 528 355 573 426 406 411 492 488 896 259 984 318 576 339 624 409 1055 257 1142 330 635 363 808 467 1072 222 1121 317
1098 277 1279 461 261 416 359 481 896 259 984 318 408 411 500 488 1152 194 1249 384 525 355 569 427 572 342 620 410 487 375 518 421 1046 255 1140 334 674 336 842 455 200 453 225 491
1063 281 1278 467 681 336 860 453 895 260 984 318 262 416 362 482 412 413 507 487 562 346 613 411 356 414 410 484 1220 193 1279 263 200 454 227 492 1144 200 1235 380
1042 289 1275 469 882 262 981 316 259 417 363 483 709 337 890 455 1220 194 1279 263 560 348 610 412 514 356 558 429 430 415 517 489 1109 208 1203 387 358 413 415 485 1042 225 1096 327 200 454 228 492
435 413 525 488 894 262 985 319 1220 195 1279 264 554 349 605 412 257 417 366 483 715 338 910 453 1040 299 1257 462 512 356 555 429 1066 228 1161 418 201 453 229 494 1108 240 1198 416
1056 225 1149 430 992 306 1224 475 1220 196 1279 264 895 262 985 319 550 349 599 413 274 422 376 482 368 415 431 485 676 309 736 398 438 410 533 488 759 334 954 452 202 453 229 495 685 198 718 219
454 405 551 487 1219 198 1279 265 277 421 377 483 373 414 437 486 661 332 749 409 773 334 967 453 1016 230 1116 436 545 348 594 413 902 266 986 321 990 309 1202 469 820 274 913 410 685 199 718 219
460 405 557 487 1007 235 1103 440 927 327 1198 503 1219 198 1279 265 378 414 442 486 279 420 379 483 655 332 746 410 809 323 985 452
879 292 1175 491 280 419 382 483 473 404 575 490 1219 199 1279 265 651 335 742 410 965 240 1066 444 373 415 449 485 827 315 989 449
480 406 582 489 859 324 1155 509 279 419 385 484 1220 199 1279 265 386 416 462 487 639 331 727 411 958 241 1055 450
496 406 598 489 388 415 467 487 634 332 726 411 277 419 388 486 822 324 1121 514 1220 200 1279 265 912 243 1011 457
500 406 606 488 812 325 1112 520 389 412 474 487 629 332 723 411 277 419 390 487 1221 200 1279 265 904 263 1003 476 216 456 244 496 489 374 519 421
785 331 1084 529 388 410 482 488 277 419 392 488 1221 199 1279 265 860 273 966 477 518 406 627 492 487 373 515 424 965 306 1147 432
522 406 636 492 408 411 492 489 272 419 397 489 1221 199 1279 266 763 342 1062 537 808 284 921 483 1000 286 1194 415 485 373 514 427 1049 215 1147 370
1059 215 1159 378 409 411 501 490 716 350 1009 547 1006 289 1214 415 272 419 398 489 1221 199 1279 266 538 403 656 491 799 286 909 484 902 302 1005 379
542 399 664 489 698 353 993 555 754 284 873 491 270 419 402 489 889 297 1010 383 412 411 507 489 1045 281 1247 415 1221 199 1279 266 1090 211 1200 370 549 358 604 438 512 368 544 422
290 419 416 490 434 412 519 488 672 357 968 560 1064 279 1256 411 748 291 855 489 554 400 663 486 1103 205 1212 364 889 280 999 369 508 369 541 422
439 411 527 488 290 418 419 491 702 299 817 494 570 399 677 486 1152 200 1262 354 646 391 889 549 1110 272 1279 402 861 298 981 385 468 379 497 419
628 397 882 554 1131 273 1279 402 451 407 540 488 292 418 422 492 845 302 961 386 660 306 778 493 1172 179 1267 330 581 403 675 485 594 350 651 449
