

960 272 1273 576 0 215 752 719 880 395 909 446 882 430 907 454
959 271 1275 576 0 223 753 719 880 395 906 446 881 429 904 453
959 269 1276 578 0 231 752 719 880 396 905 445
959 269 1277 580 0 231 754 719 881 396 904 443 869 383 908 453
961 269 1275 582 0 232 755 719 881 398 903 440 868 383 908 453
962 266 1273 585 0 233 755 719 863 384 901 454
963 265 1271 588 0 235 756 719 869 394 894 445
964 263 1272 590 0 242 761 719 869 394 894 446
963 263 1273 589 0 248 767 719 868 395 894 446
965 263 1274 588 0 253 774 719 867 394 894 445
963 262 1273 587 0 256 776 719 866 395 893 444
964 262 1273 586 0 255 785 719 931 375 976 455
964 262 1273 585 0 253 793 718 928 359 976 445
964 261 1274 583 0 249 816 719 925 378 974 450
960 261 1276 583 0 248 803 719 923 359 975 443
960 259 1278 584 0 253 822 719 920 358 973 444
962 259 1279 585 0 256 827 719 858 375 884 428
0 256 835 719 963 257 1279 587 858 374 884 429 907 364 950 441
0 255 837 719 960 256 1279 588 859 374 884 429
0 256 840 719 958 252 1279 589 858 374 884 429
0 258 836 719 961 248 1279 593 899 361 944 440 856 374 884 428
0 264 836 714 965 242 1279 597 897 359 942 442 855 373 883 428
0 270 829 712 966 239 1279 601 896 359 940 442 855 373 883 427 817 365 834 396
0 274 830 706 968 238 1279 605 855 373 882 426 894 357 939 441
0 275 828 704 971 238 1279 607 855 373 880 425 893 350 993 428
0 277 830 698 974 237 1279 609 856 372 879 424
0 279 830 696 975 235 1279 610 856 372 878 423
0 284 837 695 975 233 1278 615 855 372 879 422 884 359 922 435
0 283 842 702 977 231 1276 621 855 374 880 421 882 359 921 434
0 283 845 703 979 228 1274 628 880 360 920 433 854 374 880 420
19 280 848 705 980 223 1275 634 878 360 920 432
52 281 850 704 983 219 1274 640 876 360 919 430 854 376 881 419
76 283 855 706 988 216 1273 646 874 360 919 429
95 283 857 708 997 186 1279 665 872 359 918 430
101 283 859 709 1001 177 1279 674 871 359 917 430
136 283 877 708 1005 164 1279 690 871 359 916 430
148 287 878 706 1009 151 1279 705 906 332 995 421 871 359 916 430
171 290 871 704 1013 139 1279 717 908 332 995 422 870 360 914 430
193 295 871 701 1015 138 1279 716 869 360 914 430
215 299 881 697 1020 136 1279 719 868 360 913 429
234 304 894 693 1027 134 1279 719 868 361 912 429
248 307 899 687 1023 139 1276 703
265 309 893 683 1025 130 1275 713
278 308 886 681 1032 122 1274 719
293 306 907 677 1053 118 1273 719 911 332 998 423
314 309 899 673 1060 113 1271 719 918 333 1011 423
339 312 896 668 1064 115 1271 719 918 333 1013 424
364 312 898 661 1068 128 1273 719 919 333 1016 425
377 310 903 656 1065 108 1277 675 919 333 1021 425
394 315 889 640 1069 114 1277 667 917 333 1024 425
401 312 893 638 1074 119 1276 664 916 333 1024 424
412 310 901 635 1091 110 1279 669 916 333 1021 425
422 309 905 632 1097 111 1279 665
434 307 910 628 1106 120 1279 655
442 307 910 626 1116 130 1279 652
453 310 909 621 1137 180 1276 679
490 309 905 619 1150 190 1277 679
496 310 906 620 1165 200 1277 678 1117 361 1169 427
500 311 908 623 1174 274 1274 676 1120 362 1171 428 1013 350 1036 404
507 315 908 620 1191 276 1279 675 1124 363 1173 430 1013 350 1037 403
513 316 909 616 1201 291 1279 676 1126 364 1175 432 1013 350 1038 402 1035 349 1055 396
515 318 910 612 1213 295 1279 679 1127 364 1178 433 1010 340 1049 409 1033 347 1056 397
517 317 911 611 1127 364 1178 432 1224 289 1278 685 1010 340 1050 410
520 320 914 606 1128 363 1179 433 1010 340 1051 411 1122 307 1166 401
524 323 916 601 1127 318 1172 418 1133 362 1185 434 1011 342 1051 412 990 343 1006 388
527 328 918 597 1133 362 1185 438 1129 317 1174 416 1010 343 1051 411 989 344 1006 389
528 329 916 599 1133 363 1186 439 1130 316 1174 415 1010 344 1051 412 989 345 1006 390
534 328 914 603 1135 363 1188 439 1130 314 1175 416 988 346 1007 391 1029 346 1055 402
537 327 914 605 1137 363 1191 438 1027 348 1054 406 1130 308 1174 399 988 345 1007 393
541 327 916 605 1140 364 1193 439 1137 311 1188 421 1019 347 1058 413
539 331 919 604 1143 365 1195 438 1139 310 1189 421 1020 348 1058 413
540 331 917 604 1146 365 1197 438 1141 310 1190 420 1021 348 1060 413 1095 377 1129 417 1058 347 1079 393
541 334 915 603 1143 310 1191 422 1022 349 1060 413 1149 364 1200 438 1098 379 1131 418 1059 347 1080 392
543 333 914 602 1144 312 1193 422 1022 348 1061 413 1155 364 1213 443 1100 379 1133 418 1062 347 1081 393
545 333 915 600 1146 310 1196 425 1156 364 1213 444 1023 348 1062 414 1102 379 1135 419
547 332 916 599 1157 365 1216 444 1148 312 1199 423 1022 348 1062 414 1103 379 1138 420 1090 336 1138 412
549 334 916 599 1159 365 1218 443 1104 380 1139 422 1151 313 1201 421
549 336 917 597 1161 366 1221 442 1156 305 1214 426 1104 380 1141 422
549 336 916 596 1163 366 1223 442 1158 305 1216 425 1105 380 1142 423
549 335 913 593 1167 367 1226 442 1161 305 1218 425 1095 333 1144 414 1021 356 1066 422 1104 379 1143 423
548 336 910 591 1170 366 1228 442 1096 331 1144 414 1165 304 1220 425 1022 356 1066 422
547 338 908 589 1170 304 1223 426 1098 331 1145 414 1179 364 1238 446
548 338 908 589 1100 330 1147 417 1171 304 1226 426 1180 362 1240 448
547 340 908 590 1101 330 1149 417 1181 360 1242 448 1173 306 1226 426
546 340 909 589 1101 330 1151 416 1022 356 1070 422 1184 360 1245 448
546 340 906 588 1101 329 1154 415 1022 357 1071 422 1178 373 1259 454 1183 302 1243 433
548 340 904 587 1102 329 1154 416 1182 374 1262 455 1022 357 1072 423 1184 301 1245 431
550 341 899 588 1107 328 1163 421 1021 358 1072 423 1185 376 1265 457 1185 301 1244 432
552 341 897 589 909 358 996 436 1109 330 1164 423 1021 359 1073 424 1187 302 1244 432
554 341 894 589 905 359 998 438 1021 359 1075 425 875 170 912 186 1195 376 1273 462
555 341 893 589 904 360 998 440 1022 357 1074 426 876 168 912 184 1196 376 1275 464 1011 351 1029 396 473 379 497 426
553 342 887 589 900 358 1000 442 875 164 912 181 1212 372 1275 467 1011 351 1029 395
550 344 883 590 895 355 1002 442 1214 371 1276 471 874 161 912 178 1012 351 1029 395
549 345 879 589 889 353 1003 441 1215 368 1277 475 1119 346 1175 437 1012 350 1029 396
550 345 877 590 886 354 1004 440 1120 347 1176 438 1216 366 1278 475
547 346 876 591 885 356 1005 441 1198 293 1277 463 1123 347 1176 439 871 147 912 164
545 346 876 594 889 358 1005 441 1199 288 1277 467 1125 345 1176 440 871 142 912 160
541 347 877 596 893 359 1004 443 1200 286 1277 470 870 137 913 156 885 357 926 449
