

1113 123 1274 234 663 350 844 500 836 247 918 424 142 450 307 608 1072 244 1160 310 362 290 387 310 826 316 984 436 730 282 778 362 1073 189 1128 300 128 478 179 607 949 214 1000 338 209 537 316 702
630 361 809 501 837 248 918 423 727 281 776 367 145 452 309 606 1072 190 1129 300 823 316 983 436 1072 246 1157 310 213 540 320 698 127 477 182 607 361 289 388 309 950 213 1000 339 629 301 729 474
624 365 797 501 837 250 918 422 623 300 728 477 1072 192 1128 299 725 282 775 369 816 316 981 436 215 542 321 693 148 451 314 607 949 214 999 341 1072 247 1155 310 360 288 389 308 128 477 184 605
1115 125 1275 235 838 253 917 421 613 304 723 477 621 369 783 499 1071 195 1127 298 811 315 981 436 724 282 774 371 219 543 321 689 948 214 999 342 177 445 329 610 1049 245 1151 310 120 466 206 609 360 287 388 307
1116 125 1275 236 604 308 718 477 837 254 917 419 780 315 969 441 1070 195 1125 298 180 443 330 610 724 281 774 374 1051 243 1150 311 948 216 1000 342 222 544 320 684 116 470 208 610 361 287 387 307 616 373 778 496 706 331 800 409
1115 126 1274 237 780 314 969 442 835 255 916 418 579 376 749 500 1068 195 1122 299 192 439 323 622 1054 241 1148 312 948 216 999 342 725 281 773 376 112 475 208 611 583 313 679 471
781 314 968 441 833 255 916 417 580 319 680 468 574 377 735 498 196 439 325 621 1054 242 1147 312 948 217 998 341 1065 194 1120 302 109 477 209 612 725 281 772 376
1115 129 1274 236 781 315 967 441 573 324 676 467 200 439 327 624 108 477 210 612 833 258 915 417 948 218 996 342 1054 242 1146 312 1064 194 1119 303 549 370 712 497 725 281 771 375
1116 129 1275 236 780 314 966 441 545 373 703 499 107 476 210 613 205 439 330 624 1053 241 1144 312 949 218 994 341 832 260 913 416 1062 192 1120 304 723 281 770 375
1117 128 1276 235 778 313 967 443 537 377 690 500 106 475 208 613 1052 240 1142 313 210 440 332 621 851 269 896 415 1062 192 1122 302 723 281 770 375 945 232 991 354
1117 129 1276 236 776 313 968 444 530 378 676 499 106 475 207 613 217 427 323 563 1051 239 1140 313 534 332 629 466 832 257 910 417 722 281 770 375 230 503 339 637 1050 196 1101 299
1115 129 1275 238 777 314 966 443 221 426 327 564 108 475 204 613 1049 238 1140 314 831 257 908 421 232 502 340 634 525 335 621 464 722 283 769 373 1048 200 1099 298 520 376 677 500 347 291 376 310
1114 130 1275 239 778 315 965 442 225 425 332 566 109 474 204 614 517 359 622 492 829 259 908 423 1047 237 1139 314 246 522 335 619 348 292 376 311 722 283 769 372 1046 203 1097 298 949 220 991 338
228 424 335 566 778 317 964 441 1112 131 1275 241 110 474 203 615 828 263 908 426 258 520 344 616 1048 235 1138 314 348 292 376 312 974 244 1021 349 949 221 991 338
230 425 337 568 777 317 965 441 1111 132 1276 244 110 474 203 615 830 265 908 426 507 419 607 506 263 522 346 611 563 336 654 390 974 244 1020 351 1049 235 1138 314 349 292 376 313
233 423 338 570 776 315 965 443 110 473 202 615 560 337 657 392 502 421 600 506 831 265 908 426 268 523 347 605 974 242 1020 352 485 360 580 489 140 552 217 623 349 293 376 313 946 230 991 355
236 423 339 571 778 316 965 446 110 472 202 615 556 337 659 394 831 262 911 426 267 500 350 594 721 291 773 392 477 362 573 488 946 229 993 355 974 241 1020 352 140 551 218 622
239 423 339 571 780 319 967 449 484 424 575 504 111 473 203 615 832 261 913 424 555 339 659 396 269 501 350 591 722 291 773 392 946 228 995 355 467 366 565 490 140 551 219 623 974 239 1021 352
241 424 339 571 781 320 967 449 833 262 916 424 113 474 204 615 554 338 659 397 480 426 570 505 472 364 532 475 722 292 774 392 271 501 351 588 141 551 221 623 945 230 996 355 973 239 1021 352
781 320 968 449 249 430 351 569 123 483 182 607 556 339 658 397 835 263 916 424 722 292 774 392 452 368 551 495 140 551 222 622 478 427 565 505 273 502 352 583 945 232 996 356
782 317 968 449 124 483 181 606 252 430 352 567 464 428 547 503 559 339 657 396 835 262 919 425 722 291 775 393 452 372 514 471 297 501 353 585 140 550 224 622 945 232 997 358
1123 134 1278 245 124 484 181 606 803 314 983 447 837 261 919 426 562 339 657 396 449 373 511 471 461 430 540 503 255 430 353 562 299 502 353 581 721 293 776 394 140 549 225 622 947 232 998 358 358 293 391 314
1128 133 1278 244 125 484 182 607 804 313 984 446 446 373 508 471 270 438 336 541 837 261 920 426 301 502 353 579 563 339 658 396 721 295 777 395 459 433 535 503 139 548 227 623 946 232 999 358 358 293 392 315
1131 132 1278 244 804 312 985 446 128 485 183 607 273 440 336 537 443 375 504 470 838 263 921 426 303 503 356 575 576 339 667 398 448 434 523 501 722 294 778 395 138 534 224 619 1077 203 1118 291 1019 227 1073 330 360 294 393 315
805 311 986 447 130 484 184 608 276 441 337 534 578 340 669 397 849 263 939 424 306 503 358 572 451 438 511 503 138 546 230 624 440 377 501 472 723 294 779 396 1019 224 1073 331 1078 202 1117 292 959 219 1041 354 361 294 394 315
806 311 986 446 131 483 186 609 305 488 360 561 279 444 337 532 579 340 671 397 849 262 938 424 448 442 507 503 434 383 487 462 1019 223 1073 331 137 546 231 624 724 294 781 395 1078 201 1117 293 958 219 1043 354
807 311 986 446 131 483 187 609 1132 130 1278 246 305 489 361 560 280 445 337 532 850 261 937 425 580 341 673 397 445 443 504 504 431 383 484 462 1020 224 1073 329 136 534 229 620 957 221 1044 356 725 297 782 395 1077 200 1119 293
806 311 987 446 131 481 188 607 282 446 337 531 1131 130 1279 247 305 490 361 558 851 260 935 426 581 341 674 397 134 533 228 620 426 384 480 462 1019 224 1073 329 434 438 489 501 1070 238 1154 306 1076 199 1120 294 725 297 783 394 366 295 398 316 958 221 1044 356
806 312 988 446 283 446 337 530 131 480 189 607 851 258 934 425 1129 130 1279 248 583 341 675 396 305 491 361 556 433 440 488 501 134 532 229 620 421 384 477 465 1020 224 1073 329 1069 238 1156 306 1077 199 1121 293 368 295 399 316 725 297 783 394
807 312 988 446 285 446 337 530 131 479 189 605 851 257 935 426 1129 129 1279 249 583 340 676 395 429 442 484 499 306 490 361 553 133 531 228 620 1020 224 1072 330 1069 238 1157 305 1077 197 1122 293 370 295 398 315 421 401 479 486 247 457 264 486 725 296 783 394
809 312 987 445 285 446 337 529 131 479 190 605 851 256 936 425 1129 128 1279 248 583 340 677 393 307 489 360 551 133 530 229 619 426 442 480 499 1069 238 1158 305 1020 226 1071 330 1077 196 1123 293 371 295 398 316 247 457 264 486 725 295 783 394
810 311 989 444 286 445 338 530 851 254 937 424 1128 127 1279 246 122 475 218 608 581 339 678 392 306 486 359 549 429 450 472 494 1069 239 1159 305 1022 227 1073 329 371 294 399 315 1078 197 1122 294 248 457 264 486 744 286 792 366
809 311 992 443 1128 126 1279 244 852 252 935 424 286 445 339 530 124 476 220 609 583 339 678 391 305 485 356 548 1069 238 1159 303 411 439 464 496 1022 228 1075 328 370 293 399 315 745 285 793 368
809 311 996 444 853 251 934 423 1130 125 1279 242 285 435 339 519 586 339 678 391 125 477 221 609 409 441 461 496 305 483 354 547 1070 237 1159 302 1024 229 1076 325 369 292 399 315 746 284 793 370
809 311 996 443 854 250 932 424 1132 125 1279 242 285 436 338 517 588 339 678 390 125 477 221 610 413 448 455 492 304 482 353 546 1070 237 1159 301 747 283 793 372 369 292 399 314 1025 230 1074 323
808 311 996 443 854 250 932 422 1133 125 1279 241 284 437 335 515 411 447 451 492 124 477 221 610 586 338 678 390 747 282 793 373 303 482 352 544 369 291 400 313 1072 237 1161 300
807 311 995 442 283 435 335 514 854 249 932 420 1132 125 1279 240 123 475 221 609 407 447 446 492 584 337 678 389 747 282 793 373 371 290 400 311 1072 237 1162 300 383 408 434 479 1092 197 1135 293 301 481 351 542
808 312 996 441 283 434 333 513 854 248 932 418 1131 125 1279 239 581 320 679 391 122 475 219 607 381 407 433 482 404 446 441 491 747 282 794 373 372 289 400 310 1091 196 1136 293 1073 238 1163 300 248 455 264 483 997 251 1041 351
808 313 997 440 283 433 332 512 853 247 933 417 581 321 680 389 1131 125 1279 239 121 473 218 605 379 407 432 483 746 282 794 372 372 288 399 308 1072 237 1163 299 1091 196 1137 292 403 447 439 490 248 454 264 483 1029 229 1077 327 995 250 1041 349
809 313 996 439 282 434 331 511 582 322 681 387 854 245 934 417 1130 124 1279 239 131 529 228 615 131 479 189 600 392 445 432 489 746 281 794 371 1032 228 1091 328 372 286 400 306 1072 237 1164 298 248 453 264 482 1091 198 1137 291 995 250 1041 347
809 312 994 438 583 323 681 386 281 433 330 511 854 243 935 417 1130 122 1279 240 131 529 228 615 130 480 189 600 389 445 427 489 295 479 334 524 1032 228 1091 327 746 280 794 371 371 285 401 305 249 453 265 481
808 310 993 437 586 325 681 386 279 434 329 511 854 241 935 419 386 446 422 489 1130 122 1279 240 129 480 188 600 131 530 226 613 295 479 334 524 1032 227 1092 327 746 279 794 369
807 309 993 437 277 433 328 512 586 326 682 385 129 481 189 600 383 447 418 489 854 239 935 419 1129 121 1279 240 295 479 333 524 132 531 226 613 746 280 795 369 1032 227 1092 327 972 214 1019 341 382 280 417 301
806 308 995 437 586 325 682 384 275 434 327 515 129 483 189 603 856 239 934 419 380 448 415 490 1130 120 1279 240 295 480 332 524 133 531 227 613 747 280 795 368 1034 227 1093 326 382 281 417 301 972 214 1018 341
809 309 997 438 585 324 683 385 274 436 327 517 129 485 188 605 857 239 934 419 1129 119 1278 240 296 480 331 524 380 449 413 490 133 532 227 614 382 283 419 302 1092 202 1138 290 946 402 1269 715 1035 226 1094 327 747 280 796 369
811 310 998 438 583 323 684 386 859 241 936 421 277 456 330 530 371 452 406 489 129 488 186 605 1132 119 1278 241 295 480 330 524 382 285 420 304 948 404 1269 715 136 533 227 614 1093 203 1138 290 1036 226 1094 327
813 312 998 438 581 323 685 387 859 241 937 421 369 452 403 490 275 456 328 530 1132 120 1278 243 128 489 184 603 382 285 421 305 950 401 1269 716 295 479 328 524 137 534 226 615 1076 220 1167 286 1036 225 1095 327
812 312 997 438 582 322 686 386 859 241 938 422 365 452 399 490 1133 120 1278 243 273 456 325 530 126 489 184 604 951 402 1269 712 383 285 421 304 1037 226 1095 328 292 478 325 524
813 311 997 437 582 323 686 386 860 239 938 423 362 451 394 490 1130 120 1278 244 266 437 316 519 950 405 1269 711 383 284 420 303 124 487 184 604 1038 226 1095 328 1081 235 1167 300 1095 202 1140 292 341 422 369 466 289 478 322 524
815 311 996 437 861 240 939 426 582 323 687 386 358 452 390 490 1128 120 1277 246 265 438 315 516 952 409 1270 708 109 474 209 612 1039 227 1095 329 1083 236 1167 299 1097 203 1140 292 383 283 420 302 999 248 1050 348 340 424 366 465
816 310 998 438 862 242 940 428 583 324 687 387 1127 120 1275 247 265 439 314 516 356 452 389 491 953 408 1271 709 108 474 207 612 1040 229 1093 327 1098 202 1140 293 1083 236 1167 300 384 284 422 303
818 310 1000 439 863 250 942 429 264 454 316 525 597 335 691 390 1127 121 1274 247 959 406 1272 705 349 454 380 490 106 474 205 614 1083 237 1168 302 1099 202 1140 293 745 295 802 393
820 310 1001 441 262 453 314 527 861 254 944 430 597 336 692 392 1126 120 1273 247 346 455 379 493 1081 238 1170 304 964 403 1275 704 1102 200 1140 294 745 295 801 392 387 288 422 309
821 312 1001 443 260 454 311 528 598 338 693 394 860 255 947 430 1125 121 1272 247 1081 238 1170 304 1103 199 1140 294 972 220 1055 361 746 295 801 393 751 326 848 421
822 312 1002 444 602 340 694 395 859 253 950 431 260 455 310 529 1104 199 1140 294 1125 121 1271 247 1082 237 1170 304 972 219 1053 362 751 326 848 422 747 293 802 394
602 340 696 394 823 314 1003 446 860 254 950 429 259 456 308 529 1124 122 1271 246 1044 233 1093 327 971 219 1052 362 1103 199 1143 293 751 327 848 421 137 555 197 628 1081 236 1171 304 974 406 1278 700
824 313 1004 446 603 338 699 393 861 255 950 429 1120 122 1272 245 258 456 308 529 137 557 196 629 752 326 849 422 1045 231 1094 326 976 408 1275 702 970 221 1053 362 1095 236 1178 300
825 314 1005 446 602 337 702 392 259 455 309 529 1117 122 1272 243 862 255 949 428 752 326 850 421 136 557 195 629 979 412 1275 703 1047 228 1098 326 1096 235 1180 299 970 223 1053 361
826 311 1007 444 260 455 310 529 604 336 705 392 1118 122 1273 242 137 558 194 631 864 256 949 428 984 415 1277 704 771 327 866 423 1099 235 1184 298 994 240 1040 354
830 314 1010 445 606 337 709 394 264 456 314 527 1123 121 1276 240 136 558 193 633 866 261 957 426 775 327 868 423 1061 224 1120 328 321 449 354 495 989 422 1279 702 996 245 1041 353 1103 235 1189 299 409 290 446 314
834 316 1011 448 136 557 191 636 625 339 720 395 287 499 321 537 323 449 353 495 1123 120 1279 240 777 328 871 422 276 459 323 529 1064 225 1122 329 412 293 450 316 869 265 966 424 1000 249 1044 353
279 459 325 530 290 501 326 539 629 340 725 397 858 314 1030 448 141 579 192 646 324 448 353 494 1068 226 1123 327 1124 122 1279 239 779 329 874 422 1017 214 1100 352
293 501 329 541 283 461 327 531 859 315 1030 452 140 577 189 649 634 341 728 398 340 478 370 512 325 451 352 493 1017 217 1100 356 779 330 876 421
858 319 1031 455 294 498 331 542 286 465 330 533 138 577 185 650 650 344 739 400 339 477 370 512 1018 222 1102 360 436 296 468 317 797 292 848 396
858 323 1031 457 652 344 743 400 289 465 332 533 136 576 181 651 1020 231 1071 361 797 293 848 398 1146 199 1186 294 337 475 369 512 896 268 1003 430 439 297 468 317
857 326 1031 458 654 342 747 400 1020 225 1103 362 291 465 334 531 895 266 1002 432 1148 200 1189 294 798 293 849 399 440 296 472 317
856 327 1031 459 654 340 750 399 1021 224 1102 362 1094 244 1150 340 894 266 1001 432 292 462 335 530
854 325 1031 459 657 339 751 398 117 517 201 603 1021 226 1103 364 877 267 970 433 1095 242 1151 342 292 463 336 529 322 452 348 490
821 328 1024 463 657 340 753 399 116 516 203 605 1023 228 1104 366 873 269 966 432 292 462 336 528 1145 238 1230 306 1096 239 1150 344 320 453 346 491
814 327 1025 467 659 342 754 400 115 516 204 606 869 272 959 432 1024 231 1104 369 291 462 337 528 1145 238 1231 306 318 454 344 492 1096 238 1149 345
813 327 1018 468 659 343 753 400 114 515 205 606 864 273 953 433 290 460 336 527 1025 233 1104 371 1144 239 1231 307 1096 238 1147 346 317 455 343 494 1071 240 1117 356
812 343 1010 486 659 344 752 401 117 508 202 597 287 461 335 527 858 274 944 435 1024 233 1103 371 1145 241 1229 308 1095 240 1148 346 291 491 329 536
800 344 1003 488 117 508 199 596 656 344 749 402 851 285 941 460 282 462 331 527 1094 243 1148 348 1022 234 1104 371 287 491 324 536
117 509 197 595 652 347 746 404 791 346 996 491 276 465 327 529 1092 245 1149 350 832 289 918 457 1152 207 1190 302 1019 234 1104 371
768 353 975 495 650 348 744 407 823 293 912 461 116 508 196 594 1090 247 1147 352 1150 207 1188 303 268 464 314 532
758 356 965 501 811 301 903 470 116 520 193 602 632 347 735 410 266 466 310 534 1087 248 1146 353 1142 227 1192 313 1006 248 1090 386
748 357 957 505 802 305 896 476 117 523 192 603 630 346 737 414 268 495 303 541 1140 227 1190 314 1085 250 1144 352 436 308 467 329
739 360 950 509 118 528 192 603 776 313 871 478 265 495 298 542 631 358 737 418 1139 226 1187 315 435 312 467 333 267 480 296 519
724 365 929 517 118 531 193 604 771 319 865 479 264 495 295 542 631 358 737 421 1139 225 1186 315 433 314 468 336 295 480 316 512
719 371 917 517 118 532 194 607 763 323 854 482 263 496 293 542 633 360 735 423 1140 224 1185 316 296 483 317 514 226 504 247 539 434 317 468 339
708 396 912 532 118 532 195 608 634 362 732 425 755 330 848 510 1140 224 1184 317 226 505 246 540 435 318 468 341 1053 273 1142 365
697 396 902 535 750 332 843 511 118 533 196 609 635 363 728 426 847 338 945 411 1141 223 1184 317 436 320 470 341 250 495 278 542 226 507 245 540
729 330 826 513 690 397 900 538 118 533 197 607 1142 224 1184 318 847 332 940 414 248 496 278 544 436 319 471 342 1067 263 1127 370 869 306 927 393
669 403 874 544 721 338 816 517 117 533 198 605 818 358 931 423 239 490 286 554 1143 225 1184 319 1122 263 1210 331 436 319 471 342 1067 263 1123 371 198 499 222 546
658 405 862 549 714 344 807 521 117 533 198 604 819 360 927 427 238 492 286 555 437 320 471 342 1123 264 1212 332 1068 265 1121 373 1144 228 1184 320 1045 263 1093 382
646 408 852 554 117 532 198 605 238 494 287 556 686 345 774 525 819 363 920 430 437 321 471 342 1046 264 1094 384 1068 267 1119 374 1125 265 1213 334 199 499 226 547 1145 229 1184 321
640 411 850 557 118 532 199 606 679 350 768 528 795 362 910 435 240 496 288 556 439 321 471 342 748 330 803 416 1146 228 1185 322 1046 264 1094 384 1068 268 1119 374
618 420 826 563 669 357 756 529 120 533 200 606 795 363 907 437 242 518 284 557 1125 265 1215 334 745 330 802 418 1148 226 1187 322 439 321 474 343 1068 269 1120 375
609 423 812 565 122 534 202 606 658 364 746 532 242 518 283 558 796 363 901 437 1124 264 1216 334 1068 269 1121 374 1149 226 1188 321
601 420 797 565 634 365 726 533 124 537 203 606 241 519 282 560 769 381 884 451 1124 265 1217 335 1066 269 1121 374 744 349 799 440 1148 225 1189 320
124 538 203 606 581 417 782 570 767 380 883 452 239 520 281 560 626 369 718 532 1123 265 1216 336 1065 269 1121 375 1147 225 1190 320 744 349 797 440
564 441 775 590 122 539 202 604 767 382 876 451 1123 266 1214 336 237 521 279 561 1146 226 1189 322 616 384 710 558 1063 270 1119 377 1022 263 1071 384
550 438 762 595 120 539 201 603 746 384 857 453 1123 266 1212 336 1144 227 1188 324 234 521 276 561 581 392 672 554 1022 264 1068 382 727 353 778 439
520 455 734 598 570 393 659 557 745 385 854 453 119 539 200 601 1143 229 1187 325 1124 265 1211 336 725 355 771 441 233 520 272 561 1020 264 1068 381 1045 272 1099 376
507 453 725 602 119 538 199 601 745 386 848 454 559 396 651 562 1142 229 1186 324 629 383 680 467 1123 265 1209 336 1042 274 1098 375 723 356 770 441
522 401 618 562 118 537 199 600 719 387 831 458 497 455 712 600 1140 228 1186 323 1039 276 1096 376 626 385 678 463
471 472 673 608 509 407 605 561 118 535 198 600 718 387 823 461 598 393 654 494 998 262 1048 384 1221 203 1264 288 1037 277 1094 376 439 319 478 344 1138 227 1186 323
454 476 665 611 483 409 576 561 697 384 810 463 1127 228 1174 323 995 262 1045 383 118 534 197 599 593 393 648 499 1221 204 1263 287 439 319 476 343
