

567 394 784 583 908 391 956 494 804 403 829 444 30 453 202 593 877 404 913 441 453 416 503 440 842 181 896 205
567 394 785 583 909 391 956 494 804 403 829 444 877 404 913 441 802 420 828 458 12 445 203 604 843 180 896 205 455 415 506 439
566 394 786 585 909 391 956 494 804 403 829 443 802 420 828 458 844 180 896 204 5 434 218 613
909 391 956 494 804 403 830 444 802 420 828 458 844 180 896 204 564 394 788 581 0 405 260 644
910 391 955 495 0 402 251 652 878 405 914 441 844 180 896 204 566 397 773 575
0 400 222 663 909 386 952 500 567 399 770 573
0 398 210 661 568 400 766 575 474 415 530 439 909 385 952 501
568 398 781 581 0 389 173 673 475 415 531 439 908 386 953 499 372 422 428 454
568 397 783 584 0 386 148 681 908 390 956 495 806 405 829 443 878 404 913 439 841 181 897 205 795 401 822 448 479 416 531 438 372 423 429 454 804 422 828 455
568 396 784 590 909 391 957 495 806 406 829 443 878 402 914 438 841 181 897 204 795 401 822 447 0 379 130 693 482 416 533 437 372 422 429 454 804 421 828 455
568 395 783 595 909 390 957 494 806 406 829 442 878 403 914 438 841 181 897 204 1 398 69 674 795 401 822 447 804 421 828 455
567 395 782 591 909 390 957 495 806 406 829 443 878 404 914 438 841 181 896 204 1 397 57 668
566 395 782 591 909 389 957 496 805 406 829 444 878 405 915 438 842 181 897 204
566 395 782 592 909 389 957 497 805 406 829 444 877 405 915 438 371 423 436 454 844 181 897 204 493 407 557 435
567 386 782 617 912 390 963 498 805 406 829 443 877 405 915 438 371 423 436 454 802 422 829 455 845 180 897 204 494 407 558 435
567 385 782 618 912 392 963 497 806 406 829 443 877 405 915 438 371 423 437 454 802 422 829 455 845 180 897 204 795 402 821 446 497 407 559 435
567 385 782 619 913 392 962 496 806 406 829 443 371 422 437 454 877 404 915 438 802 422 829 455 795 402 821 446 846 179 896 203 499 407 561 434
567 385 781 619 806 406 829 443 372 422 437 454 913 393 962 495 877 404 915 438 803 422 829 455 795 402 821 447 846 179 896 203 503 407 562 433
567 384 780 620 807 406 829 443 373 422 437 453 913 393 962 495 877 404 915 438 803 422 829 455 795 401 821 448 846 179 896 203
568 382 780 622 807 407 829 442 372 422 437 454 916 428 960 510 877 404 915 438 803 422 829 455 795 401 821 448 912 384 963 470 846 179 896 203
568 382 781 622 916 428 960 510 372 422 439 454 807 407 829 442 877 404 914 438 803 422 829 455 795 401 820 448 912 384 963 471 847 179 896 203
567 382 782 623 916 429 960 511 369 423 441 455 808 407 829 442 877 405 914 438 803 422 829 455 795 401 820 448 912 384 963 471 847 179 896 203 527 410 573 432
567 382 782 622 916 429 961 512 367 423 442 455 807 407 830 442 877 406 914 439 803 422 830 456 795 401 821 448 530 411 575 432 912 384 963 470 848 179 896 203 841 181 869 205
567 382 782 622 916 429 960 511 368 423 443 455 807 407 830 443 877 407 915 439 802 421 830 456 795 401 821 449 534 411 577 432 912 384 963 470 849 178 896 203 841 181 869 205
567 384 781 619 917 428 960 511 370 423 444 455 876 407 915 439 807 406 830 443 795 402 821 449 802 421 830 456 912 384 962 469 849 178 896 203 536 411 578 432 842 181 869 205
567 385 781 617 373 423 444 455 917 428 960 510 875 407 916 439 795 402 821 449 807 406 830 444 912 384 962 469 848 178 896 203 842 181 869 205
568 386 782 616 373 423 444 455 917 427 960 510 875 407 916 439 795 402 821 449 806 407 830 444 912 385 962 468 848 178 896 203 842 181 869 205
569 386 781 617 914 393 961 496 375 423 441 454 875 407 916 439 795 403 821 448 806 407 830 444 849 177 896 203 841 180 869 204
567 392 782 592 914 394 962 494 875 408 916 439 376 423 439 453 801 421 830 456 795 403 821 448 849 177 895 203 841 180 870 204
569 395 782 566 909 389 956 495 376 423 437 452 795 402 821 445 877 409 916 438 806 406 829 440 840 179 870 204 849 177 895 203
568 407 786 555 909 389 956 497 794 402 821 442 877 408 916 438 375 425 438 452 848 177 895 203 840 179 870 204
568 407 786 557 907 388 957 502 793 402 820 441 375 424 443 453 878 408 916 438 848 176 895 203
566 406 785 574 908 387 957 505 793 403 821 444 876 407 916 438 376 424 446 454 809 407 830 441 847 176 895 203
566 396 782 581 907 386 958 507 794 403 820 446 375 422 450 454 876 408 915 438 809 407 831 441 803 426 830 455
566 398 781 584 907 385 958 506 794 402 820 446 375 422 450 454 876 407 915 439 809 407 831 442
909 387 957 502 876 406 916 440 375 422 449 454 562 402 779 579
912 390 963 496 876 405 918 440 378 424 445 454 599 405 807 566
913 392 962 495 876 404 918 440 792 403 818 445
912 391 962 495 875 403 918 440 795 400 820 449 809 405 830 441 561 396 785 564 841 177 899 203
560 397 783 574 912 391 963 495 875 403 918 439 795 400 820 448 809 406 830 441 841 176 899 203
564 397 782 585 912 390 963 495 875 403 918 439 795 400 820 448 809 406 831 441 372 417 448 456 842 176 898 203
565 396 784 588 912 390 963 496 876 403 918 439 794 401 820 447 809 406 831 441 373 419 448 455 841 176 898 203
565 396 783 590 912 389 963 495 876 403 918 439 794 401 820 448 809 406 831 441 372 419 448 454 841 176 898 203
564 396 782 589 912 391 963 495 876 404 918 439 794 401 820 448 809 406 831 442 840 176 898 203 371 418 448 455
563 396 783 585 913 393 963 495 876 404 918 439 794 401 820 447 808 406 831 442 841 176 898 203
569 395 783 583 913 395 963 495 876 404 918 439 793 401 820 447 807 406 831 442 841 176 898 203
913 395 962 495 877 404 918 440 841 175 898 203 568 405 774 567
878 404 917 440 568 405 772 571 842 175 898 203 381 426 437 457
878 404 918 441 372 421 449 455 562 407 771 572 842 175 897 203
563 397 781 587 877 403 919 441 372 420 448 456 842 174 897 204
563 396 781 589 914 392 963 491 876 402 921 441 373 420 448 455 842 174 897 204
877 403 920 440 914 395 963 490 373 421 448 455 564 408 781 576 841 174 896 204
877 403 919 440 914 398 964 489 373 422 449 454 563 407 782 571 841 174 897 203
878 403 918 439 914 397 964 489 376 422 445 454 562 406 783 571 842 174 897 203
561 393 781 588 914 395 964 490 878 402 918 439 378 421 443 454 807 407 830 440 790 403 815 442 845 172 897 199
565 385 779 615 915 393 964 491 878 402 918 439 379 421 442 454 807 407 830 440 790 403 814 443 846 172 897 198
565 385 779 617 915 394 964 491 878 403 918 440 790 402 814 445 808 407 830 439 378 421 443 454 846 172 897 198
564 384 779 617 916 394 964 490 878 404 918 440 789 402 813 446 809 408 830 438 378 421 443 454 843 175 897 203
564 384 779 617 916 394 963 491 789 403 813 447 878 404 918 440 810 408 830 439 401 423 446 451 843 175 896 202
564 385 778 616 916 396 964 490 789 403 812 447 879 405 918 440 811 408 830 439 400 423 447 452 844 176 896 202
561 395 779 598 915 382 964 471 879 405 918 440 788 403 812 447 811 409 830 439 921 428 965 503 400 424 447 452 844 175 896 202
561 396 779 597 915 383 964 470 879 405 918 440 787 404 811 447 811 409 830 440 921 428 966 502 379 422 444 454 844 175 896 202
561 396 780 598 915 383 964 471 879 405 918 440 787 404 811 446 810 409 830 440 376 421 449 454 921 428 966 502 844 175 896 202
560 396 781 599 915 383 964 471 879 405 918 440 786 404 811 446 811 409 830 440 376 421 449 454 921 428 966 502 844 175 896 202
560 396 782 599 915 382 964 471 786 404 811 446 880 405 918 440 811 409 830 440 376 421 449 454 921 428 966 502 126 424 156 469
559 396 783 600 916 382 964 472 785 404 810 446 811 409 830 440 880 405 918 440 376 421 449 454 921 428 966 501 126 424 156 469 845 176 895 202
559 395 783 600 916 382 964 472 785 404 810 446 811 409 830 441 880 404 918 440 376 421 448 454 921 428 966 501
563 384 781 616 916 382 964 472 785 404 810 447 810 409 830 441 879 404 918 439 376 421 448 454 921 428 966 501 846 170 895 198
563 383 780 617 916 382 964 472 785 404 809 447 811 409 830 442 879 404 918 440 376 421 448 454 921 428 966 502 846 170 895 198
559 396 783 589 916 382 964 472 785 404 810 447 811 409 830 442 879 405 918 439 377 421 448 454 921 428 967 503 846 170 895 198
555 396 787 570 916 382 964 471 785 404 810 446 811 409 830 442 880 405 918 440 376 422 448 453 846 170 895 198 922 427 966 505
555 396 786 569 916 383 964 470 785 403 810 445 880 404 919 439 811 408 830 441 846 170 896 198
556 396 785 573 785 403 810 444 880 404 920 439 811 408 830 440 917 394 965 493 846 169 896 198
559 397 782 591 785 403 810 444 880 404 920 439 916 391 966 495 811 408 830 439 845 169 896 198
558 398 782 591 785 405 811 444 880 406 920 439 915 390 966 497 373 420 449 455 811 409 831 438 845 169 896 198 762 407 788 429
557 398 781 590 785 406 811 443 375 420 446 455 810 409 831 438 845 169 897 198 917 392 967 494 882 409 913 434
558 394 762 591 368 419 448 453
368 419 447 453 557 395 765 587
918 394 968 494 559 394 770 578 884 406 920 439 788 400 809 446
918 395 969 493 785 403 812 446 879 406 921 439 811 408 832 442 556 397 789 575 844 170 898 197 356 421 456 460
557 396 784 577 918 395 969 492 785 402 811 446 811 408 831 441 880 406 921 438 844 170 897 197 357 421 456 460
555 398 779 585 918 395 970 492 785 402 809 446 811 408 830 440 880 407 921 438 368 419 448 455 844 170 896 197
556 398 779 586 918 394 970 493 785 402 808 447 811 408 829 441 880 406 922 438 370 419 448 454 845 170 896 197
556 398 780 588 918 395 969 492 785 402 807 447 811 407 829 441 880 406 921 438 370 419 448 454 845 170 896 197
554 398 780 590 918 396 970 492 784 402 808 447 811 407 829 441 880 405 922 438 369 419 447 454 845 170 895 197
552 398 781 588 918 397 970 491 785 403 808 444 880 405 922 439 811 408 830 441 846 170 896 196 370 418 448 456
556 397 786 582 919 397 970 490 880 406 922 439 786 405 809 442 810 408 830 442 846 170 896 196
919 397 969 491 558 396 769 576 884 406 921 439
560 395 768 576 377 424 443 456
556 397 764 579 372 419 451 455
555 397 779 583 372 418 451 455 784 402 806 445 812 407 830 441 919 391 970 494
555 398 780 585 918 390 969 491 784 402 806 446 880 404 923 437 812 407 830 441 372 419 451 456 846 170 900 195
555 396 779 589 918 391 968 491 880 403 922 437 784 401 806 446 812 406 830 441 846 170 900 195 375 421 445 455
553 395 785 578 879 403 921 437 783 401 806 447 916 384 966 467 811 406 830 441 846 171 899 195 375 421 445 455
553 395 785 578 879 403 921 438 783 400 806 448 916 384 966 466 847 171 899 195 811 405 830 442 376 422 444 454
553 395 786 577 880 403 921 438 783 401 806 448 917 384 967 467 811 406 830 443 374 420 449 455 847 171 899 196
559 381 779 619 918 391 969 491 784 401 806 449 879 404 921 438 811 407 831 443 847 171 899 196 375 420 449 455
559 382 780 620 918 390 969 491 784 401 807 449 879 404 921 439 812 407 831 443 847 171 900 196 376 420 447 455
