

0 458 146 712 632 507 688 579 628 455 681 537 489 496 515 537 415 498 442 543 445 481 463 514 416 476 439 519 358 496 385 539 265 482 295 504 470 480 485 510
0 459 144 713 629 454 682 540 634 506 688 580 490 497 516 537 415 498 442 543 445 481 463 514 416 475 438 520 266 481 295 504 359 496 385 539 470 481 486 509 488 480 512 516 369 475 388 511 179 482 192 519
0 474 139 703 629 455 683 540 491 497 518 537 416 498 441 542 634 504 689 579 445 481 463 514 416 475 439 520 267 480 296 503 360 496 385 539 470 481 486 509 489 481 513 517 396 477 407 503 369 476 388 510 178 481 192 519
0 473 137 706 631 455 685 541 492 496 520 538 416 498 441 541 637 509 698 579 444 481 463 515 416 476 439 520 266 480 296 503 360 496 385 540 489 480 514 519 396 478 407 503 369 477 388 509 204 481 216 513
0 472 135 703 493 496 522 538 637 507 700 579 416 498 442 542 633 455 687 540 444 481 465 515 415 477 439 519 359 495 385 540 265 481 296 502 490 479 515 519 470 481 487 509 395 478 406 503 369 476 389 509
0 473 131 701 639 506 702 580 415 498 442 543 495 496 523 538 444 480 465 515 634 455 688 541 414 477 439 519 359 495 386 540 470 480 489 510 489 478 515 520 394 478 406 503 368 476 390 511
0 472 128 698 636 461 701 569 415 498 442 544 497 497 524 539 444 480 466 515 359 495 386 540 414 477 439 519 470 482 489 510 369 477 391 511 490 479 514 519
0 473 124 698 637 459 702 570 415 497 442 544 498 498 526 539 444 480 466 514 359 495 387 540 414 477 439 519 369 478 391 512 490 478 514 519
0 471 120 699 638 458 703 571 415 497 442 544 498 498 528 540 444 480 467 514 360 495 387 540 414 477 439 519 147 495 164 532 369 478 392 510
0 472 117 701 641 458 705 571 415 498 442 543 361 495 388 540 444 480 467 514 498 497 527 538 414 477 439 518 489 479 515 516 368 478 392 512 145 495 162 532
0 470 113 702 643 457 707 571 414 499 442 543 362 496 389 539 444 481 467 514 414 477 440 516 505 497 533 539 269 482 297 503 489 479 515 516 369 477 392 512
0 469 109 705 647 457 710 570 414 499 443 543 507 497 536 538 363 496 390 537 415 477 440 515 444 480 464 514 268 481 298 502 368 477 392 515 489 475 512 515
0 471 104 706 648 450 710 551 509 496 538 538 648 506 722 579 414 498 443 543 364 497 390 535 368 478 391 516 415 476 440 515 489 474 511 515 270 481 297 502 52 483 72 524
0 472 92 709 511 496 541 538 652 450 713 550 413 498 443 543 365 497 390 533 656 505 727 580 367 479 391 517 414 476 440 516 490 474 511 513 51 485 68 522
512 496 542 539 659 506 728 580 365 497 389 534 413 498 442 542 0 474 87 707 368 480 391 517 654 451 714 548 415 477 440 515
661 506 732 581 514 496 544 540 412 498 441 542 0 528 83 715 443 479 463 515 365 496 389 534 367 480 391 518 415 477 439 516 661 451 726 546
664 506 737 582 444 477 463 517 516 497 545 541 412 497 440 542 664 449 728 549 1 536 74 716 367 480 392 519 364 495 388 534 415 478 438 517 489 476 510 515
667 506 741 583 666 447 731 552 444 474 464 519 412 496 439 541 1 540 65 717 519 496 548 541 367 480 392 520 489 474 511 517 365 496 389 533 415 478 438 516
668 506 745 583 669 447 732 552 444 475 463 518 411 495 439 542 368 480 392 520 0 540 59 717 366 498 390 532 520 497 549 541 490 472 512 517 416 479 438 515 444 499 464 529
673 448 734 551 445 476 463 516 369 481 392 519 411 494 439 542 366 499 391 532 492 473 513 516 670 505 747 583 416 479 438 513 0 540 52 716 444 499 464 530 521 497 548 539
445 476 464 516 366 499 391 533 369 481 392 518 410 494 439 542 677 449 736 550 682 507 755 589 495 476 514 514 416 479 438 513 444 498 465 530 532 498 559 540 512 469 538 518
685 507 759 589 366 498 391 534 445 476 465 517 369 482 392 516 410 495 438 542 533 497 561 540 687 450 748 548 416 479 438 513 445 499 466 530 512 468 537 521
686 506 763 590 366 497 392 536 445 474 467 519 689 449 750 548 369 482 392 514 408 495 437 544 535 498 563 541 446 499 467 531 415 477 438 513 511 467 537 522
690 449 755 581 365 496 392 537 445 474 467 519 369 481 393 513 445 500 467 532 536 498 568 545 415 476 438 513
445 474 466 519 365 496 392 538 695 448 760 582 445 499 466 532 538 498 572 546 369 482 393 513 701 503 781 598 496 479 517 507
704 503 783 598 365 496 392 539 445 476 466 518 444 499 466 532 540 496 577 547 692 428 774 575 369 481 393 513 497 479 517 506
707 505 787 596 365 495 392 540 445 477 466 518 443 498 466 532 699 433 786 570 534 484 582 547 498 479 517 505 369 481 394 514
704 453 793 592 365 495 392 539 445 476 467 518 443 497 468 532 499 479 517 504 535 465 581 537 368 480 394 515 515 481 535 509 397 478 419 510
709 454 800 591 365 496 391 538 445 477 466 517 443 497 468 532 515 480 535 507 368 480 393 513 557 496 589 549 500 479 518 504 397 478 420 511 723 517 812 608
714 453 807 592 445 477 467 516 365 496 390 536 443 497 469 532 560 496 592 549 514 479 537 506 368 480 393 511 397 479 420 512 501 479 518 504
720 454 812 593 444 476 467 516 365 496 390 536 515 479 538 506 443 498 468 531 392 479 433 552 368 480 393 511 563 496 595 550 396 479 420 512
726 453 819 592 444 476 468 517 365 495 391 536 392 479 432 553 443 498 469 531 367 480 394 514 515 479 539 508 557 464 598 542 567 497 599 551 396 479 420 513
733 451 824 593 444 476 469 517 365 496 392 536 442 499 469 531 513 478 542 509 367 479 395 516 390 481 433 554 750 517 842 613 560 463 603 543 396 479 419 512
443 476 469 517 365 497 394 536 738 445 827 595 442 500 469 531 512 478 543 510 755 516 849 614 367 479 395 516 562 463 608 544 397 479 419 513
750 449 847 599 443 477 469 517 365 497 394 536 443 500 468 531 514 478 545 510 367 480 395 514 396 479 419 512 771 520 862 614 573 475 615 554
756 446 856 600 443 477 469 517 366 496 394 535 515 478 545 510 443 500 468 530 771 516 871 616 367 480 394 514 576 476 620 556 396 479 419 514
763 446 866 598 442 477 469 517 517 477 545 510 366 496 394 534 443 500 467 530 367 480 393 514 395 478 419 515 580 479 625 556
769 441 875 599 441 475 469 517 517 476 543 510 367 479 393 517 443 499 466 529 368 496 394 533 394 477 419 516 578 459 620 543 785 517 900 615 520 463 535 492
441 474 469 517 518 475 543 510 776 421 876 583 367 478 392 517 443 499 466 529 774 506 914 620 368 497 394 532 581 458 624 542 394 476 419 516 535 474 559 509 634 453 664 498 519 463 535 492
440 475 468 517 518 474 542 511 792 444 904 607 367 478 392 518 442 499 466 530 369 498 393 531 393 477 417 514 534 475 561 510 584 460 629 540 639 450 668 499
806 435 914 608 439 477 468 516 367 479 391 517 519 475 543 510 534 475 565 511 441 499 466 530 369 498 393 531 391 494 419 544 393 478 417 513 599 483 652 556
366 479 390 517 438 477 468 515 534 476 568 512 389 494 418 543 392 478 417 513 818 417 923 585 441 499 466 531 369 497 392 531 521 475 542 509 601 478 659 557 815 506 979 624
366 478 388 517 825 503 988 625 438 477 467 515 842 416 950 579 537 476 571 513 392 477 417 513 388 494 416 544 440 498 465 530 369 497 391 532 523 474 543 508 605 475 662 557
852 412 966 582 439 477 467 515 366 478 388 517 440 498 466 531 392 477 417 512 539 476 573 513 387 494 415 544 833 503 1004 630 524 472 543 509 369 497 391 532 622 483 678 561
440 478 467 515 440 497 466 531 367 479 389 514 525 470 544 510 393 477 417 511 385 495 415 545 369 497 392 533 862 409 976 584 542 475 573 514 626 478 685 563 859 507 1043 633
894 410 1010 576 439 499 466 534 442 478 468 514 392 478 417 511 527 469 544 510 384 495 416 545 368 480 389 511 370 497 395 534 554 476 587 516 541 475 571 514 423 481 440 509 645 474 700 567
438 499 467 536 907 411 1021 572 442 479 468 514 553 476 589 519 391 479 418 512 527 469 544 509 370 497 397 536 369 481 391 510 422 481 440 510 540 474 566 514
438 500 466 539 442 479 468 513 555 477 593 519 377 482 420 552 392 481 417 512 422 482 440 511 370 497 399 536 370 482 392 509 386 517 416 563 611 479 641 514 944 410 1055 566
438 499 466 539 376 482 420 553 442 479 468 514 383 517 417 566 559 477 596 520 613 479 643 515 537 474 561 515 676 461 728 576 422 482 440 512 393 482 417 512 952 406 1071 574 369 482 392 509 157 498 170 527
438 499 466 539 375 482 419 554 382 517 417 567 442 480 468 514 615 478 647 515 537 473 560 516 691 459 749 577 422 482 440 511 394 482 416 512 369 483 391 510 154 499 167 528
439 499 467 539 375 483 419 553 382 519 417 566 697 457 756 579 441 480 468 515 973 392 1140 654 394 483 416 512 422 483 439 511 369 483 391 510
438 499 467 539 382 520 417 565 374 482 419 552 441 480 468 514 395 482 417 512 982 390 1147 654 369 483 393 510
437 500 468 539 381 521 416 564 374 483 419 552 441 481 469 512 395 482 417 512 370 483 396 512 1024 382 1200 651 557 471 643 527
436 499 467 539 373 483 418 553 558 469 645 526 1071 363 1236 634 441 480 469 512 380 520 415 564 395 481 418 512 370 481 398 514
435 498 466 538 368 482 413 551 559 466 647 524 1074 357 1253 633 440 480 470 513 396 480 417 511 370 480 399 516 379 518 414 563
368 482 412 552 562 465 649 522 435 498 464 536 440 477 471 514 422 481 442 511 396 478 417 509 370 477 400 516 1079 349 1259 633
368 482 412 552 439 475 472 514 575 463 672 520 433 499 463 535 547 453 566 499 739 445 757 493
368 482 412 551 576 462 672 521 433 499 462 534 548 450 569 499 743 442 761 492
368 482 411 552 577 461 676 521 433 499 462 535 549 448 571 501 745 442 764 491
368 481 409 552 580 462 679 523 433 498 462 536 422 476 441 511 401 477 417 506 372 518 406 556 560 450 582 499 550 447 571 502
366 481 408 553 584 464 681 525 422 476 441 514 371 519 404 558 402 479 416 507 433 498 461 537
601 464 694 525 364 481 406 553 369 519 403 558 421 478 442 514 402 480 416 508 433 500 463 537
602 462 699 523 362 481 405 554 369 519 401 558 420 476 444 517 425 496 451 535
605 458 706 522 361 480 403 553 419 475 445 518 368 518 398 556
360 480 402 554 608 455 709 524 419 472 447 521 367 518 397 556 459 472 487 508 441 472 475 513
624 454 722 526 358 480 400 555 365 518 395 558 419 473 445 521 458 472 488 510 425 494 450 536
628 455 726 532 358 481 398 558 363 519 394 563
357 483 396 561 361 520 393 567 634 457 729 538
654 459 745 541 361 520 393 570
360 521 392 571 661 459 751 544 451 494 495 534 422 518 453 560 419 495 446 548 134 511 147 540
355 504 395 577 674 458 767 542 451 495 496 534 130 508 145 541 418 495 446 547 421 518 453 558
357 520 390 570 352 487 395 560 124 505 141 538 679 456 774 542
351 484 394 558 355 519 390 569 420 495 449 546 699 455 801 542
350 482 394 557 355 519 390 568 420 495 448 545 397 484 414 508 720 455 821 538
350 482 394 558 722 453 830 540 355 519 390 569 1076 381 1255 488 421 495 449 545 398 485 414 508
350 484 394 557 356 519 390 570 421 496 449 545 689 406 711 432
351 505 393 576 445 494 503 532 926 432 969 511
351 506 393 578 446 496 506 533 928 435 970 517 710 402 735 432 357 542 388 581
350 505 393 579 449 497 507 534 1134 379 1279 492 716 400 742 433 784 460 935 575 357 544 388 581 947 429 990 516
350 504 394 580 451 497 510 534 363 519 392 563 791 459 950 576 356 544 388 582 720 400 745 432
350 504 394 581 453 496 512 534 365 519 393 561 832 459 991 579 356 543 389 583 739 397 767 432
350 503 394 583 454 495 515 535 421 487 435 509 356 542 389 585 432 519 458 560 871 453 1032 581
351 503 394 584 456 486 518 539 421 486 437 509 431 519 459 560 356 542 389 585 882 449 1046 583
350 503 394 585 431 519 460 560 459 485 519 540 421 485 435 509 399 485 412 506 357 541 390 585
350 503 394 585 431 519 461 560 422 485 435 509 460 484 526 539 446 484 460 504 400 485 412 506 358 540 389 586
461 483 526 540 349 502 395 586 240 483 269 509 422 485 434 509 446 483 460 505 399 485 412 506 391 504 409 532 33 483 47 517 358 539 389 588
461 483 528 541 349 501 395 585 422 485 433 508 432 519 461 560 446 483 460 505 398 485 412 507 391 504 409 532 30 483 45 516 358 540 390 587
463 481 532 542 350 501 395 584 436 495 463 548 391 502 410 533 422 484 434 507 446 482 460 504 398 484 412 508 433 520 461 560
463 481 537 542 351 501 395 582 437 495 464 547 392 501 411 533 423 484 434 506 398 484 412 508 446 483 460 504 434 520 461 560 373 483 390 508 359 541 390 584
464 480 542 541 353 501 395 582 393 501 413 534 437 495 465 546 398 484 413 508 423 484 435 505 446 483 461 505 436 520 462 560
465 480 545 540 354 479 396 564 393 500 414 533 438 495 465 546 397 483 413 510 422 482 435 504 445 482 461 505 437 520 462 560 359 520 391 573
468 479 550 540 354 478 397 564 438 493 466 546 395 482 413 511 393 500 413 532 445 482 462 505 422 481 435 503 360 519 392 573
471 472 553 536 354 477 398 561 394 480 413 511 438 493 466 545 393 499 413 530 359 520 393 571
475 470 562 538 355 475 399 561 394 479 414 512 439 493 467 544 221 476 252 500 360 520 394 570 393 499 413 529
475 469 566 538 356 474 399 560 394 478 415 513 439 494 469 544 221 474 254 500 442 478 464 512 361 520 394 570
478 469 571 538 357 473 399 564 439 496 471 544 395 478 415 512 221 472 255 501 443 478 465 511
481 468 577 539 357 473 399 569 441 498 472 543 396 478 414 511 221 471 255 502 443 478 466 511
484 467 581 540 357 473 399 571 396 478 415 511 442 498 473 543 444 479 466 511 396 501 414 525
