

383 358 587 492 610 327 649 358 786 325 815 359 781 303 808 347 561 335 598 369
377 350 583 488 557 329 598 366 778 306 806 345 608 324 643 352 783 325 811 354
373 347 579 488 554 326 596 362 607 313 642 340 776 307 805 345 539 326 571 362
368 347 573 492 551 326 593 361 589 314 626 345 606 312 638 340 539 325 573 361 768 303 798 339
367 351 572 496 551 329 592 365 539 328 573 363 587 316 628 346 607 314 638 342 765 275 790 323 768 303 796 341
364 360 570 506 589 324 627 359 537 334 570 366 767 278 790 324 557 335 592 367 768 325 800 357
364 366 569 514 589 330 627 363 551 350 593 378 767 281 790 324 768 325 800 361
364 375 570 523 551 353 595 388 540 352 573 386 607 338 638 365 592 340 625 367
365 379 572 525 552 357 596 393 541 355 573 387 607 350 638 377 784 351 812 381
365 388 577 536 606 349 643 380 554 360 598 398 787 350 817 385 543 358 572 388
365 389 580 534 607 349 644 380 555 360 599 398 788 348 820 386
371 377 581 515 556 355 598 391 789 325 818 369
369 368 579 509 607 329 645 361 790 323 822 367
368 359 577 503 604 321 645 356 555 334 596 373 791 321 826 365 783 284 822 361 785 275 812 322
364 366 576 510 604 323 646 359 791 322 825 366 558 336 595 370
362 369 575 513 604 326 646 361 553 346 596 381
360 372 575 516 605 328 647 363 552 346 597 382 800 330 834 375
361 363 576 512 606 325 646 358 802 328 836 372 789 262 827 343 554 333 593 373
361 357 577 510 790 258 828 344 551 331 595 372 803 326 837 370 607 317 645 345
360 354 577 513 794 253 834 348 551 331 595 372 540 329 574 365 607 316 646 346 804 325 839 369
357 359 578 518 795 254 835 349 605 324 645 358 539 332 574 365 806 326 841 372
353 366 577 525 603 327 646 363 549 347 594 383 802 313 847 383 796 257 835 349 539 336 573 366
351 371 577 528 602 330 647 367 549 348 594 386 803 312 847 386
348 375 572 529 601 331 647 368 542 347 580 390 805 311 849 387
345 375 569 529 600 330 647 368 540 348 582 390 806 313 851 387
341 374 567 528 599 328 648 367 539 348 583 390 807 314 853 387
339 372 570 528 599 326 647 365 537 349 583 389 808 312 855 386
336 371 568 530 599 325 646 364 535 350 582 388 809 309 856 387 805 259 847 342 536 335 569 364
328 386 575 540 600 330 645 366 535 352 579 388 813 313 865 391
329 389 572 554 818 332 870 406
330 396 572 565 598 353 648 392 534 373 585 417 821 329 873 415
327 395 572 565 599 354 645 391 823 329 876 416 532 374 581 415
315 389 558 555 826 333 878 410 533 360 570 391
312 381 560 547 830 336 880 405 528 354 574 393 602 336 644 370 822 274 869 370
310 379 561 546 599 331 645 370 528 353 576 391 833 335 882 403 824 272 870 370
310 377 562 548 597 329 648 369 530 352 576 390 840 338 893 404 829 257 874 344
311 378 562 552 846 334 900 408 600 331 649 370 532 353 579 389 847 251 894 346
313 382 561 560 852 332 906 412 604 346 649 380 846 275 897 372
314 386 560 564 603 344 657 384 852 277 900 371
317 384 577 563 871 331 928 417 608 347 653 382
316 380 579 558 548 354 595 389 596 324 669 376 877 329 933 412
315 375 580 554 604 321 665 368 888 330 947 410 544 353 596 389 871 253 917 347
311 374 560 553 604 317 663 364 874 249 920 347
306 365 564 541 893 299 954 399 594 304 667 357
301 373 565 556 602 308 663 355 921 194 962 304 895 299 958 396 879 230 929 321
296 375 569 563 927 190 969 303 601 307 663 356 531 347 583 389
294 382 569 571 600 317 661 365 354 379 395 405 531 353 584 393 932 192 974 303
294 393 569 580 601 323 663 374 359 388 396 410 537 358 579 390
294 378 588 602 922 303 1013 437 359 402 400 428
299 405 590 626 928 301 1024 442 362 405 401 431 596 344 670 395 973 204 1019 341
295 405 587 626 929 298 1030 444 362 406 400 432 596 344 670 396 561 357 595 382
289 411 579 628 944 299 1046 448 595 345 670 396 362 408 398 432 531 377 589 429 558 357 595 384
284 416 574 634 951 297 1055 450 593 347 670 399 363 412 397 434 531 386 588 439
276 425 573 643 962 299 1068 457 592 349 671 406 530 392 589 443
267 431 578 648 528 397 589 449 962 259 1063 422 362 427 401 450 592 361 671 414 1018 187 1088 351
258 430 580 651 526 398 587 451 969 254 1069 418 986 299 1101 470 592 361 671 415 361 427 400 450 1018 198 1096 355
253 427 578 652 524 394 586 449 991 298 1108 467 591 348 672 409 974 250 1074 416
248 422 575 653 522 388 584 446 590 348 672 405 988 239 1111 433 1064 158 1135 339
243 424 575 656 521 386 583 444 590 347 672 403 998 230 1118 438 1074 146 1148 336
235 432 575 664 520 389 583 447 592 347 673 406 1014 222 1124 440
229 437 575 673 520 394 583 451 1034 208 1181 478 593 348 673 409 357 427 396 452 1121 127 1199 342
224 437 576 678 519 395 581 453 1044 204 1194 479 594 349 673 410 1149 119 1238 346 357 427 396 453
211 435 563 678 516 391 578 447 1065 194 1221 482 594 346 671 404 1160 106 1248 343
204 434 560 681 1074 182 1234 485 512 388 576 448 594 345 670 404 461 406 508 444
198 442 557 691 1088 174 1243 490 514 391 577 451 593 343 671 409 459 414 514 474
190 457 555 702 1120 170 1269 501 595 363 672 425 512 412 577 471 459 424 514 477 357 435 395 460
184 465 556 710 1133 171 1268 505 515 416 579 479 606 368 683 429 461 435 516 498 561 387 596 410
168 463 557 710 515 417 580 479 609 370 684 431 1150 158 1270 514 461 435 517 498 563 388 595 409
151 453 556 709 516 412 580 474 1211 160 1277 502 611 365 686 426
135 440 554 704 519 394 582 453 1217 168 1276 501 613 345 692 407 466 413 521 474
128 434 554 705 517 392 586 452 614 341 693 404 365 411 403 435 467 402 523 455
121 438 558 707 519 392 591 455 614 342 698 406 471 403 526 455
115 444 562 712 479 421 528 464 521 407 596 472 630 358 714 421
109 448 565 716 635 359 713 424 522 407 602 476 481 422 532 464
101 444 562 716 482 420 531 462 637 358 716 423 521 405 602 475
85 438 559 714 634 342 719 411 530 384 610 457 483 410 527 444
73 436 556 713 519 388 602 465 631 340 720 410 479 405 529 448 386 407 421 428
64 439 557 714 518 388 602 466 630 340 720 410 480 405 529 447 386 406 422 426
65 442 554 717 630 340 722 414 516 390 603 466 481 407 529 450 387 407 423 427
62 449 556 719 517 405 602 478 629 342 726 415
61 458 557 719 514 413 603 481
60 469 560 719 526 427 613 503 486 439 532 485 655 383 736 445 393 432 429 453
63 474 557 718 525 428 613 505 486 438 534 487 655 384 738 447 393 434 430 456
66 476 553 716 518 429 605 503 655 383 737 446 484 436 531 486 393 432 432 455
70 476 549 713 516 426 604 502 651 364 742 437 482 432 528 476 393 428 432 451
72 473 547 713 509 416 603 488 649 359 740 433 477 423 528 473 554 393 619 455
76 468 545 714 505 409 601 486 649 355 738 426 476 419 522 467 555 386 616 454
500 404 597 483 78 467 546 715 647 337 743 417 553 380 612 452 476 415 518 462
495 399 595 483 80 469 542 714 645 333 743 416 541 374 615 431 467 402 524 454
492 397 595 486 38 467 513 716 645 334 743 417 539 374 614 431
480 401 590 485 43 470 506 717 645 335 743 418 536 375 613 431
478 404 589 487 43 473 499 716 645 337 743 419 537 376 614 432
477 405 588 488 49 474 491 717 645 338 745 419 537 376 615 432
475 402 591 490 47 475 487 717 646 337 747 419 537 375 616 432
474 401 594 490 42 474 485 718 647 336 752 419 538 374 618 432
474 399 597 491 37 473 485 717 651 335 756 417 540 370 621 433
474 398 598 491 35 471 486 717 541 367 623 433 654 333 760 413
473 397 599 491 39 469 484 718 542 363 624 434 670 329 766 414
