

845 215 941 366 718 358 806 500 691 250 801 431 1089 265 1190 375 1076 179 1167 330 869 289 936 403 691 160 726 203
848 212 941 362 717 356 805 496 692 247 801 432 1092 262 1194 376 1080 178 1167 331 863 291 946 400 692 158 727 201
852 209 943 359 692 240 802 432 716 353 804 492 1096 262 1198 373 1082 175 1167 330 863 271 951 405 692 154 727 195
692 226 803 438 854 204 946 356 714 348 802 492 1084 169 1167 330 866 270 954 405 1097 247 1200 360 693 150 727 190
689 221 803 444 712 347 800 495 855 201 948 358 1096 165 1190 329 867 272 957 408 1099 248 1203 357 270 356 364 485 693 149 727 186
687 223 802 448 856 201 950 362 712 350 798 500 868 274 960 412 1101 166 1194 330 1113 266 1215 373 693 150 727 189
686 236 802 446 857 205 951 366 713 360 799 508 869 273 962 415 1106 200 1206 362
857 211 952 370 687 244 803 445 714 368 800 516 1109 194 1213 365 879 298 968 442
689 253 804 488 880 305 972 450 1114 197 1218 369 859 217 955 374 713 375 803 523 1100 273 1238 398
689 257 806 489 880 310 976 457 1120 202 1222 372 713 376 803 526 1104 281 1244 406 863 220 962 376
689 262 808 486 716 390 801 539 892 316 988 464 871 235 974 416 1125 205 1222 376 1120 284 1258 408 173 405 274 557
896 319 993 465 689 264 809 484 1137 201 1246 384 716 391 801 538 875 235 977 416 711 180 744 218
900 315 997 462 689 262 807 483 1141 197 1252 383 712 375 802 521 877 234 978 414
905 311 999 457 1146 188 1257 380 878 216 977 379 711 370 800 514 692 264 803 483
908 308 1001 451 879 209 977 378 1137 262 1277 397 687 245 800 443 711 364 797 509
909 309 1004 458 1158 179 1261 374 883 207 997 389 675 241 785 439
1162 186 1263 374 890 229 1003 425 910 313 1007 468 1145 266 1279 407 675 261 786 485
886 223 1003 426 673 261 788 490 1166 194 1266 372 911 318 1010 479
886 223 1005 428 672 264 789 491 923 341 1016 491 1170 197 1269 374
890 223 1009 431 671 265 789 494 924 342 1023 494 705 394 789 539 1201 188 1276 388
896 223 1014 439 671 267 789 496 926 344 1026 498 706 397 792 539 1199 253 1276 413
904 223 1021 446 708 399 796 538 671 268 789 498 927 347 1028 501 186 385 367 511 1206 186 1278 386
909 222 1026 449 711 400 799 536 690 269 801 493 176 389 363 510 945 355 1041 499 1209 184 1279 387
714 395 803 538 693 262 802 493 916 216 1029 445 955 354 1049 498 1215 179 1278 393 167 391 359 508
930 212 1055 445 965 346 1061 499 695 254 804 494 715 375 804 519 110 402 337 533 1221 182 1278 395
933 210 1057 444 717 374 806 519 971 341 1073 503 693 251 800 424 89 401 339 543 854 270 889 316
939 210 1060 446 698 254 809 491 717 374 808 520 969 336 1080 510 61 408 294 560
947 214 1064 452 701 260 812 491 996 345 1104 516 717 374 810 521 58 417 285 566 711 151 748 191
947 195 1091 487 704 264 815 493 1003 346 1116 517 724 395 808 536 60 426 275 567 713 152 751 191
951 192 1094 488 704 265 815 492 1013 348 1122 512 735 411 802 524 713 150 752 189
954 189 1095 483 702 264 814 487 730 388 817 506 985 346 1144 511
969 184 1117 489 724 376 817 515 701 265 814 480 1019 349 1167 516
974 179 1124 491 702 265 815 479 726 377 819 515 1020 348 1175 515 706 121 758 185
977 173 1134 495 727 377 819 514 702 267 816 477 1023 348 1184 514 705 119 758 183
982 171 1140 495 727 377 818 515 703 268 817 478 1024 349 1190 513 709 129 751 169
991 171 1145 492 727 378 818 515 703 268 818 478 1024 346 1203 515 511 311 604 392
997 174 1149 490 727 379 819 517 703 268 818 480 969 260 1018 341 509 329 600 405 1023 345 1210 518
1014 169 1174 500 726 378 820 520 503 332 600 408 706 271 820 478 972 260 1021 343 601 308 699 371 701 115 751 185
1017 169 1179 502 725 374 819 521 709 276 822 473 499 334 599 410 974 260 1021 343 876 274 965 328 700 114 751 187
1029 172 1189 497 727 373 820 519 711 273 824 473 487 334 581 415
1036 160 1201 500 728 373 822 515 710 269 822 475 482 332 582 416 1 9 33 151
1054 148 1234 510 729 373 823 512 709 264 823 478 475 328 585 416 973 216 1024 335 1124 335 1276 607 1 9 35 146
1061 138 1239 515 729 373 822 509 470 325 589 416 708 263 822 478 976 216 1026 332 1 8 38 142 1125 296 1279 592
1077 141 1243 521 729 373 822 508 469 326 588 417 707 265 822 477 978 215 1028 330 1130 330 1279 622 579 290 669 356
1090 142 1248 529 730 375 822 508 705 266 821 476 470 329 586 418 989 220 1046 330 577 292 671 357
730 374 822 511 1114 137 1267 543 990 215 1046 335 427 333 584 445 687 268 845 409 224 388 413 554
744 409 809 525 1121 138 1270 541 993 219 1044 335 178 397 382 568
742 408 809 530 1132 136 1274 542 1001 237 1048 351 164 403 384 579 1017 279 1071 360 389 364 547 479 806 344 839 393
739 408 809 533 67 415 396 634 1001 235 1049 353 1140 135 1278 543 387 369 541 482 1019 282 1075 365 799 335 844 403 2 10 38 138 708 284 819 474 76 653 229 718
735 407 808 534 64 428 374 638 1149 136 1279 545 704 283 815 476 1018 281 1077 368 1002 237 1050 354 797 338 845 407 80 653 227 719 399 372 506 478 0 14 59 135
732 407 807 535 1017 279 1077 369 796 340 845 409 55 432 361 650 702 285 810 471 1003 238 1052 354 1152 131 1279 551 2 11 39 136
729 407 806 535 795 341 847 412 1018 276 1078 372 19 435 326 673 700 285 804 469
722 403 805 536 1013 235 1072 364 794 342 849 413 13 445 309 681
718 404 804 536 1015 231 1071 365
716 405 803 537 1016 229 1070 366
713 405 800 536 1019 228 1071 365
718 410 785 529 1021 226 1071 364 1 3 60 109 675 283 784 473
716 410 781 526 671 275 786 486 1016 215 1099 372 4 5 58 102
668 269 784 487 1019 209 1100 367 714 412 778 520 62 660 206 719 878 267 923 338 5 7 58 97
664 269 779 484 1019 206 1103 365 877 263 920 336 62 660 208 719 712 413 774 518 180 415 364 557
662 273 773 482 63 665 210 719 1020 208 1107 367 876 261 917 337 779 333 830 404 184 417 357 566 701 413 764 518
658 280 769 479 1020 211 1109 373 63 674 208 719 874 263 914 340 699 410 763 526 778 335 829 409 67 414 377 637 199 424 350 565
1022 216 1111 379 658 289 766 478 63 423 365 639 776 334 831 417 697 412 761 531 875 266 915 344 63 680 203 719
659 298 764 473 1025 220 1115 381 876 281 918 360 780 357 829 429
877 287 920 366 659 305 761 473 1033 240 1120 398 779 362 831 436
1039 252 1143 399 878 292 921 371 251 430 402 559 659 309 759 471 65 487 273 671
1040 251 1144 400 68 498 254 669 877 291 922 371 237 429 405 563 657 309 758 474 693 441 757 545
1043 248 1147 398 656 309 755 471 876 290 923 370 691 442 755 542 775 364 827 439 45 497 226 671 225 427 403 559
1048 248 1151 398 654 308 755 473 776 362 826 436 685 419 755 530 50 504 208 663
654 305 753 469 777 359 827 433 1048 208 1153 388 685 417 755 527 171 442 351 590 751 304 839 386
655 304 753 469 778 357 829 431 686 415 756 526 1054 204 1158 391 124 443 328 599 753 304 840 385
656 305 752 465 102 434 338 605 779 356 833 433 1061 201 1165 396 687 414 756 525 754 304 842 386
657 306 755 467 90 435 334 610 1070 202 1170 396 690 413 758 525 886 284 942 369 780 355 836 435 767 306 854 439
657 308 758 469 59 445 303 624 1090 248 1193 404 788 357 844 438 692 413 760 528 889 285 947 370 768 307 856 440
58 447 296 634 1095 243 1202 407 658 309 761 475 793 357 846 439 694 415 762 529 771 308 859 442 895 302 948 376
659 312 762 477 1103 235 1212 409 797 357 849 441 695 416 764 529 32 442 299 666 774 309 862 442
657 312 762 480 1107 231 1221 411 800 356 851 441 696 416 763 527 777 308 864 441
655 313 760 476 800 355 851 441 1112 228 1227 410 695 417 761 524 778 307 864 441
651 314 758 477 799 355 851 443 1115 234 1229 409 681 418 764 522 777 307 863 442
649 314 753 475 798 355 851 444 777 306 863 442 679 419 762 518
647 312 749 473 798 356 852 443 1134 242 1249 409 777 306 862 441 902 306 954 375 74 457 254 603
797 356 852 443 648 312 746 469 1139 237 1253 409 330 402 433 474 902 308 955 372 776 306 862 441 66 460 252 605
797 356 852 442 1141 239 1256 409 648 311 744 467 336 404 425 473 902 309 955 372
796 356 852 442 1145 200 1257 391 650 310 743 469 297 406 413 475
1152 246 1267 411 797 355 853 443 678 421 736 511 279 412 394 482 653 311 743 472
1158 247 1272 416 677 422 735 514 799 353 855 447 288 412 384 488
1161 241 1275 423 676 425 735 520 284 421 378 511 803 374 858 460 136 435 320 556 995 277 1089 324
1165 234 1278 428 675 428 732 521 120 451 312 588 803 374 861 465 1000 280 1092 327 656 340 745 509 280 428 375 509
1168 232 1279 428 78 456 280 601 220 440 343 510
669 426 724 512 60 453 281 606 1172 237 1278 424 224 440 331 515 1003 270 1095 319
665 424 723 509 1188 237 1279 418 208 443 318 537 56 456 274 611
664 426 722 511 809 370 871 462 1191 236 1279 419 32 468 232 619 901 285 949 373 208 450 313 535
663 427 722 513 811 372 873 466 33 470 231 618 1194 236 1279 420
664 429 722 517 35 473 229 617 814 376 875 470 1041 278 1143 327
664 431 722 521 38 476 227 619 816 377 877 474
663 431 722 523 912 312 965 396 821 402 877 483
912 309 965 395 663 428 721 520 819 374 881 476 635 344 725 505 980 296 1022 366
637 344 722 498 913 306 965 391 659 424 712 512 820 375 883 473 981 293 1027 365 701 334 748 409
