

862 444 1229 716 8 276 243 705 485 363 792 717 337 337 508 620 764 392 935 670 240 277 367 503 718 367 818 510 775 544 931 718 184 257 269 418 14 222 112 432 321 517 492 714 468 312 571 469 1162 477 1259 702 211 435 331 645
860 444 1230 716 8 276 242 706 485 363 791 717 337 337 508 619 764 392 935 668 240 277 366 502 717 368 818 509 775 545 930 717 185 256 269 418 321 517 492 714 14 222 111 432 469 313 571 468 1162 477 1259 702 211 435 331 645
860 444 1229 716 8 276 242 706 485 364 790 717 337 337 508 618 764 392 935 668 240 277 366 503 717 368 817 509 776 545 930 717 321 517 492 715 185 257 269 418 14 222 111 432 1162 477 1260 703 210 436 331 644 469 313 571 467
859 445 1227 716 8 276 243 706 485 364 790 717 337 339 509 617 764 391 936 668 716 367 817 509 239 277 367 503 776 545 930 717 320 517 492 715 186 257 269 418 14 223 110 432 1161 477 1260 703 210 436 331 642 470 313 571 465
860 445 1226 717 8 275 243 706 485 363 790 717 336 339 509 616 764 392 936 668 716 366 816 510 238 278 367 505 775 544 930 717 320 517 492 715 187 258 269 418 13 225 110 432 1161 478 1261 704 210 437 331 641 470 313 570 464
861 445 1224 717 8 276 243 706 484 362 790 717 336 339 509 616 763 391 935 668 716 366 816 511 775 544 929 718 238 278 367 505 320 516 493 715 187 257 269 418 13 225 109 432 1161 479 1262 705 210 437 330 640 469 314 570 464
860 444 1224 717 8 279 243 705 484 361 790 717 337 339 509 617 763 391 934 667 716 365 817 512 774 542 929 719 238 278 367 505 321 516 493 715 187 257 269 416 1162 479 1263 705 14 225 109 432 468 314 570 465 210 436 330 639
858 443 1224 717 7 282 244 705 484 362 790 716 338 339 508 617 764 389 934 667 716 364 818 513 239 278 368 505 774 542 928 719 321 516 493 714 186 257 269 413 1162 480 1262 703 14 225 109 432 467 313 571 465 211 434 330 639
855 443 1225 717 483 363 790 717 7 284 244 705 339 338 506 618 765 388 933 667 239 278 368 504 716 364 818 514 775 541 928 719 186 256 269 410 321 517 492 714 14 226 109 432 1163 479 1262 702 467 313 571 464 211 432 329 638
853 442 1225 717 7 284 245 705 483 364 790 717 339 339 506 617 765 388 934 667 239 277 369 505 715 364 819 515 776 542 927 718 186 256 269 410 321 517 492 714 14 226 109 432 467 311 570 464 1163 477 1262 701 211 432 329 637
853 442 1226 717 7 283 245 705 484 366 790 717 339 339 506 617 765 388 934 667 239 275 369 505 715 364 819 516 776 542 927 718 186 257 269 412 321 517 492 714 14 225 109 432 468 310 571 464 1163 476 1263 701 211 431 329 638
854 444 1225 717 7 283 245 705 484 366 790 716 340 340 507 617 765 388 934 667 240 275 369 505 716 364 819 516 776 543 928 717 322 517 492 714 186 257 269 414 14 225 109 432 468 309 572 464 1162 476 1264 701
855 445 1224 718 7 282 244 706 483 366 789 716 340 341 507 617 765 388 935 668 240 275 369 505 716 364 820 517 776 543 928 717 322 517 493 714 186 258 269 415 14 224 110 433 1162 477 1265 702 468 310 572 463
857 447 1224 718 7 283 244 707 483 364 789 717 339 339 508 619 764 388 935 668 240 276 369 506 716 363 820 517 776 543 929 718 322 517 494 715 186 258 269 417 1161 478 1265 703 13 224 110 433 468 310 572 465
857 448 1225 717 7 282 245 706 482 363 789 716 337 337 509 620 763 388 936 668 240 275 368 504 715 364 819 517 775 543 929 718 321 516 496 715 1161 478 1265 704 186 258 269 417 14 225 109 432 468 310 573 464
858 446 1226 717 483 365 789 715 8 280 244 706 336 335 510 623 763 388 937 667 240 277 367 501 716 363 818 517 775 543 929 718 321 516 496 715 1161 477 1265 705 186 259 268 416 14 226 107 432 469 309 574 464
858 446 1226 718 485 366 790 714 8 277 243 706 336 334 512 623 762 389 937 667 240 279 366 500 775 542 929 718 716 362 819 519 322 518 495 714 1162 476 1265 705 187 260 268 413 14 226 107 432 470 309 575 462 156 247 210 350
856 444 1225 719 487 366 791 713 9 276 243 707 762 389 937 667 337 333 511 624 240 281 367 500 718 361 821 519 776 541 928 718 323 519 493 713 13 227 108 434 188 261 268 413 1162 476 1265 704 470 309 576 461 156 247 210 352
489 363 792 712 854 444 1226 719 9 277 243 708 763 389 936 666 335 335 511 623 240 282 368 501 719 361 822 520 777 542 928 717 13 228 108 435 323 521 491 713 189 262 268 415 1161 477 1265 702 469 311 576 461 156 247 210 352
489 362 793 713 855 444 1226 718 9 279 242 707 763 390 935 664 333 337 511 623 239 282 369 502 719 361 821 520 778 542 928 718 189 262 269 417 12 228 109 435 323 521 490 714 1162 478 1265 702 469 313 576 461 156 247 210 351
858 445 1226 718 488 361 795 713 9 279 242 707 763 391 936 663 332 338 511 623 239 282 369 503 719 363 821 518 778 541 929 718 190 263 269 416 13 228 109 435 324 521 490 714 1162 480 1265 702 469 315 576 463 157 248 211 350
857 446 1226 719 487 358 795 716 9 279 244 707 764 391 937 664 332 335 511 625 239 283 369 503 719 364 818 517 778 540 929 718 189 263 270 416 12 226 111 435 323 520 490 715 470 315 576 463 1163 480 1265 703 158 249 211 348
487 355 795 718 854 445 1226 719 9 279 246 708 764 390 937 666 333 333 511 626 720 364 817 515 240 284 369 501 779 540 930 719 189 262 269 417 12 226 111 436 323 519 491 715 470 313 577 464 1164 479 1265 703 159 249 211 348
488 355 794 719 856 445 1225 719 9 278 246 707 763 389 938 669 334 332 510 626 720 362 817 517 241 283 370 501 778 539 931 719 189 261 269 417 12 226 112 436 323 519 492 714 469 312 578 465 1165 479 1265 704 158 248 211 349
489 356 794 719 859 445 1224 719 9 277 245 706 762 388 939 670 335 331 510 625 241 281 369 502 777 537 933 719 720 363 817 517 188 261 269 417 13 226 112 434 323 519 492 714 1164 478 1266 706 469 311 579 465
489 357 794 718 862 444 1223 719 8 276 244 706 761 389 938 669 337 331 509 625 240 280 369 506 776 536 934 719 719 363 816 517 188 262 269 415 13 227 112 434 323 520 491 714 1164 477 1267 708 469 312 579 466 973 381 1018 418 1192 412 1238 440
488 356 794 718 861 443 1221 719 8 276 243 706 762 391 937 667 337 331 509 625 239 280 368 507 776 537 933 719 718 365 816 515 188 263 269 412 323 521 490 714 13 227 111 435 1163 476 1267 709 469 313 578 465 971 381 1020 418 1192 412 1238 440 157 248 210 349
487 356 794 717 859 442 1220 719 8 277 242 707 762 392 936 665 337 333 509 624 239 282 368 508 777 538 933 719 718 365 815 514 324 521 489 714 187 263 270 409 13 227 110 436 1162 475 1267 709 968 382 1021 419 469 314 578 466 1192 412 1238 440 157 249 210 348
487 355 794 717 858 443 1220 719 8 277 242 707 762 393 935 665 336 334 509 625 239 284 368 508 777 539 933 717 717 367 816 515 323 521 488 715 186 264 270 407 13 228 110 436 1161 475 1267 708 965 382 1023 418 469 315 576 466 1193 412 1238 441 194 438 343 702 904 393 951 497 158 249 210 347
488 354 795 717 856 442 1222 719 8 277 242 707 762 393 934 665 337 334 508 625 239 284 368 510 778 541 933 716 717 369 818 517 324 521 488 715 13 228 110 437 186 264 270 407 1161 475 1267 707 962 382 1024 418 468 316 575 467 194 438 342 703 1194 412 1238 441 904 393 951 497
488 352 796 718 856 441 1224 719 8 277 242 708 762 393 934 666 337 334 508 626 239 284 368 511 780 542 933 715 717 370 819 518 324 521 488 715 12 228 111 438 186 264 270 406 1161 475 1267 705 960 382 1022 418 467 316 575 467 194 439 342 704 904 393 951 497
487 353 796 718 856 441 1225 719 8 277 242 707 763 393 934 665 338 334 508 626 238 283 368 512 717 370 821 518 780 543 932 715 12 228 111 438 324 521 488 715 186 264 269 407 1161 475 1267 705 467 316 575 468 193 439 343 704 961 382 1019 417 904 393 951 497
486 353 795 718 856 443 1224 718 8 276 242 707 764 392 935 664 338 334 508 626 238 283 369 511 718 369 819 516 780 543 932 716 12 228 111 437 1160 475 1266 705 325 521 488 716 186 264 269 407 467 317 575 469 952 382 1004 417 193 439 343 705 1193 411 1238 441 904 394 951 496
484 354 793 718 857 444 1225 717 8 274 242 706 765 393 935 662 338 332 508 626 237 283 369 509 718 370 818 514 779 542 931 716 1160 476 1266 704 186 264 269 408 12 228 110 436 324 520 489 716 950 381 1005 418 467 317 574 468 1193 412 1237 440 193 438 343 705
484 355 792 717 856 445 1224 717 7 272 242 707 766 392 935 662 336 332 509 625 237 283 369 507 717 370 816 513 779 543 931 716 1160 477 1265 702 187 264 269 409 12 227 110 435 324 520 490 717 468 318 573 468 950 382 1004 417
485 356 792 716 855 444 1225 717 7 272 242 706 336 331 509 625 766 392 935 662 717 371 817 514 237 284 369 506 778 543 931 716 186 264 269 409 1160 478 1264 702 12 228 110 434 323 520 490 716 467 319 574 468 950 383 999 417
486 356 792 715 854 443 1225 718 8 273 241 707 335 331 509 626 765 391 935 663 717 371 817 516 238 284 369 505 778 542 931 717 186 264 269 408 324 520 489 716 12 229 109 434 1160 477 1264 702 467 320 574 468 951 383 995 417
486 357 791 715 854 443 1225 719 8 273 241 708 335 332 510 625 766 390 936 663 717 371 817 517 238 283 370 505 778 542 931 717 186 264 269 408 323 519 488 716 12 229 108 433 1160 475 1263 702 467 320 574 468 950 383 991 417
485 357 790 715 854 443 1225 718 8 272 240 709 335 333 510 624 766 389 936 663 716 372 817 518 238 282 370 505 778 542 931 716 186 264 268 409 323 519 488 716 12 229 108 433 1160 474 1264 702 467 320 574 468
484 357 790 716 854 443 1226 718 8 271 241 710 335 333 510 623 766 389 936 663 238 281 369 505 716 372 817 518 778 541 931 716 186 264 268 410 322 518 489 716 12 228 109 433 1160 473 1263 703 467 319 573 467
483 357 790 718 854 444 1226 717 8 270 241 711 334 332 510 622 766 388 936 663 777 539 931 717 715 371 817 518 238 280 369 506 185 263 267 410 11 227 110 433 322 518 489 716 1161 472 1262 703 467 319 573 467
481 358 790 719 852 445 1227 716 8 269 240 712 334 331 509 622 766 388 936 663 776 537 930 718 715 371 817 519 237 279 368 507 184 263 267 411 11 226 112 433 322 518 490 716 1162 473 1262 703 467 318 574 467
480 360 790 719 851 446 1227 716 8 269 239 713 334 331 508 621 765 388 935 664 775 536 930 718 715 369 817 519 237 280 368 508 184 263 267 411 11 226 112 433 322 518 490 717 1161 474 1261 704 466 318 574 467
480 361 790 719 848 447 1227 716 8 268 238 714 335 330 507 622 765 387 934 664 715 367 817 519 774 534 930 719 237 280 368 509 184 264 267 412 321 517 490 717 11 227 113 432 1161 476 1261 705 466 317 573 468 156 250 208 345
480 362 790 719 847 448 1228 716 7 267 238 714 336 330 507 623 765 387 933 665 716 366 816 519 238 279 368 509 184 265 266 412 773 533 930 719 321 517 491 717 11 228 114 431 1161 478 1261 704 466 316 573 469 156 249 207 345 902 399 947 492
845 446 1230 717 480 362 791 719 7 266 238 715 336 331 507 622 765 387 932 665 716 366 814 518 183 265 266 412 238 278 368 508 772 532 931 719 320 518 490 717 12 227 112 431 466 315 572 470 1160 477 1261 704 155 249 207 345 902 401 947 491
481 362 791 719 844 446 1229 717 7 266 238 714 336 334 507 620 765 387 931 664 715 366 813 519 183 264 266 413 238 277 367 508 771 532 930 719 320 518 491 718 12 226 111 431 1160 476 1262 703 465 316 572 470 155 249 208 345
847 447 1227 717 481 365 790 719 8 269 238 713 336 337 507 619 766 388 931 664 714 366 813 519 772 534 928 719 237 277 367 507 184 263 266 413 321 518 491 717 12 226 110 432 1158 475 1262 705
850 449 1225 717 482 367 788 718 7 271 238 713 335 338 508 620 766 388 932 664 713 365 813 520 773 536 926 719 236 278 367 505 185 263 267 413 321 517 491 717 12 227 109 433 1156 475 1263 706
853 451 1224 717 482 367 787 718 7 273 238 713 766 389 933 664 333 338 508 621 713 365 814 520 774 538 925 719 236 278 367 505 186 263 267 412 1155 475 1263 707 321 516 490 717 12 228 109 433
852 449 1223 717 482 366 787 717 7 272 237 713 333 339 507 621 766 390 933 663 713 366 815 519 774 538 925 719 236 278 367 507 187 263 267 412 1155 475 1262 707 320 516 491 718 12 229 110 433 900 398 949 495 154 250 207 344
852 448 1222 718 481 364 787 717 7 270 237 714 334 338 507 622 766 390 933 662 774 539 926 719 713 366 816 518 237 278 367 508 186 263 267 413 1156 476 1262 707 320 515 491 718 13 228 109 432 900 399 949 494 154 250 207 344
853 448 1222 718 480 362 787 717 8 268 238 715 335 336 507 624 766 391 933 662 774 538 926 719 238 277 367 508 714 366 816 517 186 263 266 413 1157 477 1261 707 320 516 491 718 13 227 110 431 900 399 948 494 155 249 208 345 467 320 569 467
855 450 1222 719 479 359 788 718 7 266 238 715 336 334 507 625 766 391 933 662 774 538 926 719 238 277 367 508 715 365 817 517 185 263 266 415 1158 477 1260 708 320 517 492 718 13 226 111 431 900 400 948 493 467 319 569 468 156 248 208 347
855 450 1221 719 480 358 789 719 7 264 238 715 336 333 507 625 766 391 933 662 238 276 367 507 775 537 927 719 715 365 816 517 184 262 265 416 1158 477 1260 709 321 517 492 718 12 226 114 431 899 400 947 494 468 320 570 468
854 450 1222 719 481 359 789 718 7 263 237 715 335 333 507 626 766 392 932 661 239 276 366 506 775 537 926 719 715 365 815 516 184 262 265 415 1157 477 1261 708 321 517 492 717 13 226 113 430 900 400 947 494 467 320 570 468 899 379 981 429
851 448 1223 719 482 362 789 718 7 263 237 716 335 333 507 628 766 392 932 661 239 275 366 504 715 365 813 515 183 262 265 413 788 539 912 719 321 517 492 717 1157 477 1262 706 13 227 113 429 466 320 569 467 898 379 983 430
848 448 1225 719 482 363 789 716 7 263 237 716 334 333 507 629 765 393 931 662 714 364 813 514 239 274 366 504 182 263 265 412 788 541 912 719 320 517 492 716 1156 477 1263 703 13 227 112 429 466 319 568 466 896 379 986 431 1195 413 1234 440
846 447 1226 719 482 365 788 715 6 261 238 716 335 333 507 628 765 392 931 663 714 364 812 515 239 274 366 505 182 263 265 414 788 541 912 719 320 517 492 716 1156 477 1263 702 12 227 112 429 465 319 568 466 895 380 987 430 1196 413 1234 440 1175 415 1220 441
843 447 1226 719 481 363 788 715 6 261 238 717 335 334 507 625 764 392 931 662 714 363 813 516 182 262 265 415 238 274 365 506 788 542 912 719 319 517 493 716 1156 478 1263 700 12 229 112 430 466 319 568 466 897 382 987 429 1196 413 1233 440 1175 415 1221 441
841 446 1227 719 479 363 788 715 7 263 238 717 335 334 507 623 764 392 930 662 713 364 813 517 182 261 265 416 238 274 365 506 788 542 912 719 319 517 493 716 466 319 568 468 1156 479 1262 698 13 230 111 431 901 384 988 428 1195 413 1233 440
839 446 1227 719 477 361 788 716 7 266 239 716 335 335 506 621 765 393 930 662 713 363 812 518 182 261 265 416 237 274 364 505 788 542 912 719 319 517 493 715 466 318 568 469 14 230 111 431 1156 479 1261 696 904 385 988 427 1192 413 1233 440
838 446 1228 718 477 361 788 716 6 268 240 716 335 334 506 621 765 393 930 662 713 363 811 518 182 261 265 416 237 273 364 505 775 541 926 718 466 317 568 469 320 518 491 715 14 230 112 431 1156 479 1261 696 905 385 989 427 1192 413 1233 440 903 403 947 489
838 446 1227 719 477 362 787 716 6 269 241 715 335 334 507 621 765 393 930 661 713 363 810 518 182 261 265 415 238 273 364 505 775 541 927 718 1156 480 1261 698 467 317 568 469 14 229 112 431 321 519 491 714 1192 413 1233 441 904 403 948 489 905 385 989 427
837 447 1225 719 478 362 787 715 6 269 240 715 335 334 506 620 764 393 929 660 712 364 810 518 183 262 265 415 238 273 364 505 775 541 926 719 1156 480 1261 699 466 316 568 469 13 229 112 432 320 519 491 715 904 402 949 490 1193 413 1233 440 906 385 991 427
838 448 1224 719 478 362 786 714 6 270 239 715 335 333 505 619 764 393 929 659 712 365 811 518 183 262 266 415 774 542 925 719 238 273 364 505 1156 480 1261 701 320 519 493 716 905 401 949 490 466 317 568 469 13 229 112 433 1193 414 1233 440
838 449 1223 719 478 362 786 713 7 271 238 715 334 333 503 619 764 394 930 660 712 366 813 517 183 263 266 414 774 542 925 719 238 273 364 505 1155 480 1261 702 319 519 493 716 905 401 949 491 466 317 568 469 13 230 112 433 1193 414 1232 440
840 449 1223 719 478 362 786 713 6 270 239 714 334 333 504 619 764 393 930 660 714 366 814 517 774 542 925 719 238 273 364 505 183 263 266 414 1155 479 1260 703 905 400 949 491 320 519 493 715 466 317 568 469 13 229 112 432 1193 414 1232 440
840 449 1222 719 6 268 241 714 479 363 787 714 334 334 505 618 765 392 930 660 715 366 814 517 237 274 363 505 775 541 925 719 185 263 266 415 905 399 949 492 1155 478 1261 704 465 317 569 468 321 519 493 715 12 226 113 431
5 266 242 715 842 448 1221 719 480 364 787 714 333 333 506 618 765 391 931 660 715 366 815 517 237 275 363 504 774 540 925 719 186 262 266 417 465 317 569 467 1156 476 1261 705 905 398 949 493 12 224 114 430 321 519 493 715 936 396 1003 433
5 265 243 714 843 446 1221 719 480 363 788 714 333 332 506 620 765 391 930 660 716 366 814 517 237 276 363 504 774 540 926 719 185 262 266 418 11 223 114 430 465 318 569 468 1157 475 1261 705 904 397 949 493 321 518 494 715 937 395 1004 433
5 265 243 713 846 445 1221 719 481 363 789 714 333 329 506 626 765 391 930 662 716 365 814 517 237 276 363 503 774 540 925 719 185 262 266 417 11 222 116 430 1156 477 1261 703 466 318 569 468 321 518 492 715 904 397 948 494 939 395 1005 433
5 265 243 713 482 362 790 715 848 444 1222 719 332 327 505 632 764 391 929 664 237 276 363 501 717 364 813 517 786 541 912 719 1156 480 1260 701 186 263 266 415 11 222 116 429 322 518 490 715 466 320 570 468 942 395 1006 433
481 360 791 716 5 265 243 714 848 444 1223 719 332 325 505 637 764 390 929 665 237 276 363 499 718 363 813 518 787 541 912 719 1155 482 1260 699 187 263 267 418 11 223 115 429 323 519 488 715 465 319 570 468 943 395 1008 432
480 359 791 717 847 444 1224 719 5 264 243 715 332 324 505 637 764 388 929 665 237 275 363 499 718 362 812 519 775 541 925 719 1155 481 1259 699 187 262 267 421 11 222 114 429 324 520 487 715 465 319 569 467 943 395 1008 432
479 359 791 718 845 443 1225 718 6 264 242 715 332 324 504 637 763 387 930 665 237 275 362 498 719 362 812 520 774 540 926 719 1156 481 1259 699 187 261 267 422 11 222 111 429 324 520 486 714 464 318 570 467
844 443 1224 718 480 360 791 717 6 265 241 715 331 324 503 637 763 388 930 664 237 276 362 497 718 362 812 519 774 539 927 719 1156 480 1260 699 187 262 267 419 12 223 111 430 324 520 485 714 464 317 570 467
843 442 1224 718 482 360 790 716 6 265 241 714 331 324 503 638 764 388 930 664 237 277 362 496 718 362 810 518 774 539 927 719 1156 479 1260 700 187 262 267 417 12 223 110 430 324 519 485 715 463 316 570 466
844 442 1223 718 482 359 790 717 6 265 242 714 331 323 503 637 764 388 929 664 238 277 362 497 717 363 808 518 774 539 927 719 1156 478 1260 699 187 262 267 418 12 224 110 430 463 315 569 465 324 519 485 715
482 360 789 717 844 442 1223 717 6 264 242 713 332 323 503 636 764 389 929 663 238 276 362 498 716 364 806 518 774 539 927 719 1156 478 1260 699 187 262 267 420 12 225 110 430 463 315 569 465 324 519 486 714
482 360 789 717 845 442 1223 717 6 264 242 713 331 324 503 634 764 390 928 663 238 276 362 500 716 365 806 517 774 539 927 719 186 262 266 420 1156 478 1259 700 464 315 569 464 12 225 110 430 324 519 486 714
845 442 1224 718 482 361 789 717 6 265 241 713 331 325 503 634 765 390 929 662 716 365 806 516 238 276 362 501 774 540 927 719 186 262 266 420 464 316 570 464 12 225 110 431 1156 478 1259 700 324 519 486 714
845 442 1224 719 482 361 789 717 6 265 241 714 331 325 503 634 765 390 929 662 238 276 361 501 715 365 807 515 774 540 927 719 186 262 266 420 12 225 111 431 464 316 570 464 1156 479 1259 700 324 520 487 714
482 360 789 716 845 442 1223 719 6 265 241 713 331 326 503 635 765 389 930 661 237 276 362 501 715 365 809 516 775 539 926 719 185 263 266 419 1155 480 1259 701 11 225 110 431 325 520 486 714 464 315 571 466
483 358 789 717 5 265 241 713 845 443 1222 719 330 326 503 636 766 388 931 661 237 276 362 500 715 364 810 517 1155 480 1259 701 775 539 926 719 185 263 266 417 11 225 110 430 325 520 486 714 464 314 572 468
483 357 789 717 5 266 240 712 845 443 1221 719 330 327 503 637 766 387 931 662 237 276 363 501 715 364 812 518 1154 481 1259 702 775 539 926 719 185 263 266 414 325 519 485 714 11 225 109 430 463 312 573 469
483 357 789 717 5 265 241 712 845 442 1221 719 330 327 504 637 765 387 931 663 237 276 362 501 714 363 812 518 1155 481 1259 702 774 538 926 719 185 263 266 414 325 520 485 714 11 225 111 429 463 312 573 470 904 391 950 495
484 359 788 717 5 267 241 711 843 441 1221 719 331 326 504 636 764 387 931 663 237 277 363 502 715 364 812 519 1155 481 1259 701 774 538 926 719 186 264 267 414 325 520 486 714 11 225 113 429 463 312 572 471 904 391 950 494 949 390 1003 432
485 361 787 717 842 440 1220 719 5 267 241 711 332 326 505 634 765 387 930 662 237 278 363 502 715 365 812 520 1155 481 1259 700 773 538 927 719 186 264 268 414 325 519 487 714 11 225 115 429 463 312 572 471 904 392 949 495 951 390 1001 432
485 363 787 717 842 439 1220 719 5 268 241 711 333 326 505 634 765 386 930 661 714 366 813 520 237 279 363 502 1156 481 1259 699 773 538 927 719 186 264 269 414 324 518 487 715 12 225 116 428 463 313 571 471 952 390 999 432 904 391 949 496
484 362 787 718 843 440 1219 719 5 267 241 712 333 325 504 634 765 386 930 660 714 366 813 520 237 279 363 502 1156 481 1260 699 773 538 927 719 187 263 269 415 324 518 487 715 12 225 115 428 463 313 571 472 904 392 949 496 952 390 998 432
483 362 787 718 843 440 1220 719 6 267 240 713 333 325 504 634 765 386 931 660 237 279 363 502 715 367 813 520 1156 481 1260 698 773 538 927 719 187 263 268 417 324 518 487 715 13 225 114 429 463 313 571 472 903 393 949 495
482 362 788 718 843 440 1219 719 6 267 240 713 333 325 504 634 765 387 931 660 237 278 362 503 715 369 813 520 1156 481 1261 698 773 537 927 718 188 264 268 417 324 519 487 715 950 376 1049 428 13 226 112 430 903 394 949 494 463 313 571 472
481 363 788 718 843 439 1220 719 6 268 239 713 333 325 505 634 764 388 932 660 237 277 362 504 716 369 814 520 1156 481 1262 698 774 538 927 718 188 264 268 417 323 518 488 715 951 374 1048 428 14 226 110 430 463 313 571 471 902 394 948 493
481 363 788 718 843 438 1220 719 6 270 240 711 333 324 505 634 764 388 931 660 237 277 362 504 717 370 814 520 1156 482 1262 698 774 538 927 718 188 264 268 417 323 518 489 715 14 226 109 430 952 373 1049 428 464 314 571 470 902 395 948 493
481 362 788 719 843 439 1221 719 6 271 241 710 333 324 505 635 764 387 931 659 237 276 362 504 717 368 814 520 1156 482 1262 698 774 538 927 718 189 264 268 417 323 518 489 715 13 225 110 430 464 314 571 470 903 395 948 493
481 361 788 718 843 440 1221 719 6 271 241 710 333 324 505 635 764 387 931 659 238 276 362 504 717 367 814 520 1155 482 1262 699 774 538 927 718 188 264 268 417 323 519 489 715 13 224 111 430 464 314 571 469 903 396 948 492 156 244 209 348
481 359 789 718 842 441 1221 719 6 270 241 711 333 323 505 635 764 387 931 659 238 275 361 504 717 365 814 520 1156 482 1262 699 188 264 268 418 774 539 927 719 323 519 490 715 12 223 112 430 463 313 572 468 903 396 948 493 156 244 209 349
