

547 296 806 499 145 231 474 434 1 287 125 492
547 297 805 499 145 231 474 435 1 287 125 492
546 297 805 499 146 231 474 435 1 287 125 492
546 296 805 499 147 231 474 435 1 287 125 492
546 296 806 499 147 231 474 435 1 287 125 492
545 296 806 499 147 230 473 436 1 288 125 492
552 309 791 474 147 230 474 436 1 288 125 492
545 296 806 499 146 231 474 435 1 288 126 492
545 296 806 499 146 231 474 435 1 288 125 492
545 296 806 499 146 232 474 435 1 288 125 492
545 295 805 499 146 232 473 435 1 288 125 492
552 309 790 473 145 231 473 435 1 287 125 492
552 309 790 473 146 230 472 435 1 287 125 492
552 309 790 474 145 230 472 435 1 287 125 492
552 309 790 475 146 229 472 436 1 287 125 492
552 309 790 475 147 230 472 436 1 287 125 492
552 309 790 475 148 230 472 436 1 287 125 492
552 309 791 475 148 230 472 436 1 288 126 492
552 308 791 475 148 230 472 437 1 288 126 492
552 309 791 476 148 229 472 437 1 287 126 492
552 309 791 476 148 229 471 436 1 287 125 492
552 309 790 476 148 228 470 436 1 287 125 492
551 309 790 477 148 228 470 436 1 287 125 492
551 309 790 477 147 229 469 435 1 287 125 492
551 309 790 476 147 229 468 435 1 287 125 492
551 309 790 476 146 230 468 434 1 288 125 492
551 309 790 476 145 229 469 434 1 288 125 492
551 310 791 477 144 229 470 434 1 289 125 492
551 310 791 477 144 229 470 434 1 289 125 492
542 297 804 499 145 229 470 434 1 289 125 492
543 296 804 499 146 229 469 434 1 289 125 492
551 310 791 476 146 228 469 434 1 289 125 492
551 310 791 476 146 227 469 434 1 289 125 492
551 310 790 476 146 227 470 435 1 289 125 492
551 310 790 477 146 228 471 435 1 289 125 492
551 310 790 477 145 227 472 436 1 289 125 492
551 309 789 477 145 227 472 436 1 289 125 492
551 309 789 477 145 226 473 436 1 289 125 492
551 309 789 477 145 226 473 435 1 289 125 492
552 309 790 476 145 226 473 434 1 289 125 492
552 309 790 477 146 226 472 434 1 289 125 492
552 309 790 477 147 226 472 434 1 289 126 492
552 309 790 477 147 227 472 434 1 289 126 492
552 309 790 477 146 227 472 434 1 289 126 492
546 297 805 500 146 226 472 434 1 289 126 492
546 297 806 500 147 226 472 434 1 288 126 492
546 297 806 500 148 226 472 434 1 288 126 492
546 297 806 500 148 225 472 435 1 288 126 492
546 297 806 501 148 225 472 435 1 288 126 492
546 296 806 501 148 225 472 435 1 289 126 492
545 297 806 501 148 226 473 435 1 289 126 492
545 297 806 500 148 225 474 435 1 289 126 492
545 297 807 500 148 225 474 435 0 288 126 492
545 297 806 500 148 224 474 436 0 288 126 492
545 296 806 500 148 224 474 437 0 288 126 492
545 296 807 500 149 225 474 437 0 287 126 492
545 296 807 500 149 225 474 437 0 287 126 492
545 295 806 500 149 225 474 436 0 287 126 492
545 294 806 500 149 225 473 436 1 287 126 492
546 294 806 500 149 224 472 436 1 287 126 492
546 295 806 500 149 224 473 437 1 287 126 492
546 296 806 500 149 223 474 437 1 287 126 492
545 296 806 499 148 223 475 437 1 287 126 492
545 296 807 499 147 223 475 437 1 287 126 492
546 296 807 499 145 224 475 437 1 287 126 492
545 296 807 499 144 224 475 437 1 287 126 492
545 297 807 499 145 226 474 437 1 287 126 492
544 297 807 499 144 227 473 437 1 288 126 492
544 297 807 499 144 228 473 437 1 288 126 492
544 296 806 499 145 228 473 437 1 288 126 492
544 296 807 499 145 227 471 436 1 288 126 492
545 297 807 499 145 227 471 436 1 288 126 492
545 297 807 499 145 226 471 435 1 288 126 492
545 298 807 499 145 226 471 435 1 288 126 492
544 298 808 499 145 225 471 435 1 287 125 492
544 298 808 499 145 225 471 435 1 287 125 492
544 298 808 499 145 225 471 435 1 287 125 492
544 298 808 499 144 224 471 435 1 288 125 492
544 298 808 498 144 224 472 436 1 288 125 491
544 298 808 498 144 225 471 436 1 288 125 492
545 298 807 498 144 225 471 437 1 288 125 492
545 298 807 498 144 225 471 437 1 289 125 491
545 298 808 498 144 226 472 436 1 289 125 491
551 310 792 482 144 226 473 435 1 289 125 491
545 298 808 498 143 227 473 435 1 288 125 492
545 297 808 498 142 227 474 435 1 288 125 492
546 297 808 498 142 227 474 436 1 288 125 492
546 297 808 498 142 227 475 436 1 288 125 492
547 297 808 498 143 227 475 436 1 288 125 492
547 297 807 499 143 227 475 436 1 288 125 492
547 297 807 499 143 227 475 436 1 288 125 492
547 298 807 499 144 227 475 435 1 288 125 492
547 298 807 498 143 227 475 436 1 289 125 492
546 298 808 498 142 227 476 435 1 289 125 492
546 298 808 498 141 227 477 435 1 290 125 491
545 298 808 498 141 228 477 435 1 290 125 491
546 298 808 498 141 229 478 435 1 290 125 491
546 298 808 499 141 229 477 435 1 290 125 491
