

983 248 1089 402 585 245 659 294 28 225 145 286 411 239 456 272 650 242 690 272 1239 256 1271 390 486 241 524 269 682 118 706 135 354 236 406 271 688 244 708 265 133 225 228 275
983 247 1088 402 587 244 663 293 27 225 146 286 651 242 691 271 411 239 456 272 1223 262 1266 388 682 118 706 135 354 236 406 271 686 243 708 265 486 241 523 269 132 224 229 276
989 313 1091 431 591 243 666 292 980 232 1086 380 28 224 145 287 652 241 691 270 411 238 456 272 1222 262 1266 388 685 242 708 265 682 118 707 135 354 236 406 271 132 223 230 276 486 241 522 269
989 313 1091 431 595 243 669 292 980 231 1086 381 29 225 144 286 412 238 455 272 655 241 692 270 1220 263 1267 387 529 221 582 271 684 241 708 265 132 223 230 276 354 235 405 272 682 118 707 135 881 257 910 291
989 313 1091 431 597 243 670 291 980 231 1086 381 30 225 144 286 1220 263 1266 387 412 238 454 271 656 242 694 269 529 220 581 271 683 242 708 265 354 235 404 272 682 118 707 135 131 223 230 276 878 257 909 291
989 313 1091 431 979 230 1086 382 601 245 676 287 1218 263 1267 386 29 225 145 286 412 237 454 271 529 220 581 271 657 242 695 269 875 257 907 290 682 118 707 135 354 235 403 272 682 242 708 265 130 223 229 276
988 313 1091 431 602 245 678 288 979 231 1086 382 1216 264 1267 386 29 224 145 286 411 237 454 271 529 220 581 272 657 242 696 269 682 118 706 135 682 243 708 265 355 234 403 272 129 223 229 276
983 247 1088 402 605 245 681 289 1214 264 1267 386 28 224 145 286 411 237 454 271 529 221 581 273 682 118 706 135 656 243 695 268 682 243 708 265 355 234 404 272 129 223 229 276
988 314 1091 430 607 245 685 290 1213 264 1265 386 979 231 1087 381 27 224 146 286 411 237 453 271 529 221 582 273 683 244 709 265 682 119 705 136 355 234 403 272 130 223 229 276
988 314 1091 431 1212 264 1265 387 610 244 687 291 979 232 1087 381 28 224 145 286 411 237 453 271 529 221 582 273 855 259 887 289 683 244 709 265 131 223 229 276 355 234 403 272 682 119 705 136
988 314 1091 431 1212 265 1264 388 612 244 688 291 29 224 143 286 979 231 1087 381 412 237 453 271 853 260 885 289 529 221 582 273 683 244 709 265 131 223 229 276 467 237 492 271 355 234 402 272 682 119 705 136
982 247 1089 403 1211 265 1264 387 618 250 682 287 31 224 141 286 412 237 453 271 682 243 709 264 851 257 883 289 529 221 581 273 468 237 492 272 132 223 228 276 434 235 462 273 682 119 705 136 356 234 401 271
982 247 1089 403 1211 264 1262 383 32 225 141 286 618 242 692 290 529 221 581 273 412 237 453 270 682 242 709 263 468 237 492 273 434 235 462 273 681 118 706 136 132 223 227 276 356 234 401 270
983 248 1089 403 32 225 140 286 1209 263 1261 380 622 249 688 286 529 221 581 273 413 236 452 270 469 236 493 273 434 234 462 274 682 241 708 262 681 118 706 135 132 222 227 276 357 234 400 270
983 248 1088 403 33 225 140 286 1208 262 1261 379 623 248 689 286 529 221 581 273 469 236 493 273 413 236 452 270 434 234 462 273 683 241 708 262 681 118 706 135 132 222 227 277 358 234 400 270
989 313 1091 431 980 232 1086 380 34 225 140 286 625 248 689 285 1208 262 1259 379 529 221 581 272 412 237 452 270 683 241 708 262 435 235 462 273 471 236 493 273 681 117 706 135 133 222 228 277
989 313 1091 431 980 231 1087 380 34 225 139 286 1208 262 1258 378 628 249 687 284 529 221 581 272 412 237 452 270 683 241 708 262 133 222 228 276 681 117 706 135 435 235 462 272 472 236 493 273
989 312 1092 430 980 231 1087 380 35 225 138 285 636 249 694 283 411 237 453 269 1208 264 1256 378 530 221 581 272 134 222 229 276 684 241 707 262 681 117 707 135
989 313 1092 430 980 231 1087 380 34 225 139 285 635 249 695 283 411 237 452 270 1191 269 1246 375 530 222 581 273 685 241 708 262 134 222 228 276 681 117 707 135
989 313 1091 430 980 231 1086 380 636 249 696 283 33 225 139 285 1191 270 1246 376 411 237 452 270 827 251 853 288 134 222 228 276 435 236 462 273 686 241 708 262 681 117 707 135 472 236 494 274
990 314 1091 430 636 248 698 283 980 231 1086 380 33 225 140 286 1190 270 1246 375 824 251 852 289 411 237 452 271 435 235 462 274 472 236 495 275 134 222 228 276 681 117 707 135 355 233 401 271
990 314 1091 430 638 248 700 282 1190 270 1247 376 980 231 1086 380 33 225 140 286 822 251 849 289 411 237 452 271 434 235 462 274 472 236 495 275 133 222 228 276 681 117 707 135 355 233 400 271
990 314 1091 430 1189 268 1245 376 640 246 701 282 980 231 1086 381 34 224 139 286 412 236 451 272 815 256 843 287 434 235 462 274 472 236 495 275 132 222 228 276 681 118 707 135 356 233 400 271
990 314 1091 430 1189 266 1242 377 641 246 703 282 980 231 1087 381 813 256 841 288 33 223 140 287 412 236 451 272 434 234 462 274 472 235 495 274 131 222 229 276 565 239 586 273 681 118 707 135
989 314 1091 430 1188 264 1239 377 812 255 838 288 643 246 704 281 980 231 1087 381 32 223 142 287 411 236 451 272 435 234 462 274 472 235 495 274 565 240 585 273 131 221 229 276 681 118 707 135
989 313 1091 431 811 255 834 288 1187 262 1238 378 644 247 704 280 980 231 1088 380 30 223 143 287 410 236 452 272 435 234 462 274 130 221 229 276 472 236 495 273 565 240 585 273 681 118 706 135
989 313 1091 431 809 255 832 287 1186 261 1237 378 647 247 704 280 980 231 1088 381 29 223 145 287 409 237 452 272 436 234 462 274 473 236 495 273 130 222 229 276 565 239 585 273 681 118 706 135
990 313 1091 431 807 255 830 287 1186 261 1236 378 648 248 704 280 980 231 1088 381 29 223 144 287 410 236 452 272 436 234 462 274 473 236 494 274 129 222 229 276 681 118 706 135
990 313 1091 431 1185 261 1234 378 804 254 828 288 980 231 1088 381 650 247 705 280 29 224 144 286 411 236 451 272 436 234 462 274 473 236 494 274 129 222 229 276 681 118 706 135 565 239 585 272
990 313 1091 431 1184 261 1233 378 802 253 826 289 980 231 1088 381 651 247 705 280 30 224 142 286 412 236 451 272 436 235 462 274 472 237 494 274 129 222 230 276 565 239 584 272 681 118 707 135 344 235 365 273
990 313 1091 431 1183 261 1231 378 800 252 824 289 980 231 1088 381 31 224 141 286 653 247 705 279 413 236 451 272 436 235 462 274 130 222 230 276 472 237 493 273 565 239 585 272 344 235 365 273 681 118 707 135
990 313 1091 431 1182 261 1229 378 980 231 1088 381 32 224 140 286 654 248 706 279 413 236 451 272 799 252 822 288 436 235 462 274 131 222 229 276 472 237 493 273 565 239 585 272 344 235 365 273 681 118 708 135
990 313 1091 431 1182 261 1228 379 980 232 1088 380 33 224 140 286 794 255 818 286 413 236 451 272 655 249 708 279 437 235 463 274 132 223 228 276 472 237 493 273 565 239 585 272 345 235 365 273 680 119 708 135
990 313 1091 431 1182 260 1227 379 792 254 818 286 980 232 1087 380 32 224 141 286 413 236 451 272 437 235 463 274 133 223 228 276 652 241 703 273 472 237 493 273 565 239 585 272 680 119 707 136
990 313 1091 431 791 253 816 286 1182 260 1226 379 980 232 1087 380 32 224 142 286 413 236 451 272 437 235 463 274 652 241 703 272 133 222 228 276 472 237 494 273 564 239 585 272 485 237 521 268 680 119 707 136
984 248 1089 402 789 252 812 286 1183 260 1225 378 32 223 141 286 413 236 450 271 437 235 464 274 653 241 700 271 134 222 228 276 485 237 521 268 471 237 494 273 564 239 585 272 680 119 707 136
984 248 1089 403 787 252 808 286 1176 261 1214 377 34 223 140 286 437 235 464 274 413 236 450 271 132 222 228 277 654 241 697 270 484 237 520 269 471 237 494 273 564 239 584 272 670 250 710 279 645 247 662 264 680 119 707 135
984 248 1089 403 786 252 806 285 1175 261 1214 376 35 223 139 287 437 235 464 274 413 237 450 271 131 222 227 277 484 237 520 269 670 249 711 279 654 242 695 269 564 239 584 272 471 237 495 274 645 246 664 265 680 119 707 135
984 248 1088 403 786 251 805 285 1173 261 1213 376 35 223 139 287 436 235 464 274 413 237 450 271 130 223 227 277 673 243 711 272 484 236 519 269 654 242 695 268 564 239 584 272 472 236 495 274 645 246 665 264 355 234 398 272 680 119 707 135
984 248 1089 404 784 251 805 285 1171 261 1211 376 34 224 140 287 413 237 450 270 436 235 463 274 131 223 227 277 674 243 712 272 653 242 694 268 471 237 495 274 484 236 518 269 645 246 665 264 355 233 398 273 680 119 707 136
983 247 1089 404 782 250 804 285 1168 261 1210 376 32 224 141 287 414 237 450 270 436 236 463 273 132 222 227 277 651 242 694 268 676 243 713 272 390 235 416 274 471 237 495 274 354 233 397 274 645 245 665 263 680 119 706 136
989 313 1092 433 1165 261 1209 377 780 249 803 285 32 224 142 287 981 231 1087 379 414 237 450 270 650 242 695 268 436 236 463 273 133 223 227 277 390 234 415 275 679 251 712 277 353 233 397 275 680 120 706 136 645 245 664 263
989 313 1092 432 1162 261 1208 378 779 249 802 285 981 232 1087 379 32 224 143 287 414 237 451 270 649 242 696 268 436 236 464 272 390 234 415 275 134 223 227 276 680 252 713 277 335 231 415 277 680 120 706 136
989 313 1092 432 1161 261 1207 379 777 249 801 285 414 237 452 270 981 232 1087 379 32 224 143 288 649 242 695 268 390 234 415 275 678 251 713 277 335 232 414 276 134 223 228 276 645 245 664 263 680 120 706 136
989 313 1091 432 1160 261 1206 379 776 248 800 285 414 237 452 270 981 231 1087 380 31 224 144 288 649 242 692 267 391 234 414 276 677 244 714 271 335 233 414 276 133 223 229 276 645 245 665 262 680 119 706 135
989 312 1091 432 1160 262 1204 378 775 248 799 285 414 238 453 271 982 231 1087 380 30 224 143 288 649 241 689 266 677 243 715 272 435 237 464 272 529 223 583 272 391 235 415 275 645 244 667 262 335 233 415 276 131 224 229 276 680 119 706 135
989 312 1091 432 1159 262 1203 378 982 231 1086 381 775 248 799 286 31 225 143 287 414 237 452 270 649 241 687 265 678 243 715 272 435 237 464 271 390 234 415 275 131 224 229 276 644 244 667 261 335 233 416 276 680 119 706 135
990 312 1091 432 1158 260 1202 377 32 225 141 287 983 231 1086 380 678 243 715 272 414 237 452 270 650 240 686 264 529 223 582 273 435 237 464 271 775 249 798 285 390 234 416 275 644 243 668 261 130 223 228 276 336 232 417 276 680 118 706 135
990 312 1091 432 1157 260 1201 376 679 243 715 273 32 225 140 287 982 231 1086 380 415 237 451 270 529 223 582 273 650 240 685 264 435 237 464 271 769 252 792 283 390 234 416 275 131 223 227 276 645 243 668 262 336 232 417 276 680 119 707 135
985 250 1088 403 1150 261 1195 375 678 243 716 273 32 224 139 287 415 237 451 270 528 223 582 273 769 251 792 283 435 237 464 271 650 239 686 264 131 223 226 276 390 233 415 276 645 243 667 262 353 232 397 272 680 119 707 135
989 312 1090 431 1149 260 1196 375 678 242 717 273 33 224 140 287 982 231 1086 380 768 250 792 283 528 223 581 273 415 238 451 270 649 239 687 264 390 233 416 276 435 237 465 270 131 223 226 276 645 243 667 261 353 232 397 272 680 119 707 135
990 312 1090 431 1148 260 1196 374 677 242 718 273 33 224 140 286 768 251 791 282 527 222 581 273 390 233 415 276 983 232 1086 380 649 239 687 263 415 238 451 270 434 237 465 270 132 223 227 277 488 236 512 267 645 243 667 261 680 118 707 136
990 313 1090 431 1148 260 1195 374 677 241 719 273 34 225 140 286 768 251 790 282 390 233 415 276 650 239 686 263 527 222 581 272 983 232 1086 380 435 237 465 270 489 236 512 267 416 238 450 270 132 223 227 277 645 243 667 260
990 312 1090 431 1148 260 1194 373 678 241 719 273 34 225 139 286 768 251 790 282 390 233 415 276 650 239 684 263 490 236 511 267 983 231 1086 380 527 222 581 272 435 236 464 270 416 238 450 270 132 223 227 276 469 238 490 269 645 242 667 260 565 238 584 273
989 312 1090 430 1148 261 1193 372 679 242 719 273 35 226 138 286 768 251 790 282 390 233 415 276 650 239 683 262 490 236 511 267 982 231 1085 381 527 222 581 272 435 236 464 270 416 237 450 270 132 223 228 276 468 237 489 268 645 242 668 260 679 118 706 136
989 312 1090 430 1148 262 1192 372 680 243 719 273 35 225 137 286 768 250 790 282 982 230 1085 382 390 233 415 276 650 240 683 262 526 222 581 272 490 236 512 267 416 237 451 270 435 236 465 270 132 224 227 276 467 237 489 268 645 242 668 260 679 119 706 136
989 312 1090 430 1148 262 1190 371 680 243 719 273 769 250 790 282 36 225 138 286 982 230 1085 383 390 233 415 276 526 222 581 272 650 240 683 262 490 236 512 267 416 237 452 271 131 224 227 277 434 236 465 270 467 237 489 269 645 242 668 260 679 119 706 136
989 312 1090 430 1147 262 1189 371 679 243 719 273 769 250 789 282 36 224 138 286 526 222 581 272 975 249 1073 399 390 233 415 276 490 235 512 268 650 240 683 262 130 224 226 277 416 237 452 271 433 236 465 270 467 238 490 269
988 313 1090 431 1146 262 1188 371 679 243 719 273 769 250 789 282 35 224 139 286 526 221 582 272 975 249 1073 400 390 233 415 276 491 235 511 268 131 223 226 277 650 240 683 261 433 236 465 270 416 237 451 271 468 238 490 269
988 313 1090 431 1145 263 1187 372 679 243 719 272 769 250 789 281 35 224 138 285 526 221 582 272 390 234 415 275 975 249 1073 400 492 235 512 268 131 223 226 277 433 236 464 270 650 239 683 261 416 237 450 270 468 238 488 268
988 313 1090 431 1143 262 1186 372 680 243 719 272 35 224 138 285 769 250 789 281 526 221 582 272 390 234 415 275 493 235 512 267 976 248 1073 399 131 223 226 277 434 236 464 270 650 239 683 261 416 237 450 270 468 238 487 267
984 250 1087 404 1141 261 1185 371 681 243 720 272 34 224 139 286 769 250 789 281 526 221 582 272 492 235 512 267 390 233 414 275 131 223 226 276 434 236 464 270 650 239 683 262 416 237 450 270 468 237 487 268 646 242 667 261
984 249 1087 403 1139 262 1183 370 681 242 720 271 33 224 140 286 769 250 789 281 527 222 582 272 492 235 512 267 131 222 226 276 390 233 414 275 434 236 464 270 416 237 451 270 649 239 683 262 468 237 488 268
985 249 1087 404 1138 263 1180 370 681 243 720 271 769 251 788 281 32 224 141 286 415 237 452 270 528 223 583 272 130 223 226 276 433 236 464 270 491 235 513 267 649 239 684 262 390 233 415 275
985 249 1087 404 1137 262 1178 370 681 243 719 270 769 251 788 281 31 224 141 286 415 238 452 271 129 223 226 275 433 237 464 270 390 234 415 275 490 235 514 267 649 240 684 262 681 119 707 135
985 249 1088 403 1136 261 1177 371 680 243 719 270 769 251 788 281 415 238 454 271 31 224 141 287 129 223 227 275 390 234 415 275 649 240 684 262 681 119 707 136
985 248 1088 403 1135 261 1177 371 680 243 719 270 769 251 788 282 415 238 454 271 31 224 141 287 389 234 414 275 129 223 227 275 649 240 685 262 681 119 707 136
988 313 1090 431 1135 262 1177 370 681 243 719 270 769 251 787 282 31 224 140 287 415 237 455 272 983 232 1084 380 388 233 414 275 649 241 685 262 129 223 226 276 527 224 582 272 489 237 516 267 681 119 706 135
989 313 1090 431 1126 262 1166 367 682 243 719 270 768 251 786 282 30 224 140 287 984 232 1083 380 415 237 454 272 649 241 685 262 388 233 415 275 526 224 581 272 130 223 226 276 489 237 517 268 681 119 705 135
989 313 1090 432 1125 262 1165 366 682 244 720 270 768 251 786 282 30 224 141 287 984 232 1083 379 415 237 454 273 650 241 685 262 387 233 415 274 526 224 581 273 488 237 517 269 130 224 225 276 681 119 705 135
989 313 1090 432 1125 262 1165 367 768 252 786 282 683 244 720 270 984 232 1082 379 30 224 141 287 415 237 454 273 650 241 684 262 858 258 888 295 526 224 581 273 387 233 415 274 130 224 225 276 488 237 517 269 680 119 705 135 647 243 667 261
989 314 1090 431 1124 261 1164 367 768 252 785 281 683 244 719 270 30 224 141 287 985 232 1082 380 416 237 454 272 651 241 684 262 527 224 581 273 130 223 225 276 388 233 415 274 647 244 667 261 681 119 706 135
989 314 1091 431 1124 261 1164 367 684 245 718 269 30 224 141 287 768 253 785 281 985 231 1082 380 652 242 684 262 416 237 453 272 527 224 581 273 130 223 225 276 681 119 706 135
989 314 1091 431 1123 261 1162 367 31 225 140 287 768 254 785 281 685 246 717 268 985 231 1082 381 416 238 453 272 653 243 684 262 527 224 582 273 130 223 225 276 681 119 706 135
990 314 1090 431 1122 261 1162 367 31 225 140 287 768 255 784 281 985 230 1082 381 686 247 716 268 416 238 453 273 654 243 683 262 811 260 843 292 527 224 582 273 389 234 416 274 131 223 225 276 681 119 706 135
990 314 1090 431 1122 261 1161 367 31 224 140 287 985 230 1082 380 687 247 716 267 416 238 453 273 655 243 683 261 527 223 582 273 767 256 783 279 806 259 835 291 131 224 226 275 647 245 665 261 681 119 706 135
989 314 1091 431 1121 261 1160 366 30 224 141 287 985 230 1082 380 687 247 716 268 416 238 453 273 655 243 682 261 527 223 582 272 387 234 417 274 131 224 226 275 647 245 666 261 781 261 809 288 767 257 785 280
989 314 1091 431 1119 261 1159 365 30 224 141 287 687 247 716 268 984 230 1083 381 416 238 453 273 527 223 582 272 655 242 682 261 776 260 810 291 484 236 517 270 647 245 666 261 387 235 417 274 764 258 788 283 131 225 226 275 681 119 708 135
989 314 1091 431 1118 262 1159 364 31 224 141 287 686 247 716 268 984 230 1083 381 417 238 453 273 761 259 794 288 527 223 582 273 655 242 682 260 484 237 518 270 434 237 463 273 387 235 417 274 647 244 666 261 132 225 226 275 681 119 708 135
989 314 1091 431 1117 262 1158 365 31 224 141 287 687 246 715 267 984 230 1083 381 757 258 791 291 416 238 452 272 655 241 682 260 527 223 582 273 483 236 519 270 646 244 666 260 334 233 421 276 681 118 708 135 133 225 225 275
989 314 1091 431 1117 261 1157 365 687 245 714 266 31 224 141 287 983 230 1083 381 654 240 682 260 416 238 453 273 527 223 582 273 484 236 519 271 759 256 785 287 646 243 667 260 334 234 421 276 735 259 764 284 681 118 708 135 135 225 226 275
989 313 1091 431 1116 261 1156 365 30 224 143 287 686 244 712 265 983 230 1084 381 416 238 453 273 527 223 582 273 654 240 682 259 483 236 520 271 334 234 421 276 646 243 668 260 733 257 762 288 761 254 779 282 681 119 708 135 136 224 226 275
989 313 1091 431 1115 262 1155 365 30 224 143 287 983 230 1084 381 417 238 453 273 685 245 710 264 528 223 582 273 654 240 683 260 484 236 519 270 709 260 740 287 645 243 668 260 764 254 779 278 334 233 420 276 681 119 708 135 136 224 226 275
988 313 1091 431 1114 263 1153 363 30 224 143 287 983 230 1084 381 417 238 453 273 527 223 582 273 763 254 778 278 485 237 518 270 685 244 707 262 655 242 684 261 645 243 668 260 703 260 736 289 333 233 420 276 680 119 708 135 135 224 226 275
988 313 1091 431 1113 264 1151 363 30 224 141 287 417 238 454 273 983 230 1085 381 526 223 582 273 763 254 777 278 682 260 717 287 657 243 683 261 646 243 667 260 358 233 399 278 680 119 708 135
988 314 1091 431 1112 264 1149 362 30 224 142 287 416 237 454 273 526 223 581 273 982 231 1085 381 762 254 777 278 680 259 711 286 680 119 708 135
989 315 1091 430 1111 264 1149 362 31 224 141 286 417 237 454 273 526 223 581 274 977 249 1073 401 762 254 777 278 658 259 691 289 386 234 417 271 681 119 707 136
989 316 1092 430 1111 265 1148 362 31 224 141 286 417 237 453 273 526 223 581 274 977 249 1073 401 758 243 775 274 685 245 710 264 359 233 398 278 386 234 416 271 681 119 707 135
989 317 1092 430 1110 266 1147 362 32 224 140 286 417 238 453 272 684 245 712 265 977 249 1073 401 526 223 581 273 761 254 776 277 358 233 398 278 386 235 416 270 681 119 706 135
989 318 1092 430 1110 266 1147 362 32 225 140 286 684 245 714 266 417 238 453 272 760 253 775 276 978 249 1072 401 527 222 582 272 358 233 398 278 386 235 415 269 681 120 706 135
989 317 1092 429 1107 268 1142 360 685 245 714 267 31 224 141 286 417 238 453 272 978 249 1072 400 759 253 774 277 527 221 581 272 358 234 398 278 643 243 665 259 657 242 677 258 386 235 415 269 681 120 706 135
989 317 1092 429 1105 268 1141 360 686 244 714 267 31 224 142 286 417 238 453 272 983 233 1085 379 645 242 666 258 756 245 773 273 435 236 464 273 358 233 398 278 656 241 678 258 386 235 415 269 681 119 706 135
989 317 1092 429 1104 267 1141 360 686 244 714 267 30 224 143 286 417 237 452 272 982 233 1085 379 646 243 666 258 757 245 773 273 435 236 463 273 358 233 398 277 656 241 678 258 386 235 415 269 681 119 706 135
989 317 1092 429 1103 265 1139 361 686 244 713 266 29 224 144 286 417 237 452 272 982 233 1086 379 436 235 463 274 647 243 665 258 757 253 771 276 358 233 398 277 658 241 678 258 386 235 416 269 681 119 707 135
989 317 1092 430 687 245 713 267 1103 265 1138 361 29 224 144 286 417 237 452 272 982 233 1086 379 436 235 463 274 756 245 772 272 647 243 665 258 359 233 398 278 659 242 678 258 385 235 416 269 138 223 228 275 681 119 708 135
988 317 1092 430 29 224 144 287 417 237 453 272 688 245 713 266 1103 255 1137 360 982 233 1086 380 755 245 772 272 360 232 397 278 435 235 463 273 648 243 665 258 660 242 678 258 385 235 416 269 138 223 229 275
988 317 1092 430 30 224 143 287 1101 256 1136 359 417 236 453 272 688 246 712 266 977 249 1073 399 755 244 772 272 361 232 396 278 660 242 679 258 647 243 664 258 385 234 416 269 138 222 228 276
989 317 1092 430 1099 255 1136 358 31 223 143 287 416 236 454 271 688 246 712 266 526 219 580 272 978 250 1072 399 361 232 395 277 754 244 772 272 647 243 664 257 661 243 679 258 385 234 416 269 138 222 228 276
