

547 296 803 500 144 224 474 431 2 289 125 491
547 297 803 500 143 224 474 431 2 289 125 491
546 298 803 499 143 224 474 431 2 290 125 491
546 298 803 499 144 223 474 431 2 291 125 491
546 297 803 499 144 224 473 431 1 290 125 491
546 297 804 499 143 225 474 431 1 289 125 491
546 297 804 499 143 225 474 432 1 289 126 491
546 296 804 499 143 224 475 433 1 289 126 491
552 311 793 475 144 222 475 434 1 289 126 491
552 311 793 474 145 222 475 434 1 289 127 492
551 311 793 474 145 222 474 434 1 289 127 492
551 311 794 475 146 223 473 433 1 288 127 492
551 311 794 474 146 223 472 433 1 287 126 491
552 311 794 474 145 223 472 432 1 286 126 491
552 311 794 473 145 223 473 432 1 287 126 491
552 311 794 473 144 223 474 432 1 288 126 492
552 311 794 473 144 224 473 433 1 288 126 492
552 312 794 473 143 225 474 434 1 288 127 492
551 312 794 473 143 225 474 435 1 288 127 492
551 312 794 473 144 224 474 435 1 288 127 491
551 312 794 473 145 224 474 435 1 289 126 491
551 312 794 474 146 224 474 436 1 289 126 491
551 312 795 475 145 224 475 436 1 289 126 491
551 313 795 476 145 225 475 435 1 289 126 491
551 313 795 476 145 225 475 435 1 289 126 491
551 313 794 477 145 224 475 435 1 289 126 491
551 313 794 476 145 224 475 436 1 289 126 491
551 313 794 477 145 223 475 436 1 289 126 491
551 313 793 478 145 224 474 436 1 288 126 491
552 313 793 478 145 225 474 437 1 288 126 491
552 313 792 478 146 226 475 437 1 288 126 491
552 312 792 478 147 226 475 437 1 288 126 491
552 312 792 477 148 226 473 437 1 288 126 491
551 312 792 476 147 226 472 437 1 289 126 491
551 312 792 476 146 226 473 436 1 289 126 491
551 312 792 475 146 225 473 435 1 289 126 491
551 312 792 475 146 224 473 435 1 289 126 491
551 312 792 474 147 222 472 435 1 289 126 491
552 312 792 475 147 221 473 434 1 289 126 491 784 322 823 359
552 313 792 476 147 221 473 435 1 289 126 491 784 322 823 359
552 313 792 477 146 222 474 435 1 289 126 491 783 322 823 359
552 313 791 477 146 222 474 435 1 289 126 491
553 312 791 477 147 222 473 435 1 289 126 491
553 312 792 477 147 222 473 437 1 289 126 491
553 312 792 478 147 223 473 438 1 289 126 491
553 311 792 479 146 223 473 438 1 289 126 491
553 311 792 479 145 223 474 438 1 289 126 491
552 311 792 479 144 223 474 438 1 289 126 490
551 311 792 477 143 222 474 437 1 289 126 491
551 311 792 477 143 222 474 436 1 290 126 491
551 312 793 477 144 221 474 435 1 289 126 491
552 312 793 478 144 221 475 435 1 289 126 491
552 312 793 478 145 221 474 435 1 289 127 491
552 312 793 477 145 221 474 435 1 289 127 491
551 312 793 477 146 221 474 435 1 289 127 491
551 312 793 478 146 222 473 435 1 289 127 491
552 312 792 479 146 224 474 435 1 289 126 491
552 311 792 480 146 225 474 434 1 288 126 491
544 298 807 499 147 225 475 435 1 288 126 491
544 298 807 500 146 226 475 435 1 287 126 491
544 298 807 500 146 226 476 435 2 287 126 491
544 297 807 500 145 225 476 435 2 286 125 492
544 297 807 500 145 225 476 435 2 286 126 492
544 298 807 499 144 225 477 435 2 286 126 492
552 311 792 481 144 224 477 435 1 287 126 491
552 311 792 480 144 224 477 435 1 287 126 491
552 311 792 481 143 224 477 435 1 287 126 491
552 311 792 481 143 224 477 435 1 287 126 491
552 311 793 481 143 225 476 435 1 287 126 492
552 311 793 481 143 225 475 435 1 287 126 492
545 297 807 500 143 225 474 435 1 287 126 492
544 297 807 500 143 225 475 435 1 288 126 492
544 297 807 500 143 225 475 436 1 288 126 492
544 297 807 500 143 225 476 436 1 288 126 492
544 297 807 500 142 225 477 436 1 289 126 492
545 297 807 500 142 225 477 436 1 288 126 492
545 297 807 500 142 225 477 436 1 288 126 492
546 296 807 500 143 225 476 436 1 288 126 492
546 297 807 500 142 224 477 436 1 288 126 492
547 296 807 500 142 224 477 436 1 288 126 492
547 296 806 500 142 225 477 436 1 288 126 492
552 311 793 480 141 225 476 436 1 288 126 492
552 311 793 480 141 226 476 435 1 288 126 492
551 311 793 480 142 226 476 435 1 288 126 492
551 311 793 480 143 226 475 435 1 288 127 491
551 311 793 480 144 227 475 435 1 288 127 491
551 311 793 480 144 226 475 435 1 288 127 492
551 311 793 479 143 226 475 435 1 289 127 492
551 311 793 479 143 225 476 435 1 288 126 492
551 311 792 479 142 224 476 435 1 289 126 492
551 311 793 478 142 224 475 435 1 288 126 492
551 311 793 478 142 225 475 435 1 288 126 491
552 311 793 478 143 225 476 435 1 288 126 491
552 310 793 479 142 225 477 434 2 288 126 491
552 310 793 479 142 224 478 435 2 288 126 491
552 310 793 479 142 224 478 435 2 288 126 491
552 310 793 479 142 224 478 435 2 288 126 491
547 295 807 500 142 223 478 435 2 289 126 491
