

506 428 665 557 3 437 259 676 869 393 1050 684 364 417 437 557 712 416 778 527 1111 417 1277 661 723 486 778 557 679 428 722 510 221 423 247 479
507 428 664 557 2 436 249 678 865 393 1043 685 364 419 436 561 711 417 777 528 722 487 777 557 679 428 722 511 213 428 255 500 1117 412 1278 667 865 563 1074 687
507 429 664 557 861 395 1037 685 5 435 242 678 362 422 434 564 722 486 775 559 708 411 781 558 679 429 722 511 864 565 1071 687 1005 399 1043 495 212 429 255 502 783 407 808 496
506 430 664 556 859 398 1033 682 8 433 233 679 354 427 416 559 714 432 775 552 1004 397 1046 502 679 429 722 511 864 564 1065 686 211 428 253 503 1158 475 1274 669 785 409 805 489 771 414 792 480 1086 445 1200 542
505 430 664 555 857 397 1029 680 0 416 229 683 353 427 413 563 714 430 775 553 1007 394 1047 509 679 429 721 511 866 566 1058 687 210 427 252 506 781 409 808 495 1165 474 1275 672
505 430 665 555 0 416 222 684 858 396 1026 679 351 430 411 563 713 430 775 552 208 424 248 509 679 429 720 511 1017 391 1059 516 782 409 809 496 863 564 1051 685 1203 426 1278 646 1065 452 1121 532 685 470 719 519
505 429 664 556 845 401 1015 673 0 420 214 680 339 426 414 572 713 432 775 552 1019 390 1063 518 679 429 720 511 782 409 810 497 206 425 247 511 1207 422 1279 658 865 564 1045 684 1068 452 1124 531
506 429 664 556 845 400 1011 674 0 425 206 675 335 425 411 574 1024 390 1068 519 720 483 776 561 782 409 811 497 711 424 774 524 679 430 720 511 197 427 238 513 1215 473 1278 676
506 429 663 555 843 397 1008 674 331 425 410 574 0 419 188 677 1028 389 1072 520 720 482 776 559 196 428 237 514 783 409 813 496 711 425 773 523 680 430 720 511
506 429 663 554 838 393 1004 672 326 423 408 576 192 428 236 513 720 481 776 557 711 422 772 526 0 437 177 695 680 429 720 511 784 408 814 494 1040 388 1085 519 1120 423 1270 548
506 427 663 553 833 389 1000 669 323 423 406 576 1042 386 1089 520 712 438 773 550 189 427 234 513 0 439 166 697 680 428 720 511 785 407 815 493 1158 407 1258 552
505 425 662 552 829 386 995 669 318 422 401 578 1049 385 1095 516 188 426 231 512 787 404 817 491 719 480 775 554 1161 402 1267 555 693 403 771 547 1 462 129 679 844 552 1004 681
505 423 662 549 826 385 990 669 315 422 396 580 187 424 227 511 1165 400 1272 555 790 401 818 490 0 464 117 685 712 445 773 549 333 496 389 583 1065 384 1112 514 842 551 1002 681
505 422 661 548 1068 380 1115 517 824 388 983 669 310 421 391 582 187 422 223 511 792 400 820 487 1139 409 1279 549 705 417 765 526 1 463 84 688 719 478 774 549 842 552 1000 682
506 422 662 548 1075 377 1121 518 821 391 977 667 295 420 379 586 186 419 221 510 793 400 821 485 1166 403 1271 549 705 417 765 525 719 479 773 548
506 422 662 548 819 393 973 666 289 420 376 586 184 416 219 511 704 417 766 523 1077 373 1138 522 1168 406 1271 548 794 401 822 483 719 479 772 547
506 421 662 548 817 392 969 666 1095 374 1144 521 284 434 375 593 704 415 766 523 183 415 217 510 0 459 22 524 1172 410 1271 548 719 479 769 546 804 400 833 486
505 420 662 548 817 389 967 666 275 438 372 594 703 416 766 522 173 414 212 512 0 458 15 525 1104 374 1149 519 805 400 833 485 1178 441 1270 539 719 478 768 546
505 421 663 547 806 388 956 666 270 441 368 598 1115 374 1164 525 704 417 765 522 171 414 211 513 719 478 767 548 805 400 835 487 830 554 978 683 1216 445 1279 545
505 421 663 548 806 388 953 665 1120 373 1179 530 263 444 361 605 169 414 206 516 706 418 764 522 718 477 767 550 806 400 835 489 828 551 973 684 1218 445 1279 546
503 423 662 549 801 388 951 664 1132 371 1189 531 257 444 355 613 165 417 202 517 706 418 763 522 718 478 766 550 805 402 836 490 825 548 968 684 1221 443 1278 546 675 415 715 489
503 424 661 551 797 386 948 662 1142 370 1201 533 238 427 332 618 162 419 198 515 706 418 763 521 805 402 836 490 823 544 965 686 717 479 765 549 674 415 715 489
502 426 658 552 792 387 946 660 231 426 332 625 703 419 763 520 160 419 197 515 805 403 838 489 820 543 963 686 1156 368 1218 536 716 479 765 548
502 427 656 552 792 389 940 658 219 423 326 636 1166 366 1227 541 702 420 762 519 807 402 840 487 800 538 955 688 710 476 760 547 158 419 196 517 749 415 770 471
501 427 655 553 790 390 934 661 1179 362 1238 545 208 423 319 644 700 422 760 519 807 400 842 485 794 535 951 691 749 416 771 474 710 475 760 547
502 428 655 553 790 391 927 666 198 424 312 651 1190 363 1251 543 701 423 759 518 809 398 844 484 814 531 932 693 749 417 771 474 709 475 759 547
502 428 655 553 788 392 923 670 178 421 288 652 702 423 759 517 813 533 929 690 1207 358 1269 543 750 419 771 474 810 396 844 486
502 428 655 554 792 394 916 653 1215 361 1273 543 167 419 281 657 812 535 926 688 703 424 759 518
503 429 654 555 789 392 912 655 145 418 290 674 809 538 921 686 1227 353 1277 550 703 424 759 519
503 430 653 556 786 394 908 655 805 538 917 685 131 418 240 662 1252 344 1278 556 703 424 758 519
502 432 653 557 784 400 905 651 111 415 251 682 802 538 913 685 701 424 758 518
501 433 654 558 782 407 903 646 99 415 238 683 800 537 910 686 701 424 757 518
500 435 654 558 780 415 903 645 797 535 908 687 701 425 757 518 875 405 912 524 83 421 185 659 707 480 759 547
500 435 653 559 765 418 896 648 65 417 187 665 878 405 917 525 702 424 756 520 778 538 914 686 707 480 760 548 758 423 781 477
499 435 653 559 764 421 893 649 52 418 176 665 882 406 921 527 701 426 755 519 792 536 900 687 707 480 760 549 760 425 781 479 375 435 388 471
500 435 653 558 762 424 886 645 701 427 754 519 885 405 924 529 13 411 156 683 667 428 704 507 789 538 897 686 762 425 783 477 374 434 387 471 707 480 760 549
499 436 652 557 760 427 881 641 8 416 128 675 894 403 936 535 701 428 754 518 666 428 704 508 773 539 887 685 114 419 145 527 763 425 784 476 373 433 387 471 707 480 760 547 846 403 884 501
499 435 650 556 759 425 878 637 897 399 940 538 702 429 753 516 847 402 885 503 108 418 144 537 773 539 886 685 665 430 704 508 765 425 785 475 372 433 387 471 707 480 760 545
497 433 649 553 759 422 878 639 900 397 944 540 850 402 887 503 704 427 752 514 771 537 885 686 766 424 786 474 665 429 704 507 101 416 136 542 372 432 387 470 707 480 760 545
497 430 650 550 757 419 874 638 853 401 890 503 905 396 945 539 96 414 134 544 770 535 882 687 705 426 750 513 767 422 787 473 665 427 704 506 371 431 386 469
497 427 651 547 755 419 871 638 857 399 894 506 91 413 130 542 919 396 961 537 768 534 879 688 705 425 751 514 767 420 788 470 1009 399 1040 527 370 428 386 469
497 425 653 544 754 416 867 636 920 392 967 540 86 412 126 541 860 396 897 509 768 534 874 686 704 425 751 514 767 419 788 469 369 426 386 468 1022 397 1054 528
497 425 652 543 751 414 866 633 924 390 972 541 82 411 123 541 863 394 900 512 763 520 871 674 703 425 753 513 1025 394 1057 530 767 418 787 466 370 426 386 467
496 424 653 540 748 413 864 631 761 522 869 671 928 388 970 544 702 425 752 512 872 395 909 509 82 413 125 533 1028 400 1062 529 669 446 701 498
496 425 654 538 743 410 862 629 758 523 866 669 873 396 913 511 69 406 110 537 704 425 751 511 945 389 989 543 668 446 702 499
496 425 655 537 741 410 861 631 875 396 916 511 948 381 996 551 755 520 864 668 63 406 105 538 704 425 750 512 668 446 701 500 12 422 59 525
496 426 655 538 739 410 859 632 877 396 918 512 754 520 862 667 951 381 997 556 59 406 100 545 709 457 756 528 637 426 662 461 668 445 701 500 9 424 56 528
497 426 653 539 738 417 858 634 880 397 920 512 709 458 755 529 955 385 993 556 34 406 109 557 638 427 661 463 757 537 858 682
497 428 653 541 737 421 856 634 882 399 925 524 31 406 103 564 964 391 1023 561 709 459 754 529 753 537 855 683 663 427 703 504
499 428 652 543 736 428 853 632 27 406 98 569 884 396 928 528 970 390 1028 568 750 537 851 684 709 459 753 530 1083 398 1119 540 0 437 28 547 350 428 366 469
500 429 650 544 735 430 852 628 977 392 1036 572 24 406 93 571 885 393 930 532 749 535 849 685 1095 395 1134 542 707 459 752 532 349 429 364 469
500 429 649 546 984 393 1045 576 729 432 832 614 895 399 937 532 742 518 848 673 662 429 702 504 21 409 90 574 1101 400 1140 543 706 458 750 535 349 430 364 471
501 429 648 547 899 399 941 537 726 427 832 617 991 395 1054 580 7 412 77 571 740 521 845 670 661 430 702 504 1105 392 1173 548 706 458 749 535 347 431 363 472
502 430 647 547 903 398 945 543 723 425 832 621 1112 393 1179 551 6 411 71 576 1008 395 1073 582 661 432 702 505 728 518 835 669 705 458 748 535 346 432 362 475
502 431 647 547 905 399 949 545 1011 395 1076 586 722 428 832 619 1120 395 1187 556 3 409 65 580 660 432 702 505 738 521 843 665 704 458 747 535
503 432 647 545 1020 395 1089 590 722 432 831 617 0 402 55 587 1127 393 1201 556 908 398 952 548 660 431 702 504 701 429 743 512 345 433 360 472
502 432 649 541 1030 395 1100 593 722 436 828 611 0 396 47 588 921 400 961 540 40 457 131 521 1152 390 1228 559 701 428 743 512 733 539 829 643
501 430 650 539 923 392 967 548 1037 392 1112 596 1158 386 1234 565 721 434 826 609 724 514 832 659 701 427 743 513 659 431 702 501 805 421 839 509 39 455 127 521 0 407 26 583
501 429 650 537 927 389 973 549 720 434 825 607 1169 384 1240 569 1052 386 1130 596 725 517 830 654 807 421 840 509 700 427 743 513 658 431 702 499 370 431 385 469
1061 381 1142 603 502 427 650 534 718 433 823 607 1178 382 1250 566 932 387 974 552 809 421 842 509 731 515 816 629 660 445 697 496 16 456 108 519
1073 378 1156 607 502 426 652 531 718 437 822 608 810 419 845 509 927 387 981 553 16 454 105 520 1210 377 1272 569 658 445 694 496 330 426 346 470 738 508 810 632
503 425 654 529 717 439 820 607 949 384 989 546 1216 376 1274 569 813 418 847 509 1084 376 1162 610 657 445 691 495 696 425 741 515 327 426 345 471 737 508 808 630 15 453 103 522 658 424 689 474
1100 372 1194 617 504 424 654 528 954 383 994 548 717 440 818 606 1223 373 1278 573 814 415 849 510 657 444 691 496 736 509 806 630 326 427 345 471
1111 369 1210 621 505 424 654 527 710 416 806 578 727 517 811 627 960 383 996 550 657 445 691 496 824 415 857 509 325 427 343 471 1225 375 1278 569 658 423 689 474 5 456 81 525
506 424 654 527 709 417 803 579 826 415 859 510 725 519 810 625 657 445 691 497 974 389 1007 548 1126 369 1214 621 6 455 81 526 324 429 341 470 657 424 688 474
505 425 655 527 1154 371 1250 623 708 418 801 580 976 378 1014 562 828 416 861 511 656 446 691 496 6 453 81 529 723 519 811 623 657 424 688 472
505 425 655 527 1167 365 1263 632 707 417 799 582 830 404 863 502 656 447 692 496 6 453 80 529 963 382 1017 566 721 519 811 620 657 425 688 470
505 425 654 529 708 418 798 581 830 404 865 503 656 447 691 496 1180 371 1267 624 5 453 79 530 717 515 800 617
505 424 654 529 708 418 797 578 829 415 867 514 657 446 691 496 1214 377 1277 660 717 515 800 615 0 453 62 531
505 424 654 530 830 413 869 516 708 420 796 573 717 513 799 614 657 445 690 495 0 452 61 532 1221 388 1278 664 989 382 1042 581
506 424 655 530 832 413 871 517 707 421 795 571 717 512 799 613 0 452 60 533 656 444 690 494 994 383 1045 586
508 424 655 531 706 422 794 569 835 414 874 516 717 511 798 612 999 378 1049 590 655 444 690 494
508 424 656 532 705 421 793 567 850 415 885 515 720 493 785 607 1010 379 1069 588 654 445 691 493
508 424 656 534 704 420 793 566 1013 379 1073 591 851 416 887 516 719 493 785 607 812 446 840 487 654 445 690 492
507 424 656 533 852 416 888 517 1017 378 1080 590 704 420 792 567 718 494 785 606 814 446 841 487 654 444 690 491
508 422 656 532 1024 377 1086 579 855 414 892 519 704 420 791 566 718 493 783 603
509 421 656 530 1032 376 1093 573 857 412 895 520 704 420 791 564 717 493 783 600 301 428 319 475
511 420 656 529 1041 375 1100 569 860 411 898 521 705 419 791 561 718 490 783 597 299 427 318 476
511 421 656 528 1045 373 1108 577 705 419 790 561 861 411 901 520 710 493 789 598 298 425 317 477
513 420 656 527 705 418 789 561 1055 373 1128 579 711 493 789 596 873 412 912 522 297 424 316 476
514 419 654 527 1064 367 1137 587 706 418 789 561 874 411 915 522 719 490 783 595 297 424 315 476
515 418 654 527 1074 364 1147 589 877 410 918 523 707 418 789 561 711 493 790 594 296 425 314 476 684 414 724 489
515 418 653 527 1080 360 1156 594 881 407 921 525 708 417 789 562 719 488 783 594 295 426 313 475 685 414 724 489
514 418 654 528 707 416 789 563 884 406 923 527 710 492 790 592 1086 362 1162 590 294 427 313 474
514 419 655 528 1107 359 1185 591 706 416 789 563 709 493 789 591 896 404 933 530 278 425 296 477
514 418 656 528 1119 358 1195 590 897 404 937 533 705 417 789 562 709 492 789 590
514 419 655 528 1129 358 1204 593 899 404 941 535 706 419 788 562 709 493 789 589
515 419 656 528 903 400 946 540 707 418 788 563 720 490 781 589 1135 364 1211 594 686 442 716 500 273 438 293 490 9 457 104 525
514 421 656 530 1156 360 1238 604 908 400 950 542 707 416 788 562 721 491 780 588 686 442 717 501 9 457 101 526
1169 362 1249 610 515 421 656 531 918 401 958 542 708 415 789 562 721 492 780 587 687 433 724 504 273 439 292 489
1179 365 1258 615 515 422 655 532 920 402 963 545 708 417 789 562 721 492 780 587 688 432 724 505 275 439 292 489 256 441 274 495 642 426 666 471
514 423 656 531 924 402 968 545 718 470 779 575 688 432 725 505 1202 364 1275 618 274 440 291 490 254 439 272 495 642 427 666 472
514 424 656 530 1203 365 1279 622 928 401 972 545 718 470 779 575 689 432 725 505 253 438 271 495 273 440 290 490 642 427 666 473
514 425 657 530 1216 365 1279 624 708 418 790 562 722 492 780 584 932 401 974 543 251 440 269 495 272 443 289 489 689 432 725 505
515 425 656 531 708 416 790 563 722 492 780 583 249 438 268 495 1227 363 1279 625 931 397 995 551 272 441 288 489 690 464 722 513 688 426 716 475
516 424 656 531 948 397 990 555 708 415 791 562 723 491 781 582 249 439 268 494 272 442 289 488 689 443 721 501 687 426 715 474
517 423 655 530 952 392 993 561 720 474 782 574 250 436 269 493 688 444 721 501 687 426 714 473 272 441 288 487 715 426 778 520
517 422 654 528 950 394 1007 560 721 474 782 573 251 436 269 493 688 445 722 502 687 426 714 472 716 426 778 520
