

519 275 668 392 0 106 351 648 49 234 1256 719 466 269 491 289
519 275 668 392 57 225 1255 719 491 265 519 286 465 269 490 290
512 273 664 392 491 265 520 285 52 220 1255 719 465 269 489 290
511 272 664 392 44 225 1254 719 493 266 521 285
510 273 665 392 39 232 1252 719 493 266 520 285
510 272 665 393 33 239 1250 718 492 265 520 284
510 272 665 393 32 238 1248 718 490 263 522 284 7 274 122 466
510 271 664 393 25 238 1247 719 5 284 117 450 488 263 522 284 469 279 493 314
511 271 664 393 24 237 1246 719 1 284 112 451 487 263 523 285 466 278 488 315
511 272 664 393 21 237 1249 719 486 264 523 287 1 283 111 450 464 278 485 317
510 273 665 393 18 240 1251 719 483 263 524 287 1 283 109 449 461 278 483 321
510 272 665 393 23 245 1250 719 481 263 525 287 1 273 115 425
510 272 665 392 29 245 1247 719 479 263 525 287 449 280 473 319
511 271 665 391 35 244 1248 718 479 262 525 287 444 278 472 322
511 269 664 391 32 240 1251 719 479 262 524 287 440 277 469 323
512 267 664 390 33 233 1250 719 477 261 524 287 435 276 465 323
512 266 664 390 34 229 1247 719 475 260 524 287
512 265 664 390 35 225 1246 719 474 259 523 287 423 279 452 326
513 265 663 390 32 234 1246 719 474 259 522 287 418 279 447 327
512 266 663 389 30 238 1247 719 476 260 521 286
511 267 663 389 27 242 1251 719 478 260 520 286
511 267 664 390 26 241 1258 719 481 260 520 286 383 269 427 343 441 271 462 289
510 267 665 390 25 243 1261 719 483 261 519 286 460 263 509 289 374 281 422 350 442 272 463 289
510 268 665 391 27 243 1263 719 459 263 509 289 485 261 519 286 359 282 408 354
510 268 665 391 28 240 1261 719 458 263 509 290 486 261 518 285
511 268 664 391 29 241 1259 719 456 263 513 292 332 279 383 362 484 261 519 285
511 269 664 391 30 243 1255 719 454 264 514 293 482 262 519 286
510 270 664 392 29 250 1256 719 454 263 515 295 481 261 519 288
509 271 665 393 30 250 1256 719 453 263 514 295 483 261 519 288
509 271 664 393 32 246 1258 719 453 263 514 296 257 266 316 379
509 271 664 393 34 243 1257 719 227 260 308 398
510 271 663 393 28 242 1257 719 452 264 513 296
510 270 662 392 23 243 1257 719 452 264 513 296 126 310 225 454 174 259 254 407
510 270 662 392 452 265 512 297 18 243 1255 719 123 260 214 415
510 269 661 392 19 240 1256 719 451 265 514 297 79 255 172 428
509 269 662 392 19 238 1259 719 449 264 515 297
509 269 662 392 21 230 1262 719 440 264 521 298
508 270 663 393 24 224 1259 719 440 264 520 298
508 271 662 393 26 221 1253 719 440 264 520 298
508 271 663 393 27 226 1246 719 439 264 520 297
508 270 663 393 26 232 1246 719 450 263 511 296 423 273 449 293
509 269 663 392 25 238 1247 719 452 263 510 297 422 272 449 293
509 269 663 392 24 240 1249 719 452 263 510 297
509 269 664 392 26 242 1249 719 452 264 510 297
508 269 665 392 28 246 1250 719 452 264 511 297 421 273 449 294
508 270 666 393 31 251 1251 718 437 264 519 300 419 271 451 296
508 271 666 394 31 252 1251 718 439 265 521 301 419 271 450 296
508 271 666 394 30 249 1251 718 438 265 520 301
508 271 666 394 29 246 1251 719 437 266 518 301
509 271 666 394 30 246 1254 719 436 266 516 301
510 271 665 394 30 250 1254 719 436 266 516 302
510 271 665 394 28 252 1256 719 435 266 516 302
511 272 665 393 26 256 1259 717 435 265 516 303
511 272 664 393 25 256 1262 717 416 280 448 299
511 272 664 393 25 253 1262 719 416 279 448 299
511 272 664 393 23 250 1262 719 434 267 518 310 415 279 447 300
515 271 672 392 24 250 1261 719 433 267 519 310 414 279 447 300
515 271 672 392 24 252 1260 719 432 267 519 310 414 279 447 300
515 272 672 392 26 253 1259 719 432 266 520 310 415 279 447 300
515 273 672 392 27 256 1254 719 432 266 517 311 415 278 445 300
516 273 672 391 27 254 1253 719 432 265 515 312 415 278 444 300
517 272 671 389 25 255 1249 719 431 264 513 314 414 279 441 300
518 270 671 389 23 254 1250 719 428 264 515 314
518 270 671 388 21 256 1254 719
519 269 670 388 21 255 1256 719
520 269 669 387 18 252 1259 719
522 268 668 387 15 248 1261 719 412 277 445 302
523 268 668 386 12 247 1265 719 412 277 447 303
523 269 667 385 13 248 1268 719 412 277 448 303
524 269 667 382 14 250 1269 719 411 277 447 302
524 270 666 381 18 250 1268 719 410 278 444 301
526 270 665 380 16 251 1266 719 433 261 485 341
526 270 664 380 15 251 1264 719 430 260 477 342 461 263 506 296
527 269 663 380 15 253 1262 719 405 260 465 345 458 263 506 298
527 269 663 380 19 254 1260 719 401 258 459 350 455 263 504 299
528 270 662 381 23 253 1259 719 402 256 449 351 439 260 515 304 530 264 565 290
528 270 662 381 24 253 1257 719 436 262 513 303 528 264 566 292 386 254 435 351
529 271 662 381 25 253 1259 719 431 262 512 304 381 253 428 352 527 264 567 294
529 271 662 381 27 255 1259 719 429 261 512 305 354 267 416 373 527 265 568 295
530 272 662 380 26 253 1258 719 413 261 507 315 526 266 569 294
531 272 662 380 407 262 507 315 26 252 1259 719 526 266 569 294
532 273 663 380 403 263 506 314 27 254 1258 719 270 259 368 394 526 267 569 294
524 278 675 372 401 263 506 314 29 254 1257 719 260 255 354 398
525 278 675 372 399 264 506 314 30 252 1252 719 227 255 323 412 517 276 554 309
525 278 675 372 397 264 506 313 27 249 1251 719 516 275 557 310 184 253 271 426
527 278 675 372 396 264 505 313 0 351 1270 719 174 253 256 433 516 274 557 309
528 278 674 373 395 264 504 314 22 238 1255 719 127 251 214 446 515 272 557 311
529 278 674 373 394 264 505 314 21 236 1255 719 514 272 556 311
529 277 673 372 394 263 504 315 512 271 557 312 22 235 1252 719
529 276 673 371 393 263 504 316 24 239 1248 719 509 271 558 313
529 276 674 372 393 262 503 316 28 242 1246 719 507 270 557 313
530 277 674 372 391 262 504 316 30 248 1247 719 505 270 556 312
531 276 673 371 376 263 499 318 29 252 1249 719 502 262 558 317
532 277 672 371 373 262 499 318 29 252 1247 719 499 262 558 317
533 277 672 371 374 263 498 318 31 247 1245 719 497 263 558 318
534 277 673 371 374 262 495 318 34 245 1243 719 494 264 557 320
535 277 673 371 374 262 494 318 36 243 1244 719 492 264 557 321
537 277 672 371 372 263 493 318 40 240 1241 719 489 264 556 322
