

890 158 1016 246 558 183 591 211 788 227 873 323 682 165 733 236 476 203 543 238 618 182 643 203 668 179 692 219 689 211 732 279 778 159 868 298
902 161 1028 254 687 212 731 282 784 229 869 326 558 187 589 214 681 165 732 241 474 207 541 241 614 184 642 207 773 159 862 298
685 212 732 287 910 171 1034 264 769 162 856 304 783 241 867 343 616 189 640 212 563 193 587 213 721 178 742 221 481 211 533 238 680 168 730 243 667 202 689 238
905 170 1044 273 769 171 854 310 684 210 732 289 781 245 863 349 559 209 589 232
925 178 1055 288 770 177 855 318 560 215 591 240 486 228 559 270 617 212 642 235 780 253 860 351
925 181 1065 294 489 233 564 274 773 207 860 346 693 202 743 291 616 216 643 239 561 220 592 244 852 193 893 266 675 228 694 260
926 183 1077 294 489 233 565 275 692 235 741 313 857 225 895 272 767 180 853 320 616 216 644 240 778 263 863 371 561 220 591 244 684 208 734 286 858 197 889 257 593 217 610 234 901 183 988 264
924 179 1087 294 487 230 561 274 760 179 850 318 613 214 641 238 858 225 897 269 682 206 733 290 561 219 589 242 774 261 862 370 858 195 889 254
923 177 1096 296 683 233 732 311 755 178 846 317 611 213 640 238 855 188 896 265 563 218 588 240 484 229 560 274 679 192 730 266 762 257 848 349
920 178 1110 305 679 229 728 315 749 204 852 359 540 232 571 256 488 237 529 264
920 183 1124 315 675 228 727 318 746 204 850 361 541 238 571 260 477 254 539 289
945 187 1149 325 678 260 726 333 542 242 568 262 742 254 849 397 477 256 538 290 614 239 635 258 593 237 616 257 567 239 587 257 675 214 727 289
954 183 1167 323 742 253 847 394 541 237 569 258
991 178 1203 325 682 231 729 308 740 200 826 351 880 229 920 272 927 188 1017 271 484 230 534 263 614 215 635 233 544 219 566 235
999 174 1218 330 610 211 639 234 685 231 731 308 742 196 825 355 880 188 922 264 563 215 589 235 542 217 572 238 941 183 1042 276 483 221 543 270 681 190 730 264
743 205 844 365 1024 196 1263 360 945 194 1045 268 878 193 925 264
1031 200 1276 377 738 204 827 362 695 226 746 318 558 237 591 261 499 251 552 282 985 222 1097 316 826 279 882 356
1053 205 1279 391 560 239 591 263 735 211 829 363 699 262 747 334 615 236 643 258 906 216 949 291 496 248 559 284 983 213 1117 320 829 276 887 359 697 215 749 291 747 293 834 408 593 238 612 256 818 218 885 324
735 207 829 358 990 210 1132 319 1087 201 1279 393 558 232 591 258 501 237 552 269 837 276 892 356 908 210 953 288 617 233 641 253 820 209 883 294 740 292 824 401 920 254 962 298
732 205 824 356 1106 175 1279 420 557 229 591 256 497 235 555 272 925 252 967 298 696 209 747 290 838 275 897 358 735 292 821 399 917 208 964 287 699 257 744 326 821 203 886 300 986 200 1155 309
1127 187 1279 464 1009 193 1187 317 728 205 820 353 492 232 564 278 919 208 967 286 558 229 591 256 930 251 972 299 840 275 902 361 821 207 906 338 695 209 747 290 732 294 818 398 699 256 743 326
1016 200 1202 333 1154 210 1279 433 824 209 910 340 723 208 815 354 931 254 975 302 921 209 971 287 558 232 591 258 836 276 913 365 731 295 816 400 613 232 638 253 487 247 559 283 698 257 742 328 695 212 746 289
1020 200 1212 334 826 209 914 341 720 209 814 354 923 207 973 287 837 274 914 365 557 232 592 258 488 247 558 283 729 294 814 403 612 232 639 253 932 252 977 302 698 257 741 329 1161 195 1279 400 672 226 697 263 695 212 744 289
831 209 919 346 719 210 813 355 488 248 557 284 1037 199 1260 345 556 233 593 259 612 233 639 255 727 294 812 406 928 206 976 287 844 274 910 369 700 256 741 330 697 212 744 290 544 237 574 263
1053 202 1270 355 835 209 923 351 717 214 813 357 491 250 556 286 609 233 641 258 557 236 593 261 726 296 810 408 939 212 989 289 703 270 737 328 697 214 746 290
1070 210 1279 367 837 211 926 360 492 255 557 291 716 219 812 359 609 236 642 264 943 216 992 289 683 229 708 271 559 240 593 264 862 303 927 391 725 314 812 423 954 270 999 320 688 252 710 286
1089 212 1279 381 843 215 941 365 494 260 558 295 725 313 812 426 714 223 811 361 866 300 932 399 609 239 644 269 684 233 708 272 951 229 1000 313 688 252 710 286 560 244 594 268 702 230 749 316
848 209 947 365 1106 214 1279 384 716 220 812 358 687 232 710 272 610 237 644 267 725 314 812 423 492 259 560 293 965 265 1018 324 561 241 596 267 860 297 941 397 692 252 713 283
854 204 955 363 1125 211 1279 378 718 214 813 353 612 235 644 261 689 230 712 268 559 237 597 264 485 249 566 290 972 262 1023 320 727 299 809 404 965 213 1017 290 878 297 956 399
859 194 963 363 1153 203 1276 377 559 232 597 259 968 206 1019 288 718 207 812 352 725 293 810 406 881 295 960 397 480 243 564 285 611 231 642 255 974 244 1028 309 690 228 712 264 706 210 751 288 688 215 710 244
1165 198 1276 370 861 191 966 365 970 202 1021 288 714 202 810 354 882 293 963 396 978 244 1030 307 558 232 594 256 724 290 808 404 688 229 711 261 612 231 640 253 685 213 709 245 478 244 564 284 704 208 748 292
864 192 969 361 970 193 1022 267 712 197 809 359 1197 198 1279 376 884 292 969 399 717 288 802 398 682 210 708 245 557 230 592 253 986 245 1038 303 686 229 709 260 506 240 549 265
867 193 973 361 709 196 809 360 717 288 801 399 974 190 1026 268 989 244 1043 306 605 215 641 245 682 209 708 245 504 239 550 266 557 230 591 253 686 229 709 260 542 234 573 256 888 261 990 412
709 198 810 361 871 195 979 365 887 260 996 421 717 292 801 403 506 239 550 269 558 231 592 254 682 210 708 246 985 200 1043 293 686 229 710 261 991 244 1048 310
710 203 811 360 872 196 984 374 989 204 1044 292 559 234 592 258 686 228 710 264 607 231 639 255 999 262 1053 320 433 256 486 291 504 250 554 280 718 295 800 407 511 242 547 268 684 214 708 245 899 294 997 441 699 211 744 289
883 199 1002 383 711 209 811 361 503 253 551 285 902 299 1005 449 684 229 709 268 994 210 1047 293 1000 262 1055 327 561 241 591 261 607 236 638 260 716 315 802 417
887 198 1003 388 711 212 810 361 501 254 550 288 906 301 1012 454 682 229 708 270 999 211 1050 294 608 238 638 263 561 243 589 262 716 315 802 419 1003 260 1057 332
890 192 1007 392 711 209 809 360 909 297 1019 458 498 254 547 285 1001 209 1054 294 560 241 589 260 1011 265 1067 333 592 238 624 261 717 300 799 401
895 184 1013 391 913 292 1027 459 711 200 809 361 715 292 801 402 503 239 544 264 684 227 708 266 546 236 573 256 1015 262 1071 325
711 192 810 363 903 174 1023 392 494 232 549 265 916 287 1034 464 671 210 695 242 716 288 801 396 685 226 708 263
711 191 812 363 911 171 1032 397 935 291 1057 479 492 228 550 264 669 209 695 241 589 212 627 242 718 289 801 395 543 219 577 243 702 250 735 301
713 197 813 359 920 166 1072 429 941 292 1068 490 496 232 546 267 717 272 811 408 670 211 695 242 684 226 709 265 544 231 574 253
720 207 817 359 934 184 1082 473 729 297 810 406 14 356 115 489 508 241 539 264 545 238 574 258 496 254 547 283
726 213 823 361 944 190 1094 475 734 314 818 420 496 258 547 290 22 355 125 493 683 231 708 272 686 250 710 286 960 338 1129 537
498 264 547 294 29 354 134 495 705 263 752 333 684 249 708 289 965 342 1137 551 964 197 1123 478 732 215 827 364 739 317 823 421 544 258 572 277 558 254 588 276 257 289 368 349 611 255 635 279 492 261 527 283
249 287 366 356 973 200 1130 479 31 349 139 498 971 368 1148 574 396 276 413 311 499 265 547 295 705 263 751 334 684 248 708 290 746 207 841 379 556 255 589 278 543 259 573 279 749 308 836 445 491 261 528 284
984 205 1141 481 32 348 140 499 975 347 1159 599 750 209 844 378 684 249 709 290 392 279 409 314 701 234 748 311 753 313 838 449 556 257 590 280 609 256 636 281 502 266 546 294 707 277 744 329 228 293 345 362 543 261 572 282 686 240 708 270 488 263 528 286
754 221 848 420 702 234 749 312 557 259 590 282 30 344 141 499 685 250 709 291 606 257 637 282 1007 359 1185 607 708 277 745 329 1010 206 1179 484 505 268 546 294 767 316 836 438 228 294 337 363 375 281 391 312 544 263 572 285 593 258 622 280
1022 211 1190 485 756 215 850 376 607 259 638 283 3 346 151 489 558 260 590 282 684 251 710 291 1015 361 1200 622 702 234 749 311 369 283 388 317 772 317 839 438 494 272 551 305 708 278 745 329 130 292 316 387 593 259 622 282
758 214 853 377 1033 211 1205 487 4 344 156 487 684 249 709 291 701 234 748 313 558 259 590 280 606 258 637 282 130 294 295 389 504 268 546 294 775 316 841 435 707 277 744 329 1021 350 1219 634 466 265 495 287 351 283 368 314 543 262 573 284
758 210 853 374 6 343 157 485 699 233 746 312 349 281 368 316 503 264 546 293 781 312 852 435 100 301 267 389 1054 203 1229 488 684 249 708 289 1043 339 1248 641 706 275 741 327 559 256 588 278 462 264 496 288 542 258 574 281 685 238 708 270 592 256 625 279
759 206 856 372 501 259 546 291 50 344 159 484 1064 203 1243 561 698 231 743 311 777 310 857 428 684 233 708 272 456 260 495 287 704 272 739 326 1056 394 1258 658 324 279 341 314 542 255 572 279 119 305 246 385 345 278 360 311
760 204 859 371 502 255 545 289 49 323 164 478 779 309 862 426 684 230 709 273 702 270 738 325 453 258 495 287 1074 212 1258 558 587 238 629 273 698 230 742 310 542 253 572 278 323 280 340 315 685 249 709 288 1063 389 1268 669 102 309 216 384 544 247 571 265
783 312 868 424 763 202 864 371 51 322 168 477 502 253 545 288 683 228 709 274 702 269 737 325 1110 199 1275 568 685 249 709 288 544 246 572 266 442 258 480 285 301 282 320 318 543 253 570 276
38 322 176 471 768 203 869 370 500 252 545 286 683 227 709 273 788 315 872 422 441 256 481 284 703 267 738 323 544 245 572 265 1120 195 1279 573 296 282 316 321 686 250 710 287
39 320 182 467 776 202 874 370 498 250 548 284 682 225 708 272 440 253 481 282 738 225 764 273 543 243 570 263 705 265 739 319 698 216 744 286 799 313 884 421 565 242 585 261
42 315 190 463 783 202 877 367 682 223 708 269 801 296 888 406 740 224 767 271 697 215 744 285 543 240 570 261 435 251 478 278 707 252 740 300 497 250 548 279 562 238 587 258 1096 280 1190 372 512 244 542 264
46 310 197 459 796 199 894 364 807 293 891 401 504 238 545 265 685 223 710 266 697 214 743 284 1100 276 1193 369 740 223 767 267 706 249 739 299 432 242 479 268 686 214 709 244 561 234 588 254 544 235 571 257
47 306 200 455 498 232 547 264 802 194 895 362 1102 273 1194 365 810 291 892 396 704 244 738 297 685 208 710 245 425 238 480 268 697 214 742 284 741 206 767 250 687 225 712 263 224 283 246 322 418 238 452 265
44 307 203 455 497 231 550 265 807 196 898 362 1108 212 1198 351 705 246 738 298 697 213 743 285 686 208 710 244 741 224 765 263 416 238 453 264 815 291 895 396
42 310 208 458 1112 213 1198 349 811 199 902 363 502 237 548 267 705 250 740 299 696 213 744 284 743 225 767 266 688 212 711 242 825 290 907 402
43 312 212 460 1117 212 1201 347 1121 279 1207 377 696 211 746 284 812 200 907 363 504 240 548 269 707 252 742 300 402 250 458 285 744 225 769 267 554 232 590 254 829 290 910 401 601 230 637 256 690 214 711 241 544 236 573 256
43 308 215 459 1122 276 1211 373 1120 209 1205 343 698 212 746 284 815 197 911 358 501 235 550 265 708 247 743 297 692 211 713 239 745 225 769 264 400 249 454 281
40 303 221 462 1124 271 1217 369 497 227 552 261 700 212 747 283 820 194 916 353 600 211 640 242 558 215 589 238 742 205 767 246 1123 187 1211 325 709 243 743 292 843 268 911 380
35 299 227 467 1126 269 1221 370 495 223 552 260 820 179 913 325 700 212 745 282 557 212 588 237 1125 187 1215 325 741 204 767 246 601 211 638 239 847 267 914 378 709 241 742 290 707 200 743 243
34 299 231 473 495 226 551 261 1129 209 1218 348 698 212 744 282 828 192 920 355 559 216 588 237 741 207 766 245 707 244 741 291 1135 272 1231 378
35 304 230 478 496 233 549 266 696 213 743 283 830 196 921 358 1131 214 1217 353 705 248 740 296 744 224 771 267 691 209 715 238 847 259 936 399
37 308 230 480 831 202 921 357 703 251 738 299 695 215 742 284 1134 216 1216 356 742 224 771 271 500 238 543 269 1136 291 1234 394 557 233 586 253 591 231 628 257 691 214 712 241 344 253 420 302 851 294 936 395
38 310 231 478 833 204 922 355 740 223 770 272 1136 215 1216 357 702 250 736 300 1137 291 1236 395 693 216 742 284 590 231 630 259 546 237 574 259 853 294 937 396 558 235 585 255 318 263 398 315 501 240 540 269
39 310 232 473 835 204 922 354 738 223 769 272 1137 211 1216 356 544 236 575 260 1139 291 1239 395 316 262 392 318 587 230 629 260 688 214 732 284 700 249 734 300 490 240 532 271 854 296 939 394
38 311 233 471 835 204 922 355 737 222 768 271 1144 206 1231 358 543 236 576 259 1139 291 1241 394 486 240 535 273 688 214 732 284 855 295 940 393 693 250 726 298 300 269 376 320
39 310 235 474 1144 202 1234 358 735 221 766 269 838 202 922 352 541 234 575 257 691 247 727 299 687 213 730 284 482 241 535 272 1140 290 1244 394 857 299 941 388 291 270 371 323
33 308 238 476 1143 195 1236 357 477 239 533 270 733 222 765 266 690 244 727 296 686 213 729 282 840 197 922 348 540 232 574 255 855 276 940 373 1140 289 1247 392 734 212 759 247 264 272 350 324 686 210 715 245
31 306 240 478 684 212 728 281 1143 188 1238 357 473 237 531 267 731 207 761 253 855 272 942 370 833 180 920 326 244 271 333 324 685 205 719 246 1140 288 1250 391 541 222 570 242 538 230 572 252
28 304 240 476 1144 184 1239 357 682 211 726 281 730 204 760 255 832 178 920 326 239 271 325 327 474 235 529 266 856 273 942 367 541 222 569 242 684 204 719 245 537 229 571 251
34 310 238 476 1146 190 1242 357 680 212 724 281 687 246 722 294 730 228 760 266 855 274 940 368 732 206 760 248 828 176 918 322 536 233 569 254 482 238 525 265 1144 289 1251 392
35 317 238 477 1149 198 1244 358 686 251 721 297 729 226 758 271 678 214 722 282 537 238 567 259 846 212 940 357 1147 291 1252 394 441 259 478 285 481 253 527 280
37 320 237 480 1153 207 1247 360 729 224 757 277 685 255 721 300 431 261 484 293 481 253 530 285 682 223 715 270 845 220 940 362 538 243 566 263 1153 293 1265 402 858 301 943 387 1010 198 1029 238
37 317 238 479 1156 210 1249 363 729 225 758 277 684 255 720 300 845 219 941 362 479 253 530 285 425 262 483 295 682 223 716 270 538 244 566 263 858 303 944 387 1152 292 1266 404 1014 198 1033 239
37 310 242 476 1159 210 1252 362 728 223 757 273 683 254 718 298 477 252 527 281 675 216 719 283 537 240 566 260 845 213 941 359 1153 292 1267 405 430 257 478 290 859 303 943 384
33 307 248 472 682 254 718 299 1162 208 1256 361 728 221 757 271 674 213 718 283 536 237 565 258 476 250 525 278 845 208 940 356 399 257 463 294 1156 291 1268 406
47 307 261 467 682 254 718 299 728 220 757 271 1165 210 1259 362 674 214 718 284 394 258 461 295 477 250 524 279 536 237 565 258 841 200 922 347 856 276 938 374 1145 282 1279 414
45 309 262 468 730 222 758 275 1167 211 1261 367 684 256 719 300 479 251 527 282 847 207 938 355 390 260 466 300 676 216 719 284 538 239 566 260 864 279 927 376
48 311 264 466 733 224 761 278 1173 214 1264 370 481 255 530 287 849 207 939 358 685 255 720 299 684 224 714 270 539 243 567 263 736 258 761 283 864 293 942 390 386 262 467 301 1168 291 1277 441
50 313 266 463 735 226 762 280 1179 213 1267 378 851 208 940 361 485 258 533 290 689 270 723 313 686 228 714 270 736 258 763 286 866 292 943 391 369 271 450 317 541 246 567 265 1172 292 1277 443 682 236 726 306 1059 202 1079 249
52 315 267 461 363 275 444 322 851 212 940 363 688 272 724 315 1184 213 1269 382 486 261 536 292 736 227 763 282 866 294 944 391 1175 292 1277 447 538 254 569 275 683 236 726 307 688 232 714 270
51 317 268 462 851 218 938 366 688 274 725 319 486 262 537 295 1185 211 1269 387 736 250 766 292 540 255 571 277 684 237 726 308 1176 293 1277 453 866 297 945 390 357 279 441 323
48 320 270 465 851 223 937 369 687 276 726 323 738 246 768 297 542 260 573 280 685 239 726 310 1195 213 1275 379 1178 291 1276 458 865 301 944 390 489 264 534 295 341 284 426 327
47 323 273 468 852 224 936 372 687 278 728 326 740 244 768 299 545 264 573 284 1189 296 1277 454 687 242 727 312 613 259 652 287 1197 212 1276 382 865 303 944 390 320 295 404 344 409 280 445 310 489 272 538 305
46 323 275 468 312 296 399 348 853 222 935 372 688 278 728 327 741 245 769 301 545 266 573 286 1190 296 1277 457 687 243 727 312 613 259 654 289 489 271 539 307 864 302 943 391 1199 212 1275 383 388 286 433 318
45 319 276 464 853 221 935 371 689 277 728 328 742 244 770 299 1190 297 1277 459 546 265 573 285 383 285 432 318 609 256 656 288 1199 213 1275 383 490 271 539 305 864 301 943 391 689 246 723 294 303 293 397 348
44 314 278 458 853 219 934 369 689 276 727 325 1191 296 1277 462 1199 213 1275 382 742 243 771 297 490 265 536 297 605 253 658 286 545 262 574 282 287 291 378 349 864 299 944 392 382 282 426 316 689 248 724 295
45 308 281 453 854 218 934 367 691 274 727 321 488 263 538 295 1199 211 1277 383 689 239 729 310 1191 296 1277 464 743 242 772 295 260 290 359 348 872 298 934 390 547 259 575 279 606 251 658 283 361 283 409 317
48 305 284 450 855 217 934 367 486 262 540 293 692 274 726 317 689 238 729 308 1199 212 1277 381 1191 295 1277 468 350 280 414 319 256 294 352 348 744 243 773 292 872 297 934 390 546 256 577 277
52 302 285 449 855 219 933 370 482 261 543 292 692 272 725 317 1199 213 1277 381 689 238 729 308 1191 297 1277 470 341 278 412 322 237 297 334 347 871 297 933 389 745 244 772 291 546 255 576 275 693 237 720 271
54 303 289 449 690 274 723 319 474 262 542 293 852 222 933 375 688 237 727 308 1198 215 1278 378 1189 298 1279 469 869 300 930 391 744 242 771 293 542 256 575 277 993 243 1044 307 316 283 401 325 231 298 335 345
55 303 291 449 688 274 720 320 837 222 921 373 685 236 724 309 1196 213 1278 380 742 242 769 295 471 263 538 292 1187 299 1279 466 540 257 571 277 867 303 927 389
58 303 294 450 835 222 919 373 686 275 717 319 681 236 722 309 1195 213 1278 378 739 241 767 296 1175 300 1279 467 535 257 569 278 458 260 538 298 226 265 338 332 865 305 924 388 586 235 660 281 1004 242 1083 308
