

423 358 529 446
423 359 528 448
422 360 529 449
422 362 529 450
422 363 528 448
423 363 527 447
423 364 527 448
421 363 529 449
420 361 529 450
419 356 530 450
419 332 530 446
417 351 531 455
417 351 533 458
416 351 534 458
416 349 536 459
416 347 536 459
415 346 536 459
412 331 538 449
410 330 540 448
409 330 540 449
409 328 540 450
408 327 540 452
407 326 540 452
409 357 535 459
409 360 535 459
406 324 543 451
406 323 542 453
408 323 539 454
408 324 538 455
408 325 538 456
405 338 536 467
405 339 537 468
404 339 539 467 330 266 348 281
405 340 539 467 328 263 347 279
407 338 538 468
408 337 539 468
409 336 539 468
409 336 540 468
408 336 541 468
407 336 543 469
406 336 545 471
405 336 547 472
406 336 548 473
404 337 549 476 311 248 341 265
404 335 561 479 310 246 341 263
402 336 563 481 309 244 341 263 307 315 316 334
403 336 564 481 308 242 341 261
402 333 566 482
402 332 567 483 305 236 337 254 305 314 314 328
401 331 568 483 302 235 337 252 304 313 314 328 370 370 401 393
401 332 568 483 301 233 339 250 304 313 313 328 369 370 401 393
401 333 569 483 299 232 341 247 303 312 313 327 369 370 401 393
400 335 571 485 297 230 342 245 303 312 312 327 369 369 401 392
399 337 574 486 296 228 342 243 302 311 311 326 369 369 401 392
398 337 576 486 301 311 311 326 295 225 342 243 370 369 401 392
393 331 591 489 369 369 401 392 300 310 311 326
393 325 592 492 369 369 401 392 298 310 310 325 294 219 322 238
394 318 594 496 368 368 401 392 291 217 323 237 297 309 310 325
393 316 594 499 290 216 323 236 368 369 400 392 296 309 310 325
394 318 594 501 287 215 325 234 368 369 399 392 295 310 309 326
395 323 593 502 284 213 326 232 295 310 308 326 368 370 398 393
396 328 593 502 282 212 326 230 294 310 307 326 368 370 398 393
397 329 593 501 280 210 326 228 293 310 306 326 367 371 398 393
398 330 595 500 279 207 327 227 292 309 305 325 367 371 398 393
399 330 597 500 292 309 304 325 278 204 327 226 367 371 397 393
398 328 599 501 291 308 304 324 277 202 327 225 367 371 397 392
398 324 602 503 291 308 303 324 278 198 323 222 366 370 396 392
398 319 605 505 290 308 303 324 277 197 322 220
397 318 609 507 270 197 308 217 290 307 303 323
395 319 611 510 266 195 310 215 289 307 303 322
393 321 612 511 262 194 311 213 289 307 302 322
392 322 614 514 259 192 313 212 287 307 300 323
392 323 617 515 258 190 314 211 287 306 299 323
392 323 619 516 257 188 313 209 287 306 299 323 364 368 386 393
391 321 620 517 257 186 312 209 286 306 298 323
390 317 622 519 286 306 298 322 249 183 314 208
389 307 625 521 285 305 297 322 258 179 307 202
389 301 628 522 250 176 309 205 284 305 297 322
389 299 630 522 249 175 309 205 283 305 296 322 655 159 905 457
388 306 630 521 283 305 296 322 248 175 309 204
387 307 632 522 282 305 296 322 240 174 307 201
386 308 632 522 240 174 307 200 282 305 295 322
386 309 631 522 239 174 307 199 282 305 295 322
386 312 631 521 238 173 307 199 282 305 295 322
387 315 631 522 238 173 306 198 283 304 295 322
387 316 632 522 237 173 305 198 283 304 295 322
387 316 633 522 237 173 305 198 282 304 295 322
387 316 633 521 237 173 305 198 282 305 295 322
387 317 633 521 237 173 305 199 282 305 295 323
386 317 633 522 238 174 305 200 282 306 295 324
386 317 631 523 238 174 306 200 282 306 295 324
386 313 632 523 238 174 306 200 282 306 295 324 661 164 911 453
386 315 632 522 238 173 306 199 281 306 295 324 661 163 911 452
387 314 633 521 238 173 306 200 281 306 295 324
386 317 633 521 238 173 306 200 281 306 295 324
386 316 633 521 238 174 306 200 281 306 295 324
385 316 633 521 238 173 306 200 281 306 295 324 661 161 910 455
386 316 633 521 238 173 306 200 281 306 295 324 660 160 909 458
