

176 466 561 714 1144 166 1272 514 517 419 581 482 606 372 686 434 462 437 515 498 564 392 598 413 358 450 397 475
162 460 558 711 517 419 581 479 609 370 687 432 1156 157 1275 516 462 435 516 498
147 450 556 707 1207 152 1276 509 517 414 580 472 611 364 687 425
137 439 553 704 519 395 582 452 1217 163 1276 506 612 345 693 407 462 412 517 476
130 434 552 705 517 393 585 451 613 341 694 404 366 411 402 435 467 401 522 455
123 434 559 706 520 393 590 452 613 339 698 404 469 403 526 454 370 411 403 433
117 439 563 710 522 393 597 458 627 341 713 403 472 411 528 467
113 445 568 714 478 419 530 462 630 344 717 411 523 406 599 474 6 512 121 718
109 449 565 716 634 358 714 424 523 407 602 475 480 422 533 464 4 516 119 716
103 445 562 715 635 358 715 423 481 420 532 462 523 406 601 475
93 438 556 714 635 343 718 411 532 385 609 455 483 410 528 445
80 436 554 715 633 341 719 409 520 389 601 463 479 406 530 448 385 407 421 429
70 439 554 717 519 388 601 464 632 340 719 409 480 405 529 447 385 406 422 427
64 444 555 718 630 340 722 413 517 390 603 466 481 408 529 450 387 407 423 427
64 448 554 719 631 341 724 415 520 402 600 474 484 409 529 449 389 409 424 430
64 457 557 719 516 410 602 478 536 389 616 456
65 467 558 719 531 410 617 479 488 444 526 482
66 475 556 719 524 428 614 506 655 384 738 448 486 437 534 488 392 434 431 457
65 477 554 716 518 429 605 503 655 383 738 447 484 437 531 487
67 478 552 712 516 427 604 501 651 365 742 437 481 438 527 483
70 474 550 713 649 360 741 433 510 417 602 486 477 424 529 473 555 393 618 454
76 469 546 714 506 409 600 485 477 420 522 467 649 355 738 426 555 386 615 453
501 403 598 483 78 466 546 716 646 337 743 416 553 380 612 452 476 415 519 461
496 399 596 482 40 464 511 715 644 332 743 416 541 374 615 431 467 403 524 454
493 397 595 485 36 467 512 715 644 334 742 417 539 374 614 431
480 402 589 483 40 471 505 715 645 335 742 417 537 375 614 432
479 404 589 485 44 469 500 716 646 338 744 418 537 376 615 432
478 406 588 487 50 470 491 717 646 338 746 419 536 376 616 432
477 403 590 489 48 469 488 718 646 337 748 419 537 375 617 432
475 401 593 491 41 473 486 718 647 336 752 419 538 374 619 432
474 400 597 492 39 472 484 719 650 335 756 418 539 372 622 434
474 398 598 491 41 470 481 719 653 334 760 415 541 368 623 434
474 398 598 492 47 468 477 719 542 365 624 435 669 330 766 416
473 399 599 492 670 331 768 417 45 469 475 718 543 364 626 436
471 400 602 494 672 332 770 419 39 468 471 716 543 365 628 438
469 400 603 494 37 469 472 713 673 331 773 418 554 363 633 435
466 398 603 493 32 470 472 713 674 328 776 415 555 357 633 434
459 387 603 493 33 471 467 713 554 349 633 433
458 379 602 486 31 469 459 716 555 344 633 433
457 377 603 485 35 469 443 717 554 338 634 436 674 307 791 400
456 377 604 488 31 471 432 717 553 337 639 421
453 375 605 490 552 334 640 420 28 472 417 716 687 303 799 400
448 371 604 486 552 330 638 417 688 300 800 398 27 469 414 716
440 368 605 485 551 327 638 415 689 295 805 396 36 456 407 716
435 366 607 486 550 325 639 415 691 295 812 395 626 329 660 373
430 366 610 489 549 325 642 416 692 293 819 394 628 327 662 372 433 343 472 363
427 363 613 491 549 323 645 415 690 281 826 394 630 325 664 372 435 341 474 361
422 359 616 495 548 319 646 415 694 279 829 391 631 321 667 370 437 338 475 358
416 356 618 499 549 316 648 416 700 277 835 387 626 314 670 372 438 336 476 356
412 357 618 504 548 315 650 417 704 278 840 385 626 313 672 372 439 335 476 355
407 356 617 507 548 316 653 417 707 276 844 384 629 312 674 373 440 334 478 354
403 350 619 505 550 315 655 416 706 271 850 379
401 343 624 502 553 305 664 398
402 336 632 499 572 293 673 393 731 243 880 363 651 285 698 348 461 307 499 326
403 333 641 500 742 238 889 364 576 294 681 392
399 332 649 504 751 237 900 361 578 297 688 393 668 276 723 336
392 333 652 510 593 278 705 380 765 234 921 363 672 274 729 338
384 338 651 514 766 235 926 363 593 285 700 394 488 301 527 323
358 331 661 536 764 232 930 366 591 284 700 396 675 274 734 339
349 340 657 545 763 233 932 370 564 290 699 410 673 282 728 352 486 307 524 328
342 346 656 559 758 233 933 374 559 292 695 414 669 285 726 353 483 311 520 332
324 353 636 572 754 233 932 375 549 301 686 431 665 286 721 353
296 354 637 576 750 231 932 375 547 287 688 416 657 284 708 355
261 352 631 584 738 222 919 372 538 282 680 410 652 282 701 350
231 355 624 593 733 219 917 372 529 282 672 408
214 357 617 612 729 217 917 377 510 289 657 414 441 311 477 335 626 279 682 357 0 438 109 645
204 362 612 622 501 302 653 441 726 223 919 381 625 283 684 358 439 317 475 341 0 463 114 691
183 381 625 664 499 306 652 441 623 286 683 363 727 223 923 385 0 464 114 696
139 386 591 687 500 311 653 442 622 288 684 366 2 462 116 707 730 224 926 385
110 394 592 703 499 314 657 444 2 466 115 709 440 336 475 361
91 401 595 710 499 318 660 450 626 303 687 382 742 232 947 410
83 414 597 713 497 323 660 456 626 307 687 384 742 229 954 415
85 427 594 717 497 327 659 462 744 227 961 417 626 309 686 386 721 288 764 360
87 441 591 716 494 329 658 465 744 226 968 418 626 310 685 387 721 287 764 360
87 449 593 713 494 328 658 467 746 226 974 420 722 286 765 360
78 453 588 707 487 322 658 466 752 225 980 419
69 451 585 702 481 318 656 465 757 224 986 418
67 453 579 704 478 314 655 464 758 226 992 419
66 461 579 708 480 318 656 468
72 475 577 712 723 284 771 362 466 341 652 500
460 335 657 511 726 285 773 365 81 516 568 716 734 327 770 370
728 286 776 365 94 523 558 716 401 349 653 524 757 172 1052 421 734 328 773 372 697 277 744 307 612 315 692 395
728 286 776 365 402 349 653 531 85 534 555 716 769 199 1055 444 735 328 774 372 697 277 745 308 611 316 691 394
770 200 1071 449 377 336 665 544 87 553 550 718
772 203 1085 455 370 346 666 567 730 309 779 387
773 206 1100 460 360 356 667 585 343 480 376 513 729 310 779 393 704 306 745 339
774 208 1111 464 355 359 666 588 610 348 698 431 701 308 748 336 729 310 782 394
772 207 1128 466 350 356 662 595 607 344 696 432 729 308 782 393 695 304 749 333
770 209 1143 469 346 357 659 602 730 304 781 394 604 342 694 433 691 300 750 331
769 209 1159 474 346 356 658 614 732 302 781 397 600 341 693 437 690 301 750 333
773 209 1166 482 346 356 661 620 733 305 783 401 693 306 750 337
803 197 1197 493 307 352 654 624 600 345 697 439 695 308 753 338 734 307 785 402
807 186 1210 500 297 348 654 627 741 300 796 401 698 305 753 335
812 174 1226 501 287 344 657 630 742 298 798 394 599 328 699 419
816 167 1238 500 284 342 659 633 744 297 799 389 597 320 699 418
822 159 1252 502 280 339 666 638 747 298 801 387 597 318 700 417
827 154 1262 505 277 333 667 644 749 298 804 388 597 318 702 417
831 150 1272 509 267 322 669 647 751 299 807 387 596 318 703 417
