

360 79 763 612 915 3 1228 658 130 265 301 391 168 192 263 365 361 193 566 482 569 39 693 101 567 92 675 278 1011 74 1223 418 608 0 1014 112 694 39 753 161
359 82 765 611 915 4 1227 660 127 270 287 394 573 39 694 100 362 196 565 478 569 91 675 277 611 0 1013 112 160 198 251 374 1012 75 1223 419 694 41 753 162
361 82 766 611 945 17 1257 668 111 281 266 402 616 0 1006 115 133 203 225 377 364 198 564 477 570 88 676 276 574 39 696 99 1013 76 1222 418
363 82 769 612 946 16 1256 672 104 284 259 404 121 209 216 386 599 68 692 278 616 0 1008 112 366 198 565 477 1013 77 1222 419 577 40 696 99
364 81 766 615 947 15 1257 675 603 68 693 280 618 0 1003 114 583 40 704 101 1052 79 1238 421 368 199 565 478 99 285 248 410 111 213 207 386
364 83 767 620 947 16 1260 675 608 70 695 282 618 0 1003 114 584 41 709 101 153 212 256 269 1052 102 1248 442 369 199 565 479 552 102 597 197 817 28 869 124
364 84 768 623 948 19 1260 673 613 72 697 285 153 213 257 271 621 0 1000 116 585 42 712 101 1052 101 1249 443 552 103 598 195 264 175 356 227 369 200 564 478 818 31 869 121
362 83 771 625 950 22 1259 670 618 76 704 285 153 213 260 270 622 0 999 117 552 103 596 196 1051 100 1248 444 589 42 715 101 261 177 350 229 368 202 562 477 817 31 868 120
361 84 770 626 949 23 1258 668 622 80 711 285 155 214 263 270 628 0 992 120 551 105 594 197 1013 77 1223 423 592 43 717 102 367 202 562 477 261 180 343 229
360 86 766 626 948 27 1258 666 626 84 720 285 633 0 986 122 159 215 265 269 550 106 593 198 106 266 161 334 1014 79 1222 422 597 43 720 103 366 204 561 475
361 86 763 625 947 29 1259 665 628 82 725 284 635 0 985 131 163 215 264 269 548 107 593 199 1013 80 1221 422 366 204 561 475 601 44 719 105 935 12 976 151
362 87 762 623 947 31 1259 663 629 79 730 285 636 0 978 124 167 213 286 266 549 108 594 199 1012 77 1222 425 102 264 154 337 611 44 735 103 366 204 560 475 931 12 975 152
363 86 763 623 947 27 1259 663 641 67 750 288 636 0 978 123 173 201 293 261 1012 77 1222 425 617 45 740 102 367 201 561 479 549 108 596 200 101 263 153 338
364 86 764 626 948 23 1258 664 646 68 753 289 177 201 295 261 1013 77 1223 425 369 200 563 479 634 0 979 122 622 45 746 101 549 108 597 200 98 229 136 325
365 85 765 629 948 20 1257 667 650 67 758 288 182 200 295 261 630 43 758 104 1015 80 1222 422 370 198 564 481 633 0 982 123 551 108 599 201 96 228 135 325
367 85 765 629 949 18 1256 666 657 66 764 287 185 198 295 259 371 197 565 481 651 10 980 133 1016 79 1222 421 552 107 600 201 638 40 759 103 925 33 970 158
369 85 762 626 949 16 1256 668 194 193 318 253 664 63 768 285 651 10 978 133 371 197 564 480 554 106 601 202 1017 78 1222 419
368 84 762 622 949 17 1257 668 197 192 320 252 671 63 772 281 652 12 975 133 554 104 601 200 370 197 563 479 1051 102 1250 443
366 82 765 620 949 19 1258 669 198 191 321 251 671 52 772 264 553 103 599 199 652 11 973 134 1050 78 1241 422 369 199 563 478 902 38 957 153
362 80 769 617 948 24 1259 667 675 54 772 259 198 189 320 249 553 101 598 198 1050 78 1241 422 369 197 564 478
362 80 770 613 947 25 1259 665 678 55 773 257 199 188 319 247 553 100 598 198 367 196 563 478 1051 78 1241 421
362 82 769 609 946 23 1259 662 679 55 776 252 201 176 323 239 366 196 563 477 553 100 598 197 1051 80 1241 419 881 18 966 159
363 83 767 604 944 21 1260 655 679 53 779 249 203 175 322 236 1052 78 1241 417 364 195 563 479 552 102 599 194 872 14 961 157
363 77 762 602 944 3 1251 596 678 42 781 240 1051 73 1240 408 863 10 954 149 547 87 596 174 212 170 340 226 362 190 566 475
360 69 757 597 917 12 1223 583 674 29 783 233 1050 66 1239 397 215 151 339 205
358 34 754 547 912 17 1222 569 673 5 783 203 536 61 585 144 204 143 321 201 1048 61 1237 385
352 30 754 542 672 5 785 190 1013 30 1221 363 202 123 321 183 884 54 1239 592
345 28 753 534 675 3 783 172 900 12 1223 552 1012 30 1222 348 201 118 322 176 369 229 1279 719
339 28 747 519 897 6 1226 542 676 3 783 158 1012 33 1224 333 338 108 522 379 374 225 1279 719
895 0 1229 527 335 26 741 500 206 74 319 131 332 90 525 379 1010 32 1225 320 677 3 781 146 379 215 1279 719
897 0 1230 519 330 19 733 487 328 75 529 378 698 0 788 121 1012 32 1225 314 205 68 318 123 380 207 1279 718 339 342 673 562
891 0 1230 512 322 8 735 474 203 47 319 107 320 64 530 379 340 331 669 551 684 0 777 98
883 0 1233 506 314 1 733 472 315 33 528 353 197 40 319 101 704 0 764 68 9 281 330 668
868 4 1239 498 307 0 731 467 194 26 320 91 305 26 528 354 703 0 762 62 8 282 332 675
881 25 1228 480 306 0 724 469 190 23 319 90 295 25 530 352 700 1 757 57 1018 45 1202 238 6 284 330 675
874 22 1222 476 305 0 717 465 183 22 295 93 286 23 530 354 8 340 333 712 1016 46 1196 231
864 17 1214 473 305 0 711 467 177 19 294 92 275 26 485 344 6 343 329 710 681 1 760 48
855 17 1209 467 262 6 683 468 170 17 294 92 677 0 764 43 267 26 483 347
851 15 1207 465 257 9 685 466 167 16 290 91
846 17 1213 453 245 13 687 457
842 16 1217 442 232 16 683 395
239 9 663 381 834 19 1222 428
229 9 661 377 831 19 1222 424
204 16 671 391 816 5 1222 380
194 14 671 390 812 5 1220 372 75 38 1234 679 0 16 269 718
189 12 668 390 807 4 1217 362 176 59 1279 673 0 21 266 716
808 1 1210 356 185 9 663 392 68 23 1237 685 0 26 263 709
804 0 1212 344 178 4 658 393 72 23 1234 687
197 0 628 355 770 4 1143 346 74 24 1229 688
195 0 622 359 763 3 1145 341 80 24 1228 690
194 0 620 358 759 4 1153 338 79 24 1232 692
191 0 620 355 757 2 1156 336 78 29 1237 689
193 0 620 354 758 3 1154 340 73 32 1242 687
193 0 622 355 762 4 1145 349 68 31 1244 687
196 0 623 355 765 3 1141 355 69 29 1242 689
196 1 626 355 767 4 1137 358 65 28 1242 692
198 3 628 356 769 4 1139 359 64 31 1242 693
202 4 630 355 770 5 1144 359 56 32 1247 693
206 4 632 351 772 4 1148 358 53 30 1248 693
210 2 632 347 803 0 1213 348 54 26 1248 692
804 0 1210 347 210 1 633 346 57 27 1244 690
801 0 1209 346 207 0 633 347 60 28 1244 691
801 0 1210 345 205 0 633 348 61 31 1245 690
799 0 1210 344 203 0 630 344 67 33 1241 689
799 0 1211 343 200 0 630 335 73 35 1235 687
797 0 1209 341 199 1 629 328 77 35 1233 688
797 0 1209 339 195 2 632 326 76 34 1233 689
798 0 1208 338 195 4 634 327 73 30 1234 691
802 0 1209 339 196 6 639 327 74 27 1231 691
806 0 1210 340 200 7 643 329 70 24 1234 691
810 0 1210 340 203 7 647 331 70 27 1232 691
811 0 1210 339 205 8 653 334 67 31 1234 691
812 0 1208 337 206 8 657 333 67 35 1235 692
812 0 1208 335 207 9 658 334 66 36 1239 693
814 0 1208 332 206 9 658 334 67 36 1240 695
814 0 1212 330 207 9 658 333 65 36 1239 697
814 2 1217 327 208 9 658 333 65 33 1238 698
209 10 658 332 813 2 1222 325 65 33 1238 699
210 11 656 329 814 1 1225 323 68 34 1239 700
818 0 1224 324 213 12 656 325 71 36 1237 699
822 0 1225 325 214 13 659 322 77 36 1232 700
825 0 1223 326 214 13 662 321 79 32 1229 702 0 22 267 703
825 0 1222 328 216 12 663 321 81 29 1228 705 0 21 267 703
826 0 1219 329 217 12 663 322 80 25 1228 706 0 20 269 703
826 0 1216 329 218 11 665 324 81 26 1226 707 0 20 270 701
825 0 1215 329 218 11 669 325 81 27 1224 706 0 21 270 700
824 0 1213 331 219 11 671 326 82 29 1223 705 1 22 269 699
826 0 1212 331 222 10 672 327 83 29 1221 706 1 26 271 699
828 0 1212 333 222 9 672 326 81 28 1222 707 2 28 275 699
829 0 1213 332 225 8 673 325 80 26 1222 710 3 32 280 699
830 1 1212 334 225 7 673 323 3 31 284 700 80 23 1221 714
832 1 1210 335 228 5 674 321 4 32 287 701 82 20 1218 716
835 0 1207 337 230 3 675 319 5 31 290 701
835 0 1207 335 232 4 677 318 6 32 290 701
836 0 1209 333 232 4 678 319 7 31 290 700
234 4 678 320 838 1 1212 331 7 32 287 700
234 2 678 321 840 4 1214 331 6 34 286 698
236 0 678 321 841 6 1215 332 6 36 286 697
