

460 388 541 445 165 382 302 440 553 311 570 326 517 311 532 327 279 385 333 422 607 402 639 427
461 389 541 446 156 381 301 440 553 311 570 325 590 402 628 425 516 311 531 326 1 369 22 420 608 404 638 427
462 390 542 446 142 378 285 444 552 310 570 325 590 403 628 425 247 381 325 426 0 371 14 423 515 311 531 326 609 405 638 427
463 390 543 446 131 379 283 444 243 382 324 425 590 403 627 425 552 310 570 324 515 311 531 326 609 406 638 427
464 390 543 446 238 382 321 425 116 380 259 444 590 404 627 425 551 310 570 324 515 310 530 326 610 406 638 427
464 389 543 446 104 379 259 445 233 383 318 425 589 404 628 426 551 310 570 324 514 310 529 325 609 407 638 428
465 389 544 446 82 378 244 448 217 382 312 424 589 404 628 427 550 310 569 324 513 309 529 325 610 407 638 428 300 314 315 333
465 388 544 446 212 383 307 424 67 378 246 447 550 309 568 324 590 404 627 427 513 309 528 325 298 314 314 333 611 407 638 428
465 387 544 446 208 383 302 425 52 375 224 450 549 309 568 323 590 404 625 426 513 308 528 325 297 314 312 333 612 407 638 428
466 386 544 446 21 378 234 453 204 382 299 425 550 309 568 322 591 404 624 424 297 313 312 332 513 309 528 325 614 407 638 427
466 386 544 446 10 377 225 455 183 384 296 423 591 404 623 424 550 308 568 322 615 407 638 427 297 313 312 333 512 308 528 324
467 386 543 446 178 383 288 425 591 404 623 425 549 308 567 321 0 376 177 461 297 313 311 334 615 407 638 427
466 387 543 446 173 381 282 427 4 375 160 456 548 307 565 320 591 404 622 425 296 313 310 335
149 381 276 424 466 387 543 445 0 373 133 457 295 312 309 335 548 307 564 320 590 404 623 425
145 379 269 424 465 388 543 444 0 371 119 458 547 307 563 319 294 312 307 335 589 403 624 425
465 387 543 443 129 377 250 423 0 371 111 460 589 403 626 425 547 305 564 319
120 374 248 423 465 386 543 443 588 402 627 425
466 385 543 442 114 370 242 423
98 369 228 424 467 385 544 441 503 295 523 316 544 302 562 314
467 385 544 439 92 367 222 422 503 293 522 315 543 299 562 313
467 385 545 438 68 365 203 422 502 290 521 313 542 297 562 310
59 363 200 421 468 385 545 437 501 289 520 310 542 295 562 307
38 360 187 422 468 385 545 436 501 288 519 308 542 294 561 306
468 385 546 436 31 358 183 420 542 292 561 304
7 355 164 422 468 386 546 435 541 289 560 302 585 390 617 412
1 353 157 421 469 382 546 430 585 388 618 411 540 287 560 300
0 352 142 423 471 386 547 434 585 388 619 411 540 285 561 299
0 353 128 424 472 386 547 435 584 389 618 412 539 285 560 299
0 350 116 426 472 387 547 436 538 285 560 300
471 388 547 436 0 351 90 427 536 285 559 300
470 389 548 437 0 350 81 427 535 285 559 300
470 391 549 438 674 398 695 430 535 286 557 300
470 394 549 439 673 398 695 431 534 286 556 300
471 395 549 441 534 287 556 301
471 395 549 443 669 401 692 434 533 288 556 302 490 282 510 302 583 404 619 424
472 396 548 443 668 403 691 436 488 282 508 302 581 404 618 424 534 288 554 302
472 398 549 443 668 403 691 437 488 281 508 301 580 403 617 424 534 287 553 301
471 399 550 443 668 404 691 437 580 402 615 424 487 280 508 300 534 285 553 300
471 399 550 443 580 402 614 423 486 279 508 299
471 399 550 443 581 402 613 423
470 399 550 443 581 403 613 422
470 399 550 443 667 404 688 436 581 403 612 422
471 399 550 443 667 403 686 437 581 403 612 422 474 271 500 295
473 399 549 444 666 404 686 437 472 270 499 294 581 403 611 421
484 398 554 445 664 404 685 438 470 269 496 294 519 274 547 292
485 398 555 445 664 404 684 438 469 267 495 292 519 272 546 291
490 397 551 444 664 404 683 438 468 265 494 290 518 270 546 289 581 402 608 420
490 397 551 444 664 403 683 438 516 267 546 286 467 262 493 288 580 401 608 421
489 396 551 443 516 265 545 284 664 403 682 437 580 401 608 421 466 259 492 286
488 394 551 443 664 402 683 436 515 262 542 280
488 392 551 441 663 400 683 435 515 260 542 277
663 399 683 434 488 392 551 440 515 257 540 274
663 399 683 433 488 391 552 440 517 255 541 272 3 391 156 555
662 400 683 433 488 392 552 440 3 388 159 557 517 254 541 272
486 391 553 443 661 402 682 434 4 390 161 558
486 395 553 445 660 404 680 436 5 395 162 558
485 399 554 447 659 407 679 439 5 400 163 557 511 254 537 272
486 403 554 449 6 401 165 555 659 410 678 441 511 254 537 272 445 243 471 272
486 405 554 451 6 400 166 554 442 243 468 272 510 255 536 272
486 406 554 452 658 413 678 444 5 397 167 551 440 242 466 272
490 406 551 454 6 393 168 552 437 241 464 270
490 406 550 454 5 391 170 554 488 245 526 265 432 239 462 268
491 407 550 453 6 391 170 554 486 242 525 262
486 238 524 257 5 392 170 554 491 407 550 452
485 234 522 253 6 393 170 553 494 409 550 449 422 225 452 259
493 407 551 448 5 392 169 553 484 230 520 249 419 217 448 249
493 407 551 448 5 395 169 553 416 215 445 248 483 224 518 244
492 407 551 447 5 395 168 553 482 220 516 240 412 211 442 243
492 406 551 447 648 407 673 437 5 398 166 554 481 215 514 235 407 205 439 239 566 404 594 423
491 404 550 450 648 406 672 436 465 211 506 230 5 400 163 554
490 402 550 450 648 405 672 436 463 208 506 226 5 402 161 553 398 196 429 236
490 400 550 448 649 404 671 434 5 405 160 551 460 205 503 226 393 187 424 225
490 397 551 447 650 402 672 432 388 182 420 221 454 193 502 214 5 407 160 549
489 395 551 445 451 187 502 207 650 400 671 430 382 174 416 215
488 393 551 442 650 398 671 429 451 183 500 202
488 390 550 438 451 166 495 189
489 389 549 435 454 160 491 180 419 385 442 402
492 383 549 429 432 143 485 168 417 381 442 399 359 131 397 174
491 382 550 427 428 136 486 160
493 381 550 420 650 382 672 413 432 131 478 154 427 119 482 145
491 379 550 417 650 380 672 410 423 112 481 137
490 377 550 415 651 378 673 408
489 376 550 414 650 377 672 406 1221 111 1270 148
489 376 550 414 650 376 672 406
489 376 550 414 650 376 672 406 4 396 153 554
488 374 550 413 650 375 674 406 5 394 152 554
488 373 550 412 650 374 674 405 5 393 152 553 203 222 224 278
489 373 549 412 650 374 674 406 5 391 154 556 199 225 216 273
489 376 538 412 650 377 674 407 5 391 156 559
490 379 537 413 649 380 674 408 6 389 156 562 144 205 180 282
491 381 536 414 648 382 675 409 137 202 173 282
491 381 536 417 656 381 678 412
491 381 536 419 657 382 679 414
489 383 536 422 656 383 679 415
489 383 536 422 657 384 680 416
488 384 536 424 657 384 681 416
488 384 537 424 659 385 682 417
486 383 539 429 658 386 682 420
