

636 356 823 476 386 372 476 438 0 487 1279 701
634 355 829 476 387 371 476 438 0 487 1279 700
387 371 476 438 648 357 839 474 0 485 1279 700 370 361 407 400
387 370 476 437 647 356 842 473 369 360 407 399 0 484 1279 700
388 369 476 436 649 356 843 473 368 359 408 398 0 485 1279 699
648 355 845 473 389 368 477 436 368 359 408 398 0 485 1279 698
649 353 847 473 390 367 478 435 368 359 409 399
653 353 849 473 391 366 479 436 367 358 409 400
656 352 853 473 392 365 480 436 367 357 409 400
657 352 858 475 394 365 480 436 366 356 409 402
657 351 864 477 395 366 481 436 366 356 409 402
660 352 872 480 395 368 481 437 367 358 409 403
663 355 880 482 395 370 483 437 364 366 408 408
668 360 887 484 397 373 482 437 363 366 409 411
669 363 890 487 396 375 484 447 363 368 409 412
679 364 905 490 397 375 484 448 362 369 410 412
683 364 907 493 397 375 484 449 361 369 412 413
687 364 909 495 396 375 485 449 360 369 411 412
692 364 912 496 400 374 488 447 360 369 409 411
695 365 919 494 400 374 489 446 361 367 406 410
698 363 926 493 404 375 486 437 363 360 405 403 0 481 1279 695
699 361 935 490 402 373 487 436 362 358 406 402 0 480 1279 694
700 357 944 489 402 370 487 435 362 358 406 401 0 479 1279 695
701 355 954 489 401 368 488 435 360 357 406 399 37 400 1253 709
699 353 963 489 401 366 489 434 359 356 405 398 40 398 1252 709
707 351 977 490 400 365 490 434 359 356 405 398 39 395 1250 711
709 353 979 491 400 364 490 435 359 356 404 398 41 394 1253 714
716 356 979 491 400 365 490 437 358 357 404 400 41 392 1250 713
722 358 984 490 400 366 489 438 358 358 404 401
729 357 988 489 400 367 489 438 358 358 404 400
732 355 994 488 400 366 490 438 358 358 405 400
733 351 1005 489 400 365 491 437 356 357 404 398 63 243 1234 697
733 348 1016 490 400 365 492 436 356 356 404 398 67 238 1234 701
735 347 1024 491 399 364 493 436 357 356 404 397 71 233 1231 703
753 347 1030 494 399 366 494 436 357 356 404 398 70 229 1229 703
758 349 1033 493 399 367 495 437 358 357 404 399 130 361 149 385
761 349 1040 493 401 368 495 437 359 357 404 400
761 349 1052 494 403 369 496 438 353 355 407 405
760 348 1061 497 404 370 497 438 354 355 407 407 143 360 161 388
752 346 1087 509 405 371 497 440 355 355 407 408 144 361 163 391 48 234 1249 699
754 347 1100 511 406 371 498 441 355 355 407 408 146 361 164 393 38 236 1249 698
760 347 1116 512 406 370 498 442 355 355 407 409 147 362 165 396 32 240 1248 698
406 370 499 442 763 346 1121 512 355 355 408 408 148 362 166 396 30 242 1243 699
406 368 500 442 768 344 1131 510 356 355 409 407 150 362 167 395 32 243 1240 696
406 366 501 441 770 342 1140 509 356 354 410 405 152 362 168 394 33 241 1237 694
406 364 503 441 773 340 1153 508 356 353 412 404 154 361 169 393 33 243 1237 692
406 363 504 441 774 339 1159 508 356 352 413 403 154 363 170 392 33 243 1241 694
407 364 505 443 779 340 1166 508 357 353 414 403 155 363 170 392 33 241 1246 696
408 365 506 444 782 341 1170 511 358 354 415 403 155 364 171 393 35 239 1246 696
408 366 506 445 801 337 1182 514 359 356 415 405 155 364 171 395 36 241 1247 693
804 340 1183 517 409 368 507 445 359 357 415 405 155 364 171 396 38 246 1247 688
808 346 1192 518 410 369 508 444 360 358 415 406 155 365 171 395 40 249 1253 684
814 350 1203 522 405 371 511 450 360 358 417 406 155 374 172 400 39 251 1255 683
819 355 1213 524 405 371 512 451 361 359 418 406 154 374 172 401 37 250 1253 685
824 355 1219 525 405 371 514 451 362 359 418 406 152 374 172 402 30 249 1249 688
827 358 1226 524 405 370 514 451 150 375 170 403 362 358 418 406 30 245 1244 690
406 370 515 452 829 360 1235 526 148 375 169 404 362 358 419 407 29 242 1240 693
408 369 515 453 830 362 1245 530 362 358 420 407 145 376 166 405 716 354 732 375 27 243 1238 693
410 370 515 453 833 364 1252 533 361 361 420 412 723 355 738 377 23 244 1233 692
410 370 516 453 835 364 1262 536 361 361 420 412
410 370 516 452 839 363 1273 541 363 359 419 407 746 356 761 379
843 360 1279 547 408 370 517 451 364 358 418 406 763 355 778 377
412 365 514 447 848 357 1279 550 364 357 418 406 769 353 785 376
412 363 515 444 854 357 1279 552 364 354 418 405
412 361 516 442 858 357 1279 552 367 357 408 400
412 359 517 441 861 356 1279 551 368 357 406 398
894 348 1279 554 413 357 517 440 379 355 423 396
895 348 1279 552 414 356 516 439 370 350 426 400 200 360 213 370
896 348 1279 551 417 353 521 439 371 349 427 400 202 359 215 369 227 361 241 373
899 348 1279 550 416 353 522 438 371 349 427 400 205 359 217 369 226 361 239 372
903 347 1279 550 416 353 523 438 372 349 427 400 225 361 239 372
911 345 1277 552 416 354 523 438 373 350 428 401
918 343 1275 555 417 356 524 439 380 354 426 397
417 358 524 441 924 343 1273 557 382 355 426 397
418 361 524 442 928 343 1273 559 383 356 427 398
419 362 525 443 932 345 1273 562 383 357 427 399
419 363 525 445 939 345 1273 562 383 359 428 400
945 347 1273 561 420 364 527 447 381 366 427 408
949 346 1273 560 421 365 528 447 381 365 429 409
419 370 529 452 952 346 1274 560 381 365 430 410
957 344 1275 560 420 370 530 452 383 367 432 411
962 342 1276 562 421 371 531 451 385 368 433 413 273 372 288 386
965 340 1276 565 422 372 532 451 387 369 434 416
424 374 533 452 968 339 1276 568 388 367 441 421
425 375 534 453 971 340 1278 569 390 373 433 420
426 378 535 454 974 343 1279 569 392 377 433 421
428 378 536 455 976 344 1279 568 393 379 432 421
428 379 537 456 978 347 1278 567 395 372 451 422 28 234 1267 695
428 379 538 457 980 349 1276 568 396 372 452 422 25 238 1266 693
428 378 538 457 984 350 1277 570 397 372 453 422 397 384 425 417 22 242 1265 689
429 378 539 456 990 349 1277 572 397 370 453 420
431 376 541 454 998 346 1278 573 398 367 454 418
431 373 542 453 1005 342 1277 573 402 370 451 413 28 237 1267 695
432 371 543 452 1010 340 1277 570 403 369 451 411
436 368 539 443 1014 338 1276 567 404 368 451 411
433 370 543 451 1021 340 1277 564 405 371 451 411
433 370 543 452 1027 339 1279 562 405 372 451 413
434 369 543 453 1030 338 1279 562 407 373 450 414
