

664 321 685 336
664 322 684 336

36 371 1248 692
32 374 1249 691
28 373 1250 691
26 369 1245 695


22 362 1227 699





684 307 729 344

685 306 728 343
685 306 729 344 894 306 945 334
684 305 731 345 896 305 948 335
684 306 731 345 29 377 1246 692 898 305 951 336
34 375 1242 694
41 373 1227 695 665 324 684 337
41 373 1215 693 663 325 684 338 915 303 971 335
43 372 1208 693 917 302 972 335
683 307 731 346 0 373 1158 693
683 307 731 348 0 375 1161 693
683 306 730 348 0 378 1155 694
683 306 730 347
683 305 730 346 897 303 996 340 0 379 1154 695
683 305 729 347 902 302 998 339
684 305 729 347
684 304 730 347
682 297 732 350
682 297 732 350
682 297 732 350
683 296 733 350
684 296 733 350 944 298 1042 338
685 296 734 349 947 298 1046 337 641 323 666 339
947 299 1051 338 642 324 665 339 665 325 684 340
583 292 592 307 962 296 1072 339 666 325 685 339 642 324 664 338
962 295 1076 341 582 291 591 307 666 325 687 339
962 294 1079 342 581 291 590 307 667 325 688 339
967 294 1079 342 667 325 689 339 579 290 589 307
971 292 1078 342 685 294 736 350 667 325 689 340 1072 292 1168 341
685 293 737 350 984 291 1097 342 1075 290 1171 340 668 324 688 340
988 290 1098 342 685 293 738 350 668 325 688 340 1089 290 1195 342
986 290 1103 344 684 293 739 350 669 325 688 340
979 289 1113 345 669 325 689 339 1119 288 1215 340
970 288 1122 345 668 325 689 339 643 325 663 338
969 286 1128 345 669 325 689 339 643 325 663 338
994 287 1144 342 668 324 690 339 642 325 663 338
991 285 1151 343 682 289 741 347 667 323 691 339 643 325 662 337
991 284 1159 343 682 287 740 345 666 322 692 339
1009 285 1172 342 665 322 692 339 682 288 741 345 48 380 1224 691
1011 284 1177 343 667 323 692 339 644 324 665 338 46 378 1225 693
1038 284 1195 341 668 323 692 339 643 324 664 338
1025 283 1209 342 690 292 742 347 643 323 665 339 669 323 692 340
1028 283 1211 342 690 293 741 348 643 324 665 339 669 323 693 340
1034 283 1211 343 642 324 664 339 670 323 694 340
1055 276 1230 339 642 324 664 339 670 322 695 341
1059 275 1232 338 641 323 664 339 670 322 695 341
1081 276 1255 339 641 323 665 339 1053 279 1139 330 670 322 696 341
1081 275 1260 340 641 324 665 339 669 322 696 341
1085 273 1257 340 1069 277 1166 333 641 324 664 339 668 323 697 341
1113 272 1275 342 1076 278 1164 332 640 324 664 340
1114 270 1277 343 1082 278 1165 332 640 324 665 340
1119 269 1273 343 1095 273 1186 333 937 418 1089 578
1120 267 1271 342 1099 274 1189 333 936 418 1090 578
1155 265 1278 346 1112 270 1220 335 935 418 1090 578
1154 263 1279 346 1117 270 1220 335
1151 262 1279 344 1124 272 1221 332
1151 262 1279 343
1152 262 1278 342
1154 262 1278 343
1164 264 1277 342
1173 266 1276 339
1194 263 1277 338 705 294 752 355
1200 265 1278 336
707 293 753 355 1205 268 1279 336
705 292 754 354 643 329 665 344
705 293 754 355 642 330 666 345
706 294 754 356 642 330 666 346
708 295 755 356 642 330 667 345
709 294 756 355 643 329 667 344 959 420 1081 576
710 293 757 353 959 419 1081 575
710 292 757 351 959 420 1078 574 641 323 666 340
711 292 757 351 641 323 666 340
711 292 757 352 677 317 707 342 641 323 666 340
711 292 758 354 677 318 707 341 640 323 666 340
711 292 758 355 677 319 707 341 639 323 666 340
711 293 759 355 678 320 707 341 639 323 665 340
712 293 759 355 679 320 707 341 640 323 664 340
712 293 760 356 681 321 708 342
711 293 761 357 682 322 708 341 645 329 666 344 532 318 581 335
711 293 762 357 683 323 708 341 645 330 668 344 529 319 581 337
715 292 765 355 529 319 579 337 683 322 709 341 645 330 669 344
715 293 765 355 683 322 710 342 530 319 579 337 645 329 669 344
