

569 435 787 565 749 430 889 541 494 447 573 501 369 441 429 496 1027 353 1276 719 1 433 74 494 64 447 113 477
568 434 791 567 491 447 571 502 748 430 887 543 367 442 426 495 59 449 109 476 0 434 56 494
567 434 793 568 487 445 571 503 761 437 878 540 365 442 425 494 1144 443 1200 533 61 450 102 476
566 433 795 570 483 445 570 504 765 438 875 539 362 442 419 495 1139 438 1197 540 36 450 88 479 2 448 27 486
565 433 797 571 480 445 568 504 767 439 874 540 358 442 416 495 1136 438 1195 539
565 432 799 573 477 446 567 505 769 440 873 540 354 442 413 495
562 434 804 586 474 445 566 505 770 441 874 541 350 442 409 495
562 433 808 587 472 445 565 506 771 440 875 544 347 442 406 495
578 429 819 592 471 445 566 507 773 439 875 546 345 441 403 495 1102 453 1190 543
580 428 823 594 469 445 557 506 344 440 401 494 776 438 874 548 1099 454 1187 543
583 429 828 594 469 445 557 507 342 440 400 493 1096 454 1182 543 782 440 873 546
584 429 837 595 468 445 556 507 339 441 394 493 565 442 624 495 359 449 395 482
585 429 849 596 466 446 556 508 337 440 392 493 565 443 624 496 1086 452 1168 539
465 446 555 508 572 434 871 604 335 448 386 487 1082 453 1165 539 564 444 624 497
571 434 879 605 463 446 555 509 333 449 384 487 1077 455 1162 539 557 446 634 499
574 434 888 605 462 446 555 510 330 450 382 486 556 447 633 500 1073 455 1158 540
577 434 898 608 459 446 555 511 328 450 380 487 555 449 635 501 1071 455 1155 540
581 434 911 609 459 446 555 513 555 447 635 502 325 451 378 487 1069 457 1152 540
584 433 923 614 458 445 555 513 555 446 637 503 325 452 377 488 1067 480 1151 544 1077 431 1130 518
589 431 941 621 456 444 557 515 556 445 638 503 326 451 375 487 1062 458 1144 538
591 429 958 629 456 443 559 515 556 445 638 503 330 450 373 486 1061 459 1143 539 1071 430 1125 518
613 424 976 640 455 443 561 516 557 445 639 504 1058 459 1141 540 331 450 372 485 1070 429 1122 519
612 420 987 644 455 443 561 516 557 445 639 505 1056 482 1139 542 334 450 371 483 315 441 371 496
618 417 1009 651 558 445 640 506 452 447 565 522 1053 459 1139 540 317 451 359 484 337 451 370 480
628 414 1038 658 452 447 567 522 558 445 640 506 314 451 363 486 1051 483 1136 543 647 451 702 490
637 413 1069 669 451 446 569 523 558 445 641 507 311 451 364 486 645 445 720 494
641 412 1093 677 451 447 571 524 559 444 640 508 310 450 363 486 646 446 722 494
451 446 573 525 560 446 641 509 663 410 1143 686 309 450 362 486 654 446 737 496
675 409 1158 697 450 446 575 526 561 447 641 509 308 451 360 486 657 448 741 497 192 442 226 459
686 408 1187 704 563 447 640 510 456 442 584 530 661 448 745 497 307 451 357 485 187 442 224 461 83 447 136 477
693 408 1217 707 455 442 586 530 564 446 641 511 664 448 749 498 305 451 356 486 717 452 820 520 185 442 222 461
456 443 589 531 565 445 641 512 667 447 751 498 726 410 1267 708 304 451 355 486 719 451 828 529
458 445 591 531 566 444 643 512 731 410 1271 711 303 451 354 487 668 446 753 499 715 451 890 544 172 441 208 461
461 447 594 532 726 450 892 550 568 444 644 510 746 412 1279 715 674 446 763 500 302 450 352 486 170 440 207 460 26 446 98 481
462 446 598 533 729 448 910 550 762 412 1279 717 678 445 767 500 571 445 646 507 302 450 352 486 167 440 205 460 17 441 109 483
465 446 602 534 787 413 1279 718 302 450 351 485 571 444 648 504 685 445 770 499 729 447 924 550 162 439 201 460 9 441 110 483
743 444 964 556 816 408 1279 717 302 449 351 485 466 446 605 534 581 444 654 505 690 444 772 498 157 438 199 460 346 445 361 458
746 444 977 558 853 401 1273 715 301 449 350 485 471 450 623 536 694 443 774 497 582 442 655 504 346 444 362 458
744 443 982 558 301 448 349 485 460 443 645 534 699 439 785 496 881 397 1261 712 585 443 656 503 346 444 363 459
749 442 985 557 465 441 647 537 705 440 790 497 301 448 348 485 595 445 656 505 931 378 1273 715 345 445 362 460 139 439 185 461
754 442 988 557 469 439 650 540 301 448 347 486 712 442 796 499 599 445 659 503 134 440 181 463 345 446 361 460 973 403 1270 712
758 442 995 557 472 438 655 544 301 448 347 486 719 439 813 497 129 440 177 464 345 446 360 459 602 443 661 500 271 444 293 456
759 441 1001 556 474 438 661 546 724 439 812 499 301 448 347 486 345 446 360 459 116 439 168 465 1065 482 1157 547
478 439 671 548 766 442 1017 557 728 438 816 500 302 447 345 484 1066 480 1159 546 109 438 167 466 345 445 360 459 9 439 73 470
770 442 1022 558 481 439 680 550 734 438 822 500 302 446 344 483 1067 453 1164 543 344 444 361 458 4 439 70 470 363 406 481 490 102 436 161 466
774 441 1031 559 483 438 687 550 295 447 339 483 1070 449 1168 542 744 435 842 497 362 404 480 492 344 444 361 458 1 440 64 470
780 440 1040 560 494 436 705 557 295 448 339 484 752 438 844 499 361 405 481 492 1075 449 1172 541 344 444 361 458 77 434 148 467
500 434 719 563 785 440 1052 561 295 447 339 485 360 404 483 491 343 445 360 458 758 440 848 501
507 432 736 569 789 440 1062 561 294 446 339 486 360 403 484 492 40 434 135 472 343 445 360 459
511 431 750 573 805 440 1084 564 294 445 339 486 362 401 485 492 30 434 133 472 487 434 568 488 343 445 361 459
806 439 1088 566 510 430 759 573 294 445 339 486 362 400 486 493 486 434 572 489 12 433 114 472 343 444 361 459
517 428 790 580 808 438 1095 568 293 445 338 484 363 400 487 494 487 433 572 490 9 433 108 472 343 445 361 459
526 433 806 589 816 438 1102 569 293 444 338 484 363 401 487 494 488 433 575 491 342 445 361 460 7 431 103 474
822 437 1110 583 532 433 826 591 292 445 339 484 363 402 488 495 490 434 574 492 342 445 361 460 3 428 81 476
829 436 1118 586 527 437 835 600 292 445 339 485 491 436 575 494 364 403 488 495 343 446 361 460 1 427 75 477 143 439 183 461
546 436 868 612 859 438 1136 589 292 446 338 486 493 439 573 496 364 405 490 494 343 446 361 460 141 440 182 462
547 439 896 619 871 440 1148 591 293 447 337 486 507 439 590 495 365 407 489 493 344 447 361 460 139 441 181 463
549 442 929 625 884 441 1160 592 294 447 336 488 510 441 585 496 343 445 362 460 135 442 181 464
554 441 955 629 909 439 1179 596 294 447 337 487 510 441 585 496 342 445 362 461 130 441 180 464
921 437 1186 599 562 439 976 641 294 446 337 487 510 440 584 496 342 443 364 461 128 439 178 463
933 435 1197 601 598 436 1023 666 295 445 337 485 507 439 586 495 343 444 364 460 116 440 165 463 597 440 702 507
600 437 1054 674 944 435 1203 601 598 438 711 513 295 446 338 484 509 437 587 495 113 439 163 463 344 445 366 459 577 435 634 468
613 438 1080 677 980 433 1216 602 600 439 716 514 295 446 339 483 509 437 591 495 111 440 159 463 345 445 366 459 580 435 636 469
610 437 737 517 511 436 595 494 648 436 1181 679 296 446 338 483 106 439 156 463 346 445 366 459 986 436 1227 598 373 395 538 501
610 437 747 520 653 430 1207 689 513 436 597 494 296 446 337 482 346 444 366 459 101 438 154 463 374 396 540 501
668 427 1235 697 614 436 753 521 517 437 599 495 87 437 149 464 375 394 538 502 347 443 367 458 298 446 336 480
682 425 1247 696 621 435 771 520 521 438 601 496 88 436 144 463 301 444 344 480 376 394 537 501 349 443 368 458
615 436 788 524 708 416 1279 696 534 435 610 496 82 436 137 463 300 443 345 481 377 391 539 500 350 443 370 458
620 437 796 525 726 412 1279 698 299 443 346 481 534 435 614 497 378 392 544 500 77 436 132 464 351 443 370 458 243 436 267 452
625 436 803 526 745 409 1279 701 299 443 348 482 377 391 550 502 351 443 370 458 68 438 121 467 243 437 267 453 220 436 245 452
631 435 809 529 769 409 1279 701 299 443 348 482 64 438 121 466 376 392 551 504 534 433 622 497 350 442 370 458 632 440 658 493 220 436 246 451 242 436 266 452 1 440 26 466
638 434 816 531 806 407 1277 707 299 443 349 481 374 392 553 503 350 442 370 459 58 438 116 465 629 432 666 506 0 439 28 467 221 435 247 451
639 434 825 531 846 407 1268 711 300 445 348 480 373 393 557 502 351 442 370 458 629 431 668 505 0 439 27 467 222 435 248 451
654 435 840 532 301 445 348 479 915 409 1270 711 549 434 646 495 352 442 370 458 375 390 563 501 637 440 664 492 36 439 91 467 365 442 384 461 0 437 27 467 314 440 341 459 222 434 249 451
656 435 849 532 941 417 1266 715 303 445 349 479 352 442 370 458 552 437 650 495 366 442 384 460 314 440 342 460 32 437 90 465 637 439 664 492 376 390 572 499
664 434 859 535 303 445 350 480 352 442 370 458 366 442 386 461 975 427 1274 709 640 438 666 492 223 434 250 452 30 435 89 464
671 433 870 538 303 445 352 481 366 443 387 461 353 442 370 458 222 434 251 452 1117 439 1279 597
679 432 879 541 304 445 353 481 1124 439 1279 604 366 444 387 461 221 434 252 452 353 442 370 457 4 432 81 473 560 443 652 501
689 433 897 543 305 444 354 481 1152 443 1274 612 382 371 628 517 367 445 386 460 220 433 252 452 352 443 368 456 2 432 80 474
695 433 907 546 305 446 354 481 386 375 642 518 368 445 387 460 1164 450 1278 621 352 443 368 456 219 435 250 453 3 433 61 467
702 433 919 549 306 448 355 481 368 446 387 461 391 376 650 521 351 443 368 456 1197 456 1279 623 219 437 248 454
711 434 933 551 307 449 355 482 368 446 389 461 394 373 657 526 351 443 368 456
714 436 942 553 307 449 356 482 369 446 391 462 396 371 655 527 351 443 368 456 217 436 247 454 138 437 180 458
732 436 964 556 308 449 359 482 384 380 714 519 369 446 392 463 214 435 248 455 131 437 180 458
739 437 977 558 309 450 361 483 384 383 718 517 370 446 392 463 210 435 247 457
748 437 993 560 310 451 364 484 368 451 395 471 389 384 719 517 113 437 170 462
751 438 1003 561 311 451 364 485 368 451 397 471 400 402 713 536 110 439 167 464 10 433 112 473
772 437 1034 565 312 450 364 485 376 369 744 556 368 450 397 471 105 440 162 464
780 437 1052 567 313 450 364 486 380 374 754 556 370 451 396 471 2 429 79 475 192 436 239 460 101 440 159 463
805 434 1079 571 314 449 365 486 370 446 393 463 379 376 767 559 191 437 238 460 332 386 345 401 0 428 74 476 82 441 148 464
810 433 1090 573 315 449 366 486 370 376 841 559 78 440 144 465 189 438 238 460 370 445 393 463 332 386 345 402
822 433 1103 573 316 449 366 485 377 376 848 564 185 438 236 460 370 444 393 463 332 386 345 402 75 438 138 465
317 449 366 484 384 371 855 566 182 436 233 459 859 430 1138 576 372 444 394 463 382 442 413 466 332 385 346 401
861 426 1156 581 317 448 367 483 179 434 228 457 386 365 872 569 382 441 414 465 373 444 394 462 56 437 121 464 332 385 346 401
875 425 1172 604 323 446 372 481 388 359 888 567 383 440 415 464 176 432 226 455 372 443 393 461 51 436 120 463 220 434 251 452
892 423 1198 607 322 445 372 481 384 439 417 465 389 359 913 569 167 435 214 457 372 441 392 460 218 434 250 452
899 422 1220 612 322 443 373 482 385 439 418 465 163 434 213 456 392 361 931 566 372 440 390 460 216 434 248 451
932 419 1258 617 323 442 372 482 388 440 418 464 157 434 209 456 387 359 948 565 372 440 390 459 213 434 247 451 341 438 368 458
