

738 387 840 470 590 397 620 440 663 380 721 430 639 380 663 396 1192 382 1244 458 595 384 620 418 1114 392 1216 437
739 386 841 471 589 394 618 440 662 380 721 429 638 379 662 396 592 383 619 420 1115 393 1216 433 1199 380 1250 456 0 591 1264 719
740 385 843 471 587 394 616 440 662 380 721 429 635 378 661 396 591 383 617 419 1122 390 1220 422 236 405 324 533 0 590 1265 719
742 384 844 471 586 394 615 440 662 379 721 429 634 378 662 396 1119 389 1227 422 0 593 1260 719
744 383 844 471 585 395 614 441 662 379 721 429 635 378 661 395 1134 387 1244 423 588 383 615 419 173 407 276 548
746 382 845 471 583 396 613 441 662 378 721 429 635 378 660 394 1137 388 1246 423 587 381 614 420 171 366 256 517
748 381 845 471 583 397 613 442 108 396 227 563 662 378 720 429 636 378 658 394 1139 389 1246 423 586 380 614 420
749 381 847 469 582 396 612 442 662 378 720 429 636 378 658 394 1140 389 1249 422 585 380 613 420
750 380 849 470 662 378 720 429 580 397 611 443 1141 389 1252 422 636 378 657 395 585 380 612 419
751 380 851 469 661 377 721 429 578 396 611 443 1142 389 1256 421 636 378 656 395
753 379 854 470 660 377 721 429 576 397 609 444 634 378 656 395 1144 389 1257 422
756 380 855 470 660 378 721 430 631 378 658 396 1158 388 1269 422 571 400 603 446
759 382 857 470 660 379 721 430 630 378 658 397 569 400 602 448 1152 392 1278 432 221 370 250 417
764 383 863 467 661 380 721 431 629 379 658 397 1155 393 1279 433 567 399 600 448
765 384 864 467 661 379 721 432 1155 394 1279 435 628 379 657 398 563 385 604 455 141 357 178 476
768 385 866 466 660 379 722 432 561 385 602 457 1158 395 1279 437 628 380 658 399
772 386 868 466 661 379 722 433 558 384 599 460 1162 397 1279 439 628 381 659 400
776 387 871 466 661 380 722 433 555 382 596 462 629 382 659 399 1164 398 1279 443
778 387 874 466 661 380 722 432 552 380 594 464 629 381 659 400 1167 398 1279 447
782 388 877 464 661 380 722 432 548 378 593 466 628 381 659 400 1172 396 1278 451
786 388 879 460 661 380 722 431 619 380 653 400 544 376 591 466 1198 391 1275 451
790 387 880 459 538 376 586 468 662 379 721 430 619 380 653 401
793 385 884 458 535 373 583 468 619 380 653 402 662 379 721 429
795 385 885 460 531 372 580 468 618 380 653 402 662 379 720 428 1248 399 1278 440
797 384 888 461 528 371 576 470 618 380 653 401 662 379 720 428 1248 401 1279 442
801 385 891 462 523 370 574 472 618 379 652 401 657 379 718 428
803 385 893 462 519 367 573 473 618 379 651 402 662 380 720 428
808 386 897 461 618 380 650 403 662 380 720 429 512 399 561 492
812 388 900 460 507 396 559 496 617 380 650 404 662 381 720 430
815 389 902 458 501 390 554 500 616 380 649 405 662 381 720 430
819 390 906 457 616 380 648 406 662 381 720 431 497 365 552 482 495 423 548 513
822 390 906 457 614 379 647 407 663 381 720 431 473 362 550 498 484 419 538 520
826 390 909 456 475 416 534 527 613 378 646 407 663 381 721 430 480 366 535 482
829 389 913 454 611 377 646 407 662 381 721 430 460 361 537 508 469 278 490 320 468 435 524 537
832 387 917 453 610 376 645 407 662 381 721 429 449 367 523 515 454 435 512 542 467 277 487 318
837 386 921 452 608 375 644 407 662 381 721 429 436 408 514 548 465 274 485 315
841 386 923 452 607 375 643 407 662 381 721 429 422 409 505 559
605 375 642 408 844 386 924 452 662 381 721 429 412 352 500 529
849 386 928 452 604 375 642 408 662 382 721 430 386 394 478 582
852 387 930 452 603 374 642 409 663 382 720 430 370 429 465 602 380 341 477 544
855 387 933 453 602 375 642 409 663 382 720 431 367 344 469 545 351 425 460 612
857 387 937 453 601 375 642 410 663 382 720 431 329 425 437 630 356 345 458 546
860 387 940 452 663 382 721 431 599 375 642 410 310 426 432 636 322 347 437 544
864 387 944 451 662 382 721 431 597 374 641 410 281 397 437 655 315 345 420 544
868 387 945 451 662 382 722 430 596 373 641 409 532 165 584 187 191 396 366 662
662 382 723 430 875 386 949 449 591 376 633 410 192 323 352 633 528 160 583 181 418 258 447 292
877 386 950 449 662 382 723 429 590 375 634 411 414 255 442 292 523 156 582 178 99 432 369 651
880 388 954 449 662 383 723 430 589 374 634 413 132 311 296 649 410 252 438 292 522 147 578 170 56 444 390 661
884 390 959 450 662 383 723 430 587 375 633 414 520 143 576 167 0 293 162 682 400 248 428 296
888 392 964 452 662 384 723 431 585 375 632 416 1 290 146 689 395 245 427 294 517 139 574 163
891 393 967 454 663 384 722 431 583 376 631 416 390 244 422 292
660 386 723 434 895 395 968 456 579 378 629 418 385 246 417 291
660 386 723 435 900 396 975 457 577 379 627 419 502 120 560 147
903 398 977 459 660 386 723 436 571 377 627 427 496 115 559 144 364 243 398 294
905 397 980 459 660 386 723 436 569 377 625 427 491 109 559 138
907 397 984 457 661 386 724 435 567 378 624 428 488 104 558 133
909 395 987 455 564 376 624 428 661 386 723 435 344 228 380 276
912 393 990 452 665 382 723 432 563 374 624 426 338 222 375 271 476 85 540 118
664 382 723 431 916 391 992 451 561 371 623 424 333 218 368 267
664 380 725 429 556 366 619 423 921 387 992 449
664 377 726 426 929 383 996 446 552 363 618 422 440 27 534 82 7 589 1251 710
551 361 618 424 932 381 996 443 664 374 728 423 442 28 530 75 289 189 334 258 242 329 287 477 15 587 1246 709
548 360 617 424 934 380 998 443 665 373 728 422 237 325 281 483 936 336 943 345 282 184 326 254 17 587 1244 709 434 19 527 71
542 361 614 425 936 380 1003 444 665 373 728 423 23 589 1236 709 936 336 944 345 261 172 306 242
537 362 611 427 940 380 1008 445 666 375 727 424 22 589 1238 710 256 168 301 240 466 368 487 430 936 337 944 346
531 365 609 429 944 381 1012 447 666 376 727 426 235 165 282 239 21 589 1240 709 647 380 665 393 464 368 485 430
528 366 608 430 948 383 1014 448 667 379 726 428 647 381 667 394 16 589 1248 709 228 159 274 238
519 367 604 435 667 380 726 429 953 385 1020 446 646 382 667 397 24 588 1236 707 211 155 256 243
513 367 601 439 955 388 1021 447 668 381 726 430 647 384 668 399 94 333 157 515 26 588 1228 707
506 366 598 442 958 390 1025 448 669 381 726 431 646 385 668 400 159 133 212 229 29 588 1216 708
500 366 595 444 959 391 1029 449 670 382 726 431 646 386 669 401 156 130 203 226 23 591 1218 709
963 391 1034 449 493 370 594 453 671 382 726 432 646 387 669 402 31 590 1208 711 132 126 185 227
483 370 588 456 965 392 1037 449 668 384 727 436 646 388 669 403 37 591 1204 712 912 385 931 401 79 109 159 232 8 331 69 544
478 371 585 457 969 392 1039 449 668 384 728 437 646 389 669 404 82 105 142 210 38 591 1204 711 4 330 55 551 913 386 931 401 721 388 743 408
473 370 581 459 971 391 1039 449 668 384 728 437 645 389 669 405 30 590 1216 711 912 385 931 401 57 100 116 210
668 384 728 437 978 391 1043 446 644 389 669 405 466 368 578 461 28 592 1216 710 912 385 932 401 60 92 111 210
445 366 567 467 978 393 1046 445 672 382 726 432 644 388 669 405 32 593 1213 711 912 385 932 401
426 366 571 469 979 392 1049 445 672 382 727 432 644 387 669 404 36 596 1208 712 913 386 932 400
422 364 568 470 672 382 727 432 982 390 1050 445 644 386 668 403 912 385 931 399 36 596 1210 712
398 358 556 476 672 382 728 431 987 387 1053 444 643 385 668 402
376 354 551 481 672 381 729 430 991 385 1057 442 642 383 668 400 30 596 1223 711
354 352 548 486 671 380 730 430 996 382 1061 444 641 381 667 398 29 599 1227 712
324 353 538 494 670 380 731 430 996 383 1064 440 640 380 667 397 30 600 1226 712
671 381 731 430 640 381 666 398 1002 386 1069 439 304 350 529 502 46 601 1212 710
671 381 730 430 1003 387 1070 440 640 381 665 400 249 352 495 517 57 602 1203 710
212 343 506 538 671 382 730 431 1005 389 1073 442 639 384 665 403
170 344 495 553 672 382 729 432 1008 389 1075 447 638 385 665 405
1009 392 1079 448 672 382 729 432 637 388 665 408
40 344 443 610 1012 395 1082 448 636 390 664 409 673 382 729 433
2 338 426 636 1013 396 1084 448 635 392 663 411 670 384 731 437
0 333 413 652 635 392 663 411 1018 397 1083 447 670 384 732 437
3 323 361 665 634 391 663 411 1020 396 1085 447 670 384 732 436
1 311 326 679 633 389 663 411 671 384 731 436 1022 394 1089 447
632 386 662 409 672 382 730 432 1028 392 1094 443 0 303 287 678
672 381 731 431 1029 389 1095 441 631 384 661 407
671 380 732 431 1033 387 1097 439 630 381 661 404
671 380 733 430 1036 385 1100 438 629 381 661 404
670 380 733 430 1039 385 1102 437 628 380 660 404
