

0 488 1251 682 732 229 754 270 461 255 483 292
0 489 1250 682 732 229 754 270 461 255 483 292
0 489 1250 682 732 229 755 270 462 255 483 292
0 490 1252 682 732 229 755 270 462 255 483 292
0 489 1255 682 732 229 754 270 462 255 483 292
0 487 1257 682 732 230 754 270 462 255 483 292
0 486 1258 682 732 232 754 270 461 255 483 292
0 486 1257 682 733 232 754 270 461 255 483 292
0 486 1257 682 733 232 754 270 461 255 483 292
0 486 1256 682 733 232 754 270 461 255 483 292
0 494 1179 670 733 232 754 270 461 255 483 293
0 486 1258 682 732 232 754 270 461 255 483 293
0 485 1260 682 732 232 754 270 461 255 483 293
0 485 1261 683 732 232 754 270 461 255 483 293
0 484 1260 682 732 232 754 270 461 255 483 293
0 492 1179 671 732 231 754 270 461 255 483 293
0 491 1179 671 732 231 753 270 461 255 483 293
0 491 1178 671 732 231 754 270 461 256 483 293
0 491 1178 671 733 232 753 270 461 256 483 293
0 491 1177 671 733 232 753 270 461 256 483 292
0 491 1176 671 733 232 753 270 461 256 483 292
0 491 1175 671 733 232 753 270 461 255 483 292
0 492 1175 671 733 232 753 270 461 255 483 292
0 492 1175 671 733 232 753 270 461 255 483 292
0 493 1175 671 733 232 753 270 461 255 483 292
0 493 1174 671 733 232 753 270 461 255 483 292
0 493 1173 671 733 232 753 270 461 256 483 292
0 493 1172 671 733 232 753 270 461 256 483 292
0 493 1171 671 733 233 753 270 461 256 483 292
0 494 1173 672 733 233 753 270 461 256 483 292
0 494 1175 672 733 233 753 270 461 256 483 292
0 485 1259 683 733 233 753 270 461 256 483 292
0 484 1260 683 733 233 753 270 461 255 483 292
0 493 1179 672 733 233 753 270 461 255 483 292
0 493 1178 672 733 233 753 270 461 255 483 292
0 493 1176 672 733 233 753 270 461 255 483 292
0 493 1174 671 733 233 753 270 461 255 483 292
0 493 1174 671 733 233 753 270 461 255 483 292
0 493 1173 671 733 233 753 270 461 255 483 292
0 493 1174 671 733 233 753 270 461 255 483 292
0 493 1174 671 733 233 753 270 461 255 483 292
0 493 1174 671 733 231 753 270 461 255 483 292
0 493 1173 672 732 230 753 270 461 255 483 292
732 229 753 270 0 493 1172 672 461 255 483 292
732 229 753 270 0 493 1171 672 461 255 483 292
732 229 753 270 0 492 1171 672 461 255 483 292
732 228 753 270 0 492 1171 672 461 255 483 292
732 229 753 270 0 492 1171 672 461 255 483 292
0 492 1171 672 732 229 753 270 461 255 483 292
0 492 1171 672 732 229 753 270 461 255 483 292
0 492 1170 672 732 229 753 270 461 256 483 292
0 492 1171 672 732 229 753 269 461 256 483 292
0 493 1172 672 732 229 753 269 461 256 483 292
0 493 1175 672 732 229 753 269 461 256 483 292
0 493 1177 672 732 229 754 269 462 255 483 292
0 493 1178 672 732 229 754 269 462 255 483 292
0 485 1264 683 733 230 754 269 462 255 483 292
0 486 1263 684 733 230 754 269 462 256 483 292
0 486 1263 684 733 230 754 269 462 256 483 292
0 486 1263 684 733 230 754 269 462 256 483 292
0 486 1263 684 733 231 754 269 462 256 483 292
0 486 1263 684 733 231 754 269 462 256 483 292
0 486 1264 684 733 231 754 269 462 256 483 292
0 486 1264 683 733 231 754 269 462 256 483 292
0 485 1264 684 733 232 754 269 462 256 483 292
0 493 1174 672 733 231 754 269 462 256 483 292
0 493 1173 672 733 231 754 269 462 255 483 292
0 493 1172 672 733 230 754 269 462 255 483 292
0 493 1174 671 733 230 754 269 462 255 483 292
0 493 1175 671 733 230 754 269 462 255 483 292
0 493 1174 671 733 230 754 269 462 255 483 292
0 494 1175 671 733 230 754 269 462 255 483 292
0 494 1176 671 733 230 754 269 462 255 483 292
0 493 1179 671 733 231 754 269 462 255 483 292
0 493 1180 671 733 231 754 269 462 255 483 292
0 492 1181 671 733 230 754 269 462 255 483 292
0 491 1180 671 732 229 754 270 462 255 483 292
778 235 833 281 0 491 1178 672 732 230 754 270 462 255 483 292
0 491 1178 672 771 233 831 281 733 232 754 271 462 255 483 292
755 229 834 282 0 492 1177 672 462 255 483 292
747 226 836 283 0 486 1245 681 462 255 483 292
730 223 834 285 0 487 1244 681 462 255 483 292
718 223 835 285 0 487 1245 681 462 255 484 292
704 224 838 287 0 487 1249 680 462 255 484 293
691 225 824 287 0 487 1253 680 462 255 484 293
673 224 829 291 0 487 1260 680 462 255 484 293
664 223 825 293 0 487 1266 681 462 255 484 293
651 223 806 293 0 486 1271 681 462 255 484 293
646 225 800 292 0 486 1271 681 462 255 484 293
618 225 786 293 0 486 1270 681 462 255 483 293
614 231 778 293 0 487 1271 681 462 255 483 293
596 230 760 295 0 488 1271 682
585 232 759 294 0 489 1271 682
569 232 733 295 0 489 1271 682 462 255 483 292
549 232 717 297 0 489 1270 681 735 235 754 270 462 255 483 292
523 230 715 308 0 489 1265 681 733 235 754 270 462 255 483 292
518 235 688 299 0 490 1260 680 733 235 754 270 462 255 483 292
505 236 690 300 0 490 1257 680 733 235 754 270 462 255 482 293
