

1030 331 1178 610 480 415 526 437 498 362 513 374
1030 330 1180 612 481 415 524 436 498 362 513 374
1031 330 1181 614 481 414 525 436 498 362 513 374 448 420 472 436
1032 330 1182 614 481 415 524 436 497 362 513 374 447 420 472 436
1034 331 1181 614 480 415 525 437 447 420 472 436 497 362 513 374
1034 331 1180 613 480 415 525 437 520 414 541 439 447 419 472 437 497 362 513 374
1034 330 1182 613 480 415 525 437 447 419 472 437 497 362 512 374
1034 329 1183 614 480 415 525 437 496 362 512 374 447 419 472 437
1034 329 1184 614 480 415 526 437 497 362 512 374 516 416 543 437 447 419 472 437
1034 330 1184 614 480 415 526 437 497 362 512 374 448 419 472 437
1034 330 1184 614 480 415 526 437 497 362 512 374
1034 330 1184 613 480 414 526 437 497 362 513 374 447 419 472 437
1034 330 1185 613 480 414 526 436 497 362 513 374 447 419 472 437
480 413 525 437 1033 331 1185 612 541 414 561 437 497 362 513 374 447 419 472 437
479 414 525 437 1033 332 1185 613 542 414 561 438 498 362 513 374
479 415 525 438 1033 333 1185 613 543 414 562 438 498 363 514 374
478 416 526 438 1032 333 1185 612 544 415 563 439 498 363 514 374 590 409 611 440
479 416 525 438 1032 333 1185 612 545 415 564 441 590 408 611 440 499 364 515 374
478 416 526 438 1032 332 1185 612 547 415 565 440 590 408 611 440
479 416 525 438 1032 331 1185 613 548 414 568 441 590 408 611 440
479 416 525 438 1032 331 1185 613 550 414 569 441 447 418 473 438
479 416 525 438 1033 331 1184 613 551 414 570 441 447 418 473 438
479 416 525 438 1033 331 1184 613 551 414 570 440 446 418 473 438
478 416 526 438 1033 331 1184 613 563 413 580 441 447 418 473 438
478 417 526 438 1034 331 1185 613 564 413 581 442 592 408 611 440
478 417 527 438 1034 332 1186 613 564 412 582 442 593 408 611 440
479 417 526 438 1034 332 1187 612 565 412 583 442 593 408 611 440
479 417 526 438 1034 333 1186 612 567 412 584 442 592 407 612 439
479 417 526 438 1034 332 1186 612 569 413 586 441
479 417 527 438 1034 333 1185 612 571 413 589 441
479 417 527 439 1033 332 1185 613 573 414 592 442
478 417 527 439 1033 332 1185 612 575 412 594 443 590 409 610 439
478 417 527 439 1032 332 1186 612 575 412 596 443 588 409 609 440
478 417 527 439 1033 333 1186 611 586 409 609 441 576 412 597 442 401 412 414 436
478 417 526 439 1034 333 1185 611 585 409 609 442
479 417 526 439 1034 333 1184 612 586 410 609 443
478 417 527 439 1034 333 1184 612 587 410 610 444
478 417 527 439 1034 333 1184 613 588 411 611 445
478 417 527 439 1035 332 1184 613 588 410 612 445
478 418 527 439 1035 332 1183 613 590 410 614 446
479 418 527 439 1034 332 1183 612 591 409 615 446 446 420 472 439 499 364 515 374
480 418 526 439 1034 332 1183 612 591 410 617 446 499 364 514 374 446 420 472 438
480 418 526 439 1034 332 1184 613 593 411 617 445 499 364 514 374 446 420 471 438
480 418 525 439 1034 331 1185 614 594 411 617 446 446 420 472 438 499 364 514 374
480 418 525 439 1033 330 1186 615 594 411 617 445 446 420 472 438 499 364 515 374
480 418 524 439 1033 329 1187 616 446 420 472 438 499 364 515 374
480 418 524 439 1033 329 1187 616 446 420 472 438 499 364 514 374
479 418 524 439 1033 329 1187 616 446 420 473 438 499 364 514 374
479 418 524 439 1032 329 1188 616 446 420 473 438
479 418 525 439 1032 329 1189 617 446 420 472 438 619 411 639 449
478 418 525 439 1031 330 1189 617 621 411 642 449 444 420 471 438
477 417 526 439 1031 330 1188 617 442 419 470 439 623 410 644 449
477 417 527 439 1030 330 1188 617 441 419 469 439
477 417 527 439 1030 330 1188 618 633 409 656 452 441 418 469 439
477 417 527 439 1030 329 1188 617 635 407 658 452 441 418 469 439
476 417 527 439 638 406 663 452 1030 330 1188 617 442 418 469 439 592 407 611 441
476 417 528 439 642 406 667 452 1030 329 1188 616 443 418 470 439 592 407 612 441
475 417 528 440 645 423 670 456 1030 329 1188 616 592 408 612 441 444 418 471 438
475 417 528 440 648 423 672 455 1030 329 1189 615 592 408 612 440 445 419 471 438
475 417 528 439 1030 329 1190 615 445 419 471 438 592 408 612 440
476 417 527 439 659 421 684 457 1030 329 1190 614 445 419 470 438
476 417 527 439 664 421 688 458 1030 330 1189 614 445 419 470 438
476 417 527 439 667 422 692 458 1030 329 1189 614 445 419 470 438
476 417 527 439 670 423 697 458 1031 329 1189 615 445 419 470 438
477 417 527 439 1032 329 1189 615 680 421 706 460 445 418 470 438
476 417 527 439 682 421 711 462 1032 330 1188 615 445 418 470 438
476 417 527 439 686 423 716 463 1033 330 1188 615 445 418 470 438
476 417 526 439 1033 329 1188 615 692 425 720 462 445 417 470 438
477 417 526 439 1033 329 1187 616 445 417 469 438
477 417 525 439 707 421 738 465 1033 330 1187 616 444 417 469 438
478 417 525 439 1033 330 1187 615 711 421 743 465 444 417 469 438 370 402 384 434
478 417 525 439 1034 330 1188 616 443 416 469 438
478 417 526 439 1034 329 1189 617 443 416 469 438
477 417 525 439 1033 329 1189 617 734 424 769 470 443 416 468 438
477 416 525 439 1033 329 1189 617 738 424 774 471 443 416 468 438
477 416 525 439 1032 330 1188 618 443 416 468 438 366 405 380 435
477 416 525 439 1031 329 1188 619 443 417 468 438
478 417 524 439 443 417 468 438 767 405 815 474 1030 329 1187 621
477 417 525 439 770 403 820 475 443 417 468 438 1030 329 1188 622 542 418 563 431
477 417 524 439 443 417 468 438 777 406 828 476 1031 329 1187 622 542 418 563 431
477 417 524 439 443 417 467 438 795 406 847 477 1031 329 1186 623 365 403 377 434 541 418 563 431
478 417 524 439 801 405 854 480 443 416 467 438 1032 330 1186 622 364 401 377 434
478 417 524 439 1032 330 1186 621 364 400 377 434 816 403 868 480 355 400 369 431
479 417 524 439 1033 330 1184 620 820 404 877 482 355 400 370 431
479 417 524 439 1034 330 1183 618 844 401 894 482 355 400 370 432
478 417 525 439 847 399 904 485 1035 330 1182 617
478 417 525 439 1035 330 1182 617 443 416 467 438 866 395 919 486
477 416 526 439 1036 331 1182 617 874 397 925 485
477 416 526 439 1036 331 1182 617 896 396 951 488
478 415 526 439 1036 332 1183 618 591 408 614 440 916 395 971 487
478 415 526 439 1036 332 1183 618 920 393 979 488 591 408 614 440
478 415 526 439 1036 331 1183 617 443 417 467 438
477 415 526 439 1037 332 1183 616 443 417 467 438
478 416 526 439 1035 331 1183 614 443 417 467 438
478 416 526 439 1034 332 1184 614 443 417 468 438
479 416 525 438 1033 332 1185 612
480 416 524 438 1032 334 1186 611
480 416 524 438 1034 333 1187 612
