

344 383 419 446 1 277 156 669 637 387 854 443 920 381 1059 442 1106 381 1134 415 560 396 593 441 1084 309 1105 340
344 383 419 446 0 277 156 669 626 387 823 443 1105 381 1134 415 560 395 593 441 920 381 1058 442 1084 309 1105 340
344 383 419 446 0 277 156 669 608 386 794 444 560 394 593 441 903 381 1052 444 1084 309 1106 340
344 383 418 446 0 277 157 668 581 386 778 444 1105 381 1134 415 1084 309 1106 340
344 383 419 445 1 277 157 669 552 382 767 457 1105 381 1134 415 1084 309 1106 340
344 383 419 445 0 276 157 670 544 387 755 444 1106 381 1134 414 1084 308 1106 340
522 386 731 445 344 383 419 445 0 276 157 670 1106 381 1133 414 1084 308 1106 340
343 384 420 445 504 388 705 443 0 264 152 625 1106 381 1133 414 1084 308 1106 340
343 384 420 445 0 264 153 624 495 388 700 444 1106 381 1133 414 1084 308 1106 340
472 387 683 445 344 383 420 445 0 264 153 624 1106 381 1133 414
344 384 419 444 0 263 153 624 458 385 651 446 1106 381 1133 414
344 384 424 444 0 263 153 625 1106 381 1133 414 457 387 641 444
0 263 152 625 343 384 425 442 402 383 619 454 1106 381 1133 415
368 388 596 445 1 275 155 671 344 385 426 440 1107 381 1134 415
352 384 581 455 1 275 154 671 1107 381 1134 415
1 276 154 670 1107 381 1134 415 335 383 583 457
0 264 151 623 306 384 526 457 1107 381 1134 414
1 277 154 668 298 386 505 448 815 381 989 445 1107 381 1134 414
265 384 482 456 1 278 154 668 813 381 991 445 1107 381 1134 414
1 279 155 667 812 381 992 445 258 389 454 448 1107 381 1134 414
1 280 155 667 225 390 435 451 810 381 993 445 1107 380 1134 414
205 391 411 452 1 280 157 668 810 380 993 445 1107 380 1135 414
1 279 158 669 809 380 993 445 183 391 388 452 1108 380 1135 414
1 278 160 671 808 381 991 445 161 388 382 460 1108 380 1135 415
2 277 161 673 345 382 422 444 805 381 989 445 1108 380 1134 415 145 391 324 451
344 382 421 445 2 275 161 675 126 391 299 452 802 381 988 445 1107 380 1134 414
123 390 292 453 343 382 421 445 2 275 160 675 800 381 987 445 1107 380 1134 414
104 389 271 453 343 382 420 445 2 277 160 673 800 381 986 444 1107 380 1134 414
344 383 420 445 2 279 160 671 109 390 253 453 796 377 963 446 1107 381 1134 414
344 383 419 445 2 281 160 669 92 390 227 453 793 377 965 446 1107 381 1133 414
344 383 419 445 2 280 160 669 793 377 965 446 71 389 205 451 1106 381 1133 414
344 383 419 445 1 268 156 620 794 377 963 446 1106 381 1134 414 77 391 189 451
344 383 419 445 0 267 154 620 794 377 962 446 1106 381 1134 414
344 383 420 445 1 280 154 666 794 377 961 446 1107 380 1134 414
344 383 421 445 1 278 154 668 794 377 961 446 1107 380 1134 414
344 383 421 445 1 278 155 668 794 377 961 446 1107 380 1134 414
344 383 421 445 0 262 152 624 793 378 962 446 1107 380 1133 414
344 383 419 445 0 262 152 623 792 378 963 445 1108 380 1133 415
344 383 418 445 0 262 152 623 791 379 964 445 1108 380 1133 415
344 383 418 446 0 261 152 624 791 378 963 445 1107 380 1133 415
344 383 418 446 0 261 152 623 792 378 961 446 1107 381 1133 414
344 383 418 446 0 261 152 624 791 378 960 446 1107 381 1133 414
344 383 418 446 0 261 152 624 790 378 960 446 1107 381 1133 414
344 383 418 445 0 260 152 624 790 378 960 446 1107 381 1133 414
344 383 418 445 0 260 152 624 791 378 960 446 1107 381 1133 415
344 382 419 445 0 260 152 625 791 378 959 445 1107 381 1133 414
344 382 419 445 0 260 152 625 791 378 959 445 1108 380 1133 414
344 382 419 445 0 259 151 626 790 379 958 445 1108 380 1133 414
344 382 419 445 0 260 150 626 789 379 959 445
344 382 419 445 0 259 150 627 788 379 960 445
344 382 419 445 1 278 156 669 787 378 960 445
344 382 420 445 2 280 160 669 786 378 960 446
344 382 420 445 2 279 166 670 784 378 959 446 1121 383 1170 424 123 412 238 477
344 382 420 445 2 279 166 671 125 411 241 482 1116 379 1171 426 782 378 959 446
344 382 419 445 2 276 164 673 1113 379 1170 427 152 411 262 482 780 378 958 447
343 382 419 445 2 276 158 672 1110 378 1170 426 765 373 965 453 152 411 270 480
344 382 420 443 1101 377 1175 427 2 275 154 672 761 378 940 446 219 413 341 480
1096 376 1175 427 2 276 153 671 344 381 420 443 761 377 939 446 247 409 361 482
1092 375 1177 428 2 277 153 671 759 377 939 446 247 409 369 482
1079 374 1173 428 2 277 153 671 759 377 936 446 271 411 393 481
1074 372 1172 428 2 276 153 672 756 377 935 446 340 407 467 478
1069 371 1172 428 2 275 153 672 755 378 934 446 346 406 467 482 1085 309 1104 337
1066 370 1172 429 2 274 153 673 754 378 934 446 392 409 513 481 1085 309 1104 337
1061 370 1174 429 2 274 153 673 748 374 957 454 344 384 417 444 392 412 519 477 1085 309 1104 336
1055 371 1177 430 344 383 417 445 2 275 154 672 743 378 913 445 465 410 590 479 1085 309 1103 336
1049 370 1179 430 344 383 417 445 2 275 155 671 743 378 911 444 493 408 607 481 1085 310 1103 336
1045 370 1181 431 344 382 418 445 741 377 911 445 1 275 155 671 497 411 612 478
1038 372 1167 430 344 383 418 445 739 377 909 446 1 275 155 671 522 407 636 478
1032 373 1169 430 725 375 920 459 344 383 418 446 1 275 155 671 588 411 711 477
1026 374 1169 430 344 382 418 446 720 376 918 461 1 274 154 672 594 410 713 477 558 396 592 441 1085 309 1103 336
1022 373 1166 430 344 382 419 445 1 274 154 672 715 377 915 464 559 396 591 442 623 411 732 477 1085 309 1103 336
1018 372 1162 431 344 382 419 445 1 272 155 673 706 382 912 468 560 397 591 441 1085 309 1103 336
1017 372 1158 431 344 383 419 445 1 272 155 673 560 397 590 441 703 384 907 468 1085 310 1103 336
1011 372 1147 431 344 383 420 445 1 272 155 673 560 397 590 441 703 385 901 468 1085 310 1103 336
1009 372 1147 431 344 383 420 445 0 258 151 628 707 383 897 467 560 397 590 441 1085 310 1103 336
1008 371 1145 431 344 383 420 445 0 257 151 628 706 381 896 467 560 397 590 441 1085 310 1103 336
1008 371 1145 431 344 383 420 445 0 257 151 628 701 379 898 466 560 397 590 441 1085 310 1103 335
1007 370 1144 431 343 383 420 445 0 257 150 628 693 377 901 464 560 397 591 441 1085 310 1103 335
1006 370 1143 432 344 383 420 445 0 258 150 628 675 379 885 462 559 397 591 441 1085 310 1103 336
1005 370 1142 432 344 382 420 445 672 379 885 460 0 258 150 628 559 396 591 441 1085 309 1103 336
1004 370 1140 432 668 378 881 459 344 382 421 445 1 272 154 674 559 396 591 441 1085 309 1103 336
1002 370 1136 432 663 378 876 459 344 382 421 445 1 272 154 674 1085 309 1103 337
1002 369 1132 431 660 378 871 459 344 382 421 445 1 272 155 674 1118 374 1138 415 1085 309 1103 337
656 378 864 460 1006 370 1125 430 344 382 421 445 1 273 155 673 1117 375 1136 415 560 396 591 441 1084 309 1102 338
651 377 860 460 1014 370 1120 431 344 382 422 445 1 273 155 673 1115 376 1135 415 560 396 591 441 1084 310 1101 338
646 378 857 460 343 382 423 445 1 273 155 673 1113 377 1133 414 1019 370 1114 432 560 396 591 441
639 378 858 461 343 383 422 445 1 273 155 673 560 396 591 442 1112 378 1133 414
343 383 421 445 632 377 861 462 1 273 155 673 560 397 591 442 1112 378 1134 414
617 375 838 462 343 383 421 445 1 273 155 672 560 397 591 442 951 370 1088 433
612 376 834 461 343 382 421 445 1 274 155 672 950 371 1086 433 560 397 590 442
609 377 827 461 343 382 421 445 1 274 155 672 943 372 1094 435 560 397 590 442
601 378 818 460 343 382 421 445 1 274 155 672 941 372 1095 435 560 396 589 442
593 378 810 460 343 383 421 445 1 274 155 672 941 372 1095 435
585 377 806 460 343 383 420 445 1 274 155 672 942 372 1093 435
566 375 792 459 343 383 420 445 1 274 156 672 943 372 1092 435 1108 380 1132 416
562 376 787 459 343 383 421 445 1 274 155 672 914 373 1080 433 1108 381 1132 416
558 377 780 459 344 383 422 445 1 273 155 673 914 373 1077 434 1108 381 1132 416
552 377 770 459 343 383 422 445 1 273 155 674 915 373 1075 435 1108 381 1133 416
