

861 365 984 437 589 335 614 358 677 352 712 381 573 334 596 350 967 359 1170 485 642 353 665 373 523 330 536 350
1001 358 1217 493 676 351 717 383 883 365 1003 440 586 334 613 357 524 330 539 351 574 333 596 350 609 340 636 364 659 353 694 378 645 354 668 373
678 351 722 383 884 361 1013 443 1035 350 1271 500 584 333 611 357 525 330 541 350 573 332 597 350 610 338 638 365
1057 355 1273 505 679 349 728 382 886 356 1047 450 582 331 612 356 526 329 543 349 611 335 639 363 573 330 598 349
1078 356 1272 503 682 347 730 381 612 333 640 362 527 328 544 348 582 330 610 353 573 329 600 348 891 354 1061 449 660 350 686 374
924 352 1082 451 1109 352 1275 506 614 332 640 359 581 329 611 351 683 346 730 380 660 343 689 370
934 348 1099 451 1128 343 1277 505 696 345 740 380 615 330 642 357 661 344 690 369 582 327 610 348
940 346 1112 449 1157 335 1278 507 696 343 745 381 662 344 691 368 618 330 643 354 583 326 612 347 869 366 914 387 538 321 555 341
968 339 1137 445 701 337 750 375 580 321 612 344 664 343 693 366 539 321 557 341 1172 335 1276 502 874 362 920 384 621 330 644 352
978 331 1156 438 581 319 615 341 703 333 754 371 541 320 559 339 668 339 696 361 1211 310 1279 478 679 336 712 364
583 314 619 337 1009 318 1196 429 545 317 562 337 683 331 712 358 722 329 769 365
586 308 622 330 989 318 1232 423 550 313 566 332 728 327 771 356
1109 273 1279 401 726 302 817 347 588 303 623 325
734 296 813 345 1128 267 1279 401 591 294 627 315 705 304 742 332 562 302 580 325
588 288 629 310 738 291 820 339 568 293 585 313 1139 260 1279 393 237 294 326 332
586 284 630 306 753 283 834 330 572 292 589 311 713 292 750 315 1204 244 1279 404
755 280 842 331 584 282 631 306
754 278 853 331 584 282 629 307
586 282 629 310 751 276 860 332
767 275 875 330 589 284 626 311
592 286 626 313 767 274 886 332
790 272 907 335 604 284 638 312 593 288 625 314
792 271 913 339 592 289 628 316
602 288 638 318
600 289 642 321 781 283 813 305
598 291 648 323
599 291 651 324 858 264 990 343
602 292 655 324
605 297 656 327
915 253 1100 336 606 297 659 327
608 297 659 328 917 245 1123 334
609 298 659 328 946 235 1166 331
611 297 659 329 990 223 1228 329
1000 212 1244 327 622 297 665 329
1033 207 1272 323 620 296 667 329 714 292 729 315
618 296 670 329 1057 184 1270 310
1115 163 1279 301 616 296 671 329
618 297 671 329 1155 143 1272 298
741 282 758 303 619 296 671 329 1170 145 1274 292
606 295 660 333
601 294 662 333
595 288 666 336
592 288 663 336
589 287 658 337
587 287 655 338
585 287 653 339
582 288 652 341
576 288 647 347
573 289 648 351
569 292 647 355 838 79 983 215
564 293 646 359
557 295 644 364
548 301 642 376
539 301 632 383
534 304 632 389 997 16 1094 149
528 309 628 394 1001 13 1102 143

508 324 613 423
495 326 623 439
486 331 619 455

459 360 592 498
443 367 587 518
422 374 599 519





145 559 400 719
163 578 376 717



565 325 592 363























