

744 350 893 447 702 350 754 390 928 343 1054 413 594 338 613 356 520 343 541 365 670 249 685 292
928 344 1058 414 744 351 892 445 704 350 753 390 594 338 614 356 520 343 541 365 671 249 685 293 682 351 712 376 672 243 685 270
928 345 1062 413 707 351 752 388 729 345 891 444 594 338 614 357 521 343 541 364 903 346 984 391 680 351 713 377 671 250 686 293 386 179 420 274 589 217 607 231
737 350 875 442 929 346 1066 411 708 351 752 387 595 339 614 357 906 345 988 391 385 176 419 271 521 343 541 364 680 352 715 377 671 250 686 293 672 243 686 268
726 350 888 448 953 344 1082 414 909 345 992 393 709 351 750 386 595 339 614 357 521 342 540 364 682 352 716 377 383 172 417 270 671 251 686 293 672 243 686 268
726 351 887 449 952 345 1089 415 912 344 994 393 595 339 614 357 709 352 747 385 521 342 541 364 684 352 717 377 671 251 686 293 672 242 686 268
726 351 886 450 952 346 1095 415 595 339 613 357 913 345 997 394 684 352 718 377 672 251 686 294 520 342 541 364 710 353 744 384 672 241 686 267
727 349 885 450 975 344 1107 417 923 345 1009 394 596 339 613 357 684 352 721 378 672 251 686 293 672 241 686 268 710 354 742 383
730 348 884 451 979 349 1114 427 925 345 1015 396 596 340 613 358 673 240 686 268 684 352 722 377 672 252 686 293
730 348 883 451 929 345 1020 397 982 349 1120 428 596 340 613 358 673 239 687 268
730 350 882 450 997 346 1134 429 932 345 1023 398 596 340 613 358 674 238 687 268 704 354 741 382
730 349 880 450 998 347 1144 429 942 346 1039 399 596 340 614 358 674 238 687 268 701 352 742 382
729 348 872 445 945 345 1044 399 596 340 614 358 1024 345 1160 431 674 238 687 267 700 351 742 381
728 348 869 445 1012 345 1188 435 947 344 1050 400 595 340 615 357 674 237 687 267 700 349 741 380
727 348 868 444 1019 346 1194 436 951 345 1053 401 674 237 688 267 596 340 616 358 700 348 742 380 498 352 523 378
729 350 864 444 1028 347 1205 435 966 346 1063 403 674 236 688 267 496 352 523 378 596 340 616 358 701 348 742 380 903 351 947 435
730 351 861 442 969 346 1066 403 1031 347 1212 436 495 353 522 378 703 349 743 380 675 235 688 267 595 341 616 359 905 349 948 437
1054 347 1235 440 973 346 1070 404 732 352 858 440 921 344 958 442 495 353 521 378 706 350 743 380 675 234 688 267 596 341 616 359 522 345 542 363
1060 347 1246 442 730 351 857 439 973 346 1074 405 923 344 959 446 494 353 521 378 706 349 742 380 675 234 688 267 595 341 616 359 521 344 541 364
1067 346 1259 442 729 351 856 441 994 348 1088 408 925 345 965 448 494 352 520 378 707 350 741 381 675 234 687 266 521 343 541 364 594 341 617 360
1074 347 1266 442 727 351 855 442 998 347 1093 408 707 351 741 381 675 235 687 265 928 346 970 448 494 351 520 378 521 343 541 365 593 341 618 361
718 354 848 442 1096 346 1276 448 1000 347 1098 409 930 347 975 447 676 236 688 263 708 353 740 382 521 342 541 365 493 351 521 378 593 340 618 361 685 354 719 379
719 353 848 443 1097 346 1277 449 996 347 1103 410 930 347 979 445 676 237 688 263 491 352 521 380 709 353 739 382 593 340 619 361 687 354 721 379 608 351 637 379
1105 343 1279 450 489 351 521 381 676 237 689 264 994 344 1103 410 592 340 619 361
1117 345 1279 450 489 353 520 381 591 342 618 362 677 238 689 264
1134 345 1279 454 489 352 519 381 263 353 355 427 723 355 831 439 590 343 617 362 676 238 689 264
722 353 835 445 1153 349 1279 449 488 353 519 381 259 353 356 425 591 345 617 362 917 352 964 442 1043 347 1146 412 676 238 688 263 967 347 1010 449
721 353 835 445 488 353 518 381 254 353 356 424 971 346 1015 448 919 352 969 441 1168 345 1279 452 1039 347 1155 413 591 344 617 362 815 353 892 403 676 238 688 263
720 355 833 443 976 348 1020 447 815 354 894 403 488 354 517 382 921 351 973 441 1193 348 1279 451 231 354 339 428 591 343 616 361 676 239 689 263 686 355 720 384 1033 347 1163 413
717 356 833 441 816 354 897 404 981 349 1025 450 226 353 339 429 923 350 977 442 489 354 516 382 1201 351 1279 451 591 342 615 361 677 238 689 263 686 355 720 385
716 357 832 439 814 355 900 404 489 354 516 383 1213 349 1279 454 924 349 978 445 592 342 614 360 983 350 1026 452 677 238 690 264
716 356 831 440 818 354 915 408 488 353 517 384 197 350 314 437 994 347 1040 455 592 341 614 360 609 355 635 378 941 351 993 447
716 355 830 441 821 359 923 414 488 354 518 385 1000 348 1046 454 147 347 312 446 609 355 636 377 942 350 996 448 592 342 613 360
135 349 303 450 715 355 830 442 828 359 927 415 488 354 519 386 609 355 637 377 942 349 999 448 1005 348 1049 453 592 343 612 360
123 349 295 453 714 355 831 442 833 360 928 415 488 355 518 385 609 355 637 376 944 350 999 447 1014 349 1065 450 592 344 612 360
715 356 828 442 842 361 943 417 487 355 518 386 610 356 637 376 1020 354 1069 478 92 349 273 453 522 357 537 374 948 352 1002 446
718 359 821 438 488 355 517 385 611 356 637 376 523 357 536 375 845 366 948 419 1023 363 1071 472
720 360 818 435 487 355 517 386 612 355 638 376 19 347 228 453 523 358 537 375 853 368 949 420
14 345 221 458 720 359 819 435 486 356 517 387 612 355 638 375 523 358 538 376 871 369 973 422 1047 364 1100 472
720 358 823 440 875 367 972 420 485 356 517 388 611 355 639 376 1049 355 1101 476 687 241 704 301
720 358 823 442 0 340 166 501 882 367 975 420 484 357 516 388 611 356 640 377 1064 357 1118 476 861 358 882 392 688 240 703 271
720 359 820 443 889 366 995 421 485 357 516 388 0 338 149 506 1069 356 1121 480 611 357 641 379 863 358 883 392 987 356 1045 475 689 240 704 272 398 375 413 413
719 359 820 444 894 366 999 422 483 357 516 389 612 358 642 379 2 339 114 506 1074 356 1124 480 396 374 410 414 864 357 883 392 991 358 1048 474 689 239 704 272
719 359 820 444 483 357 516 390 903 367 1001 422 612 358 642 380 302 378 323 413 394 374 408 416 995 361 1053 473 864 357 883 393 1089 359 1142 483 691 244 707 295 1048 354 1095 477
720 360 820 446 917 366 1019 424 482 358 516 391 299 377 321 415 613 359 643 380 1094 357 1144 484 522 362 538 381 392 375 406 417 692 243 709 296 865 358 884 395 1073 355 1118 480
923 368 1025 424 720 361 821 446 482 359 516 392 294 376 319 417 613 359 643 381 1101 358 1148 482 523 362 539 382 1011 358 1069 480 1070 355 1115 479 865 358 885 396 377 376 389 409 251 377 265 417 693 243 710 294
720 362 821 444 931 369 1026 423 482 359 516 392 1070 356 1120 478 292 378 316 417 248 378 262 417 375 378 388 411 1014 360 1072 480 615 361 642 382 523 363 538 382 1116 356 1162 482 866 359 885 396 695 244 711 294
719 363 820 442 943 367 1040 422 482 359 517 392 1120 357 1167 480 293 381 313 414 247 379 261 414 1019 363 1076 479 616 362 641 382 373 378 386 412 867 359 884 397 231 380 246 415 1071 358 1126 476
719 363 819 439 951 368 1044 422 483 360 517 393 272 381 297 413 617 363 641 382 522 363 540 384 227 381 243 414 370 378 385 415 1142 360 1190 479 868 360 885 398 886 364 906 397 699 245 714 294
721 363 819 437 484 360 518 395 1140 356 1189 482 963 368 1065 425 616 362 643 382 543 361 559 379 1036 361 1092 483 522 363 542 385 887 363 907 398 353 377 365 410 869 361 885 398
722 364 818 436 969 369 1063 425 484 361 519 395 1144 355 1195 484 615 362 644 383 1038 363 1097 483 352 379 364 412 542 360 559 379 522 363 542 386 887 362 907 398
723 364 819 440 484 362 519 396 349 380 362 416 978 371 1065 424 616 362 644 382 1148 359 1197 482 888 361 908 399 1044 368 1101 480 148 376 164 418
723 363 819 444 483 362 519 396 1169 353 1216 485 347 381 360 418 618 363 643 381 994 370 1091 425 124 376 143 420 889 360 907 400
721 370 821 456 1002 372 1088 424 1173 358 1224 481 1066 363 1123 487 889 360 907 400 439 178 472 277
721 370 821 457 1067 365 1127 486 1188 358 1237 485 1007 374 1087 424 889 360 907 401 104 375 124 421 324 380 340 417 639 366 660 382 438 174 472 275
722 372 821 455 483 364 520 397 1192 360 1245 483 1071 369 1129 478 638 367 660 384 889 359 908 402 436 170 471 272 912 370 931 406
722 373 821 455 480 370 517 404 638 368 660 384 1197 362 1249 481 911 369 933 407 1065 361 1152 494 435 167 471 270 1118 358 1279 481
722 374 821 454 479 370 517 405 1214 357 1266 488 545 365 564 385 74 378 94 425 1072 362 1157 496 803 374 834 406 638 368 661 384 1119 360 1279 479
724 374 820 454 479 371 518 405 1217 356 1271 487 802 373 837 407 639 367 662 384 297 388 317 445 74 376 95 422 1119 360 1279 478 712 242 727 269
727 375 819 452 799 371 841 409 478 371 518 405 247 380 267 421 1221 360 1274 484 640 368 663 384 54 375 77 423 714 241 729 269
730 376 817 452 798 370 846 410 478 372 518 406 640 368 664 384 245 380 266 423 913 367 936 410 1246 354 1277 491 716 242 730 270
797 370 852 410 732 378 816 452 477 373 518 407 640 369 664 385 1106 361 1192 500 934 370 955 410 912 367 933 409 39 379 83 462
797 371 856 410 732 379 815 450 640 369 665 385 463 374 507 412 1109 362 1199 501 934 370 957 410 912 368 931 409
797 371 862 410 731 380 815 449 464 375 508 413 639 368 666 386 1113 364 1206 503 719 239 735 270
798 369 865 411 731 380 815 447 465 375 507 414 640 368 668 387 1120 364 1213 501 721 238 736 269
732 380 816 446 465 376 507 415 800 369 866 410 640 367 669 387 582 13 714 41 722 239 737 269 446 378 466 410 102 379 120 418
733 374 816 431 465 375 508 415 641 368 669 387 444 377 467 408 807 367 870 414 581 9 718 33 724 239 738 268 1149 367 1243 511
733 377 817 449 809 366 872 415 464 376 509 415 641 368 668 387 441 377 467 408 519 375 542 401 1156 369 1250 509 937 369 960 411
732 376 817 450 811 367 874 417 463 375 509 415 438 376 466 407 642 369 666 386 518 375 542 401 938 369 959 410 1164 372 1259 509
733 376 817 451 812 367 876 418 463 375 509 416 436 375 464 407 518 375 543 402 643 369 666 386 1171 370 1264 509 939 369 959 410
734 376 818 451 811 366 881 419 463 376 509 417 433 375 463 407 518 375 543 402 642 369 666 386 662 369 684 387 1177 371 1268 511 940 370 959 410
736 377 818 449 813 368 884 419 461 377 509 418 516 376 543 404 432 377 463 409 960 370 984 414 661 370 685 388
738 378 817 447 816 369 888 420 514 376 543 406 430 378 463 410 959 368 983 414 419 382 445 408 980 373 1007 415 661 370 686 388 734 239 752 272
739 379 817 446 819 369 891 421 511 377 543 407 959 366 982 415 982 372 1008 416 420 382 444 408 661 371 685 388
740 379 817 447 821 369 893 422 511 377 543 408 959 365 982 416 983 371 1010 417 420 381 442 409 661 370 686 388
741 380 817 448 821 368 895 422 508 378 542 408 961 366 983 415 985 370 1010 417 661 370 687 388
742 381 817 448 825 370 903 424 506 378 542 408 985 367 1008 418 963 368 984 415 547 380 565 397 1005 375 1031 419 642 370 666 387 661 371 688 389 1092 334 1104 358
825 370 906 424 744 382 818 447 502 378 541 409 547 380 567 396 984 367 1006 419 1006 374 1031 419 662 371 688 390
826 370 907 424 744 381 818 446 501 379 541 409 425 374 496 427 401 385 416 414 546 380 566 396 984 367 1005 418 1007 373 1032 420 662 371 689 390
828 369 910 424 744 380 817 445 422 375 494 429 495 383 527 410 397 383 413 415 545 379 566 396 1008 372 1033 419 985 369 1006 417
829 369 914 425 417 376 491 431 744 380 817 446 492 383 529 412 394 382 412 417 1009 371 1034 419 544 380 565 397 986 370 1007 416 1116 333 1128 356
830 369 917 425 412 376 486 433 743 379 816 448 489 383 531 415 1009 370 1034 419 543 380 564 398 393 382 411 417 987 371 1009 415 1031 374 1057 419 739 238 759 271
831 369 919 425 409 375 483 434 742 379 815 448 486 384 529 416 1010 370 1035 418 542 380 564 399 1030 373 1057 420
834 369 922 425 400 373 474 436 484 384 528 417 739 378 814 448 541 380 563 399 1031 372 1058 421 1009 370 1034 418 1136 332 1148 354
836 368 924 426 395 373 471 436 481 383 526 418 737 378 813 448 540 380 563 400 1032 370 1060 421 1007 368 1033 417 664 376 689 398
846 368 934 428 388 374 467 437 479 381 526 419 539 380 563 401 1033 368 1061 421 736 379 813 448 1055 374 1082 418 1006 367 1032 417 664 376 689 397
846 367 936 428 385 374 463 437 477 380 525 420 540 380 564 401 737 380 813 448 1035 368 1061 421 1055 373 1083 419 1008 366 1033 416 301 382 316 416 664 376 690 397
846 366 938 428 540 380 564 401 369 370 453 440 475 379 523 420 1056 372 1085 421 1035 368 1059 420 299 383 312 420 737 382 813 448 1011 365 1035 416 665 376 690 397 808 380 846 414 1163 330 1175 354
846 366 941 427 363 369 451 443 540 379 565 401 295 382 308 421 1056 370 1086 422 740 379 815 423 1033 369 1058 419 474 380 521 420 807 380 848 414 1013 365 1036 416 663 370 689 390
848 366 944 428 354 372 449 450 539 379 565 401 1056 369 1085 422 459 372 517 421 806 380 850 414 661 369 689 391 446 380 467 404 292 380 304 422 739 379 815 423 1079 372 1107 420 642 369 664 388 521 379 545 401 1031 369 1056 417 1014 364 1038 415 1181 328 1194 354
850 367 948 428 348 372 447 452 539 380 565 402 461 381 510 421 804 380 851 415 442 381 467 406 519 379 545 402 1057 368 1084 421 1080 372 1108 422 283 379 298 421 659 368 689 392 738 379 814 424 643 369 665 388 1186 327 1200 352 1030 367 1056 418
853 367 952 429 331 371 433 455 278 376 294 422 803 379 852 415 456 383 509 422 517 379 546 402 1079 369 1109 424 541 380 565 401 737 377 813 426 659 368 690 392 1031 365 1059 418 439 382 465 408 1057 368 1083 420
855 367 956 430 322 369 427 456 801 379 854 417 516 378 546 403 273 377 290 421 453 384 507 422 735 376 811 427 1080 367 1109 423 662 376 690 398 1032 362 1061 419 543 379 565 400 420 383 448 406
864 367 966 433 307 368 412 461 515 378 547 403 446 379 507 425 801 379 855 417 414 383 448 408 269 379 286 419 735 376 810 426 662 376 689 398 1080 366 1108 422
865 366 968 434 296 365 410 464 443 377 505 426 801 378 855 417 515 378 546 404 410 383 445 408 734 377 810 425 175 396 203 443 267 381 285 418 659 367 690 393
867 366 972 435 800 379 857 417 514 378 546 405 278 364 395 467 438 375 507 427 408 382 441 407 734 378 810 424 1100 359 1142 427
869 366 976 436 799 379 859 417 513 378 545 406 392 383 432 410 432 373 494 430 734 378 809 424 410 382 438 405
872 365 981 438 241 365 382 472 387 383 432 411 427 374 491 432 512 379 545 406 798 379 862 418 734 378 808 425 492 381 513 402 1120 360 1162 428
