

340 269 878 643 877 417 956 575 844 365 953 468 302 454 316 500
340 269 878 644 877 417 956 575 302 454 316 500
340 269 876 643 877 418 956 575 844 365 953 468 302 453 317 499
339 269 877 643 877 417 956 575 302 454 317 499
339 268 877 643 877 417 956 575 302 454 317 499
340 267 876 643 877 417 956 574 302 454 317 499
341 267 873 644 877 418 956 574 302 455 318 499
341 267 872 645 877 418 956 574 302 456 318 498
340 268 871 646 877 418 956 574 302 457 319 499 843 366 954 472
341 268 868 645 877 418 956 574 301 457 320 499 843 366 953 471
344 269 866 644 877 418 956 574 843 366 953 469
345 270 865 643 877 418 956 574 841 366 953 469
347 271 864 643 877 418 956 574 840 366 953 470
335 273 822 638 877 418 957 574 839 366 953 470
336 274 821 638 876 416 957 573 841 366 951 468 300 458 323 501
336 275 821 638 876 413 956 571 842 366 949 466
349 276 860 641 842 367 946 463
350 276 859 641
339 312 871 647 302 449 330 504
339 277 821 636 859 339 959 572
336 277 823 635 858 337 959 573 302 445 333 504
345 278 862 638 301 443 334 504
347 278 865 638 850 331 958 572 299 442 335 505
348 278 868 637 295 440 336 506 845 334 956 574
350 278 871 637 287 439 336 507
350 279 877 636 284 438 337 507
352 280 885 635 281 438 339 508
346 318 901 650 278 437 340 508
348 320 905 652 273 436 343 510
349 319 906 654 268 435 346 511 819 347 933 607
346 321 914 654 265 434 348 512 820 333 923 593
348 322 913 652 260 433 348 512 819 338 919 588
350 322 908 648 255 433 349 512 880 400 956 577
354 318 903 646 252 412 359 516 881 403 955 578
367 289 887 634 249 410 361 516 879 405 956 577
368 289 880 633 245 405 366 516 877 408 956 576
367 294 872 629 240 403 368 515 876 409 956 574
366 297 864 626 235 401 370 515 876 412 956 574 843 362 954 468
366 298 859 624 233 403 370 515 877 414 956 574 841 363 953 468
368 299 853 623 229 401 374 515 877 415 957 575 838 363 952 468
371 299 850 622 226 398 378 515 878 415 957 576 835 365 951 470
372 299 848 622 223 399 382 514 878 415 957 576 830 365 952 472
375 298 844 624 221 401 382 513 879 414 957 577 827 365 953 475
377 299 839 625 211 401 366 516 826 358 957 561 890 402 959 585
378 300 836 625 208 401 369 516 825 357 958 560 881 414 957 577
377 302 835 625 206 401 372 517 813 356 951 554 882 413 956 578
375 304 836 623 204 401 374 517 810 355 952 556 882 413 956 579
378 305 833 621 201 402 377 518 810 355 952 556 882 412 955 579
382 305 828 621 198 402 380 517 811 356 951 556 882 411 955 578
385 306 822 621 195 403 382 517 813 356 950 556 881 410 955 578
386 306 818 622 193 403 385 516 813 357 950 556 881 409 955 579
389 305 815 622 190 402 387 517 813 356 950 556 881 409 955 579
392 304 811 622 186 401 390 517 813 356 950 556 880 409 955 578
393 303 810 621 184 400 392 517 812 356 950 556 880 409 955 578
393 305 808 620 183 401 392 517 812 355 950 555 880 409 955 578
392 306 807 618 181 401 393 516 813 356 949 555 879 409 954 578
391 307 806 616 180 401 393 516 813 356 949 555 879 409 954 578 794 406 815 439
388 303 774 617 178 401 391 516 813 356 949 554 879 410 955 578 793 405 814 439
386 304 774 616 175 402 388 517 813 356 949 555 879 410 955 577 792 405 814 440 354 426 416 525
385 304 773 616 171 403 386 518 813 357 949 555 879 410 955 578 346 425 418 527 791 404 814 440
380 304 773 615 167 403 384 519 813 357 949 556 880 410 955 578 791 403 814 441 331 426 435 527
376 303 772 613 163 403 383 521 813 358 949 555 322 423 434 528 880 411 955 577 791 403 814 441
372 302 771 613 160 402 382 521 813 358 949 556 880 412 956 577 310 400 445 531 790 403 814 441
367 302 771 609 156 383 380 535 812 358 949 556 880 413 956 577 300 397 452 533 790 403 814 441
363 302 771 606 152 383 380 535 812 359 950 555 287 400 423 530 880 413 956 576 789 403 815 441
363 322 779 570 812 359 950 555 146 382 383 535 278 398 427 534 880 413 956 576 789 403 816 440
812 359 950 554 419 304 790 603 271 395 430 537 140 382 382 536 880 413 956 576 788 403 815 440
813 359 950 554 442 314 768 580 146 402 348 520 890 403 959 585 789 404 815 440
812 359 950 555 144 401 340 519 449 313 766 582 891 403 959 585 237 405 472 543 790 404 814 439
812 359 951 554 142 401 334 518 891 403 959 585 455 311 764 584 229 402 477 546 774 407 796 448 791 404 815 439
812 359 951 554 139 401 332 520 891 403 959 584 458 311 763 588 219 402 481 546 773 407 796 449 792 403 815 438
812 358 951 555 136 401 335 521 891 404 959 584 455 311 762 592 206 401 482 549 772 406 796 448 793 404 816 438
192 399 480 552 812 358 950 556 450 311 760 597 892 405 959 583 135 402 337 523 771 406 796 448 794 404 816 438
177 397 479 555 446 311 759 601 812 357 950 556 892 405 959 583 770 406 796 448 135 402 339 521 794 405 817 438
164 395 478 558 436 305 767 610 813 358 950 556 892 406 959 583 768 401 802 447 795 405 818 438
149 392 478 563 435 306 768 609 813 358 950 556 892 405 959 584 768 401 802 447 795 405 818 438
136 389 477 570 441 313 761 598 814 358 949 556 893 404 959 586 768 401 803 447 795 406 818 438
128 386 475 578 440 314 760 596 814 358 949 556 893 403 959 587 768 402 803 447 794 406 819 438
127 385 472 584 441 313 758 596 814 359 949 556 894 403 959 589 794 406 818 439 774 406 798 445
104 382 455 589 445 312 755 598 894 403 959 589 815 359 949 556 805 408 829 438 793 407 817 440 768 402 803 448
86 382 450 593 451 312 751 603 896 402 959 589 815 360 949 555 805 408 829 439
70 384 445 599 454 311 748 606 897 400 959 589 816 360 949 555 805 408 830 439
61 384 442 605 456 310 747 606 899 399 959 589 816 361 948 555 805 407 830 439
41 383 445 610 456 310 748 603 900 397 959 589 816 361 948 555 805 407 830 438
458 312 751 599 23 384 446 616 902 395 959 589 817 360 948 555
8 372 447 626 458 314 754 595 816 360 948 556 904 392 959 589
7 374 423 632 458 315 754 595 816 360 949 557 905 391 959 590 804 408 831 439
7 372 420 634 458 315 755 594 826 358 958 561 907 392 959 591 804 409 832 440
7 369 415 637 459 316 752 594 829 357 958 560 908 394 959 592 804 410 833 441
5 366 409 638 462 317 753 593 832 357 957 561 762 400 802 482 911 395 959 594
463 318 753 591 1 365 403 639 834 357 957 561 763 401 803 481 914 396 959 595
464 320 754 590 0 364 397 639 836 358 957 561 766 403 805 480
466 321 753 592 2 383 380 633 837 359 957 562 767 405 807 481 808 414 836 443
468 323 753 595 8 381 370 635 838 359 957 564 769 406 809 482 809 416 835 443
470 324 753 597 9 380 362 637 837 359 956 564 770 406 810 482
474 324 753 597 10 379 353 637 838 362 956 563 771 407 811 481
476 325 753 598 11 379 347 635 838 364 956 563 775 406 815 479
480 325 754 596 11 377 341 634 840 365 957 563 777 407 816 480
