

68 464 163 527 881 265 923 345 836 334 891 413 514 488 551 512 577 469 757 582 439 315 472 336 1 475 22 516
68 464 163 527 881 265 923 345 836 334 891 413 514 489 550 512 577 469 756 582 438 315 472 336 1 475 22 517
69 464 163 526 881 265 923 345 836 334 891 414 515 489 550 512 577 470 757 582 438 315 472 336 1 475 22 517
69 464 163 526 881 265 923 344 836 334 891 413 514 489 550 512 577 470 757 582 437 315 472 336 1 475 22 517 357 478 403 510
70 465 163 526 881 265 923 344 836 334 891 413 514 489 550 512 577 470 757 582 437 315 472 336 357 479 403 510 2 476 22 517 216 485 258 510
70 465 162 526 881 264 923 344 836 334 891 412 577 470 757 582 514 489 549 512 358 479 403 510 437 315 472 336 2 476 22 517 216 485 260 510
70 465 162 526 881 264 923 344 836 334 891 412 577 470 757 582 358 479 403 510 514 489 549 511 437 315 472 336 2 476 22 517 216 485 260 510
70 465 162 526 881 264 923 344 836 334 891 412 577 470 757 582 358 479 403 510 514 489 549 511 437 315 472 336 2 476 22 517 216 485 260 510
70 465 162 526 881 264 923 344 836 334 891 412 577 470 757 582 357 479 403 511 438 315 472 336 515 489 549 512 2 476 22 517 216 485 260 510
71 465 162 526 881 265 923 344 836 334 891 412 577 470 757 582 357 479 404 511 438 315 472 336 514 489 550 512 216 485 260 510 2 477 23 517
71 465 162 526 881 265 922 344 836 334 891 412 576 470 757 582 356 479 404 511 438 315 472 336 216 485 260 510 513 489 550 512 2 477 24 516 539 495 575 540
71 465 162 526 881 265 922 344 836 333 891 412 576 470 757 582 356 478 403 511 438 315 472 336 215 485 260 510 514 489 549 511 2 478 24 516 539 495 575 540
72 465 162 526 881 265 922 344 836 333 891 412 576 470 758 582 357 478 404 511 439 315 472 336 215 485 260 510 2 477 24 516 514 488 548 510
72 465 162 526 881 265 922 344 836 333 891 412 576 469 758 582 358 478 404 511 439 315 472 336 2 477 25 516 215 485 260 510
72 465 162 526 881 265 922 344 836 333 891 412 575 469 758 582 357 477 404 511 439 315 472 336 2 477 25 516 215 485 261 510
72 465 161 526 881 265 922 344 836 333 891 412 576 469 759 582 358 478 404 511 438 315 472 336 215 485 261 511 2 477 25 516 539 495 575 540
72 465 161 526 881 265 922 344 836 334 891 412 576 469 759 582 359 478 403 511 438 315 472 336 214 485 261 511 3 478 25 515 539 495 574 540
72 465 161 526 881 265 922 344 836 334 891 412 576 469 759 582 359 479 403 511 214 485 261 511 438 315 472 336 3 478 26 515 540 495 574 540
71 465 161 526 881 265 922 344 836 334 891 412 576 468 759 582 360 479 403 511 215 485 261 511 437 315 472 336 3 478 26 515 540 495 575 540
71 465 161 526 881 265 922 344 836 334 891 411 576 468 759 582 360 479 403 510 215 485 261 511 512 487 542 511 438 315 472 336 3 478 26 515 539 494 575 540
71 465 161 526 881 265 922 344 836 334 891 411 577 468 759 581 360 479 403 510 512 487 543 511 215 485 261 511 438 315 472 336 3 478 26 515 539 494 575 541
71 465 162 526 881 265 922 344 836 334 891 411 577 468 759 581 512 487 544 511 361 479 403 510 215 485 261 511 438 315 472 336 2 478 26 515 539 493 575 541
70 465 162 526 881 265 922 344 836 334 891 412 511 487 545 512 577 468 758 581 215 486 261 511 361 479 403 510 438 315 472 336 2 477 26 515 539 493 575 541
70 465 162 526 881 265 922 344 836 334 891 412 511 488 547 512 576 468 758 581 215 486 261 511 362 479 403 510 438 315 472 336 2 477 26 515 539 493 576 541
70 465 162 526 881 265 922 344 835 334 891 413 510 489 550 512 575 468 758 581 216 486 261 511 362 479 403 511 438 315 472 336 2 477 26 515
70 466 162 526 881 265 922 344 510 489 551 512 835 334 892 413 575 467 758 582 216 485 260 511 362 479 404 511 438 315 472 336 2 477 27 515
70 466 162 526 881 265 922 344 835 334 892 413 510 489 552 513 575 468 757 582 216 485 260 511 362 479 404 511 438 315 472 336 2 477 26 514
70 466 162 526 881 265 922 344 835 334 892 413 510 489 552 513 575 468 757 582 216 485 260 510 438 315 472 336 362 478 404 511 2 477 26 515
69 466 163 526 881 265 922 344 835 334 892 413 511 488 552 513 575 468 757 582 216 485 260 510 438 315 472 336 362 478 404 511 2 477 26 515
69 466 163 526 881 265 922 344 835 334 892 412 511 488 552 512 575 467 757 582 216 485 259 510 438 315 472 336 2 477 26 516
69 466 163 526 881 265 921 344 835 334 892 412 511 488 552 512 576 467 756 582 216 485 259 510 438 315 472 336 2 477 26 516
69 466 163 526 881 265 922 344 835 334 892 412 511 488 552 513 576 467 756 582 438 315 472 336 216 485 259 510 2 476 26 516
69 466 163 526 881 265 922 344 835 334 892 412 511 488 552 513 577 467 757 582 216 485 259 510 438 315 472 336 2 476 26 516
68 466 163 525 881 265 922 344 835 334 892 412 511 488 552 513 577 467 757 582 216 485 259 510 437 315 472 336 2 476 25 516
68 466 163 525 881 265 922 344 835 334 892 412 511 488 552 513 576 467 757 582 215 485 259 510 437 315 472 335 1 476 25 516
69 466 163 525 881 265 922 344 835 334 892 412 511 488 552 513 576 467 757 582 216 484 259 510 437 315 472 335 1 476 25 517
69 466 163 525 881 264 922 344 835 334 892 412 511 488 552 513 576 467 757 582 216 484 259 511 438 315 472 336 1 476 24 517
70 466 163 525 881 264 922 344 511 488 552 513 835 334 892 412 577 467 758 582 216 484 260 511 438 315 472 336 1 476 23 517
71 466 162 525 881 264 922 345 836 334 892 413 511 488 552 513 577 466 757 582 215 484 260 511 437 315 472 336 1 476 23 517
71 466 162 526 881 264 922 345 836 334 891 413 511 488 552 513 577 466 757 582 215 484 261 511 437 315 472 336 1 476 23 517
71 466 162 526 881 264 922 345 836 334 891 412 511 488 552 513 577 467 757 582 216 484 261 512 437 315 472 336 1 476 23 517
71 466 162 526 881 264 922 344 836 334 891 412 511 488 552 513 578 467 757 582 216 484 261 512 437 315 472 336 1 476 22 518
70 466 162 526 881 264 922 344 836 334 891 412 510 488 552 513 578 468 756 582 216 484 261 512 437 315 472 336 1 476 21 518
70 465 162 526 881 264 922 344 836 334 891 412 510 488 552 513 578 468 757 582 216 484 261 512 1 476 22 518 437 315 472 336
70 465 162 526 881 264 922 344 836 334 891 412 510 488 552 513 578 468 756 582 216 484 261 512 1 476 22 518 437 315 472 336
70 465 162 526 881 264 922 344 836 334 891 413 511 488 552 513 217 484 262 512 578 468 756 582 2 476 23 518 437 315 472 336
70 465 162 526 881 264 922 344 836 334 891 413 511 488 552 513 217 483 262 512 578 468 756 582 2 476 23 518 437 315 472 336
70 465 162 526 881 265 922 344 836 334 891 412 511 488 551 513 217 484 262 512 578 468 756 582 2 476 23 518 437 315 472 336
70 465 162 526 881 265 922 344 836 334 891 412 511 488 551 513 216 484 262 512 578 469 756 582 2 476 24 518 437 315 472 336
71 465 162 526 881 265 922 344 836 334 891 412 511 488 550 513 216 485 262 512 578 469 756 581 2 477 25 517 437 315 472 335
71 465 162 526 881 265 922 344 836 334 891 412 511 488 550 513 215 485 262 512 578 469 756 581 2 477 25 517 437 315 472 335 540 494 575 540
71 465 162 526 881 265 922 344 836 334 891 412 511 488 550 513 215 485 262 512 577 469 756 581 2 477 25 517 437 315 472 335 357 479 403 513 540 494 575 540 161 472 201 508
70 465 163 526 881 265 922 344 836 334 891 411 511 488 550 513 215 485 263 512 577 470 755 581 2 477 25 517 357 480 403 513 160 472 201 508 437 315 472 335 539 494 575 540
70 466 163 526 881 265 922 344 511 488 550 512 836 335 891 410 576 470 755 582 215 485 263 512 357 480 403 513 2 476 25 517 160 472 201 508 539 494 576 540 436 315 472 335
70 466 163 526 881 265 922 344 512 488 550 512 836 335 890 410 576 470 755 582 357 480 403 514 215 485 263 511 2 476 24 516 160 472 201 508 539 494 576 540 437 315 472 335
71 465 163 526 881 265 922 344 512 489 550 512 836 334 891 410 576 470 756 581 356 480 403 514 214 485 263 511 2 476 24 516 160 471 202 508 539 494 576 540 437 315 472 335
71 465 162 526 881 265 922 344 836 334 891 411 512 489 549 512 577 470 757 581 356 480 403 513 214 485 263 511 2 476 24 516 159 471 203 508 539 494 575 540 437 315 472 335
72 465 162 526 881 265 922 344 836 334 891 411 577 470 757 581 512 488 548 512 213 485 263 511 357 480 402 513 159 471 203 508 539 494 575 540 2 476 23 516 437 315 472 335
72 465 162 526 881 265 922 344 836 334 891 411 578 470 757 581 512 488 548 512 213 485 263 511 357 480 402 513 159 472 204 508 539 494 575 540 2 476 23 516 437 315 472 335
72 465 162 526 881 265 922 344 836 334 891 411 577 469 757 581 214 485 264 512 512 488 549 512 358 480 402 513 159 472 205 508 539 494 575 540 2 476 23 516 437 315 472 335
72 465 162 526 881 265 922 344 836 334 891 411 214 485 264 512 577 469 757 581 512 488 549 512 358 480 402 514 159 472 206 508 539 493 576 540 2 476 23 516 437 315 472 335
72 465 162 526 881 265 922 344 836 335 891 411 577 469 757 581 214 485 264 513 512 488 550 512 359 480 402 514 2 477 23 516 539 493 576 540 160 472 206 509 436 315 472 335
72 465 163 526 881 265 922 344 837 335 891 410 213 485 265 513 577 469 757 581 512 488 550 512 359 480 403 514 160 472 207 509 539 493 576 540 2 477 22 516 436 315 472 335
72 465 163 526 881 265 922 344 837 335 891 411 214 485 265 512 578 469 757 581 511 488 549 512 360 480 403 514 160 472 207 509 539 493 576 540 2 477 23 515 436 315 472 335
72 465 163 526 881 265 922 344 214 484 265 512 836 335 891 411 578 469 757 581 512 488 549 512 159 473 209 509 360 480 402 513 539 493 576 540 435 315 472 335 2 477 23 515
72 465 163 526 881 265 922 344 158 474 210 509 214 484 264 512 836 335 891 411 578 470 757 581 512 488 549 512 360 480 402 513 539 493 576 540 435 315 472 335 2 477 22 516
71 464 163 526 881 265 922 344 158 474 211 509 214 484 264 512 836 335 891 411 578 470 756 580 512 488 549 512 361 480 402 514 539 493 576 540 436 315 472 335
71 464 163 526 881 265 922 344 836 334 891 412 215 484 264 512 158 474 212 509 578 470 756 581 512 488 550 512 361 480 403 513 539 493 576 540 436 315 472 335
70 464 163 526 881 265 922 344 836 334 891 412 215 484 264 512 578 470 756 581 512 488 550 513 159 474 213 509 361 480 403 513 539 493 576 540 436 315 472 335
70 464 163 526 881 265 922 344 836 334 891 412 578 470 756 581 511 488 550 513 215 484 264 512 160 474 213 509 362 480 403 512 539 493 576 540 436 315 472 335
69 464 163 526 881 265 922 344 836 334 891 412 577 470 757 581 512 488 551 513 215 484 264 512 160 474 213 508 362 480 403 512 539 493 576 540 435 315 472 335
69 464 163 526 881 265 922 344 836 334 891 412 577 469 757 581 512 488 551 513 216 484 264 512 161 474 213 508 362 480 403 512 539 493 576 540 435 315 472 335
69 464 163 526 881 265 922 344 836 334 891 412 577 470 757 581 511 488 551 513 160 474 215 508 216 484 264 512 361 480 404 512 539 494 576 540
70 464 163 526 881 265 922 344 836 334 891 412 577 470 757 581 512 488 551 512 160 475 216 508 216 484 264 512 361 480 404 512 539 494 576 540
69 464 163 526 881 265 922 344 836 334 891 412 577 470 757 581 512 488 551 512 160 475 217 508 216 484 264 512 361 480 404 512 539 494 576 540
69 464 163 526 881 265 922 344 836 334 891 412 577 470 757 581 512 488 550 512 216 484 264 512 160 474 218 508 361 480 404 512 539 494 576 540
69 464 163 526 881 265 922 344 836 334 891 412 577 471 757 581 512 488 550 512 216 484 264 512 361 480 403 512 161 474 218 508 539 494 576 540
69 464 163 526 881 265 922 344 836 334 891 411 576 471 756 581 512 488 550 512 216 484 263 512 361 479 403 512 161 473 219 508 539 495 576 540
69 464 163 526 881 265 923 344 836 334 891 411 576 471 756 581 513 488 550 512 216 484 263 512 361 479 403 512 161 473 219 508 539 495 576 540
69 465 163 526 881 265 923 344 836 334 891 412 576 471 756 581 512 488 549 512 216 484 263 512 361 479 403 512 161 473 218 508 539 495 576 540
69 465 163 526 881 265 922 344 836 334 891 412 577 471 756 581 512 489 549 512 216 484 264 512 361 479 403 512 162 473 217 508 539 495 576 540
69 465 163 526 881 265 922 344 836 334 890 412 577 471 756 581 512 489 549 512 215 484 264 512 361 479 403 512 162 473 216 508 539 495 576 540
68 465 163 526 881 265 922 344 836 335 890 411 577 471 756 581 513 489 549 512 162 473 217 508 215 484 263 512 361 479 403 512 539 495 576 540 2 475 22 516
68 465 163 526 881 265 922 344 836 335 890 411 577 471 755 581 512 489 549 512 162 472 217 508 215 484 263 512 361 479 403 512 539 495 576 540 1 475 22 516
68 465 163 526 881 265 922 344 836 334 890 411 578 472 755 581 215 484 263 513 512 489 549 512 162 472 217 508 361 479 403 512 539 495 576 540 1 475 22 516
69 465 163 526 881 266 922 344 836 334 890 412 578 472 755 581 215 484 264 513 512 489 549 513 360 480 403 513 162 472 218 508 539 494 576 541 1 475 22 516
69 465 163 526 881 266 922 344 836 334 890 412 578 472 755 581 215 484 264 513 512 488 549 513 360 480 402 513 161 472 218 508 539 494 576 541 1 475 22 516
69 465 163 526 881 266 922 344 836 334 891 412 578 472 755 581 216 484 264 513 360 480 403 513 512 488 549 513 162 471 218 508 539 495 576 541 1 475 22 517
70 465 163 526 881 266 922 344 836 335 891 412 577 472 755 581 216 484 264 513 360 480 402 513 512 488 549 512 162 472 218 508 539 495 576 541 1 476 22 516
70 464 162 526 881 266 922 344 836 335 891 412 577 471 755 581 216 484 264 513 361 480 402 512 512 488 549 512 162 472 218 508 539 495 576 541 1 476 21 516 436 315 472 335
70 464 162 526 881 266 922 344 836 335 891 412 577 471 755 582 216 484 264 513 512 488 549 512 361 480 402 512 162 471 217 508 539 495 576 541 1 476 21 516 437 315 472 335
70 464 162 526 881 266 922 344 836 335 891 412 577 471 755 582 216 484 264 513 512 488 549 512 361 480 403 512 163 471 217 508 539 495 576 541 1 476 21 516
70 464 162 527 881 266 922 344 836 335 891 412 577 471 755 581 216 484 264 513 512 488 549 512 361 479 403 512 539 495 576 541 163 471 216 508 1 476 22 516
69 465 162 527 881 266 922 344 836 335 891 412 577 471 755 581 215 484 264 513 512 488 549 512 361 479 403 512 539 495 576 541 164 471 215 508 1 476 22 516
69 465 163 527 881 266 922 344 836 335 891 412 577 471 755 581 215 484 264 512 360 480 403 512 512 488 549 512 539 495 576 541 164 470 215 508 1 476 22 516
68 465 163 527 881 266 922 344 836 335 891 412 577 471 755 582 361 480 403 512 214 484 264 513 512 488 549 513 539 495 577 541 164 471 215 508
68 465 163 527 881 266 922 344 836 335 891 412 577 471 754 582 361 480 404 512 214 484 264 513 512 488 550 513 164 471 216 508 539 495 577 541
68 465 163 527 881 266 922 344 836 335 891 412 577 471 754 582 214 484 264 513 360 480 404 512 511 488 550 513 164 472 216 508 539 495 577 541
