

662 404 872 479 57 425 145 456 522 325 535 340 560 424 604 448
600 415 648 457 658 406 844 476 58 425 145 456 522 325 535 340 560 424 604 448
600 416 648 456 58 425 145 456 522 325 535 340 561 425 604 447 617 403 830 480
607 402 813 479 58 425 145 456 522 325 535 340 561 425 603 447 598 416 646 457
57 425 145 456 561 425 603 447 522 325 535 340 612 409 784 476
588 409 762 474 57 425 145 456 522 325 535 340 560 425 600 448
563 409 742 476 57 425 145 456 522 325 535 340
535 411 722 476 57 425 145 456 522 324 535 340
517 404 709 479 57 425 145 456 522 324 535 341
57 425 145 456 511 410 690 475 522 324 535 341
493 409 662 474 57 425 145 456 522 324 535 341
57 425 145 456 523 324 535 341 474 409 636 473
57 425 145 456 523 324 535 341 429 415 586 470
421 412 585 474 600 413 648 458 58 425 145 456 523 325 535 341
401 411 562 473 599 414 648 457 58 425 144 456 523 325 535 340 564 422 597 450
600 414 647 457 374 411 540 473 560 422 602 449 58 425 144 456 523 325 535 340
600 415 647 457 558 423 602 448 58 425 144 456 523 325 535 340 357 412 506 471
600 415 647 457 560 424 602 447 352 410 501 472 58 424 144 456 522 325 535 340
324 411 483 472 600 415 647 457 560 425 602 447 58 424 144 456 522 325 535 341
600 415 647 457 560 425 602 447 58 424 144 456 308 412 460 471 522 324 535 341
600 415 647 457 560 425 602 447 58 424 144 456 522 325 535 340 281 413 428 471
260 413 410 471 600 415 647 457 559 424 602 447 58 424 144 456 522 325 535 340
258 412 399 471 599 415 647 457 559 424 602 447 58 424 144 456 522 325 535 340
599 415 647 457 559 424 602 447 58 424 144 456 242 413 375 470 522 325 535 341
599 415 647 457 212 414 352 470 559 424 602 447 58 424 144 456 523 325 535 340
192 416 331 469 600 415 647 457 58 425 144 456 559 424 602 447 523 325 535 340
187 413 324 471 600 416 647 457 58 425 144 456 559 424 602 447 523 325 535 340
173 414 299 470 600 416 647 457 58 425 145 456 559 424 602 447 522 325 535 340
600 416 647 457 58 425 144 457 559 424 602 447 522 325 534 340 175 413 288 470
144 412 270 470 600 416 647 457 58 425 142 458 559 424 602 447 522 325 534 340
126 413 251 471 600 416 648 457 55 424 134 459 559 424 602 447 522 325 534 340
600 416 648 457 51 424 128 459 559 424 602 447 125 414 242 470 522 325 534 340
98 415 218 469 600 416 648 458 559 424 602 447 522 325 534 340 51 424 122 458
66 414 205 468 600 416 648 458 559 424 602 447 522 325 535 340
66 413 197 467 600 416 648 458 559 425 602 447 522 325 535 340
55 412 175 466 600 416 648 458 559 425 602 447 522 325 534 340
53 412 165 466 600 416 648 458 559 425 602 447 522 325 534 340
600 416 648 458 37 410 149 467 559 425 602 447 522 324 535 340
32 410 143 466 599 416 648 458 559 425 602 447 522 324 535 340
599 416 648 457 559 425 602 447 29 413 135 464 522 324 535 340
599 416 648 457 12 413 116 466 559 425 602 447 522 324 534 340
8 414 107 465 599 416 648 457 559 425 602 447 522 324 534 341
599 416 648 458 559 425 602 447 3 413 89 467 522 324 535 341 95 428 135 453
599 417 648 458 559 425 602 447 2 413 82 466 522 324 535 340 89 428 134 453
559 425 602 447 522 324 535 340 85 428 134 454
560 425 601 447 522 324 535 340 57 425 128 457 11 421 57 462
560 425 601 447 55 425 129 457 522 324 535 340
599 417 648 458 560 425 601 447 55 425 130 457 521 324 535 340
599 417 648 459 560 425 601 447 55 425 130 457 521 324 535 340 1 419 25 465
560 425 601 447 521 324 535 340 55 425 129 457
560 425 601 447 521 324 535 340 55 425 129 457
560 425 601 447 522 324 535 340 55 426 129 457
560 424 601 447 521 324 535 340 55 426 129 457
560 424 601 447 521 324 535 340 55 426 130 457
560 424 602 447 521 324 534 340 55 425 130 457
560 424 602 447 521 324 535 340 55 425 130 457
599 417 647 459 560 424 602 447 521 324 535 340 55 425 130 457
599 417 647 459 560 424 602 447 522 324 535 340 58 424 144 455
560 424 602 447 522 324 535 340 55 425 129 457
560 424 602 447 522 324 535 340 55 425 129 457
560 424 602 447 522 324 535 340 55 425 129 457
560 424 602 447 55 425 129 457 522 324 535 340
560 425 602 447 55 425 128 457 522 324 535 340
560 425 601 447 55 425 128 457 522 324 535 340
600 417 647 458 560 425 601 447 55 425 128 457 522 324 535 340
600 417 647 458 561 425 601 447 55 425 128 457 522 324 535 340
560 425 601 447 55 425 128 457 522 325 535 340
560 425 601 447 55 425 128 457 522 325 535 340
560 425 601 447 54 425 129 457 522 325 535 340
600 417 647 458 560 425 601 447 54 424 129 457 522 325 535 340
560 424 601 447 54 424 129 457 522 325 535 340
560 424 601 447 522 325 535 340 54 424 129 457
560 424 601 447 522 325 535 340 55 424 129 457
559 424 601 447 522 325 535 340 55 424 129 457
559 424 601 447 522 325 535 340 55 424 129 457
600 417 647 458 559 424 602 447 522 325 535 340 55 424 129 457
600 417 647 458 559 424 602 447 522 325 535 340 55 424 129 456
600 417 647 458 559 424 601 447 522 325 535 340 55 424 129 457
600 417 647 458 559 424 601 447 522 325 535 340 55 425 128 457
600 417 647 458 559 425 601 447 522 325 535 340 55 425 128 457
600 417 646 458 559 425 601 447 522 325 535 340 55 425 128 457
600 417 646 458 560 425 601 447 522 325 535 340 57 424 146 455
600 417 646 458 560 425 601 447 522 325 535 340 57 424 146 456
600 417 646 458 560 425 601 447 522 325 535 340 54 425 128 457
600 417 646 458 560 425 601 447 522 325 535 340 54 425 128 457
601 417 646 458 560 425 601 447 523 325 535 340 54 425 128 457
601 417 646 458 559 424 601 447 523 325 535 340 54 425 128 457
601 417 647 458 559 424 601 447 523 325 535 340 54 425 128 457
601 417 647 458 559 424 601 447 523 325 535 340 54 425 129 457
601 417 647 458 560 424 601 447 523 325 535 340 54 425 129 457
601 417 647 458 560 425 601 447 523 325 535 340 54 425 129 457
601 417 647 458 560 425 601 447 523 325 535 340 54 425 129 457
601 418 647 458 560 425 601 447 523 325 536 340 54 425 129 457
601 418 647 458 560 425 601 447 523 325 536 340 54 425 129 457
601 418 647 458 560 425 602 447 523 325 536 340 54 425 129 457
601 418 647 458 560 425 602 447 523 325 536 340 54 425 129 457
601 418 647 458 560 425 602 447 54 425 129 457 523 325 536 340
601 418 647 458 560 425 602 447 54 425 129 457 523 325 536 340
