

887 433 1234 673 0 486 112 618 764 484 896 608 541 501 574 526 658 344 687 367 493 499 529 523 242 503 372 570 392 498 419 530 717 505 737 519 455 406 470 425
885 431 1253 676 0 482 106 619 780 485 901 616 541 500 574 526 658 343 688 365 493 498 529 523 240 502 370 571 716 505 738 520 511 500 536 523
882 430 1268 681 779 485 907 616 0 479 93 621 541 500 574 526 658 343 687 363 493 498 529 523 239 499 367 572 454 406 470 424
905 424 1274 692 780 483 912 617 0 474 83 624 540 500 575 526 492 497 530 524 659 341 688 362 239 497 363 573 620 504 637 516 453 406 471 425
780 481 918 619 911 424 1271 693 1 469 72 625 539 500 575 526 491 497 531 524 215 493 362 577 659 340 687 360 621 504 637 516 451 406 470 426
781 481 925 621 918 425 1269 696 537 501 576 528 490 497 531 525 211 493 361 578 0 462 61 630 658 339 688 359 369 498 393 533 450 406 469 427 444 504 467 523
925 425 1268 700 783 482 935 623 211 493 358 578 489 498 531 526 536 501 577 529 658 339 688 359 442 505 468 525 450 407 467 427 1 499 51 630 737 508 761 524
933 425 1267 703 786 482 945 623 211 494 355 579 490 499 530 527 534 501 578 531 658 339 688 359 1 505 34 629 442 505 467 525 449 408 466 428 738 509 761 526
797 488 951 635 943 422 1268 705 213 495 350 579 490 499 529 528 534 501 577 531 659 338 689 359 441 506 467 527 448 409 465 429 687 523 705 549 738 510 761 527
801 489 959 636 957 419 1270 707 489 500 528 529 534 502 577 532 215 498 345 579 660 338 689 360 687 523 707 550 670 508 688 525 440 506 467 528 447 410 464 431 620 505 634 520 737 510 762 528
800 489 965 638 970 413 1274 712 534 503 576 534 489 501 529 530 217 501 341 580 662 338 689 360 687 522 708 551 619 505 634 520 780 514 835 567 446 411 464 432 440 507 468 529
810 491 992 651 983 402 1276 718 535 504 576 536 488 502 529 532 191 504 334 584 663 337 690 360 687 523 709 552 619 507 635 522 669 509 690 528 781 510 859 568 736 514 764 534 446 413 463 433
816 490 1009 657 991 394 1276 719 536 506 576 538 489 504 529 534 188 506 332 588 664 337 691 359 785 513 861 570 668 509 691 530 620 509 635 524 689 523 710 552
822 490 1026 661 997 388 1277 719 536 507 574 540 489 505 528 536 184 506 328 591 787 515 865 571 665 510 692 530 620 510 636 525 665 336 694 358 737 516 765 537
1018 352 1276 719 831 489 1056 673 534 507 573 540 489 505 528 536 169 495 333 598 665 509 692 531 788 515 868 570 619 510 636 525 678 334 716 358
838 487 1069 676 1042 353 1274 719 148 497 324 600 533 507 572 539 488 505 526 536 665 509 692 530 792 505 896 571 619 509 636 524 680 332 717 354 692 522 714 553 736 515 764 537 597 509 613 523
847 485 1084 677 143 498 321 599 533 506 571 538 793 505 899 571 486 504 525 535 665 509 690 528 619 509 635 523 693 522 715 553 681 329 717 351 597 508 612 522
1099 362 1275 719 136 497 314 598 795 506 902 572 861 477 1137 702 531 505 571 537 484 503 524 533 665 508 690 526 692 508 717 542 596 508 612 521 620 509 633 522 449 406 470 425
870 478 1143 703 1115 361 1275 718 132 496 308 598 530 502 572 535 484 501 524 532 796 506 906 573 665 508 689 525 693 507 718 542 596 507 611 520 621 508 633 521 447 405 469 423 683 319 718 344
883 477 1172 705 124 498 301 596 528 500 572 533 482 500 524 531 797 507 910 573 666 506 690 524 694 506 719 541 683 316 719 341 620 507 632 520 597 506 611 518 447 404 467 422
892 476 1205 706 116 497 298 597 481 499 523 530 527 499 572 532 805 502 935 574 666 505 690 522 682 313 720 338 695 506 719 540 760 512 791 535 619 505 632 518 445 503 470 528
893 476 1244 708 109 498 296 597 808 502 936 573 481 497 522 529 526 498 573 531 681 310 722 334 666 504 690 522 759 512 791 534 696 507 719 539 697 522 720 549 446 502 471 526 619 504 633 517
890 476 1261 705 97 497 284 599 810 502 939 572 481 496 521 529 526 497 574 531 680 309 723 333 665 503 691 521 696 507 719 539 758 512 789 534 698 523 721 549 446 502 472 526 618 504 633 517
914 472 1272 706 89 498 282 600 481 496 520 529 813 502 940 573 524 497 574 531 679 307 725 330 664 503 690 521 696 507 719 539 698 523 721 549 759 512 790 532 446 502 471 526 618 504 634 517 596 504 613 516
922 473 1271 706 82 499 278 601 481 497 518 529 523 497 572 531 815 502 941 574 680 306 725 328 664 503 691 521 696 506 720 540 698 522 721 550 759 512 790 532 596 504 613 516 619 505 634 516
935 472 1270 707 72 496 271 604 811 495 1006 578 521 498 571 533 480 498 515 529 664 503 691 521 680 304 726 326 698 522 721 551 696 505 720 540 760 513 791 533 619 505 633 517 596 505 613 516
944 469 1270 708 64 495 266 606 815 496 1010 579 521 500 570 535 478 499 514 530 663 503 692 522 698 522 721 551 680 302 726 325 696 505 720 539 760 513 791 534 595 504 612 517
958 465 1272 709 819 496 1010 583 52 507 259 612 697 522 722 553 468 501 506 528 663 504 692 523 525 502 569 537 736 511 761 534 677 300 727 325 595 506 612 518 759 514 790 536
969 462 1272 709 819 497 1004 585 34 507 241 615 467 502 507 530 696 522 723 554 516 504 555 538 663 505 692 524 678 294 724 321 596 507 613 519 736 512 762 534 759 515 789 536 620 508 633 519
981 462 1274 707 821 496 1000 587 34 508 236 616 465 502 509 532 515 504 555 540 695 523 723 555 662 506 691 524 677 293 726 320 619 509 634 520 597 508 613 520 759 515 788 536 714 509 738 529 570 507 585 522
989 461 1273 706 822 497 996 587 30 506 231 618 464 503 509 533 694 523 724 556 513 504 555 539 661 505 691 524 618 508 634 520 675 291 726 319 596 508 613 521 759 515 789 537 314 500 344 548 569 507 585 522
825 498 999 590 21 506 222 619 462 503 507 534 1005 473 1276 702 693 523 724 557 511 505 553 538 661 505 691 525 596 508 613 521 618 509 633 520 674 289 726 316 694 501 724 541 759 515 789 538 317 499 345 550 539 507 570 535
828 499 1004 591 13 504 212 621 460 503 505 534 1056 467 1278 714 691 523 724 558 509 505 550 538 661 506 690 526 672 287 726 313 596 509 612 521 618 509 633 520 693 501 723 542 543 507 571 533 570 509 586 523
830 500 1008 593 8 506 202 620 689 523 724 559 458 502 504 534 507 505 548 538 692 500 723 542 671 284 727 310 596 509 611 521 1080 525 1269 711 619 509 633 520 663 508 688 527 547 507 571 531 571 509 586 521
9 505 198 620 830 499 1011 593 457 501 503 532 689 523 723 558 507 505 549 538 1105 536 1279 714 671 282 728 307 692 501 722 540 571 507 586 521 596 508 611 520 424 393 448 414
1 502 183 622 840 497 1074 597 456 499 501 531 690 525 722 557 504 502 549 537 691 503 720 540 423 391 447 413 570 506 586 520 671 278 731 305 760 514 788 536 595 507 610 519 1120 557 1279 714
1 499 176 623 842 496 1060 595 455 498 500 530 501 501 550 535 689 525 722 556 691 503 719 540 422 391 445 412 570 505 587 519
845 496 1045 595 0 496 170 625 454 497 498 530 689 525 723 556 496 499 550 535 674 267 730 297 691 502 720 540 571 504 588 517 419 389 443 410 594 506 610 517 366 497 392 545
847 495 1044 595 0 496 165 625 453 497 497 531 494 499 550 535 688 524 723 557 672 265 728 294 690 501 722 539 572 504 589 517 417 388 440 409 594 506 609 517
850 494 1050 596 0 496 155 627 687 523 724 558 451 497 496 532 494 499 549 536 670 262 728 290 661 507 687 531 573 504 590 517 415 387 437 408 689 499 723 539
855 494 1057 598 1 497 146 627 686 523 722 558 494 499 548 537 450 497 495 533 669 258 727 286 660 507 687 533 689 499 722 540 414 387 434 407 573 504 591 516 592 505 608 517
859 493 1065 600 684 522 721 558 2 496 138 629 450 498 493 535 688 498 722 541 669 254 728 283 660 507 688 534 412 387 431 405
862 493 1072 601 682 523 719 558 6 495 120 630 688 499 721 540 439 501 481 540 669 251 730 280
863 493 1080 602 680 523 716 558 4 496 113 628 643 508 664 529 487 500 534 536 687 501 719 539 573 503 592 516
864 492 1086 604 679 524 714 558 641 509 665 530 486 499 533 536 3 497 106 627 686 501 717 537 707 238 738 269 573 503 592 516 402 383 422 403
880 490 1116 607 677 524 713 558 639 509 664 531 486 498 532 537 686 502 715 536 706 236 737 265 400 382 419 402 572 503 591 516
881 489 1113 608 676 524 712 559 637 508 664 531 686 502 714 535 487 495 529 537 706 234 738 263 571 503 591 517 398 382 417 401
883 489 1116 609 674 523 712 560 635 506 665 531 687 502 714 533 570 503 589 517 396 381 414 401 705 231 739 259
887 490 1122 609 671 521 713 560 634 503 667 529 623 507 638 527 416 498 451 530 570 503 588 517 464 499 495 544 393 381 411 400 688 502 715 531
892 490 1133 610 668 523 702 556 412 496 461 531 622 506 639 529
893 489 1147 611 667 523 702 557 411 495 465 530 620 506 638 529 664 212 747 252 668 504 693 535
889 488 1162 611 665 522 701 557 408 495 462 530 619 506 638 528 663 208 747 247 667 503 694 539
908 486 1180 613 664 521 700 557 405 494 458 529 617 505 638 527 662 202 747 241 666 501 696 541
907 486 1191 613 401 491 456 529 663 520 699 557 616 505 638 526 714 507 738 536 663 196 747 236 665 498 698 544 453 487 508 542
908 485 1206 614 662 521 696 557 398 490 455 530 614 505 636 526 664 499 697 544 714 506 738 536 451 486 511 543 667 186 746 233
910 492 1222 630 660 521 694 557 395 489 454 531 447 483 520 544 613 504 633 526 664 500 696 542 713 506 738 536 666 182 748 228 736 508 762 534
887 492 1261 648 659 521 692 557 444 483 506 542 395 490 450 531 663 501 695 541 714 505 737 536 612 503 632 525 664 177 749 220 736 508 762 534 761 508 785 532
912 488 1277 650 658 521 691 557 440 482 503 541 662 172 750 213 391 494 437 530 713 505 737 536 663 502 693 539 611 502 631 525 736 508 762 535 761 507 785 532 604 502 618 525
912 489 1279 650 657 521 690 556 389 493 438 530 438 482 502 541 713 505 737 535 663 503 691 538 736 508 762 535 603 502 618 525 611 501 631 524 760 507 786 532 661 170 752 209
919 488 1279 652 655 521 689 557 385 492 438 531 663 155 752 205 713 506 738 536 536 501 572 541 600 502 617 526 663 503 689 536 736 508 762 535 760 507 786 532
926 486 1279 655 652 520 688 557 381 491 435 530 662 149 755 198 712 506 739 537 597 503 614 527 538 499 571 538 661 501 689 536 735 508 763 535 759 507 787 532 347 362 374 382
936 483 1279 659 378 491 431 530 648 521 688 557 711 505 741 537 594 504 612 528 559 501 592 539 661 501 689 534 735 507 764 535 541 499 569 535 808 505 841 540 661 143 755 192 759 507 787 532 346 360 371 382
942 483 1279 661 377 491 429 530 646 521 688 557 559 501 594 540 710 505 740 537 593 505 612 530 735 508 764 536 661 501 688 534 807 506 841 540 759 507 787 533 553 523 596 549 345 359 368 381 616 492 640 510 666 131 754 187
952 482 1279 663 375 490 427 531 645 520 688 557 559 499 596 540 494 481 528 518 710 504 741 537 735 507 765 536 806 506 842 540 591 503 613 533 557 523 599 549 664 126 757 179 660 501 687 534 759 507 788 533 343 358 366 380 783 510 817 538
962 479 1279 665 493 480 529 519 375 490 424 532 561 498 597 540 711 502 741 537 735 506 765 536 559 524 600 550 645 519 687 558 807 506 841 540 661 119 759 172 618 492 641 511 783 509 818 539 758 506 788 533 342 358 363 380
974 477 1279 666 491 480 530 520 711 501 744 537 367 495 410 530 643 520 677 555 561 485 610 544 617 492 641 511 733 505 765 537 642 499 671 539 808 506 841 540 672 105 765 161 564 524 600 549
984 476 1279 668 405 480 487 544 364 493 412 531 491 479 530 519 661 101 761 158 642 518 677 556 712 501 745 537 641 498 673 542 732 505 765 537 809 506 841 539
997 478 1279 671 402 478 487 544 360 491 411 530 490 478 530 517 642 517 677 556 582 499 621 541 713 501 746 537 729 504 765 538 637 488 683 552 666 94 770 148 808 505 841 538
1008 480 1279 678 395 478 482 545 489 477 530 516 358 490 408 529 585 498 624 542 642 516 677 556 729 503 766 539 714 501 744 535 668 75 771 133 808 504 842 537
393 477 482 546 1018 481 1279 685 667 68 773 126 355 490 404 528 589 497 625 542 639 501 673 544 728 500 767 539 829 503 867 542 809 502 843 537 590 480 615 520 323 353 351 373
389 477 481 546 1047 493 1279 679 354 489 402 529 638 501 673 544 590 496 627 542 728 500 767 539 667 63 777 121 809 501 843 538 830 501 868 541 591 480 616 518 323 352 349 373
383 477 480 547 1060 495 1279 684 670 46 783 110 637 500 673 544 728 499 769 539 353 490 399 529 591 497 626 539 548 488 567 505
377 475 476 549 1085 496 1279 690 731 499 770 539 636 499 673 544 546 489 566 506 592 499 622 534 671 26 791 93 352 490 395 531
372 474 473 550 1096 501 1279 694 672 19 793 88 733 498 768 538 547 490 565 506 593 501 615 528 756 499 790 536
360 476 468 548 487 476 531 518 1116 526 1279 708 735 497 768 538 592 501 611 525 344 493 384 527 672 13 794 80 548 490 564 505
358 475 466 550 487 476 531 518 592 501 608 523 632 516 671 558 592 487 609 511 735 496 769 537 342 493 380 528 687 2 801 62 549 490 564 503 810 497 887 547
353 474 464 551 591 501 608 523 487 476 530 517 630 515 670 558 680 0 807 53 593 488 609 511 811 497 889 546 549 490 563 503 735 497 772 536
347 474 463 553 590 501 607 523 631 515 669 558 488 477 529 516 593 487 610 512 809 498 891 547 549 489 564 503 1195 537 1278 707 689 499 714 522 678 0 814 42
343 474 461 554 589 501 606 524 632 516 669 558 488 477 528 516 592 486 609 512 808 498 893 548 688 499 715 522 1210 534 1278 714
338 473 460 556 589 501 605 524 633 516 669 558 488 477 527 517 592 486 608 512 807 499 895 549 688 499 716 523 755 499 790 542
335 471 458 558 588 501 605 524 632 517 670 558 488 477 527 517 626 487 675 552 591 485 608 512 807 499 898 549 754 497 789 542 687 498 717 523 295 333 321 357
327 471 451 559 588 501 605 524 630 516 671 559 487 476 527 517 829 499 904 549 591 485 608 512 294 332 319 356 755 496 789 540 687 497 718 523
323 472 449 560 588 501 605 524 626 488 679 552 829 499 905 549 591 486 608 511 294 331 316 356 687 497 718 523 754 497 841 549
316 472 446 563 627 487 681 552 588 501 604 524 830 498 909 550 592 488 608 510 292 331 312 355 755 496 842 550 437 481 475 518
310 471 441 565 627 485 683 553 588 501 603 523 626 517 672 559 549 489 563 505 833 498 913 552 593 489 607 509 434 481 475 520 758 495 842 551 290 330 310 353 688 497 719 522
289 470 445 572 627 486 685 554 833 498 917 553 588 502 603 522 430 481 475 521 550 489 563 504 288 329 308 352 760 495 842 553
281 470 440 572 624 488 683 555 832 498 919 555 429 482 472 522 587 502 602 522 287 328 308 352 581 500 595 522
273 472 437 574 622 488 680 556 580 502 594 523 649 483 698 550 587 503 602 522
264 473 435 576 579 503 594 525 655 482 701 551 276 326 299 354
252 474 421 582 579 504 593 525 616 521 654 563 658 482 703 551 480 493 524 528 272 326 296 354 850 510 934 562
246 475 417 584 578 505 593 525 616 521 654 564 665 492 698 545 850 511 936 562 269 324 294 354 666 521 697 554
235 472 412 588 577 505 592 525 616 522 653 563 666 493 698 545 849 511 942 563 668 522 698 554 266 324 291 353
221 470 407 592 576 505 592 526 615 523 652 563 667 493 699 544 851 512 945 563 668 522 699 553
207 468 403 596 575 504 592 527 615 523 651 563 667 492 699 542 852 512 949 564
185 469 389 599 615 523 652 565 575 503 592 528 852 512 950 565
171 468 382 603 614 522 651 566 574 504 591 528 571 490 584 508 678 523 711 555 670 484 718 549 850 511 952 566 612 488 658 557
153 465 376 607 614 523 651 566 574 505 591 529 679 523 713 555 671 484 719 548 872 512 966 569 617 499 644 534 612 488 657 557
137 463 372 611 614 524 650 564 573 507 590 529 681 524 714 555 681 499 716 543 618 501 644 533 872 512 971 571 524 503 543 521
