

527 325 743 517 375 369 500 458 0 606 1279 707
526 323 743 515 365 368 499 458
525 322 743 514 352 363 501 461
525 322 742 514 341 363 494 461
525 322 741 513 329 362 487 463
525 322 740 511 317 361 485 464
524 320 740 509 298 354 473 470
523 319 739 509 283 352 470 473
523 318 738 509 265 351 464 476
523 318 737 510 247 350 464 479
522 317 737 510 218 348 449 482
520 316 737 510 197 344 441 489
519 315 737 510 151 344 400 499
519 315 736 509 104 330 415 523
520 314 735 509 62 328 403 537
521 314 734 509 38 332 390 562
521 314 733 509 2 333 340 588
521 309 732 502 0 336 310 611
521 309 730 501 0 334 278 617
522 310 727 498 6 328 230 636
522 310 725 495 5 326 146 638
521 310 723 490 4 316 133 648
520 309 721 484
519 308 719 479
518 306 718 474
518 304 717 473
517 302 716 471
517 300 715 470
516 299 714 470
515 299 714 470
515 300 714 469
515 300 714 469
515 301 714 468
515 302 714 469
515 303 715 469
515 302 715 468 37 307 73 323
516 301 714 467
516 300 714 467
516 300 713 467 20 307 66 325
516 300 714 467
515 301 714 467 17 308 57 326
515 301 714 467
515 300 713 469
515 302 713 470
514 304 713 470 684 323 711 363
512 306 713 472 683 323 712 364
512 306 712 473 682 323 713 364
511 305 709 475 681 323 715 364
510 305 706 475 680 323 717 365
511 303 704 475 679 322 719 365
511 302 703 474 679 321 720 365 0 587 1279 697
510 302 703 472 678 321 722 365 0 587 1279 694
509 301 703 471 678 321 725 364 0 588 1279 694
509 300 703 469 678 321 728 364 0 586 1279 693
509 298 703 469 679 321 730 364 0 587 1279 694 127 296 234 318
511 296 703 468 680 318 732 363 0 586 1279 694 123 294 233 318
511 294 703 467 681 314 735 365 0 586 1279 695
511 292 703 466 683 313 737 364 111 291 212 316
511 291 702 465 683 312 738 364 107 290 209 316
511 290 701 465 683 312 739 364 496 323 520 363 104 289 206 316
512 291 702 467 688 312 746 364 489 320 522 368 103 290 204 317
512 292 703 469 690 313 749 364 479 316 529 375
512 292 704 470 691 314 751 366 474 318 529 377
514 293 704 471 692 317 754 367 469 318 529 380
515 294 705 471 694 318 757 370 459 316 535 385
516 295 706 471 449 316 528 390 696 320 760 372
516 296 706 471 442 314 530 391 698 319 761 372 0 584 1279 692
516 295 708 471 431 312 529 394 699 319 764 372
516 294 710 471 422 310 529 396 700 317 768 371
516 293 712 470 409 309 514 399 701 316 769 370
517 293 712 470 401 310 517 401 709 320 774 368
518 293 714 470 709 318 775 370 389 314 517 410
520 292 716 470 710 318 779 371 378 302 520 408 25 295 146 320
523 292 718 470 356 300 515 411 714 319 784 373 21 295 141 320 0 586 1279 688
525 292 719 470 343 306 512 418 715 320 786 373 0 588 1279 687
528 292 722 471 322 307 505 422 718 321 789 374 0 589 1279 687
530 292 724 473 308 307 496 426 720 322 791 374 0 590 1279 687
532 292 727 475 278 304 480 435 723 324 795 375 0 591 1279 690
533 293 729 475 260 305 471 441 731 328 800 376 0 591 1279 691
534 292 732 477 732 329 802 378 247 304 465 447 0 591 1279 694
533 291 734 477 199 304 438 456 733 331 805 379 0 592 1279 695
533 290 736 479 174 293 442 487 733 331 808 379 0 592 1279 697
533 289 736 479 130 294 418 492 733 332 811 379 0 593 1279 699
532 288 738 480 86 292 402 502 735 332 815 380
530 286 741 482 740 332 818 380 50 301 384 527
529 285 743 484 3 298 342 539 743 332 821 381 729 327 758 368
529 285 744 485 0 292 310 557 755 333 827 380 731 327 760 368
545 287 742 487 0 289 275 575 756 333 830 381 734 328 764 369
544 290 745 486 4 278 232 600 759 332 835 382 738 329 767 372
543 292 748 486 762 332 840 384 0 275 174 611 742 329 770 373
544 294 750 488 767 335 842 387 4 276 142 616 745 330 771 374
546 295 753 488 770 335 844 387
548 296 756 489 780 336 849 387
551 298 759 488 782 336 851 389 757 332 786 370 0 596 1279 691
552 298 761 489 783 336 855 390 759 332 788 372
554 298 764 487 788 336 860 390 762 333 792 373 0 598 1279 693
554 298 767 489 790 338 867 391 765 336 795 390 0 597 1279 693
554 299 769 488 792 339 872 391 768 336 798 391 0 596 1279 693
