

368 402 707 663 333 433 389 465
371 403 707 661 0 203 427 688 332 433 390 464
375 403 704 660 0 206 426 689 331 432 391 465
377 403 702 659 0 209 423 690 330 432 392 465
379 403 700 660 0 209 422 693 331 432 392 465
379 403 701 662 0 210 423 695 331 432 393 465
378 402 703 664 0 212 430 697 333 432 393 465
378 402 703 666 0 215 438 697 334 432 393 465
380 401 699 666 0 216 447 698
383 400 696 665 0 216 452 699
387 399 694 663 0 215 451 698
391 400 693 662 0 216 455 699
393 400 691 661 1 218 463 701
395 400 688 661 1 220 477 704
396 399 686 662 1 220 484 707
398 398 686 663 2 220 489 709
401 400 686 660 3 217 491 711
404 402 687 657 3 215 494 713
406 402 686 657 3 214 498 717
408 401 684 659 2 218 499 719
408 400 682 660 0 223 499 719
408 401 682 659 0 225 499 719
408 400 682 661 0 224 499 719
409 400 683 659 0 220 502 719
410 401 682 656 0 218 503 719
410 402 682 654 0 216 506 719
410 401 680 655 0 215 505 719
412 401 680 656 0 216 506 719
413 400 681 654 0 216 508 719
412 402 682 655 0 221 511 717
410 403 682 654 0 226 516 714
411 405 682 651 0 229 522 713
413 404 682 647 0 228 528 713
412 403 681 643 3 226 533 713
411 404 682 641 4 223 535 713
414 405 681 640 3 221 538 714
419 407 680 640 1 213 539 718
420 409 680 640 0 208 542 719
418 410 682 640 0 207 542 719
438 406 668 663 3 212 545 718
444 407 666 663 3 211 547 715
449 408 663 665 2 212 550 712
454 408 663 663 0 213 554 709
459 410 661 668 0 217 559 707
466 411 661 668 7 222 607 705
1 218 620 705 473 410 660 669
0 216 628 705 485 411 651 575
0 213 637 704
0 209 643 700
6 57 643 700
0 62 659 699
0 177 1072 692
0 186 1078 687
0 199 1092 679
0 208 1112 675
0 213 1126 675
0 215 1137 679
0 228 876 708
0 228 866 708
0 228 872 704
0 223 1157 692
0 226 1155 694
0 224 1150 693
0 222 1142 693 166 415 341 463
0 220 1144 694 162 415 347 461
0 219 1147 693 159 415 350 460
0 220 1146 693 161 415 347 461
0 220 1123 688 164 415 314 465
9 222 1103 685 162 414 318 467
28 229 1086 680 159 414 323 470 296 427 364 457 0 409 177 468
59 236 1041 700 159 416 323 469 0 409 170 470 297 427 365 459
154 413 345 470 41 239 1077 680 0 410 166 473 300 427 365 461
154 412 346 467 45 239 1080 678 347 411 606 484 293 424 374 463
157 411 344 465 163 226 1098 697 350 407 605 482 0 409 164 556 294 423 373 462
158 412 316 464 351 406 601 480 150 229 1105 696 0 409 162 564 294 424 373 462
155 412 317 463 93 222 1136 685 0 409 162 568 352 404 599 474 294 424 375 459
1 409 163 574 104 228 1149 687 153 412 318 464 365 408 595 465 295 424 365 455
119 224 1170 693 1 409 169 581 155 412 319 465 366 407 595 464 293 424 363 452
132 226 1185 700 0 408 178 584 153 411 323 469 367 408 596 463 295 424 361 451
207 204 1219 714 153 411 320 476 0 404 226 589 372 408 592 451
0 405 230 588 250 219 1224 711 155 410 317 482 371 408 594 451
0 406 234 588 252 218 1245 715 371 407 595 450 155 412 316 517
0 406 231 587 254 221 1249 716 154 411 320 520
0 406 228 587 152 410 328 524 264 231 1255 712
150 410 334 526 0 406 227 586 274 242 1254 705
149 410 335 527 0 406 227 586 361 247 1279 691 289 422 373 499
151 410 335 527 0 406 226 586 391 245 1269 695 289 421 373 500
151 410 334 526 0 406 226 585 405 233 1257 697 289 421 374 500 342 408 593 577
152 409 334 527 0 406 225 585 342 406 592 585 437 226 1245 702 289 421 373 501
152 409 334 527 0 406 225 585 342 407 590 581 583 219 1265 683 289 421 373 501
152 408 333 527 0 406 224 585 343 407 596 574 581 218 1270 677 290 420 373 502
151 409 334 527 0 406 224 585 340 404 626 627 289 420 373 502 593 215 1267 676
150 409 335 527 0 407 224 585 328 397 640 598 289 420 373 502
150 409 335 527 0 407 224 585 329 398 640 596 289 420 373 502
150 409 335 527 0 407 224 584 330 399 638 595 289 420 373 502 609 219 1261 695
151 409 335 527 0 407 224 585 329 401 639 593 289 420 373 502 609 218 1265 698
151 409 335 527 0 407 225 586 327 403 640 591 289 420 373 502 608 214 1272 693
151 409 334 527 0 407 225 586 326 404 642 588 289 420 373 501
