

752 380 844 446 352 352 469 457 702 372 735 405
752 379 846 446 347 352 468 458 702 372 736 405
751 378 850 447 341 352 467 459 701 373 737 405 733 355 796 407
752 379 853 448 338 357 463 464 702 374 737 406 734 355 795 407
754 380 855 451 337 358 459 465 702 374 739 407 736 358 794 419
758 382 857 453 736 357 796 419 327 363 450 465 702 375 740 408
761 380 866 456 735 358 797 420 322 365 450 465 702 376 740 409 444 387 521 438
761 380 868 458 736 358 799 421 317 368 447 466 701 376 740 409 442 389 520 437
762 380 869 459 736 358 800 421 313 369 443 467 700 376 740 408 438 390 517 437 487 385 531 421
763 380 873 459 738 359 802 422 306 360 438 471 701 377 741 408 436 390 516 436 485 386 529 421
765 380 876 459 295 359 433 473 738 359 804 423 701 376 742 406 431 389 517 436 484 385 527 420
767 381 883 463 287 358 428 475 702 377 743 407 428 389 518 437
768 382 890 467 281 359 423 477 703 377 744 407 418 392 505 443
768 383 896 471 277 361 421 480 704 379 745 409 414 392 504 444
776 383 904 473 742 357 818 430 259 357 417 482 703 379 746 409 411 392 505 445
776 385 909 474 744 357 821 430 248 359 413 486 703 379 748 410 407 392 502 445
782 393 916 482 745 359 823 434 234 359 408 491 703 380 749 413 403 393 502 447
787 395 920 484 747 363 832 437 223 361 402 495 703 382 751 415 394 397 482 451 461 391 513 440
793 397 936 489 748 363 833 439 703 384 752 416 218 360 397 499 391 397 485 452 460 391 511 439
749 361 837 440 789 392 940 492 703 382 753 415 386 396 485 452 214 359 393 502
794 390 949 494 748 360 842 442 381 395 481 452 702 380 754 414 176 349 388 503 449 387 505 441
797 389 961 495 749 359 847 443 376 394 476 452 170 347 383 505 701 379 756 413 443 387 503 441
794 389 968 498 750 359 849 443 368 396 458 453 161 348 377 508 701 379 758 414 440 388 501 440
803 390 981 508 754 358 852 446 146 351 373 513 363 394 460 456 702 380 761 415 442 388 499 441
804 389 994 513 756 356 855 448 357 392 463 458 703 379 763 415 109 354 365 515 436 385 492 441
810 389 1009 518 761 355 869 453 353 390 465 460 101 352 360 522 704 379 765 415
814 394 1029 528 760 354 873 453 349 390 467 461 92 352 353 526 704 378 766 415 417 384 496 444
760 353 880 454 817 392 1041 533 343 390 467 462 413 384 494 446 705 379 764 415 54 349 370 532
833 389 1063 542 760 352 886 456 335 406 431 468 410 383 491 448 18 344 332 548 711 378 771 419
841 387 1076 550 762 353 890 456 13 341 319 555 330 390 438 467 710 375 771 422 411 382 488 448
846 389 1090 555 763 353 891 457 8 336 307 560 320 403 430 471 710 377 772 423 410 383 485 448
768 362 894 464 2 331 288 566 313 408 414 475 849 396 1101 561 712 380 774 426 409 388 483 451
769 364 897 463 839 393 1166 572 305 408 417 477 0 325 269 570 713 383 775 428 397 390 474 455
848 399 1187 583 296 411 419 484 777 366 916 475 0 328 253 576 711 389 781 440 394 396 473 458
858 398 1209 587 289 412 420 486 777 364 922 477 0 332 243 578 712 389 784 441 390 398 471 460
780 362 929 477 877 409 1231 621 281 409 421 489 714 389 789 441 0 279 236 600 385 398 468 460
780 356 928 472 876 401 1260 633 273 408 396 487 381 393 465 457 714 378 790 428 0 344 218 604
899 397 1279 647 261 404 398 488 782 352 933 471 714 378 791 426 368 392 458 456 0 347 206 607
908 400 1279 655 783 351 935 473 363 392 458 459 714 378 793 427 253 403 398 489 1 340 180 617
926 407 1279 673 787 351 942 478 360 394 456 462 714 378 795 431 246 410 378 493 1 339 166 618
947 413 1277 689 791 350 951 481 358 395 452 464 716 378 795 432 235 409 378 496 0 336 151 619
966 415 1276 704 792 348 962 484 355 396 448 463 716 378 795 433 213 417 392 504 1 363 121 596
792 346 968 486 981 416 1274 707 352 396 445 462 716 380 795 431 206 414 373 507 2 358 110 604
803 344 979 492 998 424 1273 708 194 409 366 501 336 394 438 464 716 380 797 432
805 344 987 498 182 414 358 510 1040 428 1274 719 333 396 435 464 718 383 798 439
166 415 350 512 807 344 997 504 1062 444 1276 717 324 401 433 474 719 383 799 442
154 416 351 513 808 341 1006 508 720 382 799 441 320 400 428 474 1098 453 1279 719
811 338 1020 511 135 412 338 517 301 396 421 476 723 381 806 440 587 368 612 386 1128 448 1276 719
121 413 330 518 811 337 1034 514 296 390 414 471 722 377 809 434 586 368 612 385
105 413 320 519 829 331 1053 523 290 390 409 470 720 376 811 435 587 364 611 383
831 330 1061 525 92 414 315 520 720 374 813 435 274 392 402 480
66 411 301 530 803 336 1107 530 720 371 817 436 267 392 398 479
49 413 293 535 816 334 1117 539 261 391 394 480 721 369 821 437
32 415 285 541 823 333 1131 549 723 370 824 438 245 397 382 481
848 333 1150 561 9 419 269 549 239 401 381 485 723 381 827 446
1 425 258 559 854 336 1179 572 725 381 831 450 232 404 376 490
0 429 244 566 862 338 1205 582 728 381 834 453 207 410 369 496
0 429 229 570 871 338 1235 594 730 380 837 456 200 410 362 499
0 427 218 572 875 337 1254 601 729 378 839 456 190 409 356 501
732 371 846 458 175 406 348 503 876 336 1274 618 0 424 194 576
907 322 1275 642 731 370 849 458 166 404 343 504 0 420 185 583
913 315 1276 665 733 370 852 458 140 406 332 504 0 424 170 607
128 407 326 515 736 373 855 459 922 312 1278 674 1 426 155 609
114 407 317 518 738 374 860 463 944 308 1279 685 0 434 125 612
740 374 867 467 101 408 311 522 964 306 1278 692 2 445 110 607
75 405 294 532 740 374 873 472 988 337 1278 708 0 458 84 608
64 406 286 538 741 374 876 474 1011 321 1278 718 2 459 68 614
50 410 277 547 1033 326 1277 714 752 378 885 475
1061 332 1271 716 43 412 268 551 753 383 892 474
9 417 246 558 755 378 900 485 1100 338 1277 719
4 421 235 560 756 382 904 489 1124 353 1275 719
2 423 224 569 756 385 909 492 1143 356 1277 719
3 425 213 576 764 387 923 496
766 388 934 500 0 426 195 578
767 388 942 503 0 429 187 600
772 389 954 507 0 430 170 602
776 389 967 511 2 432 153 601
779 390 979 515 0 434 131 607
788 387 994 520 0 433 119 610
793 395 1006 528 0 436 89 621 717 372 734 385
800 394 1020 531 0 440 74 622 715 371 734 385
805 395 1038 535 714 372 734 387
804 395 1052 541 713 372 735 387 899 365 948 385
820 391 1075 552 713 371 735 386
825 392 1094 557 713 370 736 385
815 382 1128 571 711 369 737 386
834 386 1154 576 710 369 737 386
838 389 1175 590 709 369 737 387
844 387 1203 604 708 369 735 387
866 396 1220 638 709 371 734 388
871 397 1247 649 710 370 733 387
876 400 1267 662 711 369 733 386
904 402 1275 677 692 370 718 388
913 403 1272 694 690 368 717 387
924 405 1271 705 688 368 716 387
941 411 1270 711 686 367 715 388
961 420 1272 713 684 368 715 389
980 431 1273 715 684 369 713 388
