

452 469 564 551 582 512 628 585 839 373 1275 695 778 496 859 580 383 460 422 493 579 462 629 539 338 466 382 504
452 469 562 550 781 495 865 582 581 512 628 584 382 460 421 492 846 368 1274 697 578 460 630 539 335 460 379 496
454 466 560 539 581 511 627 583 782 493 875 583 577 458 631 540 856 358 1267 700 382 459 419 490 330 460 376 495
453 465 560 540 580 511 626 583 576 456 631 539 792 491 891 586 870 348 1261 703 365 461 411 493 325 458 375 495 385 459 418 487
452 464 559 540 794 493 897 586 579 511 626 582 576 455 630 540 883 331 1250 710 363 461 412 493 39 381 312 612 310 459 367 497
451 464 559 540 795 494 906 586 893 319 1246 714 579 511 625 582 28 373 305 616 361 460 411 493 576 455 629 540 308 457 367 502
451 464 558 540 18 366 299 624 919 316 1277 717 358 460 410 494 579 510 625 581 806 495 929 590 305 456 363 503 576 454 629 541
450 464 557 540 933 299 1272 698 795 490 949 602 8 358 298 635 357 461 407 494 300 455 358 504 579 511 625 581 576 454 630 541
450 464 556 540 948 296 1275 699 3 355 293 642 794 489 962 604 355 461 405 494 296 454 355 504 579 511 625 581 576 454 630 541
968 291 1279 701 450 465 555 540 3 352 284 644 807 490 980 610 353 461 402 495 579 510 624 582 288 455 363 503 576 454 630 541
445 467 553 553 981 284 1279 702 809 489 997 614 0 349 275 647 352 461 401 494 579 509 623 582 278 455 351 506 576 454 628 540
449 466 554 539 0 339 273 656 1027 265 1276 711 271 454 351 506 818 499 1016 621 350 460 399 495 579 509 623 582 576 454 627 540
449 466 554 538 263 454 350 506 1051 254 1274 713 0 324 270 664 579 509 623 582 822 498 1027 623 576 455 626 539 350 458 398 493
254 454 350 506 448 466 553 537 824 492 1083 631 0 302 253 678 578 510 623 582 1103 257 1279 703 335 455 394 499 576 456 626 539 541 474 571 507
829 492 1095 633 448 466 552 537 0 294 246 681 249 453 349 506 578 509 623 582 1132 266 1277 698 333 456 394 498 576 456 624 538 542 475 572 508
236 452 335 505 448 465 553 537 0 302 233 679 839 493 1093 636 579 509 622 582 329 454 391 497 577 455 625 539 543 474 572 508
229 450 332 506 447 464 553 538 0 312 219 677 850 495 1083 637 579 508 622 581 326 451 388 495 576 454 624 539
223 449 327 506 447 463 554 538 854 493 1156 645 0 319 207 677 579 508 622 581 323 452 385 489 576 454 625 539
447 462 554 538 214 446 318 506 865 496 1159 647 0 315 181 678 580 508 623 581 314 448 387 496 576 454 626 538
204 443 316 506 448 460 555 538 0 315 162 677 882 499 1150 652 312 447 383 495 577 453 628 537 581 507 624 580
449 459 556 538 196 440 312 507 895 499 1143 655 0 366 143 681 578 453 629 538 311 445 382 493 581 508 625 579
449 458 557 539 179 440 300 505 921 501 1197 663 302 443 377 495 579 453 631 539 582 507 626 577 0 380 124 682 109 447 172 482
172 439 298 505 450 458 558 539 297 442 376 494 930 503 1202 664 581 453 633 541 584 507 628 576 107 447 171 481 0 423 108 669
451 458 559 539 292 442 374 494 163 437 296 505 585 452 635 541 934 504 1251 683 587 506 630 575 0 413 69 677 564 467 585 510 109 445 164 481
452 457 560 539 288 442 372 494 142 438 280 507 942 507 1255 687 587 453 637 540 588 506 632 574 564 468 587 510
132 436 277 510 957 506 1264 692 453 457 562 540 285 442 370 494 588 453 638 539 590 507 634 573 565 469 587 509
453 457 563 540 113 437 266 512 971 502 1273 696 282 443 367 494 591 507 635 573 588 454 638 539 566 470 588 510 3 442 30 487
455 458 565 540 992 499 1279 698 270 443 361 495 84 433 271 515 594 453 643 542 595 507 641 574 2 441 29 487 567 468 589 510
457 459 567 541 265 445 360 496 69 434 261 516 1010 498 1279 697 596 453 644 541 598 506 642 575 0 441 28 488 241 444 278 476
260 447 359 496 459 459 568 542 1032 506 1272 691 54 434 257 517 599 453 647 541 601 505 644 576 0 442 25 488 235 443 276 477
38 430 225 524 257 446 357 496 465 455 574 543 1047 505 1274 691 601 453 649 541 604 504 646 575 0 444 24 487 234 443 274 478
466 457 577 542 19 431 218 527 252 444 354 497 605 454 653 544 1067 507 1272 688 607 504 649 575
468 458 580 541 247 443 353 499 7 432 210 528 1100 504 1279 695 609 455 657 545 610 503 652 574
230 442 347 502 0 430 185 533 471 460 584 540 1123 526 1275 706 610 466 658 565 587 469 612 510
226 442 346 503 0 429 174 535 473 460 586 540 1146 536 1275 704 611 466 660 568 588 471 614 511
220 442 343 504 477 462 589 540 0 425 157 540 623 454 667 537 591 472 616 511 1164 547 1273 705 622 503 665 573 696 386 913 578
214 441 340 505 481 463 590 540 0 422 141 543 627 455 671 534 700 385 924 578 629 512 664 568 410 453 446 476 361 448 395 474
198 441 332 505 485 464 592 541 5 417 111 551 707 384 930 582 633 513 668 568 632 455 675 534 686 474 716 515 411 453 448 476 360 447 397 474
192 442 332 506 492 461 598 541 0 414 87 555 688 475 720 513 712 382 933 582 636 513 674 569 636 455 679 537 360 446 398 474 412 453 449 476 91 447 143 484
183 442 330 508 495 460 603 541 708 375 960 596 692 477 722 511 0 407 67 564 360 446 399 474 413 453 452 476 70 446 158 487
498 461 608 542 177 442 326 510 718 376 974 598 61 446 162 487 706 475 739 519 414 454 455 477 465 459 489 473
160 443 319 513 503 462 614 543 707 477 744 517 51 446 167 488 724 373 989 601 650 474 695 563 654 513 688 569 468 460 489 474
154 443 315 514 506 462 616 544 709 478 748 518 50 445 165 488 731 371 1000 606 653 474 699 563 658 513 691 569 363 446 404 476 469 461 490 475
506 465 620 556 125 437 319 517 711 481 751 518 38 445 143 491 364 447 407 477 751 372 1055 613 659 505 701 576 471 463 491 476
513 465 626 556 763 372 1055 617 115 440 310 522 37 445 139 493 714 483 752 517 366 448 409 479 430 457 467 481 295 457 330 483 472 464 493 478
517 467 630 556 773 368 1071 626 105 443 304 526 38 446 134 496 366 449 411 481 638 480 660 514 430 458 470 483 671 507 714 576 728 482 768 520 290 459 330 486 717 485 750 515 473 465 494 480
521 470 634 555 86 442 286 530 782 369 1088 627 640 479 662 515 366 450 411 482 675 508 716 577 728 483 768 520 432 460 471 484 313 460 342 484 267 454 308 486 287 459 330 487 38 446 131 498 753 485 789 539 474 466 494 481
527 471 639 555 72 442 277 533 795 361 1104 631 681 509 722 579 264 455 308 490 730 484 770 520 367 452 412 483 312 460 343 486 435 461 474 485 754 486 794 538
58 442 269 536 531 470 643 557 260 455 307 493 685 509 727 578 734 484 772 519 809 358 1118 631 313 460 344 486 438 462 478 485
536 465 650 559 41 442 273 538 831 350 1200 646 737 484 776 518 254 454 308 495 374 453 421 485 314 459 345 486 689 509 732 577 768 483 824 540 440 461 481 486 493 470 514 483
539 467 651 558 20 439 240 545 839 346 1198 650 768 483 828 538 238 455 318 492 739 484 776 517 697 466 738 565 374 452 423 484 440 461 482 485 315 458 346 486 493 470 514 482
544 468 657 557 7 436 227 547 847 338 1206 657 236 456 318 492 701 467 743 564 376 451 424 484 767 481 839 539 318 458 348 485 748 483 790 518
548 468 663 558 0 434 214 551 853 331 1217 663 234 455 319 491 706 466 749 564 751 483 794 519 379 450 426 484 318 458 351 485 777 478 858 543 495 467 515 482
553 469 668 558 0 434 192 558 864 325 1231 670 781 480 862 541 233 455 320 491 755 484 798 519 710 463 754 566 381 450 427 483 319 457 354 485 449 457 495 484 496 465 517 481
555 469 670 559 0 431 186 561 873 320 1243 675 784 481 870 541 758 485 801 519 233 455 319 491 319 457 355 485 712 464 757 568 497 465 517 481
561 468 676 559 0 428 171 563 879 312 1255 679 235 454 319 492 762 485 801 517 318 458 356 486 793 480 889 544 723 468 763 563
566 470 678 559 795 481 896 544 0 426 154 565 234 455 319 493 885 305 1263 681 727 471 768 561 318 459 356 487 728 518 766 571 774 485 812 518
571 472 682 558 798 481 904 545 3 419 116 575 234 455 320 495 912 292 1273 694 732 471 773 560 318 460 357 489 733 519 771 573 774 486 814 519 680 477 706 520 458 460 501 486
575 473 685 558 803 481 907 546 232 456 319 495 922 284 1267 693 775 487 818 520 2 419 106 575 318 460 356 489 734 470 777 561 458 460 502 487 682 477 708 521
579 473 689 560 815 481 921 547 232 457 319 497 780 487 822 520 939 270 1266 691 318 461 356 490 458 462 501 487 0 412 77 580 737 511 783 575
582 473 691 562 819 483 927 548 231 457 318 498 950 257 1271 690 783 488 827 520 318 462 355 492 745 509 792 576 459 463 503 488 12 446 103 508
585 471 701 563 822 484 933 548 229 457 319 499 750 473 791 563 9 457 104 512 947 4 1269 709 317 463 355 492 459 464 504 489 787 489 830 519
587 473 704 563 224 455 309 500 825 485 936 549 753 473 795 563 3 457 105 511 958 0 1267 714 317 463 356 492 460 464 505 489
593 473 709 562 224 454 309 499 838 484 949 550 756 472 798 563 0 458 89 512 317 462 355 491 385 453 440 489 974 0 1266 715 460 463 506 489 795 488 844 530
597 472 713 562 221 454 311 499 841 484 955 550 0 448 86 512 1035 257 1279 703 317 461 354 491 759 471 802 564 385 452 440 489 461 463 507 489 798 488 849 530 765 519 801 574
601 471 717 561 220 453 311 499 844 485 960 551 1058 265 1279 696 0 448 85 512 317 461 353 491 461 462 508 489 385 451 439 488 803 487 852 520 515 471 538 486 761 470 805 566
602 470 720 562 218 453 311 499 845 486 964 553 1077 277 1272 688 0 448 85 511 315 461 353 491 461 461 509 489 772 476 808 567 515 471 538 486 805 487 855 520
216 453 309 499 607 467 726 564 852 485 982 557 1101 277 1279 690 314 462 352 491 0 448 83 511 461 461 509 489 776 519 814 572 515 471 538 486 565 472 591 484
609 468 727 564 858 485 987 557 214 453 306 498 312 462 352 491 1122 293 1279 682 0 447 83 511 779 520 818 572 514 470 539 486 565 472 591 485
610 468 729 564 864 485 994 558 211 453 303 498 1137 363 1279 691 309 462 351 491 462 461 510 488 783 520 822 573 0 446 81 511 514 470 540 486 810 489 880 531
613 469 732 563 866 485 996 559 208 452 300 498 307 461 351 490 462 461 508 488 785 519 825 573 0 445 82 510 514 469 540 486 815 489 882 530
619 470 735 562 871 485 1015 561 204 450 299 499 305 460 350 490 463 462 507 487 787 520 828 572 513 468 541 486 1160 493 1257 667 0 444 80 510
623 471 739 562 878 487 1020 560 201 447 299 499 304 460 349 489 462 461 506 487 513 468 543 485 1201 481 1279 679 789 520 829 571
627 471 741 562 887 487 1021 561 195 445 289 498 1198 505 1279 668 462 461 507 487 302 459 348 487 513 468 543 485 797 475 833 563 808 488 896 538
626 471 744 562 888 486 1040 564 192 445 288 497 798 474 834 562 461 461 507 487 514 468 544 485 302 458 346 486 1206 511 1279 671 828 489 900 537
626 470 747 562 892 487 1048 565 187 444 286 496 461 461 507 487 828 488 903 536 799 520 839 571 514 467 544 485 302 457 344 486 607 468 642 487 540 471 568 486
625 470 748 562 183 443 284 496 901 488 1051 565 827 488 909 537 286 456 344 487 803 520 842 571 462 460 507 486 513 467 543 484 607 468 641 487 539 471 568 486
627 465 756 566 178 442 283 495 907 488 1071 566 825 489 915 538 287 454 344 485 805 519 845 571 463 459 505 485 512 466 543 484 607 468 640 487 539 470 568 486
630 466 756 566 176 440 283 495 907 487 1082 575 285 454 344 485 806 518 847 571 828 490 920 539 462 459 504 485 512 466 543 484 607 468 639 487 538 470 568 486
634 467 759 567 173 439 283 494 915 488 1095 579 284 453 343 485 808 519 851 571 831 491 923 541 461 459 503 484 512 466 543 484 608 468 638 486 538 470 566 486 593 468 619 482
639 468 763 567 924 490 1105 583 167 440 266 493 282 452 340 486 460 459 503 485 811 520 853 571 832 491 925 543 512 466 544 484 593 468 619 482 538 471 565 486 609 468 637 485
643 469 767 568 931 492 1117 586 163 440 265 493 845 492 935 545 279 451 336 486 459 459 502 485 512 467 544 484 592 468 619 483 813 521 854 569 539 471 564 486
645 469 770 568 932 494 1122 586 159 439 264 495 846 491 937 545 278 451 332 487 458 459 501 485 591 467 620 483 511 467 544 485 813 476 855 565 539 472 565 486
646 468 772 568 944 492 1146 587 152 438 266 496 848 491 941 544 275 451 330 487 589 468 620 483 459 459 501 485 510 467 544 484 819 475 860 562 540 472 564 486
647 468 773 568 951 492 1155 589 146 437 267 498 852 491 945 543 821 475 862 561 588 468 619 484 275 451 328 487 458 459 500 485 510 467 544 484 540 473 564 486
648 468 773 569 960 492 1165 591 140 437 270 497 855 491 949 543 824 475 864 559 587 468 619 484 458 459 500 485 273 451 326 487 509 467 544 484 540 473 564 486
967 494 1173 593 649 465 781 573 137 438 269 497 857 491 950 543 826 475 866 559 586 468 619 484 456 459 500 485 509 467 545 484 274 451 323 486 540 472 565 487
650 467 785 573 128 437 248 499 971 495 1180 596 859 492 951 544 828 476 868 559 585 468 619 485 453 458 500 485 258 450 323 486 509 467 544 484 539 472 566 487
982 496 1213 602 651 469 789 572 124 436 245 499 868 491 964 547 255 450 323 487 584 469 619 485 830 477 870 560 451 458 500 485 509 467 543 484 539 472 567 488
991 496 1217 605 652 472 793 571 119 435 242 499 869 490 968 548 252 451 321 487 584 470 618 485 833 478 872 560 448 457 500 485 509 467 542 483 539 472 568 488
999 496 1223 606 653 474 795 571 116 435 243 499 871 492 971 548 251 451 317 487 834 520 874 569 585 470 617 485 449 457 500 485 509 467 542 483 540 472 567 488
657 477 799 572 1008 497 1230 606 874 494 975 550 110 436 223 499 252 452 313 487 585 470 616 486 447 457 500 486 836 481 877 561 356 436 415 485 509 468 542 484 653 472 690 502
660 477 800 573 878 496 977 552 1010 503 1242 614 104 436 222 499 252 452 309 487 584 471 616 486 447 458 499 487 838 482 879 562 655 473 691 502 356 436 413 485 509 469 541 484
1027 502 1271 617 662 471 802 580 99 437 221 499 881 497 979 553 584 471 616 487 252 453 305 487 841 481 885 564 447 459 498 487 657 473 692 504 354 435 412 485 510 469 540 484
1038 502 1274 620 661 471 805 581 95 436 221 499 886 495 993 558 843 482 886 564 584 471 616 487 448 459 497 488 658 473 693 504 253 452 302 488 345 434 422 487 511 470 538 484
1052 502 1278 624 661 472 808 580 89 436 223 499 890 496 998 559 584 471 615 487 846 483 887 562 659 474 694 506 448 459 497 487 344 433 421 488 235 453 296 488 511 470 537 484
1063 503 1279 629 668 474 818 585 83 436 226 500 895 496 1003 560 659 475 695 507 584 472 615 487 850 523 887 569 448 459 497 487 221 451 300 493 343 433 421 488
1076 504 1277 633 670 475 820 586 77 436 197 499 901 497 1005 561 660 476 697 508 219 451 297 493 852 524 889 569 440 463 486 490 584 472 615 487 851 485 891 560 342 434 419 488
