

199 349 411 533 0 377 92 704 399 0 1002 608 1086 337 1207 415
199 350 411 533 0 377 92 704 398 0 1002 606 1086 337 1207 415
199 350 411 532 0 377 92 704 398 0 1002 605 1085 337 1207 415
199 351 411 531 0 377 92 703 397 0 1003 604 1085 336 1207 414
200 351 412 530 0 377 91 703 398 0 1003 604 1086 335 1206 414
199 351 412 530 0 377 92 704 399 0 1002 604 1086 335 1206 415
200 350 412 530 0 377 92 704 400 0 1001 604 1086 336 1206 415
199 351 412 530 0 377 92 704 401 0 1002 606 1086 336 1206 415 152 408 208 436
199 351 412 529 0 376 91 704 401 0 1001 606 1086 337 1206 414 150 408 207 436
199 351 411 529 0 376 91 704 403 0 1001 608 1086 337 1206 414
199 350 411 529 0 376 91 704 403 0 1002 609 1086 337 1206 414
199 350 411 529 0 375 91 704 402 0 1002 609 1085 338 1207 414
199 350 410 530 0 375 91 705 401 0 1002 608 1085 338 1207 414 122 407 194 435
198 350 410 529 0 374 92 705 400 0 1001 608 1085 338 1207 413 112 408 197 442
199 350 410 529 0 375 92 705 399 0 1001 608 1085 337 1207 413 106 411 172 440
199 350 410 529 0 375 92 705 399 0 1001 609 1086 336 1206 413 91 412 184 445
199 350 410 529 0 375 93 705 399 0 1002 610 1086 336 1205 413 88 413 185 445
199 350 410 530 0 375 93 704 399 0 1002 610 1087 335 1205 413 84 413 185 445
199 350 410 530 0 376 93 704 400 0 1002 611 1087 335 1205 413 80 413 185 445
200 350 410 530 0 377 92 703 400 0 1002 612 1087 335 1205 413 77 414 186 444
200 350 410 530 0 377 92 703 400 0 1003 613 1086 336 1206 413
200 350 410 530 0 378 93 703 399 0 1003 614 1084 337 1206 413
200 350 410 529 0 379 93 703 398 0 1003 612 1084 337 1206 413
200 350 409 529 0 379 93 703 399 0 1003 610 1085 337 1206 412
200 350 410 528 0 379 93 703 399 0 1002 609 1086 337 1205 413
200 350 410 528 0 379 93 703 400 0 1002 609 1086 338 1206 413 1044 360 1095 391
200 350 410 528 0 379 93 703 400 0 1002 610 1086 338 1206 413 1042 359 1095 391
201 350 410 529 0 378 92 703 400 0 1001 610 1037 357 1095 391
201 350 410 529 0 378 92 704 401 0 1000 610
201 350 410 529 0 377 92 704 402 0 1000 611 1011 354 1093 398
201 350 410 529 0 377 92 704 403 0 1000 611 1009 355 1092 399
201 350 410 530 0 377 91 704 402 0 1001 610 1007 357 1091 399
201 351 410 530 0 377 92 704 401 0 1002 610 1086 338 1206 414
201 351 410 531 0 378 92 704 399 0 1003 609 1092 340 1245 413
201 351 410 531 0 378 92 704 397 0 1005 609 1091 340 1245 413
201 351 410 530 0 378 92 704 397 0 1004 609 1091 340 1247 412
201 350 410 530 0 378 92 704 397 0 1003 608 1091 339 1247 412
201 350 410 530 0 378 92 704 398 0 1002 609
201 350 410 530 0 378 92 704 398 0 1002 608 1086 336 1206 414
201 350 410 531 0 378 92 703 399 0 1003 609 1086 336 1206 414
201 350 410 530 0 378 92 703 399 0 1003 609 1086 335 1206 415
201 350 410 530 0 378 92 703 400 0 1003 610 1087 335 1206 414
200 350 410 530 0 378 92 704 400 0 1002 609 1087 336 1205 414
200 350 410 529 0 377 92 704 400 0 1002 609 1087 336 1205 415
200 350 410 529 0 377 92 704 400 0 1002 607 1087 337 1206 415
200 350 410 530 0 377 92 704 401 0 1001 606 1087 338 1206 415
200 350 410 530 0 377 92 704 402 0 1001 605 1087 338 1207 415
200 350 410 530 0 376 92 704 404 0 1001 606 1087 338 1207 416
201 350 410 530 0 377 92 704 403 0 1002 607 1087 337 1208 416 1200 336 1279 543
201 349 409 531 0 377 92 704 1193 333 1279 539 404 0 1001 607 1086 336 1208 416
201 349 409 531 0 377 92 705 403 0 1001 606 1190 335 1279 538 1086 336 1207 416
201 349 409 531 0 378 92 704 1162 341 1274 534 403 0 1001 605 1086 336 1203 416
201 350 409 531 0 378 92 704 1152 341 1268 533 400 0 1002 604 1088 335 1199 416 1159 443 1275 553
201 350 409 531 0 379 92 704 1145 343 1261 533 400 0 1001 603 1089 334 1196 416 1151 445 1272 549
200 350 410 531 0 379 92 704 1140 345 1253 529 400 0 1000 603 1090 334 1193 415
200 350 410 531 0 379 92 704 402 0 999 603 1137 347 1244 524
200 350 410 529 0 378 92 705 404 0 998 605 1112 349 1222 519 1123 442 1223 541 1053 355 1094 390
200 350 410 529 0 378 93 705 1106 345 1211 521 406 0 997 605 1116 441 1218 541 1049 355 1092 389
200 350 410 528 0 377 93 705 1102 344 1204 520 407 0 996 606 1111 441 1213 540 1046 355 1090 389
200 350 410 528 0 377 93 705 1098 344 1195 514 407 0 996 606 1098 440 1199 536
200 350 410 528 0 376 92 705 1093 347 1188 508 406 0 996 606 1091 441 1193 533
200 350 410 528 0 376 92 705 1080 351 1172 507 405 0 997 607 1088 427 1183 528
201 350 410 528 0 376 92 705 1076 352 1167 504 403 0 997 606 1078 445 1171 528
200 350 410 528 0 375 93 706 1070 352 1159 502 404 0 996 607 1074 446 1165 525
200 350 410 527 0 375 92 705 1063 351 1151 504 403 0 996 606 1068 430 1158 522 88 413 183 445
200 350 410 527 0 376 93 705 1056 351 1146 504 404 0 996 607 84 415 184 445
200 350 410 527 0 376 93 705 1052 352 1140 503 404 0 995 606 80 415 186 445
200 350 410 527 0 377 92 704 405 0 995 605 1047 429 1134 512 1033 354 1122 498
200 351 410 528 0 378 92 703 406 0 994 604 1033 354 1117 494 1045 429 1129 511
201 351 410 528 0 379 92 702 1029 354 1112 492 404 0 996 604 1034 427 1114 507
201 351 410 529 0 379 93 702 1026 355 1108 492 404 0 996 606 1039 427 1102 508 1195 414 1278 632
201 350 410 529 0 380 93 703 404 0 997 605 1021 357 1104 491 1092 340 1198 414 1190 420 1279 628 1036 428 1099 506 1201 319 1278 550
201 350 410 530 0 381 93 703 404 0 996 605 1016 359 1102 489 1167 423 1279 621 1089 338 1200 414 1200 310 1277 551
201 350 410 530 0 380 92 703 404 0 995 604 1157 422 1279 616 1166 322 1276 545 1017 349 1081 483 1086 338 1201 415 1011 425 1092 500
201 350 409 530 0 379 92 703 404 0 994 603 1152 422 1279 611 1162 324 1274 545 1014 349 1078 483 1008 426 1088 499 1085 337 1200 415
201 350 410 530 0 378 92 704 1155 328 1270 545 1136 423 1279 606 406 0 993 603 1010 348 1073 483 1086 337 1195 415 1006 427 1082 497
201 350 410 530 0 378 91 704 1149 329 1262 547 1131 425 1276 602 405 0 993 603 1007 349 1070 482 1087 337 1191 415
201 350 410 530 0 378 91 704 1143 331 1254 546 405 0 994 603 1125 430 1270 596 1000 354 1057 478
201 351 410 531 0 378 91 704 1138 334 1247 541 404 0 995 602 999 353 1056 479 1122 433 1263 593
201 351 409 531 0 378 92 704 403 0 996 603 997 352 1051 480 1119 342 1223 530 1096 410 1249 581
201 351 409 531 0 378 91 704 401 0 998 605 1094 415 1240 578 1115 339 1217 529 995 352 1046 479
200 351 410 530 0 379 91 704 1089 419 1230 573 1106 336 1208 532 399 0 1001 607 994 350 1042 480
200 351 410 529 0 378 91 705 1098 335 1202 532 1084 423 1224 569 397 0 1003 607 994 350 1039 480 148 409 209 438
201 351 410 529 0 378 91 705 1088 335 1196 532 397 0 1004 606 1078 424 1217 567 994 351 1036 479
201 350 409 529 0 378 91 705 1084 336 1190 527 398 0 1006 606 1074 424 1211 564
201 350 409 529 1074 344 1176 524 0 378 92 705 399 0 1006 606 1071 425 1205 562
201 350 409 529 0 379 92 705 1075 346 1172 517 401 0 1004 608 1055 421 1191 566
201 350 409 529 0 379 92 705 1069 345 1166 512 1061 416 1178 558 402 0 1002 607 111 409 200 443
201 350 408 529 0 378 92 704 1061 343 1160 511 1055 418 1169 555 401 0 1001 607
201 350 408 530 0 378 92 704 1053 340 1153 513 401 0 1000 608 1034 422 1170 555 102 413 170 440
200 350 408 530 0 377 92 704 1050 343 1147 514 401 0 1000 609 1031 422 1166 553 98 413 168 440
200 350 409 530 0 378 92 703 1045 347 1140 513 401 0 1001 609 1045 434 1146 550 87 413 182 445
200 350 409 529 0 377 92 703 400 0 1002 607 1041 351 1134 512 1040 435 1139 547 84 415 182 445
200 350 409 529 0 378 93 703 1028 356 1123 511 400 0 1002 607 79 415 184 445 1031 432 1128 547
200 350 409 528 0 378 93 703 1027 356 1118 511 401 0 1001 609 1030 432 1124 546 75 416 188 445
200 350 409 528 0 377 93 703 1025 354 1112 509 403 0 999 609 1027 431 1118 544
200 350 409 528 0 377 92 703 1021 352 1107 506 404 0 997 610 1024 431 1113 542
200 350 409 528 0 377 92 704 1018 350 1103 504 405 0 996 609 1020 430 1108 542
