

11 418 247 559 755 379 900 484 1100 337 1279 719
7 422 235 561 756 383 905 488 1123 354 1276 719
3 424 225 567 756 387 909 491 1149 404 1276 719
3 425 219 574 763 388 918 493 1211 440 1277 719
763 389 926 496 2 425 211 580
766 388 934 500 0 426 194 579
768 389 943 503 0 430 187 598
772 389 952 507 0 430 176 603
774 389 961 509 0 430 163 604
778 389 972 512 1 431 150 604
779 390 980 515 0 432 132 609
789 387 999 520 1 434 115 614
795 395 1011 528 0 440 85 622
802 395 1024 531 0 444 69 621 716 370 734 384
805 395 1039 535 896 366 947 385
817 393 1070 547 713 372 733 387 899 367 949 385
823 392 1080 554 712 371 734 387
827 392 1099 559 712 370 735 386
816 382 1128 572 711 368 738 386
837 390 1159 579 710 369 737 386
841 394 1181 592 709 369 736 387
845 393 1209 604 709 370 734 387
866 398 1219 635 1030 373 1057 404 709 370 734 387
871 399 1248 649 709 370 732 387
876 402 1269 663
905 405 1275 679
912 406 1273 693 690 368 717 387
928 413 1273 707 688 368 715 387
944 417 1273 715 686 367 715 387
963 425 1274 717 685 368 714 388
978 430 1273 715 685 369 712 388
996 433 1273 718 669 379 691 394
1008 442 1274 718 666 377 692 396
1050 452 1279 719 663 377 692 397
661 377 691 397 1065 460 1279 719
660 378 689 396
659 378 687 397 648 381 668 395
658 378 686 397 645 380 670 395
642 380 670 397 658 379 686 398
639 379 670 398 659 379 684 397
636 379 669 399
634 378 668 400
632 377 666 400
630 375 665 399 620 378 648 395
617 376 652 397
613 374 653 398
611 374 652 398
607 373 650 399
604 375 648 400
602 376 647 402
600 378 644 402
604 378 641 400 590 380 626 399
588 378 626 398
586 376 624 397
583 375 627 399
579 377 625 403
574 379 623 407
571 381 621 411
570 382 619 412
562 383 608 414
559 383 610 416
557 383 607 415
555 383 606 417
552 381 603 416
549 381 603 417
546 380 601 418 1092 399 1146 437
544 380 601 419
543 380 599 421
538 378 598 424
532 381 592 425
532 380 591 424
529 382 588 425
527 383 585 427
525 382 583 429
523 382 582 430
517 388 581 437
513 388 579 437
510 386 579 441
509 380 578 431
506 378 580 430
500 381 574 430
495 380 572 431
490 380 570 433
485 382 563 443
480 384 562 447
472 388 555 452
467 388 555 453
460 387 553 455
453 387 548 457
447 388 545 461
438 389 537 463
429 388 535 467
419 386 532 470
411 390 530 481
398 390 521 483
386 391 518 486
373 388 524 496
353 395 508 506
