

483 312 1229 667 409 406 454 487 140 410 182 485
461 315 1221 663 413 406 456 488 142 409 186 485
450 333 1200 608 1174 399 1219 432 415 406 458 490
432 337 1080 601 1176 402 1222 431
411 334 1081 591


363 295 1090 646 1193 400 1236 430
341 292 1112 646 1197 400 1239 430
272 301 1036 637 1200 401 1242 429
1203 402 1244 428 279 401 330 492
1206 404 1241 427 282 404 331 486
286 354 828 609 1219 401 1256 428 182 406 223 481
281 359 801 611 1222 401 1261 428 185 407 226 482 131 411 177 481
269 363 779 608 1225 402 1264 430 188 407 231 483
240 380 712 585 1229 404 1267 430
242 370 701 586 1252 401 1274 431
245 374 681 581 1246 401 1277 429
239 383 678 579 1249 400 1279 428
234 392 659 575 1256 400 1278 429
231 391 642 576
227 390 619 575
223 389 611 577
218 391 598 576
217 391 592 575
205 393 553 574
211 393 539 576
213 390 525 576
214 385 513 579
210 378 510 577
206 378 511 575
229 382 475 555
227 383 476 551
233 386 472 548
241 387 472 545
252 390 469 543
260 392 470 540
265 392 469 538
269 392 469 537
277 392 468 537
285 393 473 535
292 395 477 532
295 396 481 530
313 398 493 527
319 390 494 517
329 393 500 514
336 393 507 513
345 393 515 512
352 391 520 510
368 390 531 510
373 389 533 506
384 386 540 499
397 382 549 492
407 378 558 486
412 375 562 486
432 373 574 492
441 372 582 491
452 372 592 487
457 372 598 483

56 386 269 514
61 384 274 516



70 406 286 538
72 406 289 539
71 405 295 541
70 402 299 542
68 400 303 544
83 400 331 535
62 396 309 548
61 396 310 549
59 399 311 549
82 397 329 543
51 392 312 552
50 388 311 553
47 387 311 553
47 387 313 552
659 359 751 441 42 387 314 553
14 387 342 587
10 386 346 592
2 383 349 595
1 382 348 595 709 363 796 438
3 382 347 593
7 381 343 593 736 365 816 432
7 379 339 598
7 378 334 602
6 377 324 604
9 378 321 599
8 377 316 595 781 365 863 433
8 374 307 593 786 364 868 435



621 321 796 447


