

584 237 686 394 422 189 522 295 525 265 553 294 577 184 690 287 775 264 945 353 390 241 407 287
585 236 687 394 424 191 523 295 526 264 554 292 577 183 688 288 16 217 175 323
585 236 687 394 426 191 523 294 527 264 555 291 578 182 687 289
585 236 687 395 432 192 520 295 528 264 555 292 578 183 686 288 49 218 204 318 402 243 418 286
584 236 686 394 527 265 555 293 428 193 523 295 578 185 687 288 403 243 419 286
584 236 686 395 527 266 556 295 436 195 527 297 578 187 689 289 91 223 233 314
589 256 683 397 528 268 556 296 422 204 529 299 578 190 689 291 100 228 240 312
588 257 683 398 420 205 531 299 529 269 556 297 579 193 687 292 125 230 262 311
589 259 681 397 531 270 558 297 588 198 685 330 122 230 269 307
590 260 679 396 533 270 560 296 587 198 683 332 455 210 534 301 864 304 956 358 99 225 231 305
590 260 678 394 454 218 536 300 854 305 959 358 587 199 681 334 535 270 562 296 265 232 335 295 95 222 222 302
590 260 677 394 453 218 536 300 854 305 959 358 587 199 681 334 535 270 562 296 265 232 335 295 95 222 222 302
591 260 677 394 453 218 536 300 854 305 959 358 587 199 681 334 536 270 562 296 265 232 335 295 95 222 221 302
591 261 677 394 453 218 536 300 854 305 959 358 587 200 681 334 536 270 562 296 265 231 335 295 96 222 221 302
591 260 677 394 453 218 536 300 854 305 959 358 587 200 681 334 536 270 562 296 265 231 335 295 96 222 221 302
591 260 677 394 453 218 536 300 854 305 959 358 588 200 681 334 536 270 562 296 265 231 335 295 95 222 221 302
591 260 678 394 453 219 537 300 847 307 951 354 587 201 681 332 536 270 562 296 269 245 339 299 99 221 224 302
590 260 678 395 453 219 537 300 588 202 681 329 846 306 948 353 537 270 562 295
589 259 677 395 465 220 538 300 588 203 680 327 841 305 947 354 538 270 561 295 291 246 354 297
584 232 680 391 466 221 538 300 831 306 926 351 538 270 561 295
584 233 680 390 468 221 538 299 538 270 561 294 827 307 928 352 309 247 370 296 548 268 569 293
585 233 679 389 468 222 538 298 538 270 561 294 314 248 374 295
585 234 679 389 469 222 538 298 538 270 561 294 548 269 569 293 576 205 690 316 804 303 876 336 324 248 387 295
589 260 675 393 470 222 538 298 587 204 680 327 798 301 876 337 330 248 388 295 538 271 560 293 548 269 570 292
584 237 679 388 472 222 538 298 538 271 560 293 548 269 570 292 797 300 877 338 577 207 687 312
584 238 679 387 472 222 537 297 538 271 559 293 548 269 570 292
585 240 678 387 472 223 537 296 575 203 665 328 538 270 559 293 548 268 569 292
585 241 678 386 471 223 537 295 565 209 680 311 538 269 559 292
591 261 673 391 588 205 679 323
592 262 673 391 588 206 679 323
591 262 674 391 588 206 679 324
591 263 674 391 286 225 352 330 589 206 678 324
592 263 674 391 589 206 678 324 292 222 357 329
592 263 674 390 589 207 678 323 311 223 376 326
593 263 674 390 589 207 678 323 321 217 383 322
589 246 678 383 567 208 678 310 330 214 388 320 826 309 923 350
595 263 674 389 590 208 678 326 813 310 905 346
595 264 673 389 590 209 678 327 808 308 904 347
595 264 673 388 591 209 678 327
596 265 672 387 591 209 678 327
596 266 672 387 590 208 677 329
596 268 671 387 588 210 676 332 774 307 868 345 871 308 959 363 377 222 410 297 565 275 591 311
596 269 671 388 589 211 675 333 865 308 959 363 777 307 861 345 381 222 412 296
596 271 670 388 589 213 674 335 762 310 847 342 861 308 958 365
596 271 670 388 590 214 673 335 842 309 946 359 563 276 589 314 761 309 842 342
597 273 670 387 590 215 672 335 741 309 830 341 563 277 589 315 843 308 941 360
596 274 669 387 591 217 672 335 562 277 589 314 829 309 927 357 741 309 827 340
596 274 669 386 590 217 672 335 561 278 588 314 830 310 922 356
595 274 669 385 574 211 663 343 556 282 578 310 734 306 802 333
596 274 668 383 734 306 797 332 556 282 579 311 590 219 672 334 809 310 906 354
596 275 668 381 592 219 671 333 556 281 578 311 731 306 795 332 808 311 903 353
596 274 668 380 556 281 578 311 593 220 670 333 726 305 776 326 792 308 891 349
597 274 668 380 556 280 578 311 594 221 670 332 790 307 890 349 724 304 775 325
597 274 668 380 556 281 578 311 439 278 461 305 594 222 670 332
599 273 667 379 555 281 577 310 595 222 670 332 441 278 463 304
600 273 667 379 555 280 577 309 594 220 671 332 443 278 464 304
596 252 670 371 555 279 577 308 760 292 847 340 574 212 662 337
596 252 670 370 554 278 577 307 755 290 849 339 555 218 678 317
596 253 671 369 554 278 576 306 753 289 848 338 709 297 748 319 555 217 678 317
596 254 671 369 553 277 575 306 743 289 829 335 456 264 474 293 555 218 678 316
597 255 671 369 552 277 574 305 742 288 827 333 456 263 476 293 555 217 679 316
597 255 671 369 551 277 573 304 739 287 828 331 556 217 679 315
598 255 670 368 551 276 571 303 555 216 679 317
598 254 669 367 550 276 570 304
597 253 668 368 549 276 569 304 487 270 525 290
597 253 668 368 548 277 568 305 487 270 525 290 459 266 479 293
597 253 668 368 547 277 567 305 460 266 480 293 487 270 525 291
596 253 667 368 538 279 558 303
596 252 666 367 537 280 558 304
595 250 666 368 537 281 558 305
587 248 660 367 536 282 557 306
590 276 658 378 536 282 556 307
535 281 555 306
587 251 660 364 536 280 554 303
595 256 664 362 536 278 554 301
596 256 664 361 534 266 552 294
596 256 664 361 534 266 553 294
596 257 665 362
595 258 666 363 535 277 552 301
595 257 666 364 535 278 552 301
595 256 666 364
595 252 666 364 534 279 550 301
594 252 667 364 534 278 550 301
593 251 667 365 534 278 550 302
587 248 661 363 532 277 550 302
586 250 661 364 532 277 549 302
587 248 660 363 530 277 548 302
588 249 660 361 530 277 547 301
589 248 659 360
589 248 659 359
594 251 667 361
595 250 667 361 524 279 540 299
595 248 668 362 523 279 540 300
595 248 668 362 523 279 540 300
595 248 668 362 523 279 540 300
595 249 667 362 523 279 540 300
595 249 667 362 523 279 540 300
595 249 667 362 523 279 540 300
