

443 303 675 581 971 354 1269 683 761 390 889 445 549 31 653 83 396 382 456 425 84 364 170 425
443 303 675 580 971 353 1269 684 549 31 652 83 766 390 890 445 404 384 455 423 84 364 174 425
443 304 675 579 971 353 1269 684 549 31 652 83 770 389 888 445 85 366 180 425 758 377 797 457
443 304 675 578 971 354 1268 684 549 31 652 83 796 391 891 440 759 377 797 458 86 367 188 427 47 425 161 504
444 306 676 577 971 354 1268 683 549 31 652 83 804 391 890 439 759 377 798 458 87 367 194 428 47 425 161 504
445 307 676 577 971 354 1268 683 549 31 652 84 760 378 798 458 809 391 892 439 97 370 210 428 48 425 161 504
445 308 677 577 971 353 1268 684 549 31 652 84 760 378 798 458 94 369 217 429 813 391 894 440 48 426 161 504
445 307 677 576 971 352 1268 685 549 31 652 84 760 379 798 458 831 392 908 442 91 367 225 429 48 426 161 504
445 307 677 576 971 350 1269 685 549 31 652 83 88 365 234 430 760 379 798 458 837 392 910 442 47 426 161 505
445 306 677 576 972 350 1269 686 549 31 652 83 760 379 797 458 86 365 242 431 47 425 162 505
445 306 677 576 972 350 1269 685 550 31 652 83 109 365 255 431 760 379 798 458 46 425 162 505
446 307 676 575 973 350 1269 685 550 31 652 83 106 365 267 430 760 379 798 458 46 425 162 505
446 306 676 576 973 351 1269 685 550 31 653 83 138 364 275 428 760 380 798 458 46 424 162 505
446 306 676 577 974 352 1269 684 137 364 285 428 550 31 653 83 760 379 798 458 46 424 162 505 866 386 883 420
446 305 676 578 974 352 1268 684 166 363 296 428 550 32 653 83 759 379 798 459 47 424 162 505 866 386 883 421
446 306 676 577 167 364 306 429 974 352 1269 684 550 32 653 83 760 378 798 458 47 425 162 505 866 386 884 421
445 307 676 576 974 353 1269 683 170 365 311 429 549 32 653 83 760 377 797 458 47 424 162 505 866 386 884 421
444 308 676 576 183 365 329 428 974 354 1270 682 549 31 653 83 760 377 797 457 659 381 746 444 46 424 162 504 866 385 884 421
443 308 677 575 192 365 333 428 975 355 1270 682 549 31 653 83 659 380 753 445 762 376 797 457 46 423 162 505 867 385 884 421
443 308 677 575 975 355 1270 682 207 364 352 429 549 31 653 83 659 381 757 446 762 376 798 457 45 423 163 505 867 385 884 421
443 308 677 575 975 355 1271 682 211 365 361 430 549 31 653 83 669 383 768 446 762 376 798 457 45 423 163 505 867 385 884 421
227 365 380 428 443 308 677 576 974 355 1271 682 549 31 652 83 670 383 770 447 760 376 798 457 867 386 884 421 44 423 164 505
233 366 386 428 443 307 677 576 974 354 1271 683 549 31 652 83 671 383 777 448 762 375 798 457 867 386 884 421
443 307 676 576 974 353 1271 684 251 364 405 428 549 31 652 83 674 383 782 447 867 386 884 421 762 377 800 458
254 365 414 430 442 307 677 577 974 353 1270 684 549 31 652 83 867 386 884 421 762 379 801 459
442 307 677 577 273 364 430 429 973 353 1270 683 549 31 653 83 665 331 850 443 685 379 813 449 866 386 884 421
281 364 433 429 443 306 678 577 973 354 1270 683 549 31 653 83 666 332 853 442 692 378 811 449 866 387 883 421
444 306 678 577 290 362 436 430 973 355 1270 682 549 31 652 83 666 332 859 439
443 305 679 577 303 361 448 429 973 356 1270 681 549 31 652 83 726 384 874 445 667 333 866 438
310 361 449 430 442 304 678 577 972 356 1270 680 549 31 652 83 724 383 884 445 667 334 873 437
319 362 448 430 442 303 678 577 972 356 1270 680 549 31 652 83 755 388 884 445 666 335 876 441
443 303 677 577 971 355 1270 681 323 362 447 430 549 31 652 83 760 387 884 448 665 334 878 444
444 303 677 577 971 355 1270 681 345 363 456 429 549 31 652 83 764 385 887 449 665 332 879 445
445 303 677 577 971 355 1270 681 359 365 453 429 549 32 652 83 765 384 891 448 665 332 880 447 45 423 163 504
445 304 677 577 970 355 1270 682 368 364 453 430 549 32 653 83 760 377 798 457 666 332 882 447 45 423 164 504
445 304 677 577 970 354 1270 681 549 32 652 83 384 362 461 427 761 378 798 457 665 333 885 448 44 423 164 504
446 305 676 577 970 354 1270 682 550 32 652 83 395 364 455 426 761 379 799 457 825 387 915 441 664 334 889 446 44 423 164 504
445 305 676 577 970 354 1270 682 826 388 914 440 551 32 650 82 761 380 799 458 404 365 457 424 44 423 164 504
444 304 676 577 971 354 1270 682 828 388 913 438 552 32 648 81 761 381 799 458 44 423 163 504
443 305 676 576 971 353 1270 683 761 382 799 458 552 33 647 81 44 424 163 505 834 389 913 439
444 305 677 575 971 352 1270 684 761 383 799 458 552 33 647 81 45 424 163 505
445 306 677 575 972 352 1270 684 761 383 799 457 552 33 647 81 44 424 164 504
445 306 677 575 972 351 1270 685 761 383 799 457 552 32 647 81 44 423 164 504
445 306 677 575 973 351 1270 685 761 383 799 457 552 33 647 81 44 423 164 504
446 306 677 575 973 351 1270 685 761 383 799 457 552 33 647 81 44 423 164 505 866 385 884 421
446 306 677 575 973 351 1269 685 761 383 799 458 552 33 647 81 45 424 164 505 866 386 884 422
446 306 677 575 973 350 1269 686 45 424 164 504 552 33 647 81 761 383 799 458 866 386 884 422
446 306 677 576 973 350 1269 686 46 424 163 504 553 33 647 81 760 383 798 458
446 306 677 577 974 350 1270 686 553 33 647 81 46 424 163 504 760 383 798 458
446 305 677 578 974 351 1270 685 553 33 647 81 760 383 798 458 46 424 162 504
445 306 677 577 974 351 1270 685 553 33 647 81 760 383 798 458 46 424 162 504
445 307 677 577 974 351 1270 685 760 382 798 457 553 33 647 81 46 424 162 504 864 387 880 420
445 308 676 576 974 351 1270 685 760 380 798 457 553 33 647 81 663 380 749 443 864 385 880 421 46 424 162 504 839 384 856 422
444 308 677 575 974 351 1270 685 761 379 798 457 663 378 756 446 553 33 647 81 865 384 881 421 840 383 857 423 46 425 163 504
444 308 677 575 974 351 1270 685 671 378 771 447 763 379 798 457 840 383 858 423 553 33 647 81 865 383 882 422 46 425 163 504
444 307 677 576 974 351 1270 685 672 376 778 448 553 33 647 81 865 384 883 421 839 383 857 422 46 425 164 504 764 379 798 457
445 307 677 576 975 351 1270 685 553 33 647 81 865 384 882 420 838 384 856 421 46 425 164 504
445 308 677 576 975 350 1269 686 865 385 882 420 553 33 647 81 837 384 854 421 46 424 164 504
445 309 677 575 976 351 1269 686 836 385 853 421 864 386 882 420 553 33 647 81 46 424 164 504
444 309 677 575 975 352 1269 686 668 331 852 442 553 33 647 81 864 386 883 420 762 377 802 459 834 385 853 420 46 424 163 505
445 309 677 575 975 352 1269 685 762 377 802 458 553 33 647 81 46 424 163 505 864 386 883 420
445 309 677 574 974 353 1269 684 553 33 647 81 762 379 800 459 46 424 163 505 864 386 883 421
445 309 677 574 974 353 1269 684 553 33 647 81 667 335 874 437 46 424 163 505 760 381 798 459
445 309 677 574 973 352 1270 684 553 33 647 81 46 424 163 504
445 309 677 573 973 352 1270 685 761 386 883 444 553 33 647 81 46 424 164 504
445 309 677 573 961 326 1270 669 758 384 888 445 553 33 647 81 46 424 164 504
445 309 677 573 961 325 1270 670 761 382 889 446 553 33 647 81 46 424 164 505
445 308 677 573 961 325 1270 669 553 33 647 81 46 424 163 505
445 308 677 574 962 326 1270 669 553 33 647 81 46 424 163 505
445 308 676 574 962 327 1270 668 553 33 647 81 46 424 163 505
445 309 675 573 973 350 1270 686 553 33 647 81 46 424 164 505 760 384 799 458
445 309 675 571 972 351 1270 685 553 33 647 81 760 384 799 458 46 424 164 504
445 309 674 570 961 328 1269 667 828 379 914 443 553 33 647 81 45 424 164 505 760 384 799 458
446 309 674 569 961 329 1270 666 834 379 915 442 553 33 647 81 45 424 164 505
446 310 674 568 961 329 1270 667 553 33 647 81 840 380 915 442 45 424 164 505
446 309 674 567 974 350 1270 685 553 33 647 81 46 424 163 505
446 309 674 567 974 350 1270 686 553 33 647 81 46 424 163 505
447 309 674 566 974 351 1270 686 553 33 647 81 46 424 163 505
447 310 674 566 975 351 1270 686 553 33 647 81 45 424 163 505
448 311 674 565 975 351 1270 686 553 33 647 81 46 424 163 505
449 312 673 564 975 351 1270 686 553 33 647 81 46 424 163 505
449 313 673 563 975 351 1270 686 553 33 647 81 46 424 164 504 866 386 883 420
450 312 673 562 975 351 1269 686 553 33 647 81 46 424 163 504 759 384 797 458 866 386 883 421
451 314 673 562 975 351 1269 685 553 33 647 81 758 384 796 458 46 424 163 504 866 386 883 421
451 315 673 561 975 351 1270 685 553 33 647 81 46 424 163 504 865 386 883 421 758 384 796 458
451 317 672 560 975 351 1270 685 553 33 647 81 46 424 163 505 865 386 883 421
451 319 671 559 976 351 1269 685 46 424 163 505 553 33 647 81 865 386 883 421
452 320 670 558 976 351 1269 685 46 424 163 505 865 386 883 421 553 33 647 81 758 384 797 457
454 319 670 557 976 351 1269 685 46 424 163 505 865 386 883 421 553 33 647 81 759 384 797 457
456 320 669 555 976 352 1269 684 553 33 647 81 46 424 163 505 765 391 793 450 866 386 883 420
457 320 670 554 976 352 1268 684 553 33 647 81 765 391 793 450 46 424 163 505 866 386 883 420
458 321 671 551 976 352 1268 684 552 33 647 81 765 392 793 450 47 424 163 505
458 322 672 548 976 352 1269 684 552 34 647 82 765 393 793 450 47 425 163 505
463 330 669 530 975 352 1269 684 552 34 647 82 765 394 793 451 47 425 162 505
464 330 668 529 975 353 1269 683 552 34 647 82 764 393 793 452 48 425 162 505
466 329 667 526 976 353 1269 684 552 34 647 82 763 393 793 452 48 425 161 505
466 329 666 523 976 353 1269 685 760 384 797 457 552 34 647 82 48 425 161 505
467 328 665 521 977 353 1270 685 763 393 793 451 552 33 647 82 48 425 160 505
