

490 498 655 647 780 515 1002 602 1198 536 1274 703 689 505 815 587 385 523 423 547 442 518 472 537 590 445 609 465
490 498 655 648 780 515 1003 602 688 505 815 588 1201 539 1274 703 385 523 423 547 590 444 609 465 441 518 471 537 218 520 307 568
489 498 656 648 780 515 1003 602 688 506 815 589 1204 540 1274 703 385 523 423 548 590 444 608 465 440 519 469 537 217 520 306 567
489 498 657 649 780 515 1004 602 688 506 814 590 1207 539 1274 704 385 523 423 548 590 444 608 465 439 519 468 536 217 519 305 568
488 498 658 650 780 515 1004 602 689 506 814 591 386 523 423 548 1210 536 1275 705 590 444 609 465 439 519 466 536 215 519 306 567
487 497 659 651 779 515 1004 602 689 506 815 590 386 523 424 548 591 445 608 465 1213 537 1275 706 214 520 307 567 440 519 465 536 417 518 448 538
486 496 661 652 779 515 1004 602 689 506 814 590 591 445 608 465 385 522 425 547 213 520 307 567 440 519 464 535 1215 537 1276 706 417 518 447 538
485 497 662 652 778 515 1004 602 690 506 814 589 591 445 608 464 385 522 426 546 213 520 307 567 416 518 446 538
484 497 663 651 777 515 1004 602 690 505 813 589 591 445 608 465 384 522 426 546 214 520 305 568 416 518 445 538
483 497 664 651 775 515 1005 602 690 505 813 589 591 445 608 465 384 522 428 546 213 521 306 569 415 517 445 538
483 497 664 652 774 515 1005 602 690 505 813 589 591 445 608 465 383 522 429 546 212 522 306 569 415 517 443 538 137 477 178 572
483 497 664 652 773 516 1006 602 690 505 810 589 591 445 608 465 382 522 431 546 136 478 178 571
483 497 665 653 766 512 994 605 691 504 807 589 591 444 608 465 381 521 431 546 136 478 178 571 654 525 699 556
483 497 665 653 767 510 993 606 691 503 805 588 590 443 608 466 381 521 432 546 210 520 305 569 655 525 698 556 136 478 178 571
768 509 992 608 482 496 666 653 692 503 804 588 590 443 607 466 383 517 430 541 209 519 305 569 657 525 698 556 134 477 178 571
767 509 991 608 481 496 667 652 693 503 803 587 383 517 430 541 590 443 608 465 208 519 306 569 659 524 697 555
481 496 667 651 764 509 989 608 693 504 803 586 384 516 430 542 590 443 608 465 413 516 443 539
482 496 668 651 761 509 988 609 693 504 802 586 384 516 430 542 591 444 609 465 412 515 443 539
483 496 668 652 757 508 986 609 692 504 801 586 385 516 430 542 592 444 609 465 412 515 443 539
484 496 668 652 754 508 983 609 692 504 802 586 386 516 430 542 592 444 609 465 411 515 443 539
485 496 669 652 753 508 978 609 693 503 804 584 386 516 431 542 592 444 609 465 411 515 444 539
485 496 670 652 752 509 973 609 694 503 805 583 386 516 431 542 592 444 609 464 411 515 444 539
486 496 671 653 749 509 969 609 694 502 806 584 592 444 608 464 386 516 432 542 410 514 444 539
486 496 671 655 745 509 966 609 695 502 805 584 592 444 609 464 385 516 432 541 409 514 445 539
487 496 670 656 741 508 964 609 697 501 805 584 385 516 433 541 592 444 609 464 409 514 446 539
488 496 670 656 736 508 963 609 699 501 804 582 384 516 432 541 591 443 610 464 409 515 447 538
488 496 670 656 731 509 963 609 701 502 804 580 384 516 431 541 591 443 610 464 411 515 448 538
488 496 671 656 724 510 964 609 703 503 802 577 384 517 430 541 591 443 610 464 412 515 448 538
487 496 672 656 719 511 965 609 591 443 610 464 385 517 429 541 703 504 800 572 412 515 450 538 439 516 464 535
486 496 673 657 712 508 948 611 385 517 429 540 591 443 610 464 437 516 466 536 702 505 798 568 411 515 451 538
707 508 947 612 485 497 674 656 591 443 610 464 385 517 429 540 436 515 466 537 411 515 452 539
700 509 943 612 485 497 674 656 385 517 428 541 591 443 610 464 436 515 467 537
695 509 938 611 485 497 673 656 437 516 467 537 590 443 609 465 386 517 427 541
690 509 932 611 485 497 672 656 436 516 468 537 590 443 609 465 386 517 426 541 936 492 965 578
686 510 929 611 485 497 671 656 436 516 468 537 590 443 608 465 386 517 425 541 936 492 966 578
681 510 928 611 485 497 670 656 436 516 469 537 590 443 608 465 386 517 424 541 936 492 967 578
675 510 927 612 485 497 669 655 436 516 469 537 590 443 608 465 386 517 424 541 936 492 968 579
671 510 925 612 485 496 669 655 436 515 470 537 590 443 608 465 936 491 968 581 386 517 423 541
669 510 921 613 484 496 668 656 437 515 471 537 936 492 968 581 590 443 609 465 387 517 423 541
667 511 920 613 483 495 667 656 438 515 472 537 936 492 969 580 382 521 426 547 590 443 609 464
663 508 898 619 483 495 667 657 439 515 474 537 935 492 970 581 381 522 427 547 591 443 609 464 210 523 303 570
663 510 892 618 482 496 668 658 440 516 474 538 381 522 428 547 934 493 971 581 209 524 305 570 591 443 610 464
663 510 887 619 482 496 669 658 441 516 474 539 381 523 429 547 932 493 972 581 209 525 308 569 592 442 611 465
661 510 882 619 482 496 669 657 443 516 474 539 380 523 430 547 932 494 973 581 208 525 310 569 592 442 612 465
659 510 877 620 482 496 669 656 444 516 475 539 380 522 431 547 932 494 974 580 208 525 310 569 592 442 611 465
656 510 873 619 483 496 668 656 379 522 431 548 445 516 476 539 932 494 975 580 208 525 311 569 592 442 611 465
656 510 871 618 483 496 668 655 380 522 430 547 932 494 976 581 446 515 475 538 209 524 311 569 457 517 490 540 592 442 611 465 420 519 442 538
655 510 868 618 483 497 669 656 381 523 429 547 932 494 977 580 457 517 491 540 448 516 474 539 209 524 312 569 593 442 611 465 420 519 442 538
653 509 865 620 483 497 669 655 456 517 492 540 382 523 428 547 933 494 978 580 209 524 312 569 593 442 611 465 449 516 474 539 419 519 442 538
651 509 863 620 483 497 671 655 455 516 493 541 382 523 429 547 933 493 979 580 208 524 312 569 593 442 611 464 419 519 442 538
648 509 861 619 482 498 672 654 455 516 493 541 381 523 429 547 933 493 980 580 208 524 312 569 593 442 611 464 418 519 442 538
644 509 859 616 482 498 674 654 456 517 493 540 381 523 430 547 942 492 983 577 208 524 312 569 593 443 611 464 417 519 442 538
641 510 857 615 483 498 673 656 458 517 493 539 942 491 985 578 381 523 430 547 593 443 611 464 208 523 312 569 417 518 442 537
639 510 855 614 485 498 672 657 942 490 986 579 460 518 492 539 382 523 429 547 593 443 611 464 416 518 443 538 784 506 874 577
638 510 853 613 486 498 671 659 941 490 987 579 382 523 429 547 462 518 492 538 593 442 611 465 416 518 442 537 785 505 874 582
640 511 848 613 486 497 671 659 942 489 988 579 382 523 429 547 463 518 493 538 593 442 611 465 786 504 874 585 416 519 442 537
643 511 842 612 486 497 671 659 942 489 988 579 382 523 430 547 464 518 493 537 784 502 874 587 593 442 611 465 416 519 442 538
649 508 819 619 486 497 671 660 943 489 989 579 779 501 873 587 382 523 430 547 466 518 494 537 593 442 611 465 415 519 443 538
650 509 817 619 486 497 671 661 943 490 989 579 773 499 873 588 382 523 430 547 467 518 493 537 592 442 612 465 414 519 442 538
650 510 815 618 485 497 670 661 768 497 873 590 944 490 990 579 382 523 430 546 592 442 612 465 468 519 493 536 414 519 443 538
485 497 670 660 649 511 812 617 765 496 874 590 944 490 990 580 382 523 431 546 593 443 612 464 468 518 493 536 414 519 443 538
485 497 670 661 647 512 809 616 762 495 874 590 945 490 991 580 382 523 431 546 593 443 612 464 468 518 493 536 414 519 443 538
485 497 670 661 646 512 807 616 761 496 875 590 945 489 992 580 382 523 430 546 209 524 313 569 593 443 612 464 469 518 494 536 414 519 443 538
644 512 804 614 485 497 670 661 759 497 876 590 945 489 993 580 382 523 430 546 209 524 313 569 592 443 612 464 471 518 493 536 415 519 443 538
643 512 801 613 485 497 670 661 758 497 877 589 945 489 994 580 383 523 430 546 209 525 313 569 592 443 612 464 415 519 443 538
642 512 798 614 485 497 671 661 757 498 877 589 947 489 994 580 383 523 430 546 209 524 312 569 415 519 443 538
485 497 671 661 643 512 796 615 758 498 877 589 948 489 994 580 383 523 430 547 210 524 312 569 415 519 443 538
485 497 671 661 644 512 792 616 758 499 877 589 949 489 995 580 383 523 430 547 210 524 312 569 415 519 443 538
485 497 671 661 642 512 789 618 757 499 877 590 950 490 996 580 383 523 429 547 209 524 312 569
485 497 670 661 640 511 785 619 951 491 997 580 755 499 877 591 383 523 429 547 209 525 313 569
485 497 670 661 637 511 781 620 744 498 872 591 953 492 997 579 383 523 429 546 209 525 313 569
485 497 669 661 742 498 874 591 636 511 778 621 956 493 998 579 383 523 429 546 209 525 314 569
486 497 668 661 741 498 875 592 634 511 775 621 958 493 998 579 383 523 428 546 208 525 314 569
739 498 876 592 486 497 668 661 633 511 771 621 970 493 1002 578 383 523 428 547 208 525 314 569 484 517 511 536 415 519 443 538
737 498 877 592 486 497 667 660 631 512 768 621 970 493 1003 579 383 523 428 547 208 525 314 569 484 516 511 536 415 519 443 538 592 443 612 464
735 499 878 591 485 498 668 659 629 512 766 620 972 492 1004 580 383 523 428 547 208 525 314 569 483 516 511 537 593 443 612 464 415 519 443 538
485 498 668 659 734 500 878 590 628 512 764 620 383 523 428 547 973 490 1004 581 208 526 314 569 483 516 511 537 593 443 612 464 415 519 443 538
484 498 668 658 732 502 878 590 628 512 763 620 383 523 428 547 209 526 314 569 593 443 611 464 975 490 1004 582 483 516 511 537 415 519 443 538
484 499 668 658 732 503 879 590 383 523 428 547 627 512 762 619 209 526 314 569 593 443 611 464 483 516 511 537 415 520 442 538
482 499 668 657 732 503 878 591 383 523 428 547 629 511 760 618 209 526 314 569 593 443 611 464 482 516 512 537 415 520 442 538
479 499 670 656 732 503 878 591 384 523 427 546 621 513 743 612 209 525 313 568 593 443 611 464 482 516 512 537 415 519 442 538
474 498 672 655 732 504 878 591 384 524 427 546 624 513 739 612 209 525 313 568 592 443 611 464 481 516 512 537 415 519 443 538
472 498 673 654 732 504 877 591 384 524 427 546 627 513 736 612 592 443 612 464 481 516 512 537 415 519 443 539 980 491 1010 582
472 498 673 655 731 505 878 591 383 523 428 546 629 513 733 612 592 443 611 464 481 516 513 537 414 519 443 539
471 498 672 655 730 505 878 591 383 523 428 546 632 515 730 612 592 443 611 464 481 515 513 537 414 519 443 539
471 497 671 655 729 506 879 591 634 516 727 612 383 523 428 546 592 442 611 464 480 515 513 537 414 519 443 539
472 497 671 656 729 506 879 591 634 516 725 611 383 523 428 546 592 442 611 464 414 519 443 539 481 515 513 537 710 522 743 558
473 497 671 657 729 505 880 591 632 515 723 611 383 523 428 546 209 525 312 568 592 442 611 465 414 519 443 539 481 515 512 536 711 522 741 561
473 497 672 657 728 505 880 591 631 515 720 611 383 523 428 546 209 526 312 568 592 442 611 465 414 520 444 539 710 522 740 563 481 515 512 537
472 497 672 657 727 505 880 591 383 523 428 546 630 515 718 610 209 526 313 568 592 442 611 465 414 519 444 539 990 495 1019 585 481 515 513 537 710 522 739 565
472 497 673 657 727 505 880 592 383 523 428 546 649 517 709 610 209 526 313 568 592 442 611 465 414 519 444 539 991 496 1020 585 481 515 513 537 710 522 738 565
471 497 675 657 727 505 879 592 383 523 427 546 209 526 313 569 592 442 611 465 648 517 708 611 414 519 443 539 481 515 513 537 448 533 504 612
470 498 677 656 727 505 879 592 384 523 426 546 209 526 312 569 592 443 611 465 415 519 443 539 996 496 1027 589 481 515 513 537 446 534 503 612 648 516 707 611
468 498 678 656 728 504 879 592 384 522 426 547 415 519 443 540 592 443 611 465 997 496 1028 590 481 515 513 538
466 498 678 656 728 504 878 592 384 522 426 547 592 443 611 465 416 518 443 539 481 515 513 537 998 497 1029 591
464 498 678 655 729 503 878 592 384 522 426 547 592 443 611 465 415 518 443 539 481 515 513 537
460 499 677 654 730 503 877 592 384 523 427 547 592 443 612 465 415 519 442 539 480 515 513 537
457 499 676 654 732 502 876 591 384 523 427 547 591 443 612 465 414 519 443 539 479 514 514 536
