

539 399 637 480 362 426 417 465 562 305 583 327 686 448 714 492
361 426 416 465 562 305 582 327 686 446 714 492
360 427 414 465 562 304 581 327 685 446 713 491
359 427 414 465 562 303 580 327 685 444 713 491
357 427 413 464 562 303 580 327
356 428 412 464 562 302 581 327
354 428 410 464 563 302 581 327
352 428 409 464 563 301 581 327
352 427 409 464 563 298 582 319
537 400 636 477 351 427 408 464 563 298 581 318
537 401 635 477 351 427 407 464 564 298 580 318
537 402 635 476 350 426 405 464 565 298 580 318 449 421 468 437
536 402 635 476 349 426 405 464 565 297 580 317 449 421 469 437
535 402 635 476 347 425 405 463 565 296 580 317 678 447 709 494 449 421 469 437
535 402 635 476 346 425 404 463 564 295 580 317 677 447 709 495 449 421 470 437
535 403 635 477 347 426 403 464 564 294 579 316 677 448 709 495
535 404 634 478 347 426 401 466 564 293 580 316 676 448 709 496
535 406 634 479 343 423 404 470 676 449 709 496 564 292 581 315
536 407 633 480 343 424 403 471 675 450 709 495 564 291 582 314 556 291 570 315
535 407 633 480 338 426 409 472 563 291 582 314 675 451 709 495 556 290 570 315
535 407 633 480 337 427 409 473 556 290 570 315 563 290 582 314 670 446 700 494
534 406 633 479 325 428 402 474 669 447 700 494 555 289 569 314 449 427 467 444 564 289 583 312
533 406 632 479 323 428 401 475 669 447 698 494 449 427 467 444 555 288 569 312 564 288 584 311
533 406 631 479 321 428 400 475 669 447 696 494 448 427 467 444 555 287 569 310 563 287 584 309
532 406 631 479 318 429 400 475 667 447 694 494 448 427 467 444 555 287 570 309 562 287 584 308
531 406 631 479 316 430 400 475 666 447 693 494 448 427 467 444 555 285 570 308 562 286 582 307
315 430 401 475 449 427 468 444 665 447 693 494 555 284 571 307 561 285 581 306
315 429 399 476 449 427 468 444 664 448 692 493 555 281 571 305 562 283 582 304
315 429 398 476 449 427 469 444 564 282 584 302 555 280 570 303
314 428 397 477 449 427 469 445 564 281 585 301 554 279 570 301 1219 547 1264 650
313 429 395 477 449 427 469 445 563 280 585 301 555 278 570 301
311 428 391 476 533 407 629 476 448 427 469 445 661 445 690 491 563 278 585 301
309 427 388 476 448 427 469 444 661 444 689 490
307 426 388 475 448 427 469 444 661 444 687 489 562 273 582 293
306 425 389 474 449 420 473 439 563 272 581 293
305 425 388 474 449 420 473 439 563 271 581 292
298 425 383 474 449 420 473 440 562 270 583 292
296 425 381 475 537 405 627 472 449 420 473 440 662 429 687 470 561 269 585 291
296 425 381 475 537 405 626 473 449 420 474 440 663 428 686 469 561 268 584 291
295 425 380 476 537 404 626 473 449 420 474 441 665 427 687 469 560 267 586 289 555 267 571 289
294 424 379 476 538 404 626 473 449 419 474 441 666 426 687 469 559 265 586 287 555 265 571 288
293 424 379 476 539 405 626 473 450 419 474 441 668 427 688 467 559 264 588 285 554 263 572 286
292 424 378 476 540 406 626 472 450 419 474 441 669 428 687 467 558 263 588 283 553 262 572 284
292 424 377 476 540 406 625 471 450 419 474 442 670 429 687 465 558 261 589 282
292 423 375 476 450 418 475 442 671 429 686 465 557 260 590 280 644 431 665 469
291 424 372 476 450 418 475 442 671 430 686 464 556 259 590 279 645 432 664 470
291 424 372 477 450 418 475 442 556 258 591 279 671 430 686 464 645 432 664 469
289 424 371 477 450 419 476 441 556 257 592 277 645 432 663 468 671 431 686 464
287 425 370 478 555 256 594 277 450 419 476 441 645 432 662 467 671 431 686 463
283 424 368 479 645 432 662 467 555 255 593 275 450 419 477 441 672 432 686 463
281 423 370 479 644 432 662 467 450 419 477 442 672 432 687 462 555 254 593 275
279 423 371 479 643 432 662 467 673 432 688 462 449 419 477 441 557 252 593 276
278 422 370 479 541 410 621 467 642 432 661 467 673 432 689 462 449 419 477 441 559 248 589 269
272 422 357 479 541 410 622 467 642 433 661 466 674 432 690 462 449 419 476 441 560 247 591 269 689 429 704 466
272 423 357 479 541 410 623 467 675 432 690 462 559 246 593 269 641 433 659 464 448 419 476 442 689 429 704 465
271 422 356 479 541 409 624 467 557 245 595 269 675 432 691 462 642 432 659 463 448 418 476 442 689 428 704 465
270 421 354 479 542 410 625 467 557 243 596 268 675 433 692 462 448 418 476 442 641 432 658 462 687 429 703 465
269 421 353 479 542 409 625 467 557 242 596 266 675 433 692 462 448 418 476 442 687 428 703 465
268 420 353 479 542 410 624 467 557 241 597 265 675 433 693 462 457 417 486 442 640 431 656 461 686 429 702 464
267 421 352 479 540 409 624 467 557 240 598 263 675 432 693 463 457 417 486 443 685 427 702 465 640 429 655 460
266 421 353 480 539 409 624 467 557 239 598 262 675 431 694 463 458 417 486 443 684 426 702 466 640 427 655 460
264 421 353 481 538 408 625 467 557 238 598 261 675 430 694 464 458 417 487 443 684 426 702 466 640 426 655 459
263 421 354 482 538 409 625 467 557 237 597 260 675 430 693 464 685 426 703 467 458 417 487 443 641 426 655 459
261 421 354 483 539 410 624 467 685 426 703 468 557 236 596 259 458 417 487 444 676 430 693 464
259 421 354 483 685 425 703 468 540 410 623 466 458 416 488 444 558 235 595 258 677 429 693 464 622 432 642 467
257 421 354 484 684 425 703 468 540 410 621 466 458 416 488 444 559 233 594 256 621 431 640 466
256 420 355 484 684 425 703 468 458 416 488 445 539 409 622 467 559 232 594 255 621 431 638 466
254 420 355 483 683 425 704 468 459 416 488 445 538 408 623 467 560 230 595 253 620 431 637 466
252 419 356 483 683 425 704 468 538 406 623 468 459 416 488 445 560 228 596 252 619 430 636 467
251 418 354 483 538 405 622 468 682 425 704 467 459 416 488 445 619 429 636 468 562 226 597 251
249 418 354 483 538 404 621 468 682 424 704 468 460 416 488 444 618 429 636 468
249 418 353 482 539 404 622 468 683 424 704 468 461 417 489 444 618 429 636 467 445 420 464 438 561 220 592 245
248 418 352 483 539 405 622 468 683 423 705 469 461 417 489 444 618 429 637 467 562 220 594 244 446 420 465 438
246 417 352 483 539 405 623 468 683 422 705 469 461 416 490 444 562 219 595 243 618 429 637 467
246 417 351 484 538 406 624 468 683 424 705 469 462 416 490 444 562 218 596 243 617 431 637 468
245 417 351 484 683 425 706 469 538 407 623 468 461 415 491 445 562 217 596 242 617 431 637 468
237 416 345 487 683 427 707 469 537 407 623 468 460 415 493 446 617 431 636 468 562 216 597 242
236 416 344 487 683 427 707 469 537 407 622 467 618 431 636 468 561 216 599 241
235 416 344 487 683 427 707 469 537 407 621 467 562 216 600 240 618 431 636 468
235 416 344 487 683 427 708 469 537 407 619 467 619 429 637 467 562 215 600 238
234 417 343 486 683 428 708 469 536 406 618 467 463 415 494 446 619 428 638 466 563 214 597 237 442 420 466 439
234 417 343 486 683 428 708 469 535 407 617 466 464 415 495 445 619 428 639 465 564 212 595 236 442 419 465 439
233 417 343 486 683 428 708 469 535 406 616 467 464 416 495 445 619 428 640 465 564 211 593 235 442 420 464 439
232 416 343 487 683 427 708 469 535 406 616 467 465 416 495 445 619 428 639 465 563 210 593 234 442 420 464 439
229 416 343 487 683 427 708 469 535 405 615 467 465 416 495 445 618 428 639 465 442 420 463 440 563 209 594 233
227 416 344 487 535 405 613 466 682 426 708 470 465 415 495 446 618 428 639 464 441 420 463 441 563 208 595 232
226 416 345 487 682 426 707 470 535 404 611 466 464 415 495 447 618 428 640 464 564 207 596 231 440 419 464 441
225 417 345 487 681 426 707 470 464 414 496 447 536 404 609 466 618 428 640 464 565 206 596 230 440 418 465 442
224 417 344 487 681 425 707 470 464 415 496 447 619 428 640 464 536 404 608 466 565 205 596 229 441 418 465 442
222 416 344 488 464 415 497 447 681 425 707 469 619 428 641 464 536 405 607 466 565 204 596 229 441 419 465 441
220 416 345 488 464 415 498 447 620 429 641 464 681 425 707 469 536 405 607 466 441 419 464 441 565 203 594 229
218 416 345 488 464 415 498 447 621 428 642 463 682 425 707 469 535 405 608 465 441 420 464 441 565 202 594 229
216 416 345 488 623 428 643 463 682 425 706 469 535 405 607 466 671 427 694 464 442 421 464 441 566 202 594 229
213 416 346 489 624 428 643 462 534 405 606 465 681 425 705 467 671 427 694 464 669 448 700 480
212 416 347 489 624 429 643 462 670 426 694 464 668 447 701 480 681 425 705 466
211 416 346 490 625 428 643 462 669 427 694 465 668 447 701 480 683 425 705 463
211 416 344 490 625 428 643 462 668 427 693 465 667 447 700 480
211 416 342 491 625 428 643 462 668 428 692 466 667 447 699 481 578 193 621 222
