

488 259 782 497 1037 262 1263 534 858 287 1078 421 0 257 172 438 764 294 885 386 225 293 442 438 477 309 522 345 426 304 473 340
489 259 780 498 1047 265 1262 530 2 256 176 436 860 286 1080 422 781 295 898 387 245 292 452 435 478 309 522 344 187 324 239 354 428 305 474 340
489 258 778 496 1057 268 1262 526 2 257 179 434 783 295 901 387 867 286 1113 424 248 293 452 434 479 309 521 344 183 324 239 354 429 304 473 340
489 258 777 494 1067 271 1262 523 1 257 182 433 871 290 1121 438 785 295 903 388 251 293 452 434 178 323 239 354 480 309 521 344
489 258 777 492 873 288 1128 440 1076 273 1263 522 0 257 186 432 787 296 905 387 256 285 450 422 176 322 237 354 480 308 521 344 737 297 811 363
490 259 775 492 875 287 1129 441 0 257 188 431 1080 276 1261 521 259 285 450 420 788 296 906 387 178 322 233 354 480 307 521 344 737 297 811 363
490 261 775 490 880 287 1134 442 0 257 190 429 264 285 451 418 1090 282 1269 520 787 296 908 388 480 306 521 343 182 322 228 354 737 297 812 362
489 260 774 490 9 259 199 428 268 286 453 416 884 287 1142 443 779 289 928 391 1109 287 1267 556 480 305 522 342 741 297 798 363 763 301 819 378
488 258 772 489 13 260 201 424 272 287 455 415 888 288 1152 445 798 298 932 389 481 304 522 342 1125 289 1268 562 763 302 822 378 742 296 797 362 438 302 478 341
488 257 770 489 900 287 1184 448 19 262 205 418 276 287 456 413 785 290 943 388 1155 324 1262 547 481 303 523 341 753 299 830 378 438 301 478 341
489 257 770 489 904 286 1189 450 22 262 207 417 277 287 456 412 788 290 945 389 1162 320 1261 552 480 303 523 340 754 299 831 377 438 301 478 341 208 315 267 348
490 259 771 487 918 273 1215 479 27 262 212 415 279 288 457 410 790 291 951 388 480 303 523 340 753 299 832 377 1174 318 1261 556 438 301 478 341 207 315 266 347
489 260 771 486 920 274 1220 482 31 264 216 416 280 289 458 409 788 292 957 387 480 303 523 340 753 298 835 377 1204 313 1270 566 440 301 478 341 742 295 798 363 208 315 265 347
488 261 771 484 929 276 1234 484 35 265 220 417 281 290 459 408 787 293 962 386 480 303 523 340 752 298 837 377 1219 308 1270 573 742 294 797 364
926 278 1241 483 487 262 770 484 41 266 224 416 285 290 460 408 806 295 970 394 479 303 523 340 752 297 840 377 742 294 797 364
928 279 1248 483 487 262 769 486 292 290 460 407 46 269 227 413 808 295 972 396 479 303 523 341 750 297 843 377 741 295 797 363
932 280 1256 482 485 262 768 487 298 292 461 406 813 296 977 399 51 273 229 410 749 295 848 378 479 303 523 341 740 295 797 363
484 263 767 488 936 280 1260 482 301 293 462 405 816 298 981 401 63 276 239 408 747 294 850 379 479 303 523 341 740 295 797 364
482 263 767 486 943 279 1259 487 302 294 464 404 65 276 240 407 820 299 987 403 762 294 868 380 479 303 523 340 730 296 812 362 35 329 78 370
482 263 766 486 951 279 1258 493 303 294 464 403 822 298 993 405 71 275 239 407 763 294 868 381 479 303 522 341 32 328 81 370 742 294 798 364 257 310 305 348
481 262 764 485 959 278 1256 500 305 293 464 401 825 297 1000 407 77 274 238 406 765 294 868 382 17 324 90 375 479 303 521 341 255 311 303 349 742 293 799 364
480 263 762 486 967 280 1259 502 307 295 464 400 825 295 1006 409 82 273 239 406 765 294 869 383 13 326 89 376 252 310 302 350 479 304 520 340 742 293 799 365
480 264 761 487 978 279 1263 506 307 296 465 399 824 295 1012 410 85 274 244 406 768 294 871 384 6 328 82 376 742 294 799 365 478 305 519 339 250 309 302 350
480 264 760 489 991 279 1269 513 315 291 482 399 90 276 250 405 823 294 1020 411 772 294 874 385 4 327 82 376 741 294 801 365 242 313 286 347 478 305 518 338
481 262 761 492 1001 277 1273 518 837 293 1038 414 316 292 484 398 91 278 255 404 776 294 876 387 2 326 82 375 732 293 808 362 243 312 286 346 478 306 517 339
480 262 759 496 838 293 1039 416 1006 278 1273 521 318 292 485 398 96 280 259 404 776 294 878 388 733 293 808 362 14 322 96 374 244 310 285 346 478 307 518 340 279 303 327 347
480 262 759 496 841 292 1043 417 320 292 486 398 1011 277 1273 524 101 279 263 404 776 293 879 388 733 293 809 362 278 303 327 347 479 306 518 340 5 327 82 374 245 308 284 345
479 262 759 495 846 292 1053 418 324 292 488 396 107 280 267 405 1030 276 1260 569 775 293 880 388 733 293 811 363 277 304 326 348 480 306 518 339
478 261 760 493 850 293 1063 418 325 292 489 395 1036 276 1257 569 110 280 269 406 782 299 892 388 733 293 812 364 1070 295 1119 357 276 305 327 350 6 334 74 373 481 306 517 339
476 261 760 491 856 296 1073 430 325 294 490 394 1045 277 1257 566 111 280 269 405 782 300 895 388 1069 296 1118 359 731 293 813 365 276 306 326 351 5 334 69 376
474 262 760 489 857 295 1081 431 326 294 491 394 1054 280 1262 561 783 299 898 389 124 283 275 404 731 292 815 366 1067 295 1117 359 275 307 325 351 4 334 62 377
473 262 760 487 327 294 491 394 857 293 1090 434 788 297 902 390 1065 283 1268 557 128 284 277 403 731 290 818 368 91 332 143 370 1066 294 1115 357 273 306 323 351
472 261 759 487 871 293 1112 438 339 298 477 391 793 296 904 391 135 283 279 402 84 330 147 370 1090 291 1271 559 732 288 821 369 1070 293 1107 338 1 330 32 376
472 260 758 488 874 291 1118 439 340 297 476 389 805 300 918 391 140 281 280 401 1094 332 1269 528 743 288 836 374 79 329 147 369 0 329 31 378 1070 292 1106 336
472 259 758 489 877 291 1128 441 804 298 921 392 344 296 474 388 143 279 281 400 1104 341 1267 530 743 288 837 374 71 324 151 370 1 329 21 377
880 291 1139 441 472 259 759 489 806 295 924 393 347 294 473 387 145 279 282 399 744 288 839 374 65 324 150 368 1113 343 1270 530
472 260 760 487 883 292 1154 442 808 293 929 393 350 292 472 387 745 288 841 373 149 279 286 396 1144 340 1267 538 56 324 151 368 1208 308 1264 379
472 261 761 487 810 292 932 393 881 293 1165 444 352 291 471 387 747 289 843 372 151 280 288 395 1155 341 1268 537 43 323 141 368
472 262 760 486 899 292 1176 450 811 294 935 392 357 291 481 385 747 288 845 371 40 324 136 367 153 281 293 393 1165 340 1268 539 1205 307 1264 384
471 262 759 484 908 293 1191 454 359 292 481 384 825 298 953 393 159 280 298 390 748 288 849 371 34 323 131 368 306 314 350 343
470 263 757 484 916 293 1207 457 361 293 481 382 823 298 962 395 164 279 302 387 749 287 852 371 13 323 114 370 303 314 348 342
469 263 757 482 928 288 1239 475 361 293 482 383 830 298 972 401 757 288 868 377 11 324 105 370 169 279 305 386 143 313 182 351 300 314 347 342
468 264 758 482 927 289 1243 476 833 298 975 402 361 294 482 383 758 288 868 378 8 325 102 371 170 281 306 386 140 318 182 355 300 315 348 344 933 160 989 183
468 267 758 482 929 290 1252 480 838 298 982 404 362 294 483 383 759 288 869 378 5 326 98 373 185 281 310 381 135 317 184 356 300 316 348 346 932 161 991 184
468 269 757 481 934 289 1257 486 839 298 990 406 365 295 485 383 761 290 877 383 188 282 311 380 131 317 188 357 3 324 88 375 302 317 348 345 933 161 993 185
468 272 756 481 940 289 1263 492 840 299 997 408 367 296 486 383 764 291 879 383 3 324 85 375 190 293 312 384 126 317 193 358 305 318 348 344 935 162 995 185
468 273 755 482 947 287 1265 498 839 298 1002 410 369 298 487 382 766 291 880 384 194 293 314 383 2 325 79 376 124 314 200 360 308 318 351 343 937 162 996 185
469 273 755 483 954 289 1262 502 369 299 488 382 838 297 1006 410 767 291 880 385 198 293 315 384 121 315 201 360 1 325 74 377 311 318 353 343 732 282 813 361
470 274 753 486 372 300 489 382 964 291 1261 505 769 291 882 385 203 291 317 384 835 296 1011 410 117 315 199 361 1 324 58 379 315 318 355 343 732 282 814 362
470 274 752 488 373 299 490 382 851 297 1024 415 970 293 1260 506 206 291 318 385 769 292 884 385 113 315 196 361 1 324 52 381 317 319 354 343 732 282 814 362
470 274 750 489 375 299 490 382 852 297 1030 416 974 294 1263 507 776 290 899 387 208 290 320 386 109 315 194 361 319 318 355 343 732 284 813 363 359 310 398 346
471 275 747 488 858 294 1046 419 374 299 490 382 985 291 1266 511 777 290 903 388 212 280 316 383 97 316 184 364 733 284 815 365
472 276 744 487 861 296 1066 431 779 291 906 389 373 299 490 382 995 289 1270 514 217 289 332 386 95 316 179 365 734 284 816 367 1 333 53 458
473 276 741 488 863 293 1081 435 782 292 910 389 373 299 490 382 222 281 331 383 1011 300 1273 537 0 336 59 457 91 317 174 365 744 286 835 369
474 276 740 488 863 293 1083 435 783 292 911 389 374 300 490 382 1016 299 1273 540 223 281 331 383 0 335 62 455 89 317 172 364 745 285 835 369
474 275 739 488 867 293 1101 436 785 292 913 389 377 302 491 382 1023 299 1273 544 226 282 333 382 1 316 71 458 86 317 170 363 745 284 836 371
473 275 738 486 869 294 1102 435 786 292 914 389 229 281 335 383 379 302 490 381 1038 290 1264 556 2 316 75 453 747 284 836 373 83 317 169 364
472 276 737 485 872 295 1104 435 788 291 915 390 231 281 337 384 381 302 490 381 1043 290 1263 557 4 316 81 449 748 283 836 375 75 318 159 369
877 294 1117 436 473 275 738 483 234 281 338 383 1054 291 1266 553 793 288 930 393 384 301 488 380 2 313 87 445 750 282 837 375 70 316 154 368
883 293 1132 438 473 274 738 483 237 281 338 382 385 300 489 378 1062 290 1269 550 794 287 935 392 752 281 838 373 0 310 93 443 65 313 151 367
474 273 737 482 241 280 338 381 5 307 108 438 786 285 941 385 386 299 489 377 892 292 1144 441 1091 295 1271 550 753 280 840 372 61 311 145 367
472 271 735 480 908 289 1181 448 6 302 117 438 244 280 338 378 784 283 948 385 388 299 487 375 1105 297 1270 552 754 278 843 371 62 171 104 245
472 270 734 478 914 287 1186 451 245 282 345 374 6 298 122 438 779 281 952 386 390 299 485 375 1117 300 1269 554 756 277 844 370 58 170 101 245
918 286 1192 451 472 266 735 476 5 294 127 439 389 297 483 367 246 282 345 371 778 279 956 385 1135 324 1271 535 757 275 846 368 56 169 100 245
470 263 736 473 920 285 1201 451 248 282 344 370 6 294 129 440 389 297 482 365 779 278 958 384 1146 329 1270 535 758 275 847 366
477 265 721 469 927 278 1218 473 6 295 137 436 813 282 975 389 251 283 343 370 388 297 482 364 761 277 868 370 1163 336 1267 539
931 282 1235 476 476 264 721 469 818 282 979 390 254 284 343 371 10 295 142 434 388 297 482 364 762 278 871 370 1176 339 1265 543
939 284 1243 480 475 263 720 469 824 280 990 392 257 283 347 368 389 296 482 364 764 276 875 372 12 286 152 422 1211 319 1267 561
951 284 1253 483 475 262 720 468 260 282 353 365 826 279 999 393 399 297 488 366 766 275 875 373
963 283 1262 487 474 261 719 468 264 281 358 363 400 297 487 365 828 277 1008 395 768 274 875 374 147 298 229 352 216 313 264 347 70 296 157 434
969 283 1267 489 474 261 718 467 266 281 358 362 400 298 486 364 825 278 1012 396 770 275 876 375 215 311 267 348 146 297 226 353
976 284 1269 493 474 262 718 466 401 298 486 363 268 280 358 362 821 278 1017 398 770 275 876 375 214 311 267 348 144 295 224 352
474 262 718 465 983 285 1270 497 401 298 486 362 270 279 357 361 839 281 1035 403 771 276 877 375 212 310 267 347 143 294 222 352
474 261 718 465 990 288 1273 500 402 298 486 361 839 279 1037 404 273 279 356 361 772 276 877 375 210 311 266 346 128 312 185 396 0 114 146 552
474 261 717 466 998 289 1273 502 404 298 486 362 842 278 1038 405 274 280 355 363 773 277 878 375 207 312 264 346 0 73 152 589
475 262 716 465 845 277 1044 408 405 299 487 363 1009 290 1273 508 782 277 899 381 278 282 368 363 0 29 164 630 201 313 261 346 1128 232 1148 267
476 262 715 464 846 275 1049 410 407 298 488 365 1017 290 1273 513 784 278 901 380 279 284 368 364 1 0 179 617 198 314 260 346 1131 233 1151 269 240 311 278 340
476 262 715 464 849 276 1059 414 406 298 489 366 785 277 904 380 1031 297 1266 504 281 285 369 364 0 0 186 613 195 315 258 347 366 309 403 344 242 312 278 339 382 308 421 341 1132 234 1154 270
476 262 714 465 852 277 1065 415 406 297 489 366 283 285 369 365 786 278 905 381 1034 297 1266 503 0 0 190 604 194 315 257 348 367 309 403 344 243 312 278 339
473 261 715 466 854 279 1074 420 406 297 490 367 1053 290 1257 549 284 286 370 367 787 279 907 381 3 0 203 583 368 309 403 344 195 316 253 348 245 314 277 340
471 262 715 468 855 278 1078 425 1061 290 1260 548 407 297 490 368 286 286 371 368 6 0 205 593 787 281 910 379 368 310 403 343 1146 234 1167 268 381 311 419 341 204 320 250 354
469 263 715 469 411 302 490 373 289 287 374 369 854 279 1084 429 1074 289 1261 547 793 278 929 386 0 0 242 598 1150 234 1172 268 1131 254 1147 280 262 315 294 344 369 312 402 343 383 313 419 341
470 263 714 470 412 302 489 374 864 280 1107 431 795 279 933 387 291 287 375 369 1090 289 1269 551 260 314 297 347 0 0 244 600 1134 255 1150 281 383 314 419 341
469 263 714 469 867 278 1118 435 413 301 489 374 796 279 936 389 296 286 377 369 1106 292 1267 556 258 314 299 348 384 315 420 342
468 263 715 467 872 277 1127 437 413 301 489 375 796 279 939 391 298 286 377 368 1118 296 1268 562 256 314 300 348 385 314 422 343
468 264 715 464 885 278 1145 446 1146 326 1266 543 798 278 944 392 413 300 489 375 300 286 378 367 254 315 302 348 1153 254 1170 278 386 313 424 343 2 0 255 483
462 270 703 458 413 301 490 373 798 277 951 393 300 286 379 366 255 315 303 348 892 268 1183 453 1160 324 1264 542 387 312 424 341
463 270 703 458 409 300 491 365 813 275 971 399 909 275 1179 451 301 287 390 364 257 316 303 348 1194 323 1272 547 389 310 423 339 706 235 888 353
464 269 702 459 907 273 1192 454 814 275 976 399 409 301 491 364 302 288 389 363 1202 324 1271 547 258 316 304 348 706 233 888 352 390 310 422 338 1176 241 1194 271
465 269 701 459 906 273 1199 455 816 275 979 399 409 301 491 363 303 288 389 363 260 316 304 348 706 232 888 352 389 310 421 338 1212 306 1270 565
465 269 700 458 917 265 1210 466 817 275 982 400 409 302 491 363 304 288 388 364 261 316 304 348 388 310 422 338 706 234 888 351 1175 251 1193 280
465 271 700 458 916 267 1223 471 822 275 989 401 306 288 388 365 409 302 492 362 389 310 422 338 1182 251 1197 279 263 318 302 359 706 236 889 350
465 272 700 458 911 269 1233 472 825 275 994 402 307 288 389 365 412 304 492 370 1186 252 1201 277 391 311 422 337 265 319 303 360 777 292 857 356 706 237 890 350
937 271 1245 478 464 272 700 459 828 276 1004 404 310 288 390 366 413 304 493 371 705 238 892 352 776 295 858 357 0 22 307 663 392 311 422 337
947 270 1254 483 465 272 699 459 827 276 1012 405 413 304 492 370 312 289 391 367 0 23 310 651 706 238 893 352 392 311 421 337
959 266 1265 488 464 270 699 460 843 276 1036 413 313 290 392 367 414 305 492 369 0 24 319 641 705 238 894 353 392 310 421 337
463 270 699 461 965 264 1271 491 845 274 1038 413 313 291 393 367 411 303 492 361 0 21 330 640 393 309 421 337 728 303 757 349
463 269 699 462 974 263 1273 494 848 273 1044 417 313 291 394 365 412 303 492 361 0 22 331 640 727 302 756 349
