

935 251 1089 351 794 243 903 316 1047 194 1270 464 686 259 725 288 583 257 629 291 753 236 804 295 640 259 673 289 515 258 551 285 562 256 589 287 532 257 569 285
939 253 1096 351 1056 194 1270 473 795 243 904 317 685 259 724 289 583 259 627 291 753 236 804 296 640 260 672 290 561 257 589 287 654 259 686 291 516 260 550 285
941 254 1102 351 1063 194 1273 478 685 259 724 290 795 243 906 317 583 259 626 292 640 261 672 291 753 235 805 297 654 259 686 292 561 257 589 288 516 261 549 285
943 256 1110 352 1073 191 1275 476 685 261 724 291 796 242 908 319 582 260 623 292 641 262 672 292 753 234 807 298 654 260 686 292 561 258 590 289 515 262 547 285
943 255 1116 352 686 261 724 291 1095 192 1279 475 816 243 917 323 579 260 622 293 641 263 673 292 753 234 808 298 514 261 545 285 560 258 593 290
960 254 1125 354 1110 195 1278 463 686 262 725 291 815 243 922 323 576 260 621 295 642 262 673 292 753 234 810 298 513 262 545 285 560 259 597 291 541 261 570 286
963 253 1131 354 1121 198 1278 462 814 243 925 323 686 261 725 291 574 259 620 296 754 233 811 299 641 262 674 293 560 258 601 292 513 263 544 285 617 265 645 292 541 261 571 287
969 252 1140 356 810 242 929 324 1132 197 1279 466 686 261 725 291 574 260 618 297 642 262 675 294 755 233 810 299 615 265 645 293 541 261 573 288 512 263 544 285
973 251 1151 357 810 240 933 325 687 261 725 291 1146 222 1275 444 642 262 675 293 575 261 616 296 615 265 645 293 755 234 810 298 541 261 573 288 512 264 544 286
977 249 1166 359 808 239 941 325 688 260 726 289 614 265 644 292 653 261 686 293 758 231 832 301 561 259 602 292 1160 239 1275 443 512 264 544 287 540 260 573 288
810 239 946 323 976 247 1179 358 688 259 726 288 614 263 644 291 653 261 685 291 561 258 603 293 758 229 833 300 512 263 544 287 539 259 572 288 1195 276 1278 475 468 266 496 292
992 242 1199 360 812 237 948 319 687 256 728 285 613 262 645 290 654 259 686 288 562 256 603 292 760 227 835 300 466 266 496 290 512 261 544 285 538 257 572 286 1205 282 1276 474
1002 239 1209 360 823 236 960 321 685 253 728 284 611 261 646 288 654 256 687 286 562 254 604 289 765 220 828 293 465 264 496 288 512 257 544 282 538 255 571 285
1010 238 1223 360 820 232 968 318 610 258 648 286 559 251 608 287 684 250 728 282 654 253 688 283 768 217 830 291 464 262 495 284 642 254 674 281 514 255 547 279 536 252 569 282
821 231 975 316 1015 237 1234 358 608 255 651 283 556 249 611 284 654 250 691 281 683 249 727 281 763 213 843 289 462 257 495 281 514 254 548 277
1030 232 1265 367 823 221 980 317 607 252 652 281 553 246 610 283 655 247 691 281 774 215 866 288 685 246 725 280
1039 232 1270 370 825 222 989 316 606 250 652 280 553 246 607 282 656 247 692 280 775 215 869 288 696 243 738 275
1049 232 1274 374 831 222 997 317 606 250 651 279 657 246 692 280 552 246 604 281 776 214 871 289 696 242 738 275
1058 231 1275 379 834 221 1001 319 606 251 651 280 657 247 691 280 777 213 870 292 549 247 603 282 696 242 738 275
840 225 1009 323 1072 234 1275 399 655 249 690 282 605 253 650 281 778 213 870 295 546 249 600 284 455 256 492 282 682 248 727 282
1097 235 1279 409 838 229 1017 326 779 213 871 299 654 250 690 283 604 255 650 284 545 251 598 285 691 248 743 283 453 256 493 284
1107 237 1273 415 850 236 1036 335 780 213 872 300 652 251 691 284 690 249 745 285 604 257 649 285 453 258 493 285 546 253 596 286 220 165 252 194 640 253 674 280
852 234 1044 338 1118 238 1273 417 779 212 870 301 652 251 692 285 689 249 746 286 604 257 649 285 454 259 493 285 546 253 596 285 640 253 674 281 216 165 248 194
859 232 1054 343 652 250 692 285 1140 235 1273 427 689 249 748 286 779 211 869 301 454 259 492 285 606 256 650 285 531 251 587 284
868 230 1068 350 1158 237 1276 430 653 251 693 285 690 249 749 287 797 221 904 307 454 260 492 286 531 252 586 285 607 256 651 285 583 256 621 283
875 231 1076 356 788 212 908 305 654 253 694 286 454 262 491 287 691 251 750 288 532 253 586 286 1190 242 1279 433 607 257 653 286 581 256 618 284
880 234 1103 366 1197 251 1279 429 788 211 908 306 653 254 695 288 453 263 491 288 532 254 585 287 692 252 750 289 607 258 653 288 581 257 617 286
882 234 1116 371 813 223 929 315 653 256 695 291 530 256 585 291 695 253 749 290 608 259 651 291 452 265 492 290 581 258 617 289 1211 256 1278 434
883 233 1134 375 811 225 932 318 654 258 695 293 697 256 750 293 528 258 585 294 608 261 650 294 580 259 618 292 451 267 492 292
890 238 1158 390 798 220 947 319 655 261 695 297 697 259 751 297 524 262 584 298 606 263 649 298 580 262 621 295
895 235 1159 394 798 221 953 321 654 262 695 299 698 262 752 300 523 263 582 300 605 264 649 300 579 263 621 296
911 238 1191 397 798 224 961 322 654 264 695 300 699 262 754 302 521 264 581 300 604 265 650 301 453 279 491 301 579 264 621 297
918 236 1208 400 811 226 986 332 655 264 696 301 701 263 756 301 521 265 580 301 605 265 651 302 454 279 490 301 580 265 618 296
816 225 992 337 915 235 1232 423 656 264 699 302 520 264 579 301 701 263 759 301 606 264 652 302 453 278 490 301 581 265 618 296
821 222 999 340 938 229 1254 441 657 264 701 302 701 263 761 301 521 265 576 301 606 264 653 302 583 265 617 295
822 221 1009 343 946 226 1265 449 658 265 701 302 520 265 575 300 701 263 763 301 606 264 654 302 451 277 491 302 584 265 617 295
822 220 1022 343 956 226 1274 456 659 265 701 302 518 265 574 301 701 263 763 301 611 273 654 302
966 227 1277 466 821 220 1032 341 658 268 699 307 518 265 573 301 610 273 655 302 688 266 766 309
846 221 1050 351 976 228 1279 482 659 268 701 308 518 272 569 303 610 273 655 302 680 270 717 309 819 217 929 321
851 220 1065 355 986 226 1279 498 659 268 702 309 678 271 717 310 612 273 654 303 519 273 568 303 26 261 1198 700
850 218 1084 357 993 223 1279 509 658 269 704 310 707 263 777 313 612 273 653 304 631 274 664 307 22 260 1205 703 448 283 492 307 520 274 567 302
845 219 1104 357 1026 215 1272 550 706 263 777 313 659 270 704 309 19 259 1212 708 630 274 665 307 447 284 493 308 612 273 653 304
873 221 1119 362 1039 217 1271 546 704 264 779 313 660 271 704 310 630 274 666 308 447 284 493 309 20 262 1212 705 612 273 652 305
875 219 1141 365 703 265 783 312 629 274 667 308 674 268 717 311 446 282 494 310 1060 223 1271 540 514 273 562 304 23 268 1213 702 612 273 647 305
705 265 788 313 882 212 1189 383 675 268 720 311 628 274 668 309 447 282 493 311 661 273 699 309 589 274 618 303 514 272 562 305 612 273 646 306
906 218 1198 378 707 264 791 313 675 267 721 311 628 273 669 308 448 282 492 311 1 140 70 437 661 273 696 308 589 274 618 303 849 209 987 332 513 273 563 304
903 212 1224 391 709 264 794 314 676 267 721 311 629 273 668 308 440 281 489 311 852 204 995 333 588 275 617 302 661 273 694 308 612 274 648 304
712 264 796 314 676 265 722 312 895 209 1238 390 631 273 668 308 439 278 489 311 661 273 694 308 588 276 618 302
938 207 1260 401 714 264 800 315 675 265 724 313 632 273 670 308 438 278 489 311 856 194 1054 346 515 273 561 304 660 273 693 310 589 276 619 302 611 274 640 304
944 209 1279 432 724 263 807 315 675 266 727 314 868 193 1064 352 632 273 672 309 438 278 489 311 514 273 562 304 590 276 621 303 609 274 639 305 658 274 693 310
950 207 1279 439 722 263 808 316 675 267 728 314 878 193 1065 356 631 274 674 309 438 280 489 312 513 272 563 305 591 276 621 303 608 274 639 306 656 276 693 311
959 207 1279 452 722 264 811 317 676 268 730 315 873 185 1118 358 437 279 489 313 629 273 676 309 513 272 564 305 590 275 622 303 606 274 640 306
974 207 1279 462 723 265 816 319 878 185 1119 360 436 278 488 314 677 269 730 316 513 272 564 306 626 272 677 310 590 274 622 304
1002 213 1279 479 723 267 821 322 889 186 1126 365 434 276 488 316 674 272 735 315 514 272 564 307 625 271 679 311
724 267 825 323 1022 216 1279 488 432 275 488 317 676 273 737 316 899 185 1133 371 627 271 679 312 514 271 563 307
725 267 827 324 1052 220 1269 525 430 276 488 316 916 186 1163 375 629 271 680 311 677 273 737 317 515 271 562 306 607 273 638 307
727 267 830 325 1065 210 1278 481 429 276 488 316 690 273 747 319 630 271 681 311 514 271 563 306 904 123 1219 378 608 272 638 307 586 262 624 297
729 267 832 326 1090 205 1279 487 426 270 490 319 691 273 750 319 908 113 1227 381 631 270 682 311 521 270 565 305 609 271 638 307 587 262 624 297
742 267 843 326 1109 227 1277 529 424 269 489 319 691 273 752 319 937 100 1247 394 648 273 694 315 521 271 566 305 609 272 639 307
742 266 847 327 946 124 1249 397 687 271 759 322 422 270 492 322 648 273 694 315 610 272 640 307 523 271 568 304 1132 239 1276 530
743 266 851 328 687 270 761 323 956 149 1256 401 421 271 492 322 649 273 696 315 610 271 643 307 522 271 571 305 1161 293 1277 503 634 272 675 311
745 266 854 329 964 162 1267 408 690 270 763 323 420 274 491 322 651 273 697 314 611 271 645 307 522 271 573 304 634 273 671 310
745 266 858 329 974 165 1277 414 692 269 767 323 419 273 488 321 652 272 699 314 613 271 646 306 521 271 574 304 633 272 666 309
744 264 864 329 990 163 1279 422 695 267 770 321 416 271 485 321 654 269 701 312 526 261 580 299 608 261 646 297
760 262 878 328 414 267 483 321 1012 184 1277 456 696 264 771 319 526 259 583 297 609 259 648 295 654 267 703 311
761 261 882 327 707 263 781 316 410 266 483 320 1028 162 1269 485 528 256 585 294 610 258 649 293 653 258 709 307 634 260 666 300
763 260 886 327 708 261 784 316 406 262 485 321 1042 160 1268 485 529 255 586 293 654 258 711 306 611 256 649 293 634 258 665 299
766 256 893 327 1063 151 1272 444 712 259 789 315 396 260 483 322 531 253 587 290 655 254 713 303 612 254 647 291 635 256 666 296
778 252 909 327 714 251 793 314 392 256 483 324 532 252 589 287 667 256 723 306 1095 154 1279 445 634 254 667 293 654 255 698 299
778 249 915 327 718 250 797 314 1103 154 1277 444 388 256 484 324 533 251 590 286 669 255 724 304 634 253 669 291
781 249 922 328 384 255 484 324 1114 167 1276 476 726 250 807 314 534 250 590 285 671 254 726 303 633 252 669 290 655 253 692 294
785 249 924 328 379 253 480 327 728 249 809 315 673 254 729 302 535 250 590 285 633 252 670 289 656 252 691 292
730 248 815 317 371 249 477 331 796 250 941 331 542 249 598 285 675 253 732 302 634 251 669 288 656 252 691 293 591 253 616 278
798 251 949 334 359 252 467 335 731 248 820 319 543 251 598 288 675 255 734 305 591 253 617 279 635 252 670 290 1202 250 1277 433 655 253 692 295
354 253 467 338 802 252 955 337 730 255 827 321 545 253 598 289 663 253 739 305 591 253 618 280 635 253 670 291 654 254 693 298
342 255 467 343 729 256 831 323 803 254 979 342 548 255 597 292 592 254 620 282 665 254 741 306 635 255 670 292 654 255 693 300
806 255 983 345 727 257 836 325 551 257 599 293 331 247 476 356 592 255 622 284 654 255 693 301 635 255 671 293 680 255 757 310
812 255 991 349 744 261 849 327 307 250 459 362 555 258 600 294 683 255 759 310 654 254 694 302 594 255 625 285 637 255 672 292 610 255 639 284
820 252 1003 350 745 258 856 327 296 247 454 366 557 256 604 291 686 254 762 310 653 252 694 299 608 252 640 284 590 252 625 284 639 255 672 289
829 251 1014 350 282 245 445 368 748 254 862 326 561 253 606 288 691 253 765 307 606 249 641 283 654 251 695 294
267 243 443 369 835 250 1023 348 761 249 877 328 694 249 768 305 564 250 608 284 656 248 695 290 611 249 643 280 682 251 715 295
846 247 1040 349 762 247 884 328 236 240 433 371 707 247 779 306 612 241 647 272 658 245 695 288 568 245 618 283 683 247 716 292
853 245 1051 351 215 237 429 376 764 242 890 325 709 245 782 305 615 239 650 270 570 244 618 282 660 242 695 287 683 243 717 291
863 244 1064 354 188 240 429 387 710 244 787 305 763 242 897 325 617 239 650 270 580 239 619 276 682 241 718 291
870 245 1077 357 778 245 911 331 712 245 790 306 156 240 403 395 580 245 624 281 680 242 719 292 630 239 663 270 618 241 648 269
884 245 1100 362 777 247 920 333 118 232 407 419 585 246 629 282 713 246 794 307 680 245 719 292 631 241 666 272
890 245 1111 367 83 236 390 436 781 249 925 335 587 247 633 284 725 249 811 313 681 248 720 293 634 248 670 278
784 248 944 344 893 252 1135 377 726 250 816 315 638 251 674 279 683 251 721 296 47 241 384 459 590 249 632 284 705 252 741 301
791 250 954 347 13 250 325 485 901 251 1149 382 734 258 819 319 642 253 676 280 684 253 723 298 595 249 642 287 705 254 742 303
914 251 1177 386 5 251 298 505 795 253 963 349 738 259 823 319 595 251 647 288 686 254 724 298 649 251 689 283 705 254 744 303
923 251 1189 388 6 252 273 515 804 251 978 351 598 251 651 287 746 256 837 321 651 249 691 282 689 255 724 295 705 253 744 302
809 249 991 351 750 254 844 322 604 250 658 285 6 243 231 537 657 248 697 280 935 250 1201 392 705 251 743 299 687 252 720 290
820 247 1005 352 962 247 1242 397 749 248 852 317 707 250 744 295 3 241 161 543 730 252 766 303 253 303 310 391 611 250 660 283 664 249 697 278
828 246 1017 352 969 247 1258 399 3 240 143 545 752 247 855 316 247 306 309 394 708 248 744 291 616 247 669 284 732 250 768 302 678 241 711 272 238 247 286 358 666 242 697 271
829 246 1026 353 977 247 1269 400 766 247 869 320 619 246 674 283 231 307 290 397 679 241 713 273 710 248 745 290 733 249 769 300 231 242 284 363 665 241 693 269
990 239 1279 433 843 244 1048 356 769 246 875 320 681 239 717 272 625 247 677 281 731 247 768 298 714 248 744 288
851 240 1061 357 1015 246 1273 423 773 244 881 318 684 237 720 270 636 239 679 273 730 245 766 294 126 301 217 447 747 244 797 298
1037 246 1272 433 857 238 1080 358 787 242 902 322 687 235 720 266 750 241 799 296 730 244 766 290 121 302 208 440 80 300 175 454 640 237 681 271 707 236 740 267
