

158 485 303 596 276 483 353 551 373 484 401 512 704 477 753 552
158 485 303 596 277 483 353 551 372 484 401 512 704 477 753 551
158 485 303 596 277 483 353 551 372 484 401 512 703 477 753 551 942 373 1092 423
158 485 303 596 277 483 353 551 372 484 401 513 703 478 753 551 942 373 1092 423
158 485 303 596 277 483 353 551 372 484 401 513 702 478 751 551
158 485 303 596 277 483 353 551 372 484 402 513 702 477 750 550
158 485 303 596 277 482 353 552 371 485 402 514 702 477 748 550 519 490 536 507
158 485 303 596 277 482 353 552 371 485 402 514 702 477 748 550 518 490 536 507
158 485 303 596 277 482 353 551 370 485 402 514 701 478 748 550 518 490 537 507 710 476 741 520
158 485 303 596 277 482 353 551 370 485 402 515 518 490 537 507 701 478 747 550 709 476 740 520
158 485 303 596 277 482 353 551 369 485 402 515 518 490 537 507 709 476 739 520
158 485 303 596 277 482 353 551 369 485 402 515 518 490 537 507 709 476 739 521
158 485 303 596 277 483 353 551 369 485 401 515 518 490 537 507 709 477 738 522
158 485 304 596 277 483 353 551 368 486 401 515 518 490 537 507 709 476 738 523
158 485 304 596 276 483 353 550 367 486 400 515 518 490 537 508 698 479 745 549
158 485 304 596 276 483 353 550 367 487 400 515 518 490 537 507 698 478 746 549 446 485 461 496
158 485 304 596 276 483 353 550 366 487 400 516 518 490 537 507 446 485 461 496
158 485 304 596 276 483 353 551 365 486 400 516 518 490 536 507 446 485 461 496
158 485 304 596 277 483 353 551 365 486 400 516 518 490 537 507 446 485 461 496
159 485 304 597 277 483 353 551 365 486 399 515 518 489 537 507 446 485 461 496
159 485 303 597 277 483 353 551 364 487 399 516 518 489 537 507 446 485 461 496
159 484 303 597 277 483 353 551 364 486 398 515 517 489 537 507 446 485 461 496
159 484 303 597 277 483 353 551 364 486 398 515 517 489 537 507 676 498 771 550
159 484 303 597 277 483 352 551 364 486 398 515 517 489 537 507 675 499 771 551 705 474 736 518
158 484 304 596 277 483 352 551 364 486 398 515 517 489 537 507 674 499 771 551 705 474 736 517
158 484 303 596 277 483 352 551 363 486 397 516 673 499 772 551 517 489 537 507 705 473 735 517
159 485 303 597 277 483 352 551 363 487 397 516 672 499 773 551 517 489 537 507 705 473 735 517
159 485 303 597 277 483 352 551 362 487 397 516 672 499 774 552 517 489 537 507 705 473 735 518
159 485 303 597 277 483 352 551 362 487 397 516 671 498 775 552
159 485 303 597 277 483 352 551 361 486 397 516 671 498 775 552 518 489 537 507
159 485 303 597 278 483 352 551 361 486 397 516 671 498 775 552 517 489 537 507
158 485 303 597 278 483 352 551 360 486 397 517 671 498 774 552 517 489 537 507
158 486 303 597 277 482 352 551 360 487 397 517 671 498 774 552 517 489 537 507
159 486 303 597 277 482 352 551 360 487 397 517 517 489 537 507 671 498 773 552
159 486 303 597 277 482 352 551 360 487 396 517 517 489 538 507 672 498 774 552
158 486 303 597 277 482 352 551 359 487 397 517 517 490 538 507 671 498 774 552
158 486 303 597 277 482 352 551 359 487 397 517 671 498 774 552 517 490 538 507
158 486 304 597 277 482 352 551 358 486 397 517 670 499 775 553 517 490 538 507
158 485 304 597 277 482 352 551 358 486 397 517 517 490 538 507 669 499 775 552 704 472 733 520
158 485 304 597 277 482 352 551 358 486 396 517 517 490 538 507 669 499 775 552 704 471 733 521
158 485 304 596 277 482 352 551 358 485 396 517 517 490 538 507 669 500 775 552 704 472 733 522
158 485 304 596 277 482 352 551 358 485 396 517 669 499 776 552 517 490 537 507
158 485 304 597 277 482 352 551 358 486 396 517 669 499 776 553 517 489 537 507
158 485 304 597 277 482 352 551 358 486 395 517 668 498 776 553 517 489 537 506
159 485 304 597 277 482 352 551 358 486 395 517 668 499 777 553 705 473 733 519
158 485 305 596 277 482 352 551 358 486 395 517 668 499 777 553 705 474 734 519
158 485 305 596 277 482 352 551 358 486 395 517 668 499 777 553 705 474 734 519
158 485 305 596 277 482 352 551 358 486 394 516 668 499 777 553 705 474 734 519
158 484 305 596 277 482 352 551 358 486 394 516 668 499 778 553 705 474 734 519
158 485 305 596 277 482 352 551 358 486 394 516 668 499 778 553 705 474 734 519
158 485 305 596 277 482 352 550 358 486 394 516 668 499 779 553 705 474 733 518
158 485 305 596 277 482 352 550 357 486 394 516 667 499 779 553 705 474 733 517
158 485 304 596 277 482 351 550 357 486 394 517 667 499 779 554
158 485 304 596 277 482 351 550 357 486 394 517 667 499 779 554
158 485 304 596 277 482 351 550 357 486 394 517 667 498 780 554
158 485 304 596 277 483 351 550 356 486 394 517 668 498 781 554
158 485 304 596 277 483 351 550 356 486 394 517 668 497 781 554
158 485 304 596 277 483 351 550 355 486 394 517 669 497 781 554
158 485 304 596 277 483 351 550 669 496 782 554 354 487 394 517
158 485 304 597 277 483 351 550 669 496 781 554 354 487 394 517
158 485 304 597 277 483 351 551 669 496 781 554 354 487 394 517
158 485 304 596 277 483 351 551 670 496 781 554 354 487 394 517
158 485 304 596 277 483 351 551 670 496 780 554 355 488 394 517
158 485 304 596 276 483 351 551 670 496 780 554 355 488 394 516
158 485 304 596 276 483 351 551 670 496 780 554 356 488 393 516
158 485 304 596 276 483 351 550 669 496 779 553 357 488 393 516
158 485 305 596 276 483 351 550 669 497 779 553 357 488 393 515
158 485 305 596 276 483 351 550 670 497 778 554 358 488 393 515
158 485 304 596 276 483 351 550 670 496 777 554 358 488 393 515
158 485 304 596 276 483 351 551 670 497 776 554 359 489 394 514
158 485 305 596 276 483 351 551 671 496 776 554 360 489 394 514
158 486 305 596 275 483 351 551 671 497 775 554 361 489 394 513
159 486 305 596 276 483 350 551 672 497 775 554 362 488 394 513
158 487 305 596 276 483 350 551 672 497 775 554 362 488 393 513 518 490 537 507 344 491 377 532
158 487 305 595 276 482 350 550 672 497 775 554 518 490 537 507 363 488 393 513 344 490 377 532
157 487 305 595 276 483 350 550 673 497 775 554 518 490 537 507 363 489 393 512 344 491 377 532
157 486 305 594 276 483 350 550 674 496 775 554 518 490 537 506 344 491 378 532 363 489 393 512
156 486 306 594 276 483 350 550 674 496 774 554 518 490 537 506 343 491 378 533
156 486 306 593 276 483 350 550 675 496 774 554 518 490 537 506 343 491 378 533 363 489 393 512
156 486 306 593 276 483 350 550 676 496 773 554 518 490 538 507 342 490 379 533 363 489 393 512
156 485 306 593 276 483 350 550 148 498 173 542 677 497 772 555 517 490 538 507 342 490 379 533 363 489 393 512
156 485 306 592 276 483 350 549 145 496 172 543 678 497 771 555 517 490 538 507 342 490 379 533
156 485 306 592 276 483 350 549 143 496 171 544 679 497 770 555 517 490 538 508 342 490 379 533
155 484 306 592 275 483 350 549 141 495 170 545 680 497 770 555 517 490 538 508 342 490 379 533
155 484 306 592 275 483 350 549 140 495 169 545 517 490 538 508 342 490 379 533 681 497 770 555
155 484 306 592 275 483 350 550 133 486 171 554 342 490 379 533 517 490 538 508 681 496 769 555
155 484 306 592 275 483 349 550 132 485 170 556 342 489 380 534 517 490 538 508
155 484 306 593 275 483 349 550 131 484 169 556 342 489 379 534 517 490 538 508
155 484 305 593 275 483 349 550 126 483 163 555 342 489 379 534 517 490 538 508
155 484 305 593 275 483 349 550 124 485 163 556 342 489 379 534 517 490 538 507
155 485 305 593 275 483 349 549 122 486 162 556 342 489 379 534 518 490 538 507
155 485 305 594 275 483 350 550 119 488 159 557 343 489 378 534 518 490 537 507
156 485 305 595 275 483 350 550 115 488 155 558 518 490 537 507 343 489 378 534
157 485 305 596 275 482 350 550 110 488 151 560 518 490 537 507 343 489 378 534
158 485 305 596 275 482 349 550 108 489 149 561 518 490 537 507 343 489 378 534
158 485 305 596 275 482 349 550 107 489 147 562 518 490 537 507 343 490 378 534
158 485 305 597 275 482 349 550 106 490 146 562 518 490 537 507 342 490 378 534 728 472 758 513
158 485 305 597 275 482 349 550 93 489 144 562 517 490 537 507 342 490 378 534 728 472 759 513
