

500 480 575 552 0 405 126 623 574 492 592 511
500 481 575 553 574 493 592 511
500 481 575 553 574 493 592 512
500 481 575 553
501 481 575 554
501 482 575 553 466 497 486 512
502 482 575 552 465 497 485 512
501 482 575 551 464 496 485 512
464 496 484 511 575 492 593 510
501 479 577 549 588 492 607 508 575 490 593 509 465 495 484 510
588 491 607 508 465 495 483 509 575 490 593 509 453 496 471 509
588 490 607 507 575 489 593 510 453 495 471 508 465 494 483 509
588 489 608 507 453 495 471 508 465 494 483 508 575 488 594 511
587 487 609 507 453 493 471 508 465 494 483 508 576 488 594 511
507 473 578 547 452 492 472 507 586 487 609 508 464 493 483 507
451 491 473 507 586 488 609 508 465 492 483 507
451 490 472 506 587 488 609 508
507 470 579 548 451 490 472 506 587 487 608 507
451 490 472 505 587 486 608 506
508 470 579 548 450 490 472 506 587 486 608 507
448 490 472 508 587 486 609 507
446 490 471 508 586 487 609 508
508 472 577 547 446 490 470 508 586 486 609 507
503 474 575 547 445 492 469 509 585 486 609 509
442 493 469 511 584 488 608 509
439 494 469 513 584 490 608 511 575 490 595 512
503 476 575 547 437 493 469 514 575 492 595 512
503 475 574 547 436 492 468 513 575 491 596 513 584 491 608 510
435 490 468 513 574 489 594 512
434 488 467 512 574 487 593 512
502 471 573 539 431 486 467 512 574 487 592 511
430 486 465 512 574 487 592 511 585 487 608 507
423 489 455 514 574 488 592 511 585 488 608 507
502 475 573 546 422 490 454 514 574 489 593 511 586 489 608 507
502 474 573 546 421 490 452 514 574 490 592 510 587 490 607 506
502 474 572 546 418 490 451 515 574 491 593 512 587 491 607 507
502 475 571 546 414 489 451 517 574 492 594 512
502 476 571 546 411 487 450 519 575 492 595 513
501 478 571 547 409 488 448 519 574 492 594 512
501 479 570 546 404 492 446 526 574 492 593 512
500 478 570 546 401 491 445 527 574 492 594 513
404 488 442 518 574 492 594 513
500 476 569 546 396 487 430 517 575 492 594 511
499 475 568 546 393 486 431 520 575 491 593 510
389 485 429 522 574 491 594 511
384 485 428 523 574 491 595 512
380 485 427 523 574 492 595 513
370 489 430 531 574 493 594 513
368 488 426 532 574 493 592 512
359 489 420 533 574 493 592 512
358 483 416 535 575 493 592 512
353 481 409 531 575 492 593 512 588 490 606 507
346 480 406 531 575 490 594 512 586 490 606 508
499 471 561 537 340 479 406 530 574 489 594 511 584 488 606 508
498 472 562 536 332 476 396 528 574 487 595 510 583 487 607 508
323 475 397 530 499 472 562 535 574 487 594 509 582 487 607 507
314 474 392 530 498 472 562 535 581 487 608 509 573 487 595 510
498 471 561 536 306 474 390 532 581 488 608 510
294 474 380 534 575 491 596 513 583 491 607 511
284 481 376 544 576 493 594 513 187 480 235 507 579 497 606 521
278 481 371 547 578 498 607 522
254 481 358 550 494 484 563 545 577 497 607 523
494 483 563 545 246 479 354 553 577 496 608 523
229 476 339 555 495 481 564 545 577 496 608 524 587 491 609 512
497 479 562 544 577 495 608 524 586 490 610 513 203 477 317 554
497 478 562 544 191 472 316 558 577 495 609 524 586 491 609 513
496 478 561 544 167 473 305 561 578 495 609 525 587 491 610 512
496 480 561 545 577 495 610 526 139 470 298 569
496 480 560 546 578 495 610 527 82 466 269 581
497 482 560 546 577 495 611 528 66 464 257 586
26 459 229 592 497 481 559 545 576 494 612 528
497 480 559 544 576 494 612 527 16 450 209 601
497 478 560 542 0 445 170 610 576 493 613 526
499 473 557 536 4 431 123 625 582 488 613 516 132 474 187 509
499 473 558 536 581 488 614 516 124 472 188 507 5 426 106 627
499 472 559 535 581 487 615 516
499 472 559 535 582 486 616 515
500 472 559 535 583 487 616 516 96 472 187 512
500 472 560 535 583 488 617 516 96 473 186 510
502 472 561 535 584 488 617 517
503 472 562 536 586 489 617 516
505 473 563 536 585 495 621 523
506 472 564 537 585 496 622 523
506 471 565 536 586 495 622 523 71 469 155 512
506 470 566 535 590 488 620 516 68 467 151 510
507 469 568 535 591 488 622 517 63 466 148 510
507 469 569 535 592 488 623 517
507 469 569 537 47 466 136 511 591 494 627 524
507 470 569 538 42 468 135 511 591 494 628 526 595 490 619 514
508 469 569 539 33 468 135 513 592 493 629 527
509 469 569 538 28 468 137 516 594 493 629 526 616 488 638 510 595 490 617 512
508 469 570 538 20 467 112 515 610 489 638 514
508 467 570 538 14 465 107 514 605 488 639 518
512 470 573 537 7 462 103 514 602 486 640 520
512 469 573 537 603 486 640 520 3 463 87 513
512 470 573 537 1 463 81 513 605 486 640 519
513 470 573 538 600 490 642 529
513 471 573 539 601 491 643 529
