

665 241 877 643 0 73 450 700 559 274 667 467 878 370 956 481 871 290 960 455 700 434 901 707 502 327 550 417 976 415 1279 717 366 347 405 388 217 282 310 372 423 337 479 370 340 350 376 384 1060 240 1117 435
0 77 442 698 659 241 869 628 564 358 657 505 866 291 958 453 671 425 880 716 553 265 657 439 875 370 953 482 500 325 549 418 977 411 1279 714 366 348 404 389 339 352 378 386 217 283 309 375
652 242 862 616 0 88 437 691 561 357 650 503 861 291 952 453 668 421 873 716 552 267 651 436 1010 12 1278 719 498 325 548 418 970 409 1271 711 366 349 402 389 872 369 952 481 218 290 311 390 336 353 378 387
0 92 433 687 648 243 851 606 559 356 644 502 856 291 948 451 1012 13 1279 706 861 370 942 477 663 425 866 709 552 269 644 433 218 290 311 391 959 413 1260 711 366 348 399 390 403 346 461 380 335 353 376 387
0 163 432 706 1006 19 1279 697 851 290 943 452 655 245 839 547 660 429 858 699 857 370 938 476 557 355 640 500 553 271 640 433 218 294 311 392 946 419 1251 711 399 345 458 380 364 348 395 389 834 344 874 392
0 166 428 708 637 250 823 592 996 22 1279 695 657 418 850 680 847 291 941 452 556 280 634 472 862 369 933 473 489 330 532 413 912 429 1213 703 398 345 456 380 833 344 872 392 362 346 393 389
0 169 427 709 634 253 819 587 983 25 1279 694 655 418 843 677 845 293 939 452 557 285 632 472 490 329 532 412 909 423 1205 701 862 369 931 471 833 343 870 392 396 345 455 380 361 346 393 390 233 305 326 391
0 169 427 709 633 251 815 589 966 24 1279 694 655 416 838 675 845 295 937 454 542 304 627 458 907 418 1201 701 491 329 532 412 564 367 626 482 863 367 930 470 833 343 869 392 360 346 393 391 237 307 328 391 396 345 456 381
0 171 429 710 952 25 1275 695 639 409 823 679 633 250 809 588 846 295 935 455 542 304 627 458 241 304 331 389 905 415 1198 700 863 368 930 470 833 343 869 391 359 346 394 392 563 366 624 482
0 172 430 709 943 32 1269 694 640 408 819 674 631 251 802 549 846 293 934 455 541 303 626 457 245 304 332 388 359 347 393 393 833 343 868 391 904 414 1193 699 863 368 929 469 396 345 456 381 562 367 623 480
0 174 430 707 937 38 1267 695 640 405 815 667 631 254 796 543 846 293 933 454 539 302 625 455 360 348 393 393 832 343 866 390 555 364 618 479 253 302 347 393 398 346 455 381 863 370 927 467
0 178 422 706 932 40 1269 695 628 260 788 537 638 404 810 659 835 278 924 429 537 303 621 453 360 351 391 394 398 346 454 382 552 365 615 475 853 371 941 463 255 301 348 394
927 42 1271 698 0 183 416 704 623 262 780 529 636 400 800 650 832 281 921 426 533 303 616 451 548 366 611 472 255 301 356 447
0 190 408 701 926 44 1271 703 619 259 774 525 641 414 777 631 825 282 915 423 528 304 610 452 384 349 435 386 492 332 531 413 255 305 357 452 544 368 605 469 831 355 914 448
2 195 403 697 930 45 1266 710 601 253 759 526 634 412 769 627 818 282 907 421 521 307 603 453 379 348 434 386 487 332 528 414 254 309 356 458 159 340 265 408
0 199 377 707 866 44 1242 716 591 256 744 522 239 298 337 470 807 281 897 418 611 384 741 604 153 343 262 412
852 48 1216 711 1 202 367 713 596 384 729 605 234 307 328 472 575 257 735 523 778 274 867 415
0 207 355 719 836 61 1196 697 559 275 690 482 769 275 855 414 225 316 315 475 471 304 550 447 105 356 218 424 587 382 709 600 334 354 383 392 479 366 536 461
0 216 348 719 559 383 682 592 783 53 1128 712 546 275 676 483 216 322 301 478 79 359 199 428 759 273 848 418 474 367 529 463
763 50 1101 714 0 347 314 713 556 381 660 587 510 283 633 482 431 304 508 446 77 362 193 432 311 357 352 391
2 380 290 712 733 66 1095 701 172 348 262 496 507 384 624 580 484 264 637 526
705 67 1011 718 4 418 266 715 158 347 249 498 461 281 590 484 384 300 463 446 496 389 606 579 4 377 129 453 402 372 456 463
689 70 984 717 4 443 250 713 449 282 575 482 467 391 581 571 1 378 122 457 384 374 433 462 370 303 449 452 233 369 285 410
126 356 223 502 0 440 228 714 661 75 975 706 1 381 110 459 417 292 538 484 456 393 562 569 379 375 426 464
616 84 904 704 407 293 529 487 117 356 212 499 0 385 86 462 0 450 212 713 329 307 409 450 656 425 1005 705 209 373 255 414 424 392 529 564 353 375 404 465
602 93 884 701 412 396 518 561 394 298 514 483 0 450 186 713 109 355 203 499 634 435 980 708 338 378 388 464 0 388 79 460 328 319 389 427 884 200 960 450 516 334 542 369 517 350 540 378
588 96 871 702 403 398 506 559 333 379 383 464 107 353 200 497 2 449 178 714 376 299 497 486 188 375 239 416 593 445 954 709 0 387 75 462 513 352 536 379 313 313 388 458 882 203 960 453
371 302 490 481 93 359 190 500 327 377 378 463 587 451 934 712 575 139 874 703 188 374 234 415 0 379 61 466 397 401 498 560 2 450 165 716 291 369 323 427
368 303 484 477 384 400 488 559 0 371 57 466 106 352 199 491 325 376 376 464 585 451 907 716 498 351 522 384 190 372 231 412 307 319 367 424 289 369 322 425 0 454 153 718
367 302 482 478 383 398 486 560 0 364 55 465 108 354 201 487 579 454 887 718 326 376 378 461 499 350 521 384 194 370 231 408 0 503 143 719 289 369 324 421 305 321 365 420
372 301 486 479 385 398 487 558 0 356 57 449 557 129 790 650 112 355 206 485 580 462 874 718 332 376 383 458 0 500 141 719 293 369 329 417 515 353 533 381 328 322 382 418
560 137 788 643 401 392 496 556 126 328 221 466 0 351 63 442 577 465 866 717 378 303 487 475 1 472 137 719 111 396 209 485 337 377 386 453
407 389 501 548 567 146 784 639 400 300 506 478 621 450 831 719 135 327 230 460 3 447 136 719 356 355 406 438 0 333 79 424
409 296 514 476 0 329 82 419 625 456 829 719 415 384 510 543 3 442 135 719 161 312 251 448 144 368 237 465 361 353 413 434 358 311 411 392
419 294 523 472 0 324 88 411 628 457 829 719 602 199 822 583 168 309 261 443 424 387 519 538 2 437 136 719 380 354 431 435 544 338 564 366 377 307 431 392 339 346 373 394
609 198 830 582 649 451 840 719 2 429 137 719 0 307 93 397 431 362 530 527 380 309 433 389 454 292 545 466 386 354 436 431
0 300 115 390 616 194 835 587 655 451 839 719 2 421 137 719 455 284 555 472
465 276 567 476 0 297 124 380 2 412 136 719 622 189 839 592 661 450 840 719 223 280 320 413 210 343 307 434 428 331 480 414 375 328 402 367
0 286 135 376 477 276 576 476 647 201 861 582 665 446 844 719 3 373 135 717 233 280 329 410 387 324 421 369 434 333 484 410
652 193 869 593 0 280 137 370 2 371 132 717 673 441 851 719 484 360 577 508 237 329 330 422 499 277 595 470 394 326 424 365 454 330 503 412 260 275 349 405
661 193 876 594 505 277 601 470 2 369 129 718 0 270 156 372 679 443 857 719 268 272 357 404 492 355 581 504 411 324 442 365
670 191 880 649 0 266 160 369 512 280 608 465 1 366 125 718 686 446 862 719 277 272 371 403 411 323 444 365 516 369 596 485 477 331 527 410 477 290 526 365
0 265 164 367 675 197 883 641 520 282 615 461 2 363 122 719 690 449 865 719 284 274 380 404 418 324 449 364 482 334 532 408
0 263 169 366 700 203 899 643 526 354 616 499 3 361 117 719 713 440 883 718 308 267 396 401 286 324 379 417 526 279 621 427 423 327 452 361
708 203 906 645 0 262 175 365 311 270 403 402 724 442 887 719 3 357 112 719 536 353 625 500 664 334 688 366 506 300 556 393 552 284 643 462 438 325 468 362 210 305 261 373
719 204 916 643 0 255 178 358 557 283 650 462 318 274 417 404 737 452 895 719 3 351 108 719 688 335 712 367 445 325 475 362 210 306 264 373 523 298 573 393 563 366 636 481
728 207 922 635 0 256 180 357 565 284 658 459 327 279 427 406 745 450 903 719 526 300 577 390 211 306 265 375 569 367 642 483 2 346 106 719 458 326 487 363
0 260 191 367 754 213 946 632 574 355 660 498 211 305 266 379 774 441 926 719 336 282 435 407 464 325 494 364 571 279 666 427
766 216 957 631 0 262 194 369 210 305 268 383 784 443 937 718 366 279 460 406 603 291 693 456 586 356 671 499 557 305 604 390 1205 403 1279 563 486 326 515 361
0 266 215 372 780 222 967 627 609 293 698 459 207 306 269 388 796 449 949 715 365 329 458 423 615 369 686 483 486 324 515 367 1203 410 1279 554 403 280 465 407 575 305 624 393
0 272 216 377 616 295 704 459 788 228 970 619 202 308 266 392 376 326 473 426 621 371 692 485 577 305 626 392 490 324 520 369 818 442 969 710 1220 436 1279 551 737 348 759 380
806 232 983 617 0 279 216 385 621 297 710 458 377 343 476 435 824 443 970 714 580 307 628 391 423 285 485 407 492 324 522 371 625 371 695 485 1244 434 1278 552 738 348 762 381
811 234 983 613 0 285 218 395 625 297 713 457 381 347 478 438 828 444 974 718 630 371 705 484 582 333 631 411 425 288 487 410 738 349 762 380
816 232 981 613 0 288 186 405 625 296 713 458 830 442 977 717 384 350 479 441 631 371 704 483 581 333 630 412 737 349 760 379 425 292 488 412 145 334 228 416
812 213 982 584 0 292 174 412 622 296 710 457 830 440 978 712 384 351 478 443 579 331 628 412 630 371 704 480 140 332 226 418 424 295 487 409 736 349 758 378
810 213 979 581 616 297 702 457 829 441 976 706 382 353 474 446 0 309 163 423 575 328 625 414 625 369 692 484 405 302 493 435 117 352 204 426
809 217 977 573 611 298 696 456 827 442 974 703 621 367 688 483 379 308 476 438 0 316 151 429 573 312 624 391 57 358 159 440 848 307 954 466
800 218 959 563 607 298 690 455 373 306 469 439 616 366 682 481 838 468 968 686 557 311 606 389 709 334 737 364 846 298 954 470 60 352 155 440
798 216 957 558 604 295 688 456 369 306 463 440 553 310 603 389 838 469 967 683 18 317 117 455 692 335 717 365 844 291 954 477 553 355 601 420
793 213 955 556 366 308 457 443 602 295 684 457 549 311 600 391 820 402 969 677 689 334 715 365 604 366 668 479 1111 310 1232 397 320 340 394 390 842 288 953 481
786 211 954 560 592 299 677 456 364 309 453 445 601 367 666 481 819 401 968 677 687 334 711 365 314 342 390 394 547 313 598 391 1112 310 1233 397
781 210 951 563 589 300 672 452 353 368 448 462 597 367 662 482 535 329 583 412 818 398 968 676 3 317 67 471 307 342 388 396 378 313 445 434 669 334 691 364 537 369 576 420
777 207 949 568 351 367 446 463 587 299 670 450 595 367 660 481 0 319 70 465 532 329 580 410 300 343 380 397 378 313 444 435 817 398 968 676 668 333 692 365 823 297 926 462
774 208 946 569 351 366 445 464 587 299 670 450 595 367 659 481 0 337 60 450 530 329 579 410 297 342 377 396 800 394 956 682 377 312 444 435 668 333 693 366 823 297 926 459
772 207 946 572 588 299 672 449 597 366 661 482 353 367 447 464 531 329 579 410 297 341 375 396 801 398 955 679 668 333 693 366 0 340 53 450 377 314 444 435 64 362 113 424
774 208 946 567 591 300 674 450 601 366 662 481 356 368 449 463 534 330 582 409 0 348 45 447 295 342 373 396 820 401 966 668 669 335 693 367 724 330 769 370 378 314 445 434
775 204 949 563 592 301 675 447 603 364 664 480 357 367 451 462 294 340 373 395 821 399 967 664 535 332 583 409 0 350 38 445 669 334 694 366 722 328 770 369 379 314 445 433
777 203 951 561 594 301 676 446 604 365 666 477 359 368 453 462 290 341 374 396 821 394 969 661 537 333 584 408 669 334 694 365 722 329 771 369 396 309 460 426
775 203 949 567 604 365 667 477 285 340 373 396 594 302 676 445 359 368 453 462 820 391 969 660 722 329 771 369 396 312 461 426
774 206 946 572 280 342 373 398 594 302 677 447 605 366 668 477 360 370 454 463 537 332 584 407 795 390 956 661 723 331 770 370 395 312 461 426
277 342 371 399 772 209 942 577 594 303 677 448 605 365 668 477 360 370 455 464 537 332 584 408 796 391 956 664 241 347 263 401 724 331 770 371 396 312 462 428
594 303 678 451 773 211 942 578 276 343 370 400 606 366 669 477 361 370 456 464 538 332 585 408 795 391 957 664 395 309 463 430 724 331 771 371 690 336 713 357
771 210 940 580 596 302 677 450 607 365 669 478 271 342 361 400 362 368 457 464 796 396 957 662 538 332 584 407 395 307 463 432 725 331 771 371 691 336 712 357 711 334 735 360
768 210 940 579 268 344 360 401 595 303 678 451 794 400 957 660 362 367 459 465 607 364 668 477 538 332 583 407 396 307 463 433 537 366 574 416 726 332 771 371 691 336 712 356 711 335 735 360
765 209 942 580 264 344 358 403 595 303 678 451 794 398 954 658 362 367 458 467 607 365 668 478 537 331 583 407 396 307 463 433 536 367 574 417 725 335 771 371 690 339 712 357 711 336 735 361 567 350 594 395 487 349 530 377
763 211 940 581 259 346 353 404 594 304 677 453 606 365 668 479 536 331 582 407 361 368 457 470 790 398 950 661 395 308 462 433 535 367 573 418 689 340 712 359 725 337 770 371 818 299 921 453 941 315 1091 441 483 349 529 378
252 345 350 406 763 211 938 580 594 304 676 453 605 365 668 481 534 331 580 407 360 369 455 471 789 398 947 662 819 300 920 451 394 308 462 433 534 367 571 417 723 338 769 371 690 341 713 360 946 317 1092 444 479 348 527 379 129 362 185 416
764 213 933 578 604 365 667 482 594 304 675 453 247 345 348 409 533 331 579 409 371 308 462 451 786 400 944 669 533 368 570 418 817 298 917 454 723 339 769 372 690 340 713 360 948 316 1093 445 476 349 524 380 5 367 79 437 127 363 181 417
764 212 932 576 604 366 667 481 238 347 344 414 532 331 579 409 786 397 943 672 359 373 454 477 533 368 570 418 599 314 667 431 690 340 713 360 473 349 524 381 394 311 462 435 951 319 1093 448 724 339 768 372 112 365 167 420 4 367 74 437 816 297 914 456
761 208 929 579 232 346 341 412 604 366 667 481 531 331 577 410 782 397 938 674 358 373 454 477 372 308 461 453 533 367 569 417 599 312 667 430 7 364 63 437 690 339 713 360 107 364 163 419 463 350 509 382 964 317 1128 455
759 205 927 578 603 365 666 480 225 346 341 410 780 398 935 670 530 331 577 409 358 373 453 476 372 307 460 452 4 363 57 437 599 312 666 431 532 367 568 416 462 350 509 382 691 340 714 361 990 316 1102 370 105 362 161 419
747 209 909 564 602 365 663 478 220 344 341 408 774 399 929 664 592 303 670 448 357 371 452 474 527 331 575 409 370 306 458 449 459 348 508 382 991 317 1105 371 692 339 715 361 531 365 566 415 2 362 50 435 972 377 1077 463
745 209 906 562 601 366 661 476 217 343 344 407 369 305 456 450 590 302 668 447 771 397 924 662 524 332 573 408 456 348 505 382 691 339 715 363 1 357 41 435 993 318 1106 372 988 377 1098 466 529 364 565 414 78 361 151 420
741 209 903 563 600 367 659 475 367 306 455 451 589 302 667 447 769 398 920 664 207 343 319 409 522 331 571 408 452 348 502 382 992 355 1131 478 1007 319 1127 375 794 296 900 467 529 363 563 413
738 215 900 564 601 369 658 475 203 342 318 408 589 304 667 447 368 307 455 453 520 332 570 409 770 402 917 668 450 348 502 383 316 351 343 396 1002 361 1141 483 1010 320 1128 378 791 296 898 469 352 388 450 483
732 216 899 566 198 341 321 405 601 369 657 473 355 372 449 472 595 310 659 427 519 332 570 409 754 401 905 676 450 347 499 382 1016 354 1167 487 1014 320 1129 381 788 296 897 472 519 368 554 413
730 220 896 565 196 338 321 402 601 369 658 473 353 370 449 471 596 309 659 429 519 332 570 409 1020 356 1180 491 754 401 904 678 451 346 498 382 1017 322 1132 381 787 294 898 480 518 368 555 413
730 220 896 564 191 334 323 401 602 368 659 473 352 367 450 471 368 301 458 447 591 303 668 446 520 331 569 409 1033 363 1189 496 753 404 904 679 455 345 496 381 1030 325 1153 376
731 224 897 561 184 330 322 401 605 367 662 473 595 302 670 448 370 301 462 448 353 366 453 471 522 332 570 407 1055 356 1242 508 752 406 904 678 1037 332 1155 400
732 223 899 561 177 329 305 398 607 365 665 472 596 301 673 449 372 301 466 445 1067 364 1251 516 354 363 458 470 525 332 572 406 753 409 904 676 1055 331 1176 405 706 338 744 369
734 224 899 561 177 328 304 396 608 298 677 453 375 299 470 445 527 315 576 388 1079 366 1259 521 753 408 905 677 534 350 572 399 1059 333 1179 410 708 338 744 367 690 338 713 361 786 302 901 481
738 226 900 561 617 369 675 467 174 320 307 393 376 302 476 447 533 335 581 405 615 308 679 428 753 406 906 680 1109 355 1276 529 787 303 902 480
743 229 901 560 623 368 679 466 172 319 309 392 378 302 481 449 621 310 683 427 537 336 585 404 1123 395 1276 553 790 306 902 478 772 407 914 677
169 317 312 392 747 231 904 561 628 368 685 465 626 310 688 429 379 304 486 451 770 410 917 675 1154 397 1274 562 793 308 903 477 543 333 593 403 1106 340 1227 416
169 317 310 392 749 233 907 563 631 367 688 465 404 294 496 443 629 311 691 430 771 409 919 676 1164 403 1276 567 547 313 595 390 373 357 483 471 1117 345 1226 431 796 313 904 473 552 348 590 399
167 316 309 391 751 234 909 562 412 276 499 433 771 408 922 676 551 313 598 389 627 303 700 444 556 348 592 400 377 357 488 472 638 368 697 462 1202 388 1279 574 1133 346 1250 431 712 337 738 362 799 312 906 469
165 314 307 388 751 234 911 564 415 274 506 432 642 368 699 460 555 313 601 388 773 405 923 677 633 303 706 442 558 348 595 399 1138 343 1251 433 381 356 491 472 802 311 909 467 738 338 769 366 715 337 738 360
164 311 304 385 757 224 928 570 647 368 702 460 409 297 508 448 559 314 604 387 640 303 711 442 775 402 926 677 562 347 600 399 1164 340 1267 438 806 311 911 466
