

345 274 689 704 983 371 1279 619 0 397 144 687 909 465 998 514 697 476 738 507 113 471 154 500 72 464 108 489 1115 0 1208 48 268 374 296 389 803 477 857 507 729 476 809 510
345 274 690 704 984 371 1279 619 0 397 144 686 909 464 998 514 697 476 738 506 72 464 108 489 113 470 154 500 1115 0 1208 48 268 374 296 389 803 477 857 507 729 476 809 510
346 274 690 703 984 371 1279 619 0 397 143 685 908 465 998 514 697 476 738 506 72 464 108 489 113 470 153 500 1115 0 1208 48 268 374 296 389 804 477 857 507 728 475 809 510
345 274 691 703 984 371 1279 619 0 397 143 685 908 465 998 514 697 476 738 506 72 464 108 489 113 470 154 500 1114 0 1208 48 268 374 296 389 804 478 857 506 728 475 809 510
345 274 690 703 983 371 1279 619 0 398 144 685 908 465 998 514 697 476 738 506 1114 0 1208 48 113 471 154 500 72 463 108 489 268 374 296 389 803 478 857 506 728 475 810 510
346 274 690 703 983 371 1279 619 0 398 144 685 908 465 998 514 697 475 738 506 114 471 154 500 1114 0 1208 48 72 463 108 488 268 374 297 389 803 478 858 506 728 475 810 510
346 274 690 703 983 371 1279 619 0 398 144 685 909 464 999 515 697 475 738 506 114 472 154 500 73 463 108 488 1114 0 1208 48 268 374 297 389 802 477 858 506 744 477 801 507
346 274 690 703 983 371 1279 619 0 398 144 685 909 464 999 515 697 475 738 506 114 472 154 500 73 463 108 488 1114 0 1208 48 268 374 296 389 802 477 858 506 745 477 801 507
345 274 689 703 984 371 1279 619 0 398 144 685 909 464 998 515 697 475 738 506 114 472 154 500 73 463 108 488 1114 0 1208 48 269 374 297 389 802 477 858 506 81 436 88 446 98 401 110 411
345 274 689 703 984 371 1279 619 0 398 145 685 909 464 998 515 697 475 738 506 114 472 154 500 72 463 108 489 1114 0 1208 48 269 374 297 389 802 477 858 506 81 436 88 446 98 401 110 411
345 274 690 704 984 372 1279 618 0 398 145 685 909 464 998 515 697 475 738 506 114 471 154 500 72 463 108 489 1114 0 1207 48 269 374 297 389 802 477 858 506 81 436 88 446 98 401 110 411
344 274 691 704 984 372 1279 618 0 398 145 685 909 464 998 515 697 475 738 506 114 471 154 500 72 463 108 489 1115 0 1208 49 269 375 297 389 802 478 857 506 81 436 88 446 98 401 110 411 745 477 801 507
344 274 692 704 983 372 1279 618 0 399 145 686 908 464 998 514 697 475 738 506 115 472 154 500 72 463 108 489 1115 0 1208 48 269 374 297 389 803 478 857 506 81 436 88 446 99 401 110 411 745 477 801 507
344 274 692 704 983 372 1279 618 0 399 145 685 908 465 998 514 698 475 738 506 115 472 154 500 72 463 108 489 1115 0 1208 48 269 374 297 389 803 478 857 506 99 401 111 411 745 477 801 507 81 436 88 446
344 275 692 704 983 372 1279 618 0 399 145 685 908 465 998 514 698 475 738 506 115 472 154 500 72 463 108 489 1115 0 1207 49 269 374 297 389 803 478 857 506 98 401 111 411 744 477 801 507 81 436 88 446
345 275 691 704 983 372 1279 618 0 399 145 685 908 465 999 514 698 475 738 506 72 463 109 489 114 471 154 500 1115 0 1207 49 269 374 297 389 803 478 857 506 744 477 801 507 98 401 111 411 81 436 88 446
345 275 690 704 983 372 1279 618 0 399 145 686 908 465 999 514 698 475 737 506 72 463 109 489 114 471 154 500 1115 0 1207 49 268 374 297 389 803 478 858 506 744 478 801 507 98 401 111 411
344 274 690 705 983 372 1279 618 0 399 145 686 908 465 999 514 699 475 738 506 72 463 109 489 1115 0 1208 49 114 471 154 499 268 374 297 389 803 478 858 506 745 478 800 507 81 436 88 446
344 275 690 705 983 372 1279 618 0 398 145 686 908 465 999 514 699 476 738 506 72 463 109 489 1114 0 1208 49 114 471 154 499 268 374 297 389 802 478 858 506 746 478 800 507 81 436 88 445
344 275 690 705 983 372 1279 619 0 398 145 685 908 466 999 514 699 476 739 505 72 463 108 489 1114 0 1208 49 114 471 154 500 268 374 297 389 802 478 858 507 746 478 800 507 81 436 88 445
343 274 690 704 983 372 1279 619 0 399 145 685 908 465 998 514 699 476 739 505 72 463 108 489 1114 0 1208 49 113 471 153 500 268 374 297 389 802 478 858 507 747 478 799 507 81 436 88 445
343 274 691 704 983 372 1279 618 0 399 145 685 909 465 998 514 699 476 738 505 1114 0 1208 48 72 463 108 489 114 471 153 500 268 374 297 389 802 478 859 507 748 478 799 507 81 436 88 445
343 274 691 704 983 372 1279 618 0 399 145 685 908 465 998 514 699 476 738 505 1114 0 1208 48 72 463 108 489 114 471 153 500 268 374 297 389 802 478 859 507 81 436 88 446
343 275 691 704 983 372 1279 618 0 398 145 685 908 465 998 514 698 476 738 505 1114 0 1208 48 72 463 108 489 114 471 153 500 268 374 297 389 801 478 860 506 81 436 88 446
343 276 691 704 982 373 1279 618 0 398 145 685 908 465 999 514 698 476 738 506 1114 0 1208 48 114 471 154 500 72 463 108 489 268 374 297 389 801 478 860 506 747 478 799 507
343 276 691 704 982 373 1279 619 0 398 145 685 908 465 999 514 698 476 738 506 114 471 154 500 1113 0 1208 48 72 463 108 489 801 478 860 506 268 374 297 389 746 478 799 507 99 401 110 411
343 276 691 704 983 373 1279 619 0 398 145 686 908 465 999 514 698 476 738 506 114 471 154 500 1114 0 1208 49 72 463 108 488 268 374 297 389 802 478 859 506 747 478 799 506 99 401 110 411
344 276 690 704 983 372 1279 619 0 398 145 686 908 465 999 514 698 476 738 506 114 471 154 500 72 463 108 488 1114 0 1208 49 802 478 859 506 268 374 297 389 99 401 110 411
344 275 690 705 984 372 1279 619 0 398 145 686 908 465 999 514 699 477 737 506 115 471 155 500 72 463 108 488 1114 0 1208 49 802 478 859 506 268 374 297 389 747 478 799 506 99 401 110 411
343 275 690 705 983 372 1279 619 0 399 145 685 908 466 999 514 698 476 738 506 114 471 154 500 72 463 108 489 1114 0 1208 48 802 478 858 506 268 374 296 389 746 478 799 507
342 275 691 704 982 372 1279 618 0 398 145 685 909 466 999 514 698 476 738 506 114 470 154 500 71 463 109 489 1114 0 1208 48 802 479 858 506 268 374 296 389 746 478 800 507
342 275 691 704 981 373 1279 618 0 399 145 684 909 466 999 514 698 476 738 506 114 470 154 500 71 463 109 489 1114 0 1208 47 802 479 857 506 268 374 296 389 745 478 801 507
342 275 691 704 981 373 1279 618 0 399 145 684 909 466 999 514 699 476 738 506 71 463 109 489 114 470 154 500 1114 0 1208 47 802 478 857 506 268 374 296 389 746 478 800 507
343 275 691 704 981 373 1279 618 0 399 145 684 909 466 999 514 699 476 738 506 71 463 109 489 114 470 154 500 1114 0 1208 47 802 479 858 506 268 374 296 389 746 478 800 508
343 276 691 704 981 373 1279 618 0 399 145 684 909 465 999 514 699 476 738 506 71 463 109 489 114 470 154 500 1114 0 1208 48 802 479 858 506 268 374 296 389 746 478 800 508
344 275 691 703 982 372 1279 618 0 399 145 685 909 465 999 514 699 476 738 506 71 463 109 490 114 470 154 500 1114 0 1208 48 802 478 858 506 268 374 296 389 745 478 800 508
344 275 690 703 982 372 1279 618 0 398 145 686 909 465 998 514 699 476 739 506 72 463 109 489 1115 0 1208 47 114 470 154 500 802 478 858 506 269 374 296 389 745 478 800 508 98 401 110 410
344 274 690 704 982 372 1279 618 0 398 145 686 909 465 998 514 699 477 739 506 113 470 154 500 72 463 109 489 1114 0 1208 47 802 478 857 506 269 374 296 389 746 478 800 507 99 400 110 410
343 274 690 704 982 372 1279 618 0 397 145 686 909 465 998 514 699 477 739 506 113 470 154 501 72 463 109 489 1114 0 1208 47 802 478 857 506 269 374 295 389 746 478 800 507 99 400 110 410
343 274 690 704 982 372 1279 619 0 398 145 685 909 465 998 514 699 477 739 506 113 470 154 501 72 463 109 489 1114 0 1208 47 802 478 857 506 269 374 296 389 747 478 800 507 98 400 110 410
343 274 690 704 983 372 1279 619 0 397 145 685 909 465 998 514 699 477 739 506 114 470 154 500 72 463 109 489 1114 0 1208 48 802 478 857 506 269 374 296 389 747 478 800 507 98 401 110 410
343 274 690 703 983 372 1279 619 0 397 145 685 910 465 998 515 699 477 739 506 114 470 154 500 1114 0 1208 48 72 463 108 489 802 478 857 506 269 374 296 389 747 478 800 508 98 401 110 410
343 274 691 703 983 372 1279 619 0 397 145 686 910 465 998 515 699 477 739 506 114 470 154 500 1114 0 1209 48 72 463 108 489 802 478 857 506 269 374 296 389 747 478 800 508 98 401 110 410
343 275 691 703 983 371 1279 619 0 397 145 686 910 464 998 514 699 477 740 506 1114 0 1209 48 114 470 154 500 72 464 108 489 802 478 857 506 269 374 295 389 747 478 800 508 99 401 110 410
343 276 691 703 983 371 1279 619 0 398 145 685 910 464 998 514 699 477 740 506 1114 0 1209 48 115 471 154 500 72 464 108 489 802 479 857 506 269 374 296 389 747 478 801 508 99 401 110 410
343 276 691 704 984 371 1279 619 0 398 145 685 910 464 998 514 699 477 740 506 1114 0 1209 48 115 471 154 500 72 464 108 489 802 478 857 506 269 375 295 389 746 478 801 508 99 401 110 410
343 276 691 704 984 371 1279 619 0 398 145 686 910 464 999 514 699 477 740 506 1114 0 1209 48 115 471 154 500 72 464 108 489 269 375 295 389 802 479 857 506 746 478 801 508 99 401 110 410
343 275 691 705 984 371 1279 619 0 399 145 686 910 464 999 514 699 477 740 506 1114 0 1208 48 114 471 154 500 72 464 108 489 270 375 295 389 802 479 858 506 746 478 801 508 99 401 110 411 81 437 88 446
343 274 691 705 984 370 1279 619 0 400 145 686 910 464 999 514 699 477 740 506 1114 0 1208 48 72 464 109 489 114 470 154 500 270 375 295 388 802 479 858 506 746 478 801 508 81 437 88 446 99 401 110 411
343 274 691 705 984 370 1279 619 0 400 145 685 910 464 999 514 699 477 739 506 1114 0 1208 48 71 464 109 489 114 470 154 500 270 374 295 388 802 479 858 506 746 478 800 508 81 436 88 446 99 401 110 411
343 274 691 705 984 370 1279 620 0 401 145 685 910 464 999 515 699 477 739 506 1114 0 1208 48 71 464 109 490 114 470 154 500 270 374 295 389 802 478 858 506 747 478 800 508 81 436 88 445 99 401 110 411
344 274 691 705 984 370 1279 620 0 401 145 685 910 464 999 515 699 477 738 506 1114 0 1208 48 71 464 109 489 114 470 154 500 269 374 295 389 802 478 858 506 747 478 800 508 81 436 88 445 99 401 110 410
344 274 690 705 984 370 1279 620 0 401 145 685 910 464 999 515 698 476 739 506 1114 0 1208 48 72 464 109 489 114 471 154 500 269 374 296 389 802 478 857 506 81 435 88 445 746 477 800 508 99 401 110 410
344 274 691 705 984 370 1279 620 0 402 145 684 910 464 999 515 698 476 739 506 1114 0 1208 48 72 464 109 489 114 471 154 500 269 374 296 389 802 478 857 506 81 435 88 445 746 477 800 508 99 401 110 410
343 274 690 706 984 370 1279 620 0 402 145 684 910 464 998 514 698 476 739 506 1114 0 1209 48 72 464 109 489 114 471 154 499 269 374 296 389 803 478 857 506 745 477 800 508 81 435 88 445
343 275 690 706 984 370 1279 619 0 403 144 684 911 464 998 514 698 476 739 506 1114 0 1209 47 72 464 109 489 114 471 155 499 269 374 296 389 803 478 857 506 744 477 801 508 81 435 88 445
343 275 690 705 984 371 1279 619 0 402 144 684 911 465 998 514 698 476 738 506 1114 0 1209 47 71 464 109 489 114 471 155 500 269 374 296 389 803 479 857 506 744 478 801 508 81 435 88 445
343 275 690 705 984 370 1279 619 0 402 144 684 910 465 998 514 698 476 738 506 1114 0 1209 47 71 464 109 490 114 471 154 500 269 374 296 389 803 478 857 506 745 477 800 508 81 435 88 445
343 275 691 704 984 370 1279 619 0 401 144 685 910 465 998 514 698 476 738 506 1114 0 1209 47 114 471 154 500 70 464 109 490 269 374 296 389 803 478 857 506 81 435 88 445 745 477 800 508
343 275 691 704 984 370 1279 619 0 401 144 685 910 465 998 514 698 476 738 506 1114 0 1209 47 70 464 109 490 114 471 154 500 269 374 296 389 803 479 856 506 81 435 88 445 744 477 800 508
343 275 691 704 984 371 1279 619 0 401 145 685 910 465 998 514 698 476 738 506 1114 0 1209 48 71 464 109 491 115 471 154 500 269 374 296 389 803 479 857 506 81 435 88 445 744 477 800 508 99 401 111 410
343 275 690 704 985 371 1279 619 0 401 145 685 910 465 999 514 697 476 738 506 1114 0 1208 48 72 464 108 491 115 471 154 500 269 374 296 388 803 478 857 506 81 434 88 444 743 477 800 508
343 274 691 703 985 371 1279 619 0 401 145 685 910 465 998 514 697 476 738 506 1114 0 1208 48 115 471 155 500 73 464 108 490 269 374 296 388 803 478 857 506 81 434 88 444 743 477 800 507 98 401 111 410
343 275 691 702 985 371 1279 619 0 400 145 685 910 465 998 514 697 476 738 506 1114 0 1208 48 114 470 154 500 73 464 107 490 269 374 296 388 803 478 856 506 81 435 88 445 743 477 801 507
343 275 691 702 985 371 1279 619 0 400 145 685 910 465 998 514 697 476 738 506 1114 0 1208 48 113 470 154 500 73 464 106 489 269 374 296 389 803 478 856 506 82 435 88 446 743 477 801 507
343 275 692 702 985 372 1279 619 0 399 145 685 910 465 998 515 697 476 738 506 1114 0 1208 47 113 469 154 500 269 374 296 389 804 478 855 506 74 465 104 489 82 436 88 446 743 477 801 507
343 275 692 703 985 371 1279 619 0 399 146 685 910 465 998 515 697 476 738 506 1114 0 1208 47 112 469 154 500 269 374 296 389 804 478 855 506 74 465 103 487 81 437 88 447 743 477 800 507
343 275 693 703 985 371 1279 619 0 399 146 685 910 465 999 515 697 476 738 506 1114 0 1208 47 112 468 155 500 269 374 296 389 804 478 855 506 742 477 800 507 81 437 88 447 75 465 102 485
343 275 692 703 985 371 1279 619 0 399 146 685 910 465 999 515 697 476 738 506 1114 0 1208 47 113 468 155 501 269 374 296 389 804 478 855 506 743 477 800 507 81 437 88 447 73 465 103 483
343 275 692 703 985 371 1279 619 0 400 146 685 910 465 999 514 697 476 738 506 1114 0 1208 47 269 374 296 389 804 478 855 506 114 465 150 491 72 464 103 483 81 437 88 447 743 477 800 508
343 275 692 703 985 371 1279 619 0 402 146 685 910 465 999 514 697 476 738 506 1114 0 1208 48 269 374 296 389 804 478 855 506 71 465 104 484 116 469 153 503 81 437 89 447 743 477 800 508
343 275 692 703 984 371 1279 619 0 403 147 686 911 465 999 514 697 476 738 506 1114 0 1208 48 269 374 296 389 804 478 855 506 71 465 104 486 116 470 151 505 82 437 89 447 743 477 800 507
343 275 692 702 984 371 1279 619 0 403 147 686 911 465 999 514 697 476 738 506 1114 0 1208 48 269 374 296 389 804 478 856 506 71 465 105 487 115 471 150 507 82 437 89 447 743 478 800 507
343 275 692 702 984 370 1279 619 0 402 148 686 910 465 1000 515 697 476 738 506 1114 0 1208 48 71 465 107 488 803 479 855 506 269 374 296 388 115 472 152 510 82 436 89 446 743 478 800 507
343 275 692 701 983 370 1279 619 0 401 148 686 913 463 1016 514 697 476 738 506 1114 0 1208 48 116 474 154 511 71 464 108 488 803 479 855 506 269 374 296 389 82 436 89 446 743 478 800 507
343 275 692 702 983 370 1279 619 0 402 148 686 912 464 1021 515 697 476 738 506 1114 0 1208 48 71 464 108 488 803 479 855 506 119 474 159 511 269 374 296 389 81 436 89 445 743 478 800 506
343 275 692 702 984 370 1279 619 0 402 148 686 912 464 1022 515 697 476 739 506 1114 0 1208 48 71 464 107 488 803 479 855 506 269 374 296 389 81 436 89 445 743 478 800 506
343 275 693 701 985 369 1279 620 0 401 148 687 912 464 1024 516 697 476 738 506 1114 0 1208 48 71 464 107 489 802 479 856 506 269 374 296 389 743 478 800 507 82 437 89 446
343 275 693 701 986 369 1279 621 0 400 147 687 912 465 1025 516 697 476 738 506 1114 0 1208 48 139 475 179 513 71 464 107 489 802 479 857 506 269 374 296 389 115 464 146 487 743 477 800 507 82 437 89 446
342 275 693 702 986 368 1279 621 0 400 147 687 913 465 1028 517 698 476 738 506 1114 0 1208 49 71 464 108 489 802 479 857 506 269 374 296 389 145 474 182 512 114 464 148 490 744 477 801 507 82 437 89 447
342 275 693 703 986 368 1279 620 0 401 147 686 914 466 1030 518 698 476 738 506 1114 0 1208 49 71 464 108 488 113 471 153 500 802 479 857 506 269 374 296 389 744 477 801 507 81 437 89 446
342 275 693 702 986 368 1279 621 0 401 147 686 913 467 1031 519 698 476 739 506 113 470 155 501 1114 0 1208 49 160 474 198 517 71 464 108 488 801 478 858 506 269 374 296 389 744 477 800 507 81 436 89 446
342 275 692 702 986 368 1279 621 0 402 146 687 913 466 1029 519 698 476 739 506 113 471 155 501 163 475 203 517 1114 0 1208 49 71 464 108 488 801 478 858 506 269 374 296 389 744 477 801 507 81 437 89 446
343 275 692 702 986 369 1279 621 0 402 146 687 912 466 1023 521 698 476 739 506 114 471 156 501 1114 0 1208 49 71 464 109 488 801 478 858 506 269 374 297 389 744 477 801 508
343 274 692 703 987 369 1279 620 0 402 146 687 910 467 1018 521 698 476 739 506 114 471 156 500 1114 0 1208 49 71 464 109 488 802 478 858 506 269 374 297 389 744 477 801 508
343 274 691 703 987 370 1279 620 0 402 146 687 900 469 1008 522 698 476 739 506 184 477 227 519 114 471 156 500 1114 0 1208 49 70 464 109 488 802 478 858 506 268 374 297 389 744 476 801 508 98 400 110 411
344 273 690 703 989 370 1279 620 0 401 146 687 893 468 1009 522 697 476 739 506 188 478 232 519 1114 0 1208 49 114 470 157 500 71 464 109 488 268 374 297 389 801 477 859 506 744 476 801 508 98 401 110 411
343 273 690 703 989 370 1279 620 0 401 146 687 887 468 1007 522 698 476 739 506 1114 0 1208 49 71 464 109 488 114 470 157 500 269 374 297 389 801 478 858 506 744 477 801 508 98 400 110 411
343 274 690 702 988 371 1279 620 0 401 146 687 697 476 738 506 885 467 1004 520 1114 0 1208 49 71 464 109 488 114 470 157 500 269 374 296 389 801 478 858 506 744 477 802 508 98 400 110 410
343 274 690 703 986 371 1279 620 0 400 146 687 697 476 738 506 856 467 992 520 210 478 255 523 1114 0 1208 49 71 464 108 488 114 470 157 500 801 478 857 506 269 374 296 389 744 477 802 508 98 400 110 410
344 274 689 703 985 371 1279 620 0 401 146 687 697 476 738 506 854 467 993 519 71 464 108 488 1114 0 1208 49 114 470 157 500 801 478 858 506 269 374 296 389 744 477 802 509 98 400 110 410
344 274 689 704 982 372 1279 619 0 401 145 686 698 476 738 506 71 464 108 488 1114 0 1208 49 114 471 156 500 831 466 968 516 801 478 858 507 269 374 296 389 744 476 802 509 98 400 110 410
345 274 688 705 980 372 1279 619 0 401 145 686 698 476 738 506 831 465 965 517 71 464 109 488 1114 0 1208 49 114 471 155 499 802 478 858 507 228 472 282 525 269 374 296 389 744 476 802 509 98 400 110 410
346 273 687 706 978 372 1279 619 0 401 145 685 831 464 964 518 698 476 738 506 802 477 858 508 235 473 289 526 71 464 109 488 1114 0 1208 49 114 471 155 499 269 374 296 389 745 476 801 509 80 436 88 445 98 400 110 410
346 272 687 706 981 371 1279 620 0 401 145 685 830 463 963 519 698 476 738 506 1114 0 1208 49 71 464 109 489 115 471 155 499 802 477 857 508 268 374 297 389 744 476 802 509 929 462 1012 509 80 436 88 445 98 400 110 410
346 272 686 706 982 371 1279 620 0 401 145 685 697 476 739 506 826 464 966 519 252 474 306 528 1114 0 1208 49 71 464 109 489 115 471 155 500 268 374 297 389 925 462 1014 510 744 476 802 509 804 476 856 509 80 436 88 446 98 400 110 410
346 272 686 706 983 371 1279 620 0 401 145 685 697 476 738 506 259 475 314 528 1114 0 1208 49 71 464 108 489 114 471 155 500 819 465 936 521 922 463 1017 510 268 374 297 389 730 476 812 512 98 400 110 410
346 271 685 706 982 371 1279 620 0 401 146 684 697 476 738 506 814 466 934 521 1114 0 1208 49 115 472 155 500 71 464 108 489 920 463 1019 510 268 374 297 389 729 476 812 512 98 400 110 410 81 436 88 446
