

853 356 901 433 761 395 793 439 753 357 796 430 659 358 706 396 429 362 522 412 740 358 758 383 513 360 552 385 563 355 590 375
855 357 903 433 754 357 798 430 760 394 795 441 660 357 705 395 426 362 520 413 740 358 759 383 513 359 550 385 563 355 590 374 539 360 567 382
858 357 906 434 755 357 799 431 411 365 507 417 759 394 796 442 661 358 703 394 512 359 551 387 563 355 590 374 740 357 759 382 14 345 340 531
858 356 908 435 756 357 800 431 402 363 508 419 512 357 552 387 759 393 797 443 10 345 341 528 662 358 703 393 563 355 589 374 741 358 760 383
394 363 509 421 757 358 800 432 857 356 910 436 510 358 551 388 7 344 327 529 760 393 797 444 564 355 588 374 803 342 888 399 741 358 760 384 625 354 639 376 286 366 388 414
759 357 802 433 389 364 509 422 861 350 916 438 6 343 311 536 510 359 548 389 762 393 798 444 804 342 891 400 564 355 588 374 742 357 760 384 287 366 386 415 626 354 639 377 648 353 659 378 543 360 568 382
862 349 919 439 372 365 499 425 760 358 803 432 4 343 289 540 510 361 547 390 804 344 891 401 742 355 760 385 763 394 799 444 278 367 385 416 626 354 639 378 564 356 588 375 648 354 659 379
862 348 922 438 366 365 499 428 760 358 804 431 1 348 242 529 509 362 548 391 743 356 761 384 806 346 890 400 563 356 588 377 626 355 639 379 763 392 801 443 647 355 659 379 273 366 382 417
865 347 925 439 360 364 497 430 761 357 806 432 743 355 761 385 507 361 549 392 253 366 367 420 647 356 659 378 625 356 639 379 809 347 889 400 563 356 588 378
868 347 927 440 762 354 807 435 340 365 481 433 744 354 761 386 507 361 549 393 647 355 659 378 625 355 640 379 563 356 589 379 250 366 362 420 813 347 890 401 678 358 713 390 543 360 570 386 92 370 227 434
871 348 932 442 333 362 482 435 763 353 807 436 744 354 762 386 506 359 548 393 647 355 659 377 222 366 347 425 625 355 640 378 676 358 713 391 826 342 916 408 563 356 588 379 543 360 570 386 82 370 229 436
876 350 934 442 763 353 807 436 829 344 914 407 312 361 455 438 647 355 660 377 744 355 763 387 625 355 640 378 562 355 589 378 507 358 546 391 4 370 172 436 542 359 569 385 485 359 526 394 190 367 330 427
768 354 813 435 6 375 163 449 885 345 945 444 647 355 659 377 832 346 914 406 745 354 763 387 626 355 639 378 273 358 472 443 563 355 589 378 507 357 546 391 485 359 530 395 542 359 568 384 188 364 326 429 773 392 808 442
266 356 460 451 887 344 948 445 770 354 814 435 0 373 131 436 159 362 306 430 745 354 764 387 647 355 659 377 562 354 589 376 626 354 640 377 484 358 533 394 835 347 916 405 541 358 567 383 507 357 547 390
251 357 459 467 891 343 949 443 772 354 815 435 112 357 327 438 0 372 118 453 745 354 765 386 647 354 659 377 562 355 589 376 540 358 567 383 627 354 640 376 775 393 811 442 484 358 532 394 720 356 734 376 1057 349 1081 398
895 345 953 445 773 354 817 434 215 354 440 476 562 355 588 377 776 393 813 442 647 354 659 376 539 358 566 384 628 354 640 376 103 355 332 439 0 368 89 440
193 354 439 483 897 345 957 448 772 354 819 433 776 394 815 442 58 359 284 447 648 354 659 377 628 355 639 376 538 360 565 386 562 355 587 378
144 359 408 488 898 345 962 450 774 354 821 434 25 362 241 446 648 354 659 378 777 395 818 444 628 356 639 377 669 371 724 408 760 356 779 387 538 361 566 387 461 356 542 403 563 356 587 378 872 336 1048 432
774 354 823 435 126 358 410 495 19 362 232 445 648 355 660 378 779 397 821 446 628 356 639 377 761 355 780 387 538 360 567 387 663 354 677 376 563 356 587 377 461 356 539 404
777 353 825 436 78 361 362 502 910 342 973 450 762 355 781 389 648 355 659 378 539 359 570 388 628 357 639 377 780 396 824 447 562 355 587 378 445 354 525 409 913 332 1086 434
778 354 828 437 914 342 978 454 51 360 386 527 916 335 1103 438 446 360 524 415 763 357 782 388 648 356 659 379 561 356 588 380 628 358 639 378 664 355 677 378 539 360 571 389 517 360 549 391 781 396 825 447
14 361 338 538 918 336 1123 444 442 358 524 416 918 344 984 456 781 353 831 438 648 356 659 379 764 358 782 389 560 355 588 381 628 357 639 378 325 357 446 420 539 359 573 389 664 355 677 379 1149 328 1191 408 516 360 549 393 766 377 787 406 834 354 867 381
942 330 1155 450 1 368 329 519 437 359 522 418 920 345 988 457 783 353 833 438 320 356 448 423 649 358 659 380 665 357 677 379 628 359 639 379 560 356 587 382 539 360 573 390 515 361 550 394 766 376 788 408 1169 330 1213 405
433 358 520 418 948 330 1173 453 0 362 304 541 648 357 658 378 316 358 442 424 789 354 838 439 664 355 677 379 540 358 576 389 930 343 998 455 628 358 639 378 513 361 549 395 560 355 587 382 768 375 790 407
0 365 269 529 427 359 519 420 932 344 1003 455 648 358 658 379 790 354 839 438 511 360 549 397 990 330 1220 458 539 357 577 390 665 356 677 379 291 357 426 427 628 359 639 379 559 355 587 382
995 332 1236 464 937 344 1008 453 791 351 841 438 0 365 263 523 412 358 509 422 647 356 658 378 509 360 547 398 765 358 787 388 539 356 577 390 285 357 424 429 665 355 678 379 628 357 640 378 560 354 587 380 800 399 840 447
998 334 1245 468 405 357 509 424 792 350 843 440 8 364 251 506 941 345 1011 455 647 356 659 379 539 356 577 390 506 359 546 399 766 358 787 388 666 356 679 380 222 349 423 433 629 356 640 378 561 353 587 380
1014 331 1272 469 397 359 505 428 793 348 846 443 10 365 232 495 647 357 659 380 539 356 578 390 217 351 417 438 666 357 679 380 940 378 1019 465 628 357 639 378 504 360 546 399 562 354 587 381
1023 330 1272 471 794 349 848 444 392 358 503 430 648 357 659 381 538 355 579 389 666 357 678 381 215 355 409 443 10 365 220 493 948 351 1034 476 627 357 639 379 484 360 531 397
1040 332 1273 471 371 362 496 436 795 349 850 445 952 351 1037 478 1 368 160 499 648 358 659 381 537 356 579 390 666 358 678 381 627 358 639 380 227 363 385 442 802 406 852 468
364 362 492 438 1059 333 1273 469 797 351 851 444 955 375 1040 467 537 356 576 390 648 358 659 380 672 361 734 417 666 358 678 381 627 358 639 379 2 371 152 498 201 365 371 441 803 406 854 469
799 350 854 446 339 364 480 442 1095 346 1279 484 961 350 1047 482 535 356 574 390 647 359 659 380 672 361 734 417 666 359 679 380 805 405 855 470 627 359 639 379 167 360 376 442 466 361 542 413
802 351 856 446 1118 352 1279 480 966 349 1056 484 673 361 735 418 534 356 572 391 647 359 658 380 666 359 679 380 463 360 540 414 807 404 857 470 627 359 640 380 337 362 474 443
804 380 862 462 970 350 1063 486 674 360 735 418 290 366 467 461 532 355 572 391 647 358 659 380 666 358 678 379 457 353 539 410 108 369 325 463 627 358 640 379 1128 360 1277 476
276 364 459 465 974 350 1070 488 806 351 859 447 675 361 736 419 46 363 302 473 666 359 679 380 647 359 659 380 531 355 572 391 455 359 540 415 809 403 860 471 627 359 640 380 785 375 807 410
43 362 298 477 675 360 736 419 811 349 868 452 666 359 680 380 647 359 659 380 437 358 527 417 531 354 572 391 978 351 1074 491 268 364 451 469 627 359 640 380 812 404 868 475 785 375 808 411 567 356 587 378
211 364 432 482 432 357 524 418 810 369 871 466 994 354 1094 492 29 363 296 485 674 361 736 420 667 359 681 380 647 358 659 380 531 353 573 392 627 359 640 380 787 375 810 410 514 357 555 398 566 356 587 378
9 362 255 490 998 355 1099 493 428 357 521 418 813 370 873 465 674 360 736 420 667 358 681 381 646 358 658 380 512 357 557 399 156 368 401 493 627 359 639 379 533 353 572 390 786 359 808 394 788 374 811 410 566 356 587 377
8 363 236 489 145 367 402 498 1002 355 1103 493 814 351 874 448 426 357 523 419 674 360 736 419 667 357 681 380 816 406 874 478 509 356 555 398 645 356 658 379 786 358 809 395 536 352 573 387 790 373 813 409 565 355 587 376
1007 355 1112 492 817 349 877 450 398 354 515 424 667 357 682 381 674 360 736 420 819 406 877 480 507 355 552 398 645 356 657 379 83 372 355 510 537 352 572 386 786 358 809 395 627 358 639 378 7 365 229 496 567 355 587 376 790 371 814 409
394 350 512 425 1012 354 1121 492 818 345 879 452 667 355 681 378 821 406 880 479 645 355 658 378 504 352 551 395 786 356 810 395 30 371 327 516 538 350 571 385 627 356 639 377 568 353 587 375
1017 353 1130 493 391 348 506 429 821 344 881 454 16 366 338 519 667 355 681 378 824 406 883 480 495 349 553 399 787 355 810 394 645 355 657 378 537 350 569 385 626 356 639 377 296 349 418 426 791 370 818 409 568 353 587 375
1017 347 1134 495 823 341 883 454 368 348 501 431 18 365 323 516 493 348 553 398 645 355 658 377 827 405 884 477 788 354 811 393 667 355 680 375 537 349 567 383 627 355 639 376 269 348 398 410 811 353 830 393
1034 343 1148 501 825 342 885 453 363 346 497 432 645 354 658 377 829 402 885 478 789 353 811 393 483 350 541 400 19 366 305 516 627 354 639 375 537 350 566 380 811 353 831 394
1039 340 1157 506 826 371 890 468 332 350 485 436 474 348 547 402 645 354 658 377 3 359 257 523 789 352 812 393 812 352 834 396 827 338 881 419
1046 340 1167 509 470 349 546 402 831 345 894 452 316 348 486 444 644 354 658 377 3 355 238 531 178 344 373 430 667 354 680 376 834 398 894 481 815 352 836 397
465 350 545 404 1054 341 1174 506 285 349 477 450 829 366 897 471 667 356 681 379 644 355 658 378 180 346 364 438 816 352 839 398 564 354 585 373 540 352 567 376
279 349 467 454 457 350 544 406 832 365 900 470 1060 341 1181 508 668 357 682 380 176 347 354 445 644 356 657 379 791 353 814 396 817 353 840 399 18 349 226 450 541 353 568 377 565 355 585 374
266 349 460 459 450 351 544 408 835 363 902 470 668 359 683 380 19 351 220 453 644 357 657 379 792 354 815 398 1080 340 1199 512 169 348 353 453 817 354 840 399 540 353 569 377 564 355 586 374
131 347 318 457 246 355 459 471 441 349 533 414 837 362 904 472 668 359 684 381 1087 341 1205 511 681 360 743 420 793 354 815 398 5 350 177 457 643 357 656 379 818 355 839 398 542 353 570 377
435 348 532 415 206 348 446 481 839 362 904 473 668 359 683 381 1093 342 1213 510 114 345 313 459 680 359 743 420 6 349 167 458 643 357 657 379 794 354 815 397 817 354 837 396 563 355 587 374
424 352 531 422 841 361 907 475 669 359 683 381 684 360 746 418 1099 340 1224 516 198 351 434 489 55 354 290 476 644 358 657 379 590 357 614 374 795 356 814 395 507 352 548 387 544 354 571 378 564 356 587 375
843 361 910 476 415 351 532 423 669 359 683 381 683 359 747 420 134 353 413 494 1104 336 1232 522 644 358 658 380 589 356 614 374 16 356 239 478 506 352 548 387 564 356 588 375
401 349 521 428 845 362 912 477 66 342 411 530 682 359 748 420 669 359 684 381 10 355 237 486 644 358 657 379 589 356 615 374 1128 332 1252 526 808 371 835 414
394 347 520 428 43 343 401 534 682 358 748 420 843 358 920 490 669 358 683 381 1132 333 1261 532 643 357 657 380 3 353 229 492 588 356 615 374 808 372 836 415 810 353 834 395
384 347 520 428 36 344 388 535 682 357 748 420 1140 332 1269 537 669 357 684 381 849 355 929 492 643 356 656 379 810 352 834 397 315 352 402 396 839 349 860 392 587 356 617 375 808 371 836 415
368 346 502 433 682 358 749 420 13 347 347 536 1147 331 1272 542 669 357 683 381 850 355 930 492 644 357 657 380 627 356 639 376 308 351 398 397 587 355 616 375 839 349 860 390 479 347 535 400 810 353 834 395 809 371 837 414
357 345 502 433 682 360 750 420 1155 328 1273 543 854 398 929 493 669 357 684 381 10 347 328 539 645 357 658 380 627 357 639 376 288 352 381 396 808 371 837 415 474 347 530 400 588 356 616 374 858 349 925 449
335 345 504 438 683 360 751 421 856 399 934 494 669 358 683 381 7 347 314 541 1160 327 1275 546 470 348 528 403 647 358 660 380 627 357 639 377 807 371 839 415 277 352 381 432
318 345 502 438 682 360 751 420 857 400 939 493 669 357 683 381 6 343 296 542 646 357 660 380 626 357 639 377 808 372 839 415 810 353 837 397 1169 336 1274 542
682 360 752 421 859 400 944 494 8 340 295 544 669 358 683 380 306 346 499 443 646 358 660 381 627 357 639 377 811 352 836 401
280 346 476 451 682 360 752 421 859 398 948 495 669 358 682 380 646 358 660 381 627 357 639 377 812 353 837 401 7 338 296 548 11 402 1258 708
265 344 469 456 683 362 752 422 669 359 682 379 862 357 957 488 443 343 527 403 813 371 841 414 628 357 639 377 13 405 1260 709 647 359 660 380 114 361 331 473 863 428 948 497
684 363 754 422 669 359 682 380 863 359 957 490 435 344 526 405 214 347 449 459 628 357 640 377 647 359 660 381 815 372 842 413 96 357 334 470 23 406 1249 706
206 345 443 464 39 355 301 478 685 364 754 423 669 359 682 380 865 357 958 490 628 357 639 377 647 359 660 381 816 373 842 413 817 355 840 398 564 356 589 375
183 345 439 482 685 365 755 423 408 344 510 412 669 359 682 380 868 356 961 491 23 352 297 483 647 359 660 381 627 358 639 377
686 364 754 423 401 342 513 411 668 360 683 380 871 354 962 492 138 342 416 488 646 359 659 380 627 358 639 377 16 355 245 484
686 365 754 422 391 339 516 411 59 326 408 511 877 403 970 504 668 359 683 380 646 358 659 380 627 358 639 377 20 413 1249 698
46 324 394 521 686 364 755 422 879 358 972 495 381 337 519 412 668 359 684 380 645 357 659 379 626 357 639 376 27 407 1253 699 564 354 590 374
11 332 359 526 686 363 756 422 362 335 506 416 881 358 976 495 668 358 684 380 644 357 659 378 32 406 1256 701
8 334 350 535 686 361 758 422 338 334 513 428 881 354 976 496 668 357 684 380 644 357 658 378 37 408 1257 702 870 349 915 440
6 330 322 540 320 332 507 429 687 361 760 423 890 349 993 502 668 357 684 380 644 356 658 377 869 352 918 440
8 325 290 539 686 361 761 423 892 346 998 503 668 357 684 379 303 329 508 431 644 356 657 376 830 373 863 418 870 351 920 441 22 420 1251 696 833 353 860 397
268 325 487 441 8 318 262 536 686 362 762 423 893 343 1003 504 668 357 684 378 644 356 657 376 0 475 1279 674 832 373 865 418
254 325 488 444 686 362 763 423 895 344 1008 505 668 357 684 377 2 301 226 542 0 475 1279 678 644 356 657 376 833 373 867 418
686 362 764 423 899 345 1013 506 240 324 490 446 668 356 684 377 35 423 1253 692 644 356 657 376 1 297 218 548
686 362 765 423 904 344 1018 506 668 356 683 376 190 322 463 454 32 420 1255 691 644 356 657 376
176 317 457 456 686 363 766 423 909 344 1024 508 668 356 682 375 645 356 658 376 30 417 1254 691 433 351 519 404
686 362 767 422 913 343 1029 508 137 316 432 460 668 355 682 375 645 355 658 376 420 349 501 406
686 362 768 421 89 296 426 487 896 356 1045 511 668 355 682 375 411 350 502 405 646 355 659 376
61 290 415 495 689 361 768 421 931 343 1053 514 667 355 682 375 400 350 503 404
33 287 401 503 933 342 1059 515 692 361 768 419 667 355 681 375 383 350 488 405
22 287 396 508 915 348 1075 518 694 360 768 419 667 356 681 375 368 356 493 421
15 285 343 513 915 348 1081 520 694 361 769 419 667 356 681 376 350 354 466 424 1077 335 1117 426
918 346 1086 520 11 274 323 519 696 361 770 419 667 355 681 376 333 351 473 425 1128 346 1165 439
697 360 770 421 923 346 1092 521 8 261 303 525 279 345 469 434 666 356 680 376 1149 345 1191 442
265 344 461 440 696 359 772 422 927 344 1099 521 7 252 283 525 667 356 680 376
696 360 772 423 666 356 680 376 981 338 1109 528 213 344 444 453 9 251 274 524 645 355 658 375 948 433 1155 542
696 361 773 424 201 345 436 458 959 344 1131 523 667 356 680 377 4 254 227 527 943 431 1168 543 645 355 657 375
697 362 774 424 964 344 1143 526 667 357 680 377 689 358 707 384 157 344 403 462 645 357 658 376
696 362 775 424 968 343 1153 526 122 348 412 480 667 357 680 377 689 357 707 384 645 357 658 376
696 361 775 424 61 331 407 519 667 357 680 377 689 358 707 383 1007 342 1177 526 645 357 658 375
697 360 775 425 39 336 399 528 1012 340 1183 529 667 357 681 377 690 358 707 383 645 357 657 375 352 354 463 393
3 340 340 538 697 361 775 425 1022 336 1193 532 668 357 681 377 691 358 708 384 350 355 463 394 645 357 657 375 955 334 1052 465 0 356 119 425
0 342 323 540 698 361 780 426 1027 333 1202 535 668 357 681 377 691 358 709 384 938 402 1096 529 349 357 462 391 961 335 1058 466
698 361 781 426 1 340 314 536 1059 328 1226 534 668 357 681 377 691 357 709 384 942 402 1101 531 349 358 461 387 965 336 1065 468
698 361 783 426 1065 314 1238 555 7 336 307 533 896 358 943 433 668 357 682 377 691 357 710 384 971 337 1069 467 348 359 459 386
699 360 784 426 1071 313 1249 558 899 356 950 433 668 358 683 377 4 346 243 515 975 337 1073 466 345 360 460 388
