

45 369 235 473 710 365 786 501 379 390 421 416 0 364 59 442 266 394 286 434 441 391 466 407 315 386 333 424
40 370 234 475 708 366 784 502 379 390 421 417 0 364 58 443 252 394 275 436 441 391 467 407
32 372 231 475 707 366 784 503 377 390 421 418 0 365 56 444 251 394 275 437 441 391 468 407
23 371 225 475 705 367 782 504 377 390 420 418 1 364 55 444 441 391 468 407
14 370 219 475 704 369 781 506 376 390 420 418 1 364 55 443 417 392 442 411
6 370 214 477 703 370 780 507 367 391 413 418 1 363 54 442 417 391 442 411 441 391 468 407 1041 434 1095 512
3 371 211 477 695 369 775 509 367 391 414 419 243 396 266 437 304 386 321 422 441 391 469 408 417 391 443 411 1041 435 1095 512
0 371 187 481 693 370 775 508 367 391 414 420 439 391 469 408 303 386 320 423 418 391 443 411 468 390 493 407 1041 435 1095 512
0 372 184 481 693 371 775 508 368 391 413 420 225 397 249 438 439 391 469 408 301 387 319 423 418 391 443 411 1041 435 1096 512
0 372 180 482 694 371 774 507 367 390 413 421 223 396 249 440 439 391 469 408 301 387 318 423 417 391 442 410
0 373 175 484 694 370 774 507 367 389 413 421 220 397 247 440 299 387 317 424 439 391 469 408 417 390 444 410
0 371 163 486 695 370 772 508 366 389 413 422 297 386 315 424 439 391 468 407 219 398 244 439 417 390 444 411
0 369 150 489 696 371 772 508 365 389 412 422 296 386 314 425 439 390 468 406 417 390 444 411 270 388 284 421 1041 434 1094 511
0 366 139 491 697 372 770 508 365 389 412 422 295 385 313 425 439 390 468 406 196 395 224 441 416 390 443 410 271 387 285 421 1041 433 1094 512
0 365 135 493 695 373 769 509 364 388 412 423 295 386 312 424 193 397 221 442 439 391 468 407 415 389 443 410 1041 433 1094 512 272 387 286 421
697 373 757 512 4 360 115 495 363 389 411 423 440 392 467 406 295 387 312 422 415 389 442 410 273 387 289 421 1041 434 1094 512
696 375 755 513 362 389 410 423 4 357 106 495 169 398 198 445 441 392 467 406 415 390 441 409 206 386 257 419 274 387 291 422 1041 434 1094 512
695 376 753 514 0 356 87 498 360 390 409 422 442 392 467 406 205 387 259 419 274 386 293 424 415 390 441 409 1041 434 1093 512
0 356 77 500 695 377 752 515 359 390 409 422 441 392 467 406 205 387 258 419 416 391 442 410 276 393 296 430 468 392 491 406 1041 435 1093 512
693 377 751 516 358 390 408 423 0 351 65 504 274 393 296 431 416 392 443 410 440 393 466 407 203 388 259 419 1041 434 1093 513 468 392 491 406
692 377 748 515 358 390 407 423 440 392 466 408 272 393 294 431 416 391 444 410 0 356 38 490 1041 434 1093 513
357 390 406 423 691 378 746 514 440 392 466 408 188 388 273 423 269 393 292 431 416 391 444 410 1041 434 1094 512
356 390 407 423 677 372 747 517 187 389 276 423 440 392 466 408 416 391 443 410 1041 435 1094 512
680 376 737 514 354 390 406 423 184 390 280 423 440 392 466 408 416 391 443 410 18 356 48 442 1041 436 1094 511
678 377 738 515 352 390 406 423 183 390 283 423 21 357 51 442 441 392 466 408 416 391 443 410 468 393 490 406 40 363 73 441 1041 436 1094 511
676 378 737 515 349 389 405 423 182 390 283 423 442 392 466 407 468 393 489 406 25 359 55 441 416 391 443 410
669 374 741 520 349 389 404 423 182 390 283 424 441 392 466 407 397 388 427 412
665 374 740 521 347 389 404 422 182 389 280 424 397 387 427 413 440 392 467 408
661 375 737 522 347 389 404 423 181 388 276 425 396 387 428 413 439 392 467 408 417 391 445 409 1040 436 1094 512
659 376 736 520 347 389 402 422 179 388 272 426 396 388 428 414 438 392 467 408 417 391 446 410 1041 437 1094 511
659 377 736 521 348 390 401 421 395 387 428 414 439 392 466 408 180 390 270 432 1041 437 1094 511 418 391 445 409
659 377 735 524 348 390 399 421 395 388 428 414 439 392 466 408 1040 437 1094 512 418 391 446 410
657 377 734 526 348 389 399 421 395 388 427 415 220 392 249 434 1040 437 1094 512 440 392 466 407 418 392 446 410 275 388 288 419
660 384 729 551 218 392 247 435 395 390 425 415 349 389 398 422 1040 437 1094 513 417 393 446 411 440 393 466 407 275 389 289 420
659 383 728 550 216 393 245 435 396 390 425 415 339 389 391 423 21 361 54 445 416 393 447 411 1040 436 1094 513 440 393 466 408 275 388 289 420
661 384 728 548 336 388 392 425 395 390 425 415 1039 436 1094 513 416 393 445 411 276 388 290 420 17 358 54 445
658 379 733 528 335 387 391 426 395 389 425 415 1039 436 1094 512 276 388 290 419
659 378 733 528 333 387 389 426 394 389 425 416 194 392 231 438 277 386 290 419 1040 437 1094 512 442 392 465 408
660 376 734 529 332 387 387 426 393 389 425 416 192 392 229 439 277 386 290 418 1040 437 1094 512 442 392 466 408
660 375 733 530 330 387 385 425 393 390 425 416 1040 437 1094 512 277 385 291 418
661 376 732 528 329 386 386 428 392 389 424 416 8 383 62 454 1040 437 1094 512 278 384 291 418
660 375 731 530 328 385 385 428 390 389 424 416 1040 437 1094 512 278 384 290 417
659 375 730 531 327 385 384 428 389 389 423 416 1040 437 1094 512 277 385 290 417
325 385 383 428 388 390 421 416 664 387 719 536 1040 437 1094 512 185 383 272 424 277 385 290 417
324 385 383 428 388 390 420 416 664 388 718 536 187 383 272 423 1040 437 1095 512 276 385 290 417
322 385 382 428 661 389 710 535 387 389 420 416 209 385 258 419 1041 436 1095 512
661 388 711 535 320 385 381 428 385 388 420 416
660 386 710 521 319 385 380 428 383 387 420 417
658 387 709 520 318 385 379 428 382 388 419 416 0 351 28 449
657 387 709 521 317 385 378 428 381 387 419 416 0 351 26 449 185 386 268 422
656 387 709 521 313 387 385 426 381 387 418 416 0 349 26 448
656 387 708 521 303 384 376 431 381 387 419 416 0 346 23 450 1041 436 1096 513
655 386 707 521 302 383 376 431 0 343 21 451 382 388 419 416
655 386 707 520 299 383 374 431 0 343 19 453 369 386 412 420
655 387 707 519 297 382 374 432 367 385 413 419 0 343 18 454 417 393 442 410
654 388 706 518 293 382 373 432 366 385 413 419 0 342 17 455 417 393 443 410
653 390 706 517 291 382 373 432 366 386 413 419
291 382 372 432 652 390 705 517 366 387 411 420 10 380 116 458 185 388 276 422
291 382 371 432 651 391 705 517 367 388 410 421 9 381 111 458 185 388 276 422
288 382 368 432 651 390 704 516 366 387 410 421 185 387 273 423
284 384 364 435 651 389 702 515 365 387 409 421 186 387 271 423
650 388 702 512 282 381 363 433 364 386 408 422 187 386 269 424 415 395 441 411
650 385 701 511 280 381 364 433 362 386 408 422 187 386 269 424 414 394 442 411 1042 434 1096 513
650 384 700 511 274 380 358 435 359 386 409 422 186 386 268 424 414 394 442 411 1042 434 1096 513
651 383 700 511 271 380 357 434 357 386 408 422 185 386 268 424 414 393 443 410 1042 434 1096 513
651 384 699 509 265 382 356 439 354 385 407 422 184 386 267 425 0 363 82 443 415 393 443 410 1042 434 1096 513
262 382 355 439 651 384 699 508 0 364 83 443 351 385 406 422 184 386 267 425 415 392 444 410 1042 433 1096 513
259 383 353 439 650 386 699 507 0 364 83 444 350 385 406 422 415 391 444 410 184 385 266 426 1042 433 1096 514
255 384 352 438 651 387 699 508 0 364 84 444 349 385 406 421 414 391 445 411 185 384 265 426 1042 433 1096 514
253 384 350 438 651 390 698 509 0 364 84 444 348 386 406 421 413 392 445 411 178 387 256 427 1042 433 1096 514
250 383 350 439 650 390 696 509 0 364 84 444 347 385 405 421 413 392 445 411 179 387 255 427 1042 434 1096 513
248 382 349 440 650 389 694 508 0 364 85 444 347 385 405 421 413 391 445 411 180 386 254 427 1042 434 1096 513
650 387 692 506 245 381 349 441 0 364 85 444 349 384 403 421 414 390 446 410 180 386 254 427 1042 434 1096 513 867 454 1044 590
239 379 341 443 649 386 691 504 0 364 85 444 335 383 396 423 414 389 446 410 181 385 253 427 1042 434 1096 513 867 453 1045 590
235 380 340 442 649 385 691 503 0 364 85 444 334 383 396 424 414 389 447 410 1042 434 1096 513 867 453 1045 590
231 382 337 441 648 384 691 502 0 364 85 444 334 384 394 424 413 389 448 410 1041 434 1095 513 867 453 1044 590
226 382 336 441 647 383 691 502 0 363 86 445 333 384 394 425 412 390 450 411 1041 434 1095 513 867 453 1045 590
222 382 333 441 647 382 690 501 0 363 86 445 332 384 393 425 412 390 450 411 1041 434 1095 513 867 453 1044 589
218 382 332 441 647 383 690 501 0 363 86 444 331 384 394 425 411 390 450 411 1041 434 1095 513 867 454 1044 590
205 378 325 445 646 383 689 500 0 363 86 444 330 385 392 424 413 390 448 411 1041 434 1095 513 868 454 1044 590
205 378 322 446 647 383 688 500 0 362 86 445 329 386 390 423 413 390 447 411 868 453 1045 590 1041 434 1095 513
203 379 319 445 647 384 687 499 0 362 86 446 328 385 388 423 413 390 446 412 443 390 465 408 1041 434 1095 513 868 453 1045 590
200 381 316 444 647 384 686 499 0 362 86 446 328 383 386 423 413 390 446 412 443 390 465 407 868 453 1045 590 1041 434 1095 513
196 382 313 444 648 386 686 498 0 362 86 445 327 383 385 423 412 391 446 411 442 389 465 408 868 452 1045 590 1041 433 1095 513
191 381 311 445 648 388 686 497 0 363 87 444 321 383 395 424 412 391 447 412 868 452 1045 591 1041 433 1095 513 442 389 465 407
175 376 309 448 648 388 686 497 320 382 393 424 412 391 447 411 868 453 1045 591 1040 433 1095 514
172 376 310 448 648 388 686 496 319 383 390 424 412 392 447 412 1040 432 1095 514 868 453 1045 591
648 386 686 496 192 378 307 445 318 382 388 424 412 392 446 411 1040 432 1094 513 868 453 1045 591
648 385 685 496 206 379 302 444 413 392 445 411 317 382 387 424 0 362 85 442 1041 433 1094 513 868 453 1045 591
648 384 685 496 0 364 82 443 414 391 445 411 165 342 281 531 443 390 465 406 1041 433 1094 513
648 385 685 496 0 364 82 443 414 391 445 411 173 349 286 522 443 390 465 406 1041 434 1094 512 869 454 1046 590
648 386 685 496 0 364 82 442 414 391 445 411 224 353 319 517 156 381 261 450 444 391 464 406 1041 434 1094 513 868 454 1046 590
152 378 268 450 648 386 686 495 0 364 83 440 414 392 445 411 275 366 360 506 367 392 395 412 1041 434 1094 513
144 376 281 451 648 388 687 494 0 364 84 436 413 393 444 412 289 364 371 503 304 422 363 515 0 396 113 577
139 377 279 450 648 389 687 494 0 389 127 574 414 393 444 412 323 369 378 480 323 424 377 508 0 365 82 431
135 376 274 451 649 390 685 494 414 392 444 411 0 385 164 571 332 371 383 476 331 426 383 503
132 375 270 451 649 390 684 494 414 390 443 410 355 374 403 474
132 374 268 451 646 389 678 493 360 373 410 474 0 345 225 616 415 389 443 409 293 373 368 425
