

565 251 779 447
567 252 783 445
570 252 785 440
571 254 787 437
573 255 787 435
572 256 788 439














619 258 826 446
621 257 829 444
622 256 829 446


626 257 833 493
626 257 834 491
626 257 836 490
628 258 835 492
629 258 835 493
629 257 856 495
628 256 858 493
626 255 861 494
627 258 862 495 525 335 582 400
629 261 863 496 495 341 573 404 527 318 578 390
631 262 864 494
635 263 864 493
638 262 866 491
643 262 868 492
646 262 869 493
650 262 870 493
651 264 869 494
651 264 871 497
632 261 895 492
637 259 898 498 29 317 216 453
642 256 902 499 0 310 163 470
645 252 906 499 0 309 159 473
643 247 914 496
655 244 934 499
659 244 933 501
663 242 932 504
670 242 935 505
675 239 942 502
679 236 950 500
679 234 954 498
683 232 956 499
690 231 960 496
700 226 966 493
707 220 974 491
715 215 979 487
719 211 982 483
725 207 984 481
729 204 984 478
731 199 985 477
732 194 986 475
728 186 987 478
725 184 989 480
721 183 988 482
720 181 991 482
716 177 993 483
713 173 992 489
710 169 989 494
708 168 984 500
706 166 984 501
704 169 983 502
702 168 984 500
699 169 985 501
694 168 989 501
691 175 987 501
686 177 986 500
683 179 982 501
680 173 984 503
679 172 985 503
676 176 978 505
673 179 972 502
671 179 963 502
668 172 963 501
661 176 962 503
657 183 962 505
650 194 962 503
647 196 958 504
638 196 956 507
634 201 953 511
621 199 931 511
624 199 925 506
623 199 923 514
616 198 928 521
607 205 929 523
