

604 355 640 379 524 354 576 390 275 375 291 403 370 360 390 399 820 31 929 71 1032 353 1056 389 541 313 551 325 1198 325 1230 369 566 357 599 386 590 355 614 378
604 354 640 379 525 355 577 389 369 359 389 399 1034 353 1058 389 822 28 929 66 273 374 289 403 1199 323 1230 369 565 357 599 386 541 313 551 325 884 347 923 379
603 354 640 379 1037 352 1059 389 525 355 580 388 271 374 288 403 367 359 388 399 986 349 1013 378 1201 323 1229 370 563 358 599 387 825 22 959 68 883 347 922 380 541 313 550 325
1039 351 1062 390 602 354 640 379 525 355 584 388 268 375 285 404 366 360 386 400 982 349 1010 379 883 346 920 381 560 357 598 388 1203 322 1230 370 541 314 550 326 827 14 959 57
1040 351 1064 390 526 355 586 389 603 355 639 379 267 375 284 404 364 360 386 400 882 347 919 382 830 15 924 52 976 348 1008 380 540 314 550 326 558 357 598 389 1205 323 1233 368
527 356 586 389 604 355 638 379 1041 351 1067 390 830 12 925 48 883 346 916 382 262 376 275 404 540 314 550 326
528 357 585 390 606 356 638 379 832 8 926 43 260 375 275 405 1043 352 1068 390 883 346 914 382 964 350 993 379 540 314 550 326
529 358 586 390 834 5 927 39 607 356 638 379 258 374 273 406 1050 352 1074 391 962 350 990 379 883 347 913 381 531 312 541 327 540 315 550 326
1051 352 1075 392 530 358 588 390 255 374 271 407 606 357 637 378 837 1 927 37 957 349 987 380 882 347 912 382 530 312 541 328 593 359 616 379
1052 352 1077 392 253 375 270 408 532 357 590 390 605 358 637 378 955 349 984 380 1228 321 1252 368 530 313 541 328 881 347 910 382 839 1 948 38 594 359 618 378
1055 352 1080 392 251 375 268 408 534 357 590 390 604 358 636 378 1230 323 1253 366 530 313 541 328 880 347 908 383 595 359 619 378
1058 351 1082 392 250 376 267 407 535 357 589 389 604 358 637 379 530 313 541 327 1234 323 1254 365 595 359 620 378
1061 349 1085 392 248 377 265 408 536 357 588 388 604 359 637 379 529 312 540 326 935 352 965 381 595 359 620 378
1065 348 1088 393 244 377 263 408 543 357 599 392 605 358 637 379 930 351 962 382 529 312 540 325 595 359 619 378
542 357 600 392 242 376 262 408 1067 348 1090 394 606 358 637 378 343 375 364 404 529 311 539 325 925 351 959 382 865 354 893 381 1246 303 1277 436
542 356 600 392 607 359 637 378 340 376 363 405 528 311 539 325 240 376 260 409 1074 350 1098 395 862 354 892 383 1249 302 1278 440
542 356 599 392 1076 352 1101 395 608 358 637 378 338 376 362 406 528 312 539 325 860 354 891 384 904 352 943 383 235 374 252 410 597 359 617 376
542 356 599 392 1080 352 1103 394 609 358 637 378 527 312 538 326 335 376 360 407 857 353 889 384 898 351 939 384 234 374 250 411 597 359 618 376
542 356 600 392 1082 352 1105 393 609 358 637 378 857 354 887 385 526 313 538 327 894 349 938 385 232 374 247 412 598 359 619 377
543 357 601 392 1086 351 1109 394 609 359 638 378 856 354 886 385 526 313 537 327 230 377 245 412 598 359 619 377
544 358 601 392 1089 351 1112 394 330 375 351 407 610 359 638 378 227 377 242 412 526 313 537 327 856 355 887 386
545 358 602 392 328 375 349 408 1092 351 1115 395 611 359 638 378 526 313 537 328 226 377 240 412
546 358 602 392 326 374 348 407 610 358 638 378 525 313 537 327 1093 351 1116 396 225 375 239 412
548 358 602 392 1100 352 1125 397 324 374 346 408 611 359 637 378 525 313 537 327 222 375 237 413
550 358 602 392 1103 353 1128 398 322 375 343 408 525 313 537 328 611 359 635 378 219 375 235 413
551 358 602 392 1106 354 1130 398 321 376 342 409 525 314 537 329 853 353 892 387 611 359 634 379 217 374 233 415 840 357 866 386 599 359 621 381
552 359 602 393 1109 353 1133 399 320 375 341 409 849 353 887 388 525 315 536 329 611 359 634 379 216 374 232 416
553 359 602 393 318 376 340 410 1112 353 1136 400 611 359 634 380 837 355 873 388 525 315 536 329 211 373 225 415
554 359 603 393 315 375 339 411 836 354 873 388 1115 352 1139 401 209 371 224 415 612 359 634 379 525 315 536 330
556 359 604 393 833 354 870 388 313 375 338 411 206 371 223 415 525 316 536 331 612 359 634 379 1117 352 1141 402
557 359 605 392 829 353 866 389 311 375 337 412 204 371 221 414 524 316 536 332 1123 353 1148 404 613 359 634 378
558 359 605 391 202 371 219 413 310 375 337 412 1125 353 1152 404 524 315 536 332 826 353 860 389 613 359 634 378
558 359 606 390 200 370 218 413 1129 354 1154 404 524 315 535 331 612 359 634 378 814 356 850 388
559 359 606 389 199 369 217 413 812 356 850 388 1133 354 1156 403 307 373 329 410 524 315 535 331 612 359 634 378
560 359 606 389 197 368 216 413 306 373 328 410 809 356 847 388 1135 353 1158 403 523 314 535 331 612 360 635 379
562 359 605 389 195 367 214 415 304 374 327 411 805 358 844 389 524 314 536 332 1137 352 1162 404 614 360 635 379
563 359 606 389 302 374 325 411 524 314 536 332 193 367 212 417 1139 350 1165 404 615 360 635 378
564 359 606 388 300 372 324 411 524 314 536 331 191 365 210 419 616 360 635 378 1142 349 1166 404
565 358 606 387 299 372 323 412 523 314 535 331 190 365 209 419 615 360 635 377 1148 352 1175 404
565 358 605 387 297 372 322 411 523 314 535 330 1149 352 1177 405 614 360 635 377 190 365 208 417
565 358 605 387 295 372 320 411 1151 353 1177 405 185 364 202 416 523 313 535 329 783 361 828 389 613 359 634 377
565 358 605 387 1154 354 1179 404 184 364 201 415 294 372 318 411 779 361 827 390 523 313 535 328 612 359 634 377
1156 352 1180 404 182 365 199 415 294 372 318 410 565 358 605 386 776 360 827 389 523 313 535 328 613 359 633 376
180 367 197 414 293 372 317 410 1158 349 1183 403 566 358 603 384 523 312 534 328 775 360 825 390 614 359 633 376
178 368 195 414 292 371 316 410 1160 348 1185 404 567 358 602 383 522 312 534 328 614 359 633 375
176 368 194 415 291 371 316 411 579 358 618 384 1162 348 1188 403 568 358 600 382 522 313 533 328 615 359 633 375
175 367 193 415 289 371 315 411 578 358 619 384 522 313 533 328 568 359 600 381 1165 348 1189 404 615 359 633 374
174 368 193 414 288 370 314 412 577 358 618 384 522 312 533 327 616 359 632 374
173 368 192 414 286 371 313 412 568 358 603 383 522 311 533 326 616 360 632 375
173 368 192 414 567 358 604 384 522 309 533 324 615 360 632 375 525 363 542 376
172 367 192 413 567 358 604 385 284 372 313 412 522 309 533 324 1173 348 1200 406 614 360 632 376
172 368 192 413 567 357 604 384 522 309 533 323 1175 348 1201 405 614 360 632 376
172 369 192 413 567 357 604 384 522 309 533 324 1176 350 1201 406 613 360 632 377
171 368 191 413 567 358 603 384 522 309 533 324 1178 349 1203 404 613 360 632 377
171 366 191 415 567 359 602 384 522 309 533 324 1179 350 1204 403 763 363 788 391
169 366 190 415 577 360 620 386 522 309 533 325 720 359 739 389 1182 349 1205 402 763 363 786 392
168 367 188 416 577 360 621 386 522 309 533 325 568 361 600 383 717 359 737 390 1183 349 1206 403
167 368 187 416 578 360 621 386 521 309 533 325 568 362 599 382 714 359 735 390 1184 349 1207 404
166 367 187 417 578 361 621 386 280 375 305 412 521 309 533 325 568 362 599 383 713 360 733 390 1185 349 1208 404
279 374 304 411 165 368 186 417 580 361 621 385 521 309 533 325 568 361 598 382 711 362 731 390
278 374 303 410 165 369 186 416 521 309 533 325 581 360 620 384 568 361 597 381 710 362 729 389 612 361 632 378
278 373 302 410 521 309 533 325 164 369 185 416 583 360 619 384 568 360 596 380 744 360 768 392 698 359 718 389 1189 350 1211 407 612 361 632 378
277 373 303 411 521 309 533 326 164 367 186 416 582 359 618 384 568 360 597 380 742 360 766 392 696 359 716 389 1190 349 1212 407 613 361 632 378
276 374 304 411 521 309 533 326 581 359 619 383 740 361 764 392 164 367 186 416 693 358 715 388 568 360 597 380 613 361 633 377
275 374 303 411 520 309 533 326 580 359 619 384 690 357 713 388 738 362 763 392 160 364 180 415 568 360 597 380 613 361 633 377
274 373 301 411 687 357 712 389 520 310 533 326 580 359 620 384 160 365 180 414 737 363 761 392 568 360 596 379 613 361 633 377
274 373 300 411 685 358 711 388 160 365 179 415 520 310 533 326 581 360 619 383 735 363 760 392 569 360 596 379 613 361 634 377
274 372 300 410 160 364 179 416 520 310 533 326 682 357 711 388 582 360 619 383 569 361 595 379 734 364 758 392 673 356 691 381 613 361 634 377
274 373 301 410 159 363 179 416 520 310 533 326 582 360 618 383 678 356 711 387 569 361 595 379 732 364 756 392 673 356 693 383 613 361 634 377
273 373 301 411 159 363 179 417 520 310 533 326 582 360 618 383 676 355 713 386 568 360 595 379
159 363 178 417 273 374 302 411 520 310 533 326 581 360 618 383 568 360 596 379 1196 345 1219 414
159 364 178 416 272 373 302 412 521 310 533 326 581 360 618 383 568 360 596 380 1195 345 1220 413 672 357 694 384
159 363 178 416 272 373 301 412 521 310 533 326 581 360 618 383 568 360 596 379 671 357 693 385 1195 345 1220 413 720 363 740 391
159 364 177 416 271 373 300 411 521 310 533 326 671 358 691 385 568 360 596 380 581 360 617 383 1195 346 1220 412 717 364 738 392
158 364 177 416 670 359 689 386 271 372 299 411 521 310 533 326 568 360 596 380 581 360 617 383 715 364 737 392 1196 346 1221 412
158 364 176 416 669 359 687 386 271 372 298 411 521 310 533 326 568 360 596 379 581 360 617 383 713 363 735 392 1196 346 1221 412
158 364 176 416 667 360 685 386 521 310 533 326 711 362 734 392 271 372 297 411 568 360 595 379 582 359 616 382 1196 346 1221 411
158 364 176 416 666 360 683 386 710 362 733 392 521 310 533 327 271 373 296 411 569 359 595 379 582 359 616 382 1197 346 1221 411 613 360 632 376
158 364 175 416 664 360 682 385 521 310 533 327 583 359 616 382 271 373 296 411 569 359 595 379 708 362 733 393 1197 346 1221 412 613 360 632 376
158 364 175 416 663 360 681 385 583 359 616 382 521 310 533 326 271 372 296 411 569 360 594 378 708 362 731 393 1196 347 1222 412 548 363 562 374 613 360 632 376
158 364 175 416 661 359 682 384 583 359 616 382 521 310 533 326 271 372 296 411 569 360 594 378 1196 348 1222 413 698 357 719 390 548 363 562 374
158 364 175 416 660 358 681 383 271 372 296 411 584 360 616 381 521 310 533 326 568 360 594 378 698 357 719 390 1196 348 1222 412 547 363 562 374
158 363 175 416 271 373 297 411 584 360 616 381 660 358 682 383 568 360 594 378 521 311 533 326 697 358 718 391 1196 347 1221 412 547 363 562 374
157 363 175 416 272 373 297 412 569 360 594 378 583 361 615 381 521 311 533 326 696 358 717 391 661 357 681 382 1196 348 1221 411
157 363 176 416 272 373 298 412 583 361 615 381 569 361 595 378 521 311 533 327 693 357 715 391 1196 349 1221 411
157 364 176 416 582 361 615 381 691 357 713 390 273 373 299 412 521 311 533 327 569 361 595 378 1196 350 1222 410 652 359 666 383
157 363 176 417 582 362 614 382 690 357 712 390 273 374 299 412 521 311 534 327 569 361 595 378 1193 340 1225 415 547 363 562 374
158 363 176 418 689 357 712 391 582 362 614 382 273 375 299 412 521 312 534 328 570 362 595 378 1193 340 1225 416 546 364 562 375
687 357 711 392 582 362 614 382 273 376 300 412 158 363 177 419 521 312 534 328 570 362 594 378 1193 340 1225 416 545 364 562 375 524 365 542 378
686 357 710 392 273 377 300 412 583 362 614 382 521 312 534 329 570 362 594 379 647 360 663 383 1193 341 1226 416 545 364 561 375 524 365 542 378 155 367 176 414
685 356 709 392 273 377 300 411 583 362 614 382 521 312 534 329 570 362 594 379 647 360 662 383 1193 341 1226 416 523 366 543 378 544 364 561 376 615 363 632 378
273 377 300 412 583 362 614 382 683 356 708 391 520 312 534 328 570 362 594 378 646 360 661 383 544 364 561 376 523 366 543 378 1193 341 1226 416 614 363 633 378
584 362 614 382 273 377 300 412 520 312 534 328 570 362 594 378 645 361 660 383 682 356 707 391 543 363 561 376 1193 341 1225 416 524 366 543 378 674 357 691 386 615 363 633 378
584 362 614 382 674 357 693 387 273 376 300 412 644 361 660 383 520 312 534 328 570 361 593 378 543 363 562 376 1193 341 1225 416 524 365 543 378 680 355 706 390 615 362 633 378
673 356 693 389 584 362 614 382 644 361 660 383 520 312 534 328 1193 340 1226 416 570 361 593 377 543 363 562 376 524 365 543 377
584 362 614 382 674 356 693 389 643 361 660 383 1193 338 1226 416 157 363 176 418 520 312 534 328 570 361 593 377 543 363 562 376 524 365 543 377
157 363 177 418 584 362 614 382 674 357 692 389 642 361 659 383 1193 337 1225 416 520 312 534 328 570 362 593 378 543 363 562 376 524 365 543 377
157 364 177 418 585 362 614 382 1193 336 1225 416 641 361 658 383 673 358 691 389 520 312 534 328 570 362 593 378 1251 327 1279 424 543 363 562 376 524 365 543 377
