

493 437 554 490 663 452 683 470 634 449 661 476 621 448 649 476
493 437 554 489 662 452 683 471 634 449 661 476 621 448 650 476
493 436 554 489 662 451 684 470 633 448 661 476
493 436 554 489 662 451 684 470 632 448 661 477
492 437 554 490 631 447 662 477 662 451 684 470
492 437 554 491 631 447 662 476 663 451 683 470
492 437 554 491 631 446 661 476 664 451 683 469
492 437 554 491 630 446 660 476 664 451 683 469
492 437 554 491 629 445 660 476 664 450 683 469
492 437 554 492 629 445 660 476 664 450 683 469
491 437 553 492 630 446 661 476 664 450 683 469
491 437 554 493 630 446 662 476 662 450 683 469
491 438 554 493 619 447 650 476 662 450 683 469
492 438 554 493 618 447 650 476 661 450 683 469
492 438 554 492 618 447 649 476 632 447 663 476 661 450 683 469
492 437 554 491 617 447 649 476 633 447 664 476 661 450 682 469
491 438 554 491 616 447 650 476 633 447 664 475 661 450 682 469
491 438 554 492 615 447 652 476 660 451 682 469 633 448 665 475
490 439 554 494 615 448 653 476 660 452 682 469
490 441 553 496 614 450 652 477 660 453 683 470 632 451 665 476
489 442 553 497 613 451 651 478 660 453 683 470 633 451 665 476
489 442 553 497 613 451 651 478 660 453 683 470 634 452 665 476
489 442 553 497 613 452 649 478 659 453 683 470 634 452 664 476
488 441 552 497 614 452 649 477 659 453 682 469 634 452 664 475
488 441 552 496 615 451 649 477 659 453 681 469 634 452 663 475
488 441 552 494 615 450 651 477 634 450 663 475 659 452 679 469
488 439 551 493 614 448 652 477 634 449 662 474 660 452 680 469
488 438 551 492 614 447 652 477 634 449 662 474 661 452 680 468
487 437 551 491 616 448 651 477 634 449 661 474 661 452 680 468
487 437 552 491 617 448 650 476 634 449 661 474 661 452 680 468
486 437 552 492 615 448 651 477 634 449 661 474 661 452 680 468
485 437 552 493 614 448 652 477 661 452 680 468 635 449 661 474
485 438 552 493 613 449 652 477 636 450 662 473 661 453 679 468
485 439 551 494 613 450 651 477 637 451 662 473
485 438 551 494 613 450 651 477 638 451 662 473 594 453 615 471
485 438 551 493 612 449 651 478 593 453 616 472 637 450 663 473
484 438 551 491 612 448 652 478 592 452 616 472 636 449 663 473
485 438 551 491 613 448 652 478 591 452 616 472 635 448 663 474
485 438 551 491 615 449 652 478 591 452 616 472 636 449 663 474
484 435 546 492 616 451 651 478 590 453 616 473 636 451 663 474
483 435 546 494 616 451 651 478 590 454 615 474 635 451 663 475
483 435 546 495 616 451 652 480 589 454 614 475 634 450 662 476
482 436 546 496 615 450 654 481 588 454 614 476 634 449 662 476
482 437 545 496 615 451 653 481 587 454 613 476 636 450 662 476
481 437 544 497 617 452 652 481 585 454 611 476 638 451 663 476
481 438 543 499 618 454 650 480 583 454 610 476 638 453 663 476
480 438 543 500 618 455 649 479 582 455 610 476 637 454 663 477
479 439 542 500 617 454 650 479 581 455 610 476 634 454 662 477
478 439 542 500 617 454 651 480 581 454 608 476 633 453 661 478
477 438 542 499 616 452 652 480 580 454 606 474 634 452 660 477
476 437 541 496 616 451 652 480 581 453 604 473 635 451 660 475
476 434 541 494 615 448 652 479 574 453 601 472
476 433 540 492 614 447 652 478 574 452 601 471 620 443 645 466
475 432 539 492 613 446 652 478 573 452 601 470
475 432 539 492 613 446 652 478 573 452 601 470 618 442 645 466
473 433 539 492 613 446 652 478 572 452 601 470 618 443 644 465
472 432 538 492 614 446 651 478 572 452 600 470 618 442 644 464
472 432 537 491 614 446 651 478 571 451 600 470
472 432 536 490 614 445 651 478 571 451 600 469
471 432 535 489 613 444 652 477 570 451 599 469
469 433 534 488 613 445 652 476 571 445 598 464 589 442 612 462
468 433 533 486 613 444 651 476 569 444 597 463 591 441 612 461
467 433 533 487 613 444 651 477 568 443 597 464 590 441 612 461
465 433 532 487 613 443 650 477 590 440 611 462 566 442 595 464
464 433 531 488 613 443 649 477 590 440 611 463 564 440 592 464
462 432 530 489 613 444 648 476 590 440 611 463 563 440 590 464
460 433 530 490 613 445 648 476 590 441 611 463 562 450 588 471
459 433 529 490 612 445 647 476 561 450 588 471 590 442 610 463
459 434 529 490 611 445 646 477 561 451 587 472 590 443 609 464
458 434 529 490 609 444 646 478 562 451 588 473 589 443 608 464
458 435 528 491 609 444 645 479 562 451 588 473 588 442 608 464
608 444 645 479 456 432 524 491 562 451 589 473
455 432 524 491 608 444 645 478 563 451 588 472
459 431 521 494 608 444 645 478 563 451 588 472
459 431 521 494 608 445 645 478 564 451 589 471 551 453 572 471
458 431 521 496 608 445 644 479 565 451 590 471 550 453 571 472
457 431 521 497 608 445 644 479 565 450 590 471 549 453 571 472
455 432 521 497 608 445 644 479 565 450 590 471 548 453 570 473
454 432 520 498 608 445 643 479 564 449 590 471 548 453 570 473
451 432 519 498 608 445 643 479 564 449 590 470 547 452 570 472
450 432 519 498 608 444 644 479 563 450 590 470 547 452 571 472
448 432 518 498 608 443 644 479 564 450 589 470 546 452 571 471
447 432 518 498 609 443 645 479 546 451 571 471 565 450 589 470
447 432 517 498 609 443 645 479 545 451 571 471 565 443 592 465
446 433 515 498 609 443 645 479 545 451 571 471 563 450 588 469
446 434 515 499 608 443 645 479 560 450 587 469 545 451 571 471
445 434 514 500 608 443 645 479 545 451 572 471 559 450 587 469
444 435 512 500 608 444 645 479 544 451 573 472 558 450 586 469
443 435 510 500 608 445 645 479 542 451 574 472 558 450 585 469
442 436 509 499 607 445 645 479 542 451 574 472 559 450 584 469
441 436 507 499 607 445 645 479 542 451 574 472
440 436 505 498 607 444 646 479 542 451 575 472
439 435 504 497 606 443 646 479 541 450 576 472
438 435 502 497 605 442 646 479 540 450 575 472
438 435 502 497 605 442 647 479 539 450 575 472
436 436 502 496 605 443 646 479 538 450 575 472
433 434 498 499 605 444 646 480 537 450 575 472
432 435 498 500 604 444 646 480 536 450 573 472
