

1009 427 1050 510 698 448 716 461 504 438 566 474
1009 426 1051 511 698 448 716 461 498 439 563 474
1009 426 1052 512 698 448 714 461
1009 426 1052 513 697 448 714 462
1008 427 1052 513 697 448 715 462
1008 428 1052 513 462 441 550 479 697 448 716 462
1008 428 1052 512 455 441 548 479 697 448 716 463
1008 429 1052 512 445 441 547 480 697 449 716 462
432 440 534 482 1009 429 1052 511 697 449 716 462
419 440 535 482 1009 428 1052 510 696 449 716 462 1017 469 1056 517
1009 427 1053 510 405 439 514 485 696 449 715 462 1016 469 1056 516
1009 426 1053 510 696 448 715 462 1017 469 1056 516
1010 427 1052 509 358 436 501 489 696 448 714 462 482 454 526 477
334 434 482 489 1009 427 1053 510 695 448 714 462
696 447 716 462 310 433 456 491 460 457 511 478
1010 428 1052 509 695 446 716 461 455 456 506 477 307 438 455 489
1010 428 1051 508 695 445 716 459 206 428 430 506 437 454 483 477
1009 427 1051 508 423 453 490 478 696 445 715 458 167 423 388 508
1009 428 1052 508 696 444 716 458 417 451 487 478 156 411 382 494
1009 429 1052 507 696 444 716 458 398 451 472 478 90 404 359 494
1009 430 1051 507 697 444 716 458 381 447 476 480
1 393 235 506 1008 430 1050 506 697 444 715 458 374 446 475 480
1008 431 1050 506 359 448 453 480 697 443 716 458 0 383 174 507
1008 432 1049 505 696 443 716 459 347 448 455 481
1008 432 1049 505 326 449 431 481 695 444 716 459
1008 432 1049 505 305 449 417 483 695 444 716 460
1008 431 1048 505 299 448 412 482 695 443 716 460
1008 430 1047 505 696 443 716 459 272 448 397 484
1007 429 1046 505 696 443 716 458 239 446 375 485
1007 430 1046 506 696 443 715 458 216 444 352 486
1007 430 1046 506 696 443 715 457 187 442 332 487
1006 431 1045 506 696 444 715 458 179 445 334 485
1005 430 1044 506 696 444 716 458 79 441 244 492
695 444 717 459 1004 431 1043 507 74 438 242 493
695 444 718 461 1003 430 1042 507 45 439 225 493
1002 429 1041 506 694 445 718 461 18 438 197 495
1001 429 1039 505 694 445 717 461
1001 429 1039 505 693 445 716 461
999 429 1038 505 693 446 716 461
999 429 1037 505 693 446 715 461
998 428 1037 505 693 446 714 461
997 429 1036 505 693 446 713 461
997 428 1036 505 693 446 713 461
692 445 713 461 995 428 1035 505
692 444 713 459 994 428 1034 503
693 442 713 458 994 428 1033 502
693 442 713 458 993 420 1032 489
693 443 713 458 993 420 1031 489
693 443 713 458
693 443 713 458 538 456 566 471
693 443 714 458
693 443 714 457
692 442 713 457 986 416 1023 491
693 442 713 457 984 415 1022 490
692 442 713 457 984 415 1022 490
692 443 713 458 982 415 1022 490
691 443 713 458 984 448 1019 500
690 444 713 459 983 447 1017 499 982 424 1011 476
690 444 713 459 983 447 1015 498 981 425 1010 477
690 444 713 459 981 446 1014 498 980 426 1009 478 491 458 525 470
690 444 714 460 980 444 1012 497 486 458 522 471
690 444 714 460 979 443 1011 497 481 458 519 472
691 444 714 460 978 443 1009 497 479 458 516 472
977 442 1008 497 691 444 713 460 463 459 506 473
975 442 1006 497 691 444 712 460 458 458 501 473
974 442 1005 497 691 444 712 461 455 458 494 472
691 445 712 460 973 442 1003 498 436 458 484 473
691 445 712 460 431 458 480 473
691 446 711 460 427 457 475 472
690 446 711 460 963 429 999 501 405 458 463 475
690 446 711 460 404 457 457 475 965 439 996 498
690 446 711 460 963 440 995 497
689 446 712 461 961 440 993 498
690 446 712 461 959 440 991 497
959 440 989 497 690 446 711 461 351 459 412 479
957 440 988 497 691 447 711 461 352 459 405 478
956 441 987 496 691 447 710 461
954 441 985 496 692 447 710 460
953 442 984 496 692 446 709 459
952 442 982 496 693 446 708 458
950 441 981 495 694 446 707 457
949 441 980 495 694 446 708 457
948 441 980 495 693 446 708 458 174 452 290 482
948 441 979 494 692 447 707 459 168 451 293 484
948 440 978 494 692 447 707 460 83 451 240 487
947 440 977 495 691 447 708 460 55 452 216 488
947 439 977 496 691 447 709 460 41 452 225 490
691 448 710 460 946 441 978 496 34 452 185 490
691 448 710 460 945 441 978 496 616 455 637 467
692 449 710 460 943 442 972 494 615 454 637 467
693 448 709 459 943 440 971 495 614 454 636 467
694 448 708 459 942 439 970 495 612 453 637 467
941 440 969 495 694 448 707 459 611 453 636 467
941 442 968 494 694 447 707 458 610 452 637 467
940 443 968 494 694 447 708 458
940 444 967 493 694 447 710 458
695 447 712 458 939 445 967 492
696 447 713 458 938 446 966 491
