

612 248 855 502 53 324 259 410 0 581 1279 703
612 249 856 501 53 323 259 411 0 581 1279 702 567 318 587 339
613 251 859 499 54 322 257 410 566 318 587 339 0 576 1279 703
611 253 861 496 54 322 254 409 566 318 586 338 551 317 566 333 0 572 1279 703
612 256 865 496 47 321 233 410 566 318 586 338 596 319 613 338 609 317 638 342 551 317 565 332
613 256 869 496 52 320 225 410 567 319 586 338 594 319 614 339 610 317 638 342
616 255 875 497 71 323 207 406 567 319 588 339 593 318 614 340 611 317 639 342
618 253 880 498 72 321 201 407 567 319 588 339 593 318 614 340 612 317 639 342 381 327 429 370
619 252 884 498 74 322 190 405 372 319 430 374 567 319 589 339 593 319 613 339 612 317 640 342
618 253 884 499 363 321 435 374 567 319 590 340 592 318 613 340 77 325 182 403 611 316 639 342
617 252 886 502 358 322 435 374 592 318 613 340 568 318 591 340 611 315 641 343
616 252 888 503 344 320 434 375 590 318 612 340 569 318 592 340 612 315 642 343
616 251 890 504 336 320 436 375 591 318 612 340 612 316 642 344
617 253 893 503 329 320 438 374 592 317 614 340 569 318 590 339 612 316 640 342 549 318 563 333
617 253 894 503 325 319 439 374 593 317 616 340 569 318 588 337 549 318 564 333 612 316 638 340
619 253 896 504 324 318 440 374 594 316 617 339 568 317 587 336 550 318 564 332
621 252 898 508 321 318 441 373 592 315 616 339 549 317 564 332 567 315 588 336 0 570 1279 705
622 250 900 513 318 317 442 373 591 314 616 339 0 570 1279 705 549 316 563 331
624 250 903 514 318 317 443 373 591 314 616 339 0 571 1279 705 548 316 563 331 1 396 1279 705
629 248 907 518 328 317 440 373 591 314 617 340 567 313 590 336 183 328 284 411 0 573 1279 705 548 317 563 331
633 246 911 521 336 317 437 372 173 326 288 410 592 314 619 341 567 313 590 337 547 317 562 332 0 574 1279 704
633 247 913 524 135 317 290 420 356 319 435 368 591 314 621 343 566 314 589 338 547 318 562 332 468 267 491 297
633 246 915 524 118 316 295 419 355 319 436 369 591 314 621 343 565 315 588 337 466 266 491 298 547 318 563 332
633 246 918 526 102 316 300 417 355 319 436 369 591 314 622 344 565 315 587 338 464 265 489 298 261 321 363 374 546 318 564 333
635 241 922 528 101 316 301 416 355 319 435 370 591 313 622 343 263 320 363 374 462 264 488 298 545 318 564 334 565 315 585 337
636 242 924 529 105 316 299 414 355 318 435 369 264 319 362 373 590 312 622 342 460 262 487 296 543 318 565 335 565 315 584 337 1 316 138 439
633 240 929 530 109 316 298 413 355 318 435 370 267 320 360 373 590 311 622 342 542 318 566 336 458 262 486 294
631 243 933 530 111 317 299 412 354 318 436 370 268 321 358 371 589 312 621 342 541 318 566 337 565 316 583 337 17 396 1266 704
637 240 948 524 113 317 300 411 355 318 436 369 270 322 357 372 589 312 621 342 541 318 565 336 16 400 1267 705 564 316 584 337 665 272 674 290
636 238 951 523 115 317 301 409 356 317 436 367 590 311 621 341 271 320 357 372 542 317 564 334 19 400 1263 707 665 272 675 290 565 315 584 335
635 235 954 523 115 316 301 408 357 317 435 365 591 310 622 339 283 320 363 374 665 271 676 290 19 400 1261 708 542 316 563 332 566 314 584 333 635 311 666 342
635 234 956 522 123 306 300 406 357 315 436 363 590 307 621 337 274 317 355 369 665 269 676 288 17 395 1259 710 542 314 563 330
636 233 959 521 126 305 302 405 357 314 436 362 589 306 620 336 666 267 677 286 275 315 352 368 567 311 585 331 14 392 1255 712 543 312 563 328
637 232 962 520 129 304 305 405 357 312 436 362 588 305 619 335 666 265 677 283 284 315 343 366 567 310 586 330
638 230 963 520 131 304 304 404 358 312 435 362 588 305 619 334 282 314 342 366 567 309 586 330 667 264 678 282
642 231 965 522 134 305 308 405 358 313 435 364 588 307 620 337 567 311 586 333 280 316 337 369 0 565 1279 712
647 231 967 525 138 305 311 406 357 314 436 366 589 309 620 340 566 313 586 335 0 565 1279 713 521 312 547 330
650 232 970 527 140 306 314 406 357 316 436 367 588 311 621 344 0 563 1279 714 565 315 586 337 519 313 548 334
650 232 971 528 141 308 315 405 356 315 436 367 587 312 621 345 0 563 1279 714 518 314 547 335 565 315 587 338 636 317 664 342
650 231 975 532 143 310 318 404 357 315 436 367 585 313 621 346 518 314 547 336 565 316 588 339 0 561 1279 714
653 233 981 536 146 311 319 402 357 314 435 367 585 314 621 346 565 316 588 340 520 317 547 336 0 561 1279 714
655 231 986 542 148 311 318 402 358 314 434 366 585 313 620 346 565 315 589 340 519 316 548 336
657 228 991 547 150 311 318 402 346 312 431 370 585 313 619 346 519 315 549 336 565 314 590 340
658 224 996 551 148 316 323 408 347 312 429 369 584 312 619 346 518 314 549 336
659 222 1002 555 151 317 325 407 362 313 418 368 584 312 618 347 564 314 589 340
660 222 1009 558 151 318 326 406 362 314 418 368 583 313 618 348 563 314 589 341
660 223 1013 559 157 319 320 405 362 315 417 367 583 313 618 349
663 223 1020 559 159 319 320 405 582 313 618 349 362 315 414 367
668 219 1026 563 152 313 326 400 583 313 617 347 626 320 643 343 363 318 405 364 518 317 547 337
673 214 1032 568 152 313 328 400 584 313 616 345 626 321 643 342 517 316 547 337 362 320 398 362
674 208 1034 572 151 313 329 398 584 312 616 343 626 320 643 341 563 312 590 340 517 315 548 336 637 319 655 338
674 204 1041 576 152 310 329 398 625 320 643 341 583 310 615 343 638 319 657 338 519 315 549 336
674 199 1049 580 152 308 329 398 625 319 644 341 582 309 614 343 665 150 948 304 638 318 658 337 520 314 550 335
674 199 1059 582 151 307 330 399 625 319 644 342 666 147 946 302 520 314 550 336
675 199 1063 582 163 311 335 397 624 320 644 342 582 311 614 344 667 147 945 304 518 315 550 337 639 319 658 337
675 199 1071 583 163 312 335 398 624 321 644 342 671 148 945 304 517 316 549 338 640 320 659 339
676 199 1077 587 145 311 331 400 674 149 946 305 623 321 643 343 516 318 548 340
676 198 1082 590 167 321 332 401 623 328 641 347
689 201 1093 591 169 322 332 401 622 329 641 347 111 324 201 382
688 200 1097 593 171 323 333 401 104 325 203 385 621 329 641 348
681 188 1107 592 174 323 333 402 94 324 193 387 621 329 642 348 660 328 676 353 640 327 662 348
679 188 1112 590 175 323 334 401 85 323 193 389 621 328 643 349 566 325 595 351 660 327 676 353 639 327 662 349
678 188 1115 590 177 323 335 401 76 321 193 390 565 324 597 352 621 328 643 349 659 327 676 353 640 327 663 349
677 190 1121 587 176 323 333 399 68 329 195 397 564 324 597 352 621 328 644 349 658 327 676 353
678 189 1127 590 176 324 329 399 564 325 597 351 56 322 173 389 620 328 644 350 658 327 677 353 642 326 665 351 0 568 1279 716
679 187 1133 592 176 324 325 398 45 330 178 396 619 328 645 350 0 569 1279 716 642 326 666 352 443 302 520 356
681 181 1139 596 41 329 175 396 182 320 316 392 618 328 645 350 685 120 965 343 0 567 1279 717 643 326 666 352 658 328 678 353 438 302 519 355
684 180 1148 599 176 319 301 392 618 328 643 350 683 121 972 348 434 302 519 355 642 327 666 352 37 329 176 395 659 329 680 353 0 563 1279 715
687 180 1158 601 183 319 293 392 680 122 980 352 617 328 642 350 430 302 518 356 21 329 147 395 643 327 666 352 157 328 213 363 660 329 681 353
688 181 1168 602 191 319 284 390 427 301 519 356 678 121 992 357 4 331 131 395 155 327 211 365 617 328 642 350 642 327 667 352
686 178 1174 601 426 300 520 356 678 121 995 361 2 330 127 396 616 327 644 351 191 320 278 386 152 328 212 364 642 326 667 353
687 174 1183 603 2 330 119 397 615 328 644 351 426 299 520 357 682 119 1003 361 564 325 600 352 642 326 666 353 151 328 212 364 191 321 271 383
688 174 1192 605 615 329 642 351 0 330 111 398 642 327 666 354 564 326 599 352 427 301 519 357 150 329 214 364 0 570 1279 715
690 175 1199 607 563 326 599 353 643 328 665 355 614 331 639 351 0 334 86 398 518 328 550 346 428 302 518 358 137 326 216 370 0 571 1279 714
689 174 1210 610 563 325 600 353 642 327 664 356 615 330 640 351 0 334 82 398 519 328 550 347 428 303 518 359 0 574 1279 714 126 327 209 371
686 168 1220 613 562 325 600 353 642 328 663 356 616 331 639 351 386 325 430 366 519 328 550 348 125 327 204 372 0 575 1279 714 427 304 519 359
684 162 1230 614 562 325 601 353 376 320 435 370 642 330 662 356 124 330 190 370 617 331 638 351 519 328 550 348 0 576 1279 714
688 160 1235 613 371 319 434 369 563 326 600 353 641 331 662 355 617 332 637 351 520 328 550 348 428 304 520 360 0 576 1279 714 126 331 181 370
694 158 1239 613 367 318 433 368 563 326 599 353 641 332 662 355 430 303 521 360 617 333 637 351 0 575 1279 714 114 331 167 369 521 329 549 347
703 162 1242 613 366 316 433 370 564 326 598 352 432 302 522 360 639 332 662 355 112 331 157 370 617 333 638 351 0 575 1279 714
707 162 1242 615 367 315 436 371 564 326 597 352 639 331 662 355 433 303 523 360 0 574 1279 713
712 162 1243 617 367 315 438 372 565 326 597 351 640 330 661 355 0 573 1279 712 435 303 524 360 708 103 1016 360
724 158 1257 623 368 314 440 373 565 327 597 352 641 329 661 356 0 572 1279 712 707 101 1014 365 436 303 525 360
725 156 1263 626 368 314 441 373 565 326 599 352 642 329 662 357 437 304 526 360 0 568 1279 710 705 102 1011 364
725 155 1268 629 369 315 442 374 565 326 600 353 642 329 662 358 438 304 526 360 0 564 1279 708
729 151 1271 628 369 316 444 374 642 329 663 359 565 325 601 353 439 305 527 360 288 319 338 385 0 561 1279 706
729 148 1272 625 369 317 445 374 642 329 663 360 565 325 602 353 438 305 527 360 281 317 337 384 0 561 1279 707
731 144 1275 625 370 317 446 374 642 329 662 360 566 325 602 353 440 308 528 367 263 317 343 383 0 565 1279 708
734 144 1276 628 371 318 447 374 641 329 663 361 255 317 344 383 567 325 601 352 442 308 529 367 0 570 1279 709
740 142 1278 627 231 315 343 388 373 318 447 374 641 329 663 361 567 324 601 352 442 308 529 367 0 575 1279 710
746 141 1278 623 225 315 346 389 375 318 449 374 641 328 664 361 443 308 530 367 568 324 601 352 0 576 1279 712
755 141 1277 618 224 315 347 389 377 317 451 374 642 328 664 361 445 309 530 366 568 325 602 353 0 576 1279 714
764 140 1277 617 227 315 348 388 377 316 452 373 642 328 664 360 568 326 603 352 0 577 1279 714
777 145 1275 613 230 316 348 388 377 316 454 374 641 329 664 361 569 326 603 352 447 303 531 362 0 577 1279 713
785 149 1274 612 230 315 348 390 376 316 455 374 641 330 664 361 453 303 536 360 569 327 601 351 593 328 615 353
794 157 1274 609 231 316 349 392 375 317 455 375 640 330 664 362 570 327 601 352 454 303 536 361 589 328 614 354 0 576 1279 712
800 162 1276 608 231 316 348 392 385 320 454 373 641 329 665 363 570 328 602 353 454 309 533 363 0 580 1279 711 586 329 613 354 79 336 146 361
807 167 1277 607 232 317 347 393 386 321 454 373 641 328 667 364 569 329 602 353 0 584 1279 710 455 311 532 362 7 326 79 385 76 337 143 361
