



441 108 479 198
438 108 475 200

409 53 448 90
409 54 447 90
408 53 447 90



















389 64 431 137

255 34 321 67
254 36 321 70
255 36 321 68
257 33 322 65



267 13 341 46
269 14 344 46
271 16 346 47

465 52 489 100
469 55 491 102

489 47 513 97
490 44 515 96
492 42 516 95
494 43 516 95
496 47 516 93


510 42 536 97







322 41 433 105
321 38 437 106
321 37 441 106
324 35 440 108
343 37 435 82
353 35 443 82
355 35 446 82
358 36 451 82
360 43 455 98
364 46 461 98
377 45 476 97 476 41 573 101
382 44 483 95 483 41 569 95
399 33 496 83 492 32 571 84
404 34 500 81
411 35 506 80 513 28 593 82
422 35 521 85
428 41 527 95
433 48 533 98
452 72 560 122
460 76 561 124


539 96 669 148
549 94 662 146
572 93 686 146
596 94 710 149




915 105 1026 157
1 27 114 114
1 29 121 117 960 121 1078 175
2 32 131 118 569 29 629 120 964 126 1080 178
1 32 138 116 574 30 633 120 1001 128 1135 184
4 28 155 111 1009 125 1134 182 579 24 636 121
4 25 163 109 591 14 651 101
6 28 170 107 595 28 656 122
21 33 198 109 598 33 656 124
24 40 202 112 597 38 654 127 1083 172 1213 232
