









593 272 614 291





593 278 615 299



592 274 615 293
593 273 614 293





592 278 616 299
592 279 616 299
593 279 615 299
593 278 615 299

592 274 617 293
592 274 616 293
592 272 615 291
593 272 614 291
593 271 615 291
593 273 615 293


592 278 615 299
592 278 615 299



593 274 616 293
593 273 615 292
593 272 614 291
593 272 614 291
593 271 615 291
593 271 615 292
594 272 616 292


593 278 615 299
593 279 615 299
852 419 891 437 592 279 615 299
837 416 866 433 593 279 615 299
832 412 867 430
826 408 870 430
809 404 845 424 826 406 865 427
802 402 848 424
799 401 845 425 593 272 614 290
782 403 824 423 593 271 615 290
773 402 828 428 593 272 615 291
773 405 821 429 593 272 616 292
752 404 805 428
746 403 802 429
745 403 795 427
725 401 781 423 593 279 615 299 783 111 879 151
593 279 615 299
699 392 759 416 592 280 616 299
694 390 760 416 592 279 616 299
697 389 752 413
677 382 728 406
667 378 731 404
649 375 709 400 592 274 614 292
647 374 709 400 593 273 613 291
593 272 612 290 630 374 682 399
620 374 688 399 594 272 613 290
594 273 614 291 623 376 678 400
593 274 615 292
592 274 616 293


593 278 615 299
593 278 615 298



593 274 614 291
593 272 613 290 471 342 540 369
593 272 614 290
592 272 615 291



593 278 615 298
593 278 615 298
593 278 615 299
