

17 0 670 701 614 311 642 328 679 302 738 339
40 0 681 709 1182 294 1259 353 680 301 737 339 616 308 644 328
51 0 693 713 1175 296 1256 354 682 301 736 340 15 323 94 364
109 0 738 701 1170 294 1254 355 15 321 96 361 694 300 744 340
133 0 755 702 15 321 96 360 1166 297 1255 355
145 0 767 699 15 320 94 359 1163 297 1256 355
261 0 783 695 15 319 95 359 0 343 858 716
297 0 797 696 16 318 95 359 27 342 869 719
322 0 811 700 16 317 96 358 1166 283 1221 355 74 339 863 719
378 0 842 693 17 316 97 358 146 336 891 715 1166 282 1219 355
398 0 857 693 26 318 87 357 176 333 889 716
429 0 867 683 20 311 97 355
452 7 874 675 1141 283 1199 356 21 310 98 354 436 313 462 332
527 24 882 644 434 311 468 332 1138 281 1196 356 20 311 101 354 312 325 934 715
544 29 884 633 434 311 469 332 1138 279 1193 357 21 311 102 354 340 328 921 714 364 312 407 335
560 41 890 619 434 311 468 332 374 330 916 719 20 311 103 354 364 312 406 335
578 54 893 605 434 310 467 332 405 334 914 719 20 312 104 353 1109 287 1186 360 365 311 406 335
594 65 899 593 451 385 880 719 20 312 104 353 434 310 466 332 1115 282 1173 357
602 69 905 592 434 310 465 331 469 384 877 719 20 313 103 352 1099 289 1178 359
637 91 899 499 434 309 466 331 20 312 100 353 1113 282 1166 356 487 384 871 719
644 93 905 564 515 366 895 718 434 309 466 331 1097 283 1155 358 20 313 100 353
648 99 907 562 538 359 890 719 1094 283 1152 357 435 310 466 331 20 313 100 353
649 102 910 561 560 357 889 718 435 310 467 331 1093 283 1150 357 20 313 102 352
654 101 908 561 580 357 887 716 435 310 467 331 1091 283 1146 357 20 312 100 353
658 99 904 559 594 363 885 710 435 310 468 331 1091 282 1143 356
661 99 899 559 604 372 886 708 435 311 468 331 1061 290 1141 360 538 308 564 323
663 103 897 554 607 381 889 702 435 310 468 331 1057 291 1138 360 537 308 566 324
665 109 894 549 638 353 875 697 1069 284 1124 357 435 310 469 331
667 117 892 542 647 356 872 689 434 309 469 331 1068 283 1122 356
669 124 889 537 656 363 868 681 434 309 469 332 1067 282 1119 355
669 128 889 533 658 370 864 675 433 310 469 333 1039 290 1116 358
670 133 887 530 657 371 858 669 1032 292 1111 357 432 311 467 333
667 137 882 532 654 372 851 664 1024 295 1107 356
660 141 876 536 653 340 851 645 417 316 449 336 1011 291 1088 356
653 141 863 542 656 341 840 642 416 317 444 337 1002 294 1084 353
637 349 815 642 618 140 830 554
611 140 812 609 630 383 797 648
598 148 801 606 620 386 784 644 936 289 1011 349 363 330 399 351
571 151 779 602 928 291 1006 347 342 334 373 355 616 385 777 648
563 158 766 593 909 290 987 347 339 334 373 355 598 386 754 648
557 159 754 592 605 381 737 609 887 291 965 347 317 338 350 359
551 155 746 592 882 291 959 346 583 364 738 619 317 338 350 360
524 153 730 588 588 379 724 607 315 338 347 361 874 290 955 346 906 272 937 325
519 160 724 580 579 383 719 604 860 291 938 347 313 340 345 361
515 167 717 573 572 383 715 605 851 292 933 346
511 169 713 569 564 388 702 597 843 294 919 347 293 342 326 365 877 275 910 328
513 170 713 566 566 386 701 595 842 295 918 347 877 275 908 329 294 341 327 364
520 168 717 565 580 379 717 596 878 275 911 329
530 161 720 542 593 376 724 592 856 294 938 348
555 161 748 538 606 374 736 588 862 291 944 349 338 332 372 353
562 162 754 538 615 375 743 584 877 291 962 350
572 164 765 537 633 370 763 582 884 289 967 352
580 166 771 537 641 368 769 577 895 297 985 352
585 167 776 536 647 368 773 574 896 298 986 352 2 336 29 372
587 167 773 536 646 368 773 571 895 300 985 352 386 321 418 341 2 335 30 372 523 319 540 333
587 166 769 538 645 369 769 570 895 299 983 352 386 321 418 341 2 336 29 372
586 166 766 539 643 370 766 569 899 285 952 351 387 321 419 341
585 165 764 542 642 370 764 568 897 286 951 350 388 321 419 342
585 163 762 542 642 369 765 566 896 285 950 350 388 321 420 342
587 164 762 540 642 369 765 565 895 284 947 350 388 321 421 342
588 165 761 538 641 369 765 565 893 284 945 351 521 319 539 332 388 321 422 343
589 166 762 537 641 369 764 566 892 284 943 351 521 319 539 332 388 320 422 342
590 166 762 537 641 369 763 567 891 285 942 351 521 320 539 332 388 320 422 342 905 283 935 327
589 165 762 539 641 371 762 567 890 285 941 350 521 320 539 332 388 320 422 342 904 283 933 327
588 166 761 539 641 372 761 565 880 288 933 350 521 320 538 332 388 320 422 342 902 283 932 327
588 167 760 539 642 374 759 563 878 287 931 351 522 320 538 332 389 321 421 342
588 168 760 538 642 374 759 562 877 286 929 351 389 321 422 342 523 320 538 332
588 169 760 537 643 374 759 562 875 286 926 351 389 321 422 342 523 321 538 332
589 169 761 536 643 373 758 563 389 321 423 342 524 321 538 332 494 321 513 332
590 170 763 533 643 373 758 564 872 285 923 351 493 321 513 333 389 321 423 342 523 321 537 332
590 173 765 531 642 372 759 566 870 285 923 350 493 320 514 333 389 322 423 342 523 321 537 332 8 337 53 374
590 171 766 532 642 371 760 567 493 320 514 332 389 321 424 342 522 321 535 331
590 171 766 533 642 372 761 567 494 319 513 332 390 321 424 342 521 320 534 330
589 170 766 534 642 372 762 567 495 319 513 332 390 321 423 342 520 319 534 330 147 326 167 362
589 172 766 533 641 372 763 566 494 319 514 332 390 321 423 342 520 319 534 330 147 326 167 362
589 174 767 532 641 371 764 566 494 319 513 332 390 321 423 342 521 319 535 329
588 174 767 532 642 371 765 565 494 319 513 332 390 321 423 342 521 319 535 329 569 314 591 329
588 174 768 532 643 371 766 565 854 285 900 351 494 320 513 332 391 321 424 342 521 319 535 329 7 337 51 374
588 171 768 534 644 372 766 565 861 289 892 347 493 320 514 332 391 320 424 342 521 319 535 329 7 337 51 374
588 170 769 535 644 372 767 567 861 288 890 348 493 319 514 332 391 320 423 342
588 169 770 536 644 373 767 567 859 289 889 347 493 319 514 332 391 320 422 341
588 168 773 536 643 371 769 568 857 289 888 346 392 320 422 341 521 319 537 331 586 310 610 329 494 319 513 332
588 166 774 537 642 369 769 570 856 290 886 346 522 318 538 331 586 310 610 328 392 320 422 342
586 166 775 536 642 368 770 571 522 318 539 331 391 320 422 342 586 310 611 328
586 166 775 536 643 369 771 570 827 289 880 350 522 317 538 331 391 320 422 342
585 168 775 534 643 370 772 570 825 289 878 350 522 317 538 331 391 320 422 342 493 319 512 332
585 169 775 534 644 371 772 570 825 289 878 350 391 320 422 342 522 317 539 332
584 168 775 534 645 370 772 571 824 289 876 350 521 318 539 332 391 320 421 342 6 336 55 374
584 165 775 536 646 369 772 571 823 288 874 350 519 318 539 332 391 320 421 341 5 336 56 373
584 162 775 539 647 368 772 571 822 288 873 350 517 318 539 332 391 320 420 341 836 285 863 326
584 160 774 541 647 367 771 571 820 287 871 350 517 318 539 332 391 321 420 341
584 159 775 543 648 367 771 570 820 287 869 350 517 318 538 332 391 321 420 341 5 336 57 373
584 159 775 542 649 368 771 570 819 286 867 350 516 318 539 332 391 321 420 341 5 336 57 373
584 159 776 543 649 368 772 570 516 318 539 332 819 285 865 350 5 336 56 373 391 321 420 341
583 160 776 542 649 368 772 570 790 296 865 354 5 336 56 373 516 318 538 331 390 321 421 341 494 319 515 332
583 159 776 542 648 368 773 571 788 296 863 354 4 335 57 373 517 318 538 331 390 321 421 341 589 308 613 329 494 319 514 332
582 159 776 541 647 367 773 573 785 296 862 354 4 335 58 373 518 318 538 330 590 308 614 329 391 320 422 342 494 319 514 331
581 159 777 541 647 366 773 574 783 295 860 354 4 335 58 373 517 318 538 330 590 308 614 329 391 320 423 342 494 319 514 331
