

545 167 741 317 394 191 497 256 11 65 400 538 851 227 936 315 995 228 1098 328 869 173 923 278 771 179 823 269 1125 252 1225 349 0 216 1279 705
544 166 742 318 394 191 497 257 10 65 400 538 993 227 1098 329 849 226 933 315 1121 251 1224 351 865 173 920 277 770 179 822 269 0 213 1279 707
542 164 744 319 386 189 489 258 8 67 400 537 989 226 1098 330 1117 250 1221 353 839 228 920 312 863 173 918 276 34 44 1253 700 770 179 820 269
541 163 745 320 385 189 489 259 17 89 397 557 1114 250 1217 354 985 223 1097 332 835 228 919 312 853 173 908 278 1143 204 1201 304 0 206 1279 712 771 180 819 270 1197 208 1235 296 907 184 925 227
536 161 736 315 383 190 490 260 17 90 397 556 1111 250 1213 354 981 222 1097 334 830 229 918 313 852 172 904 276 1143 204 1198 302 0 207 1279 712 908 185 926 228 1197 209 1237 296 812 176 838 227
534 162 737 316 383 190 490 260 17 90 396 555 1109 250 1212 354 828 229 916 313 981 221 1095 334 850 173 901 274 1143 204 1196 301 1 206 1279 713 909 185 928 230 738 177 758 221
533 162 737 316 381 191 490 259 19 90 394 556 459 144 554 239 826 229 912 313 982 221 1093 333 1100 252 1203 352 848 172 899 273 3 195 1278 717 1141 202 1194 301 910 184 930 230
531 164 737 316 380 191 488 257 10 71 397 532 457 145 553 239 1097 253 1200 351 824 228 909 313 47 46 1233 698 977 226 1079 329 845 172 896 274 1140 199 1192 303 1177 206 1210 295
530 167 738 316 378 191 488 257 11 72 395 530 454 144 552 239 1095 253 1196 350 975 225 1078 330 842 171 894 277 814 229 898 311 47 53 1232 693 1174 205 1208 296 1221 227 1257 302
528 170 739 317 377 192 488 259 12 73 395 528 453 145 552 239 978 193 1073 316 812 229 896 311 1173 206 1210 296 1093 253 1193 351 840 172 891 276 3 195 1275 713 916 184 935 230 1224 227 1259 303
527 172 738 317 377 193 488 261 12 75 395 526 451 144 551 239 975 191 1071 317 809 230 894 312 831 170 882 278 1090 252 1190 352 6 197 1270 714 917 183 937 231 1173 205 1211 296 715 180 732 216 1116 200 1174 305 1230 232 1258 300 1058 195 1085 251
526 170 737 316 376 193 487 260 11 76 395 524 450 145 550 239 806 230 891 313 827 170 879 279 970 191 1065 318 1198 211 1229 297 5 201 1276 711 713 178 731 217 1114 200 1170 303 887 185 906 226 918 184 937 230 1058 193 1088 254 1025 227 1186 352
526 168 736 315 375 192 486 259 21 93 391 562 449 146 547 238 1203 212 1235 298 822 168 875 285 805 231 887 313 967 190 1061 318 2 209 1279 711 1072 250 1175 350 888 186 906 226 1113 200 1167 301 1154 200 1190 291
526 166 734 314 374 192 485 259 21 92 390 567 448 146 545 239 816 165 872 290 804 231 884 313 745 178 795 269 1 215 1279 709 964 189 1058 318 1069 249 1173 349 1208 210 1241 300 889 185 907 225 930 183 949 232 1150 202 1186 290 1057 189 1101 260 1112 200 1165 300 992 182 1051 269
527 165 734 314 373 190 484 257 21 90 390 571 448 145 545 239 3 213 1279 713 962 187 1056 316 815 163 870 291 802 230 882 312 891 184 908 227 1037 226 1174 348 745 178 794 269 931 182 950 232 1147 202 1182 291 1094 198 1158 303 1221 209 1256 303 789 174 815 224 862 182 880 224
526 163 734 314 373 189 484 256 21 88 390 573 959 184 1051 316 6 209 1279 713 441 145 537 238 1035 225 1173 347 893 184 911 227 932 181 952 230 1223 206 1257 305 727 184 780 268 862 180 879 225 1094 196 1155 304 800 228 881 310 815 165 868 287 786 173 812 224
524 161 733 314 373 189 484 255 11 69 395 525 957 183 1048 315 6 205 1279 714 1033 224 1171 346 727 185 780 268 895 184 912 227 862 179 879 223 934 180 954 228 804 160 858 290 1094 194 1151 303 792 228 872 307 911 181 929 225
523 162 734 315 373 189 484 255 11 68 395 522 7 207 1279 712 957 181 1046 316 805 158 858 292 726 183 779 269 863 179 880 221 1032 223 1169 345 910 180 929 226 792 229 871 306 936 179 957 226 1093 193 1147 303 896 184 914 226
523 163 735 316 373 189 483 256 11 68 396 521 6 206 1279 714 957 181 1046 318 804 159 858 290 910 181 929 225 727 181 778 270 864 179 881 218 791 229 870 306 1057 211 1155 341 937 180 959 226 1090 192 1146 302
521 165 737 317 372 189 483 256 13 65 395 523 9 208 1277 714 955 180 1044 318 911 182 931 226 801 159 857 292 789 230 869 307 1054 211 1152 340 865 180 883 217 726 180 778 270 939 180 961 225 1087 192 1145 302
519 166 736 317 372 189 483 257 14 64 394 523 8 212 1279 712 953 180 1041 318 799 159 858 294 914 183 934 226 1045 242 1150 344 786 230 867 308 726 180 777 270 866 181 884 218 1061 189 1152 311 939 179 960 226
518 167 736 317 371 189 483 259 12 63 395 522 9 217 1279 709 951 181 1037 319 797 161 857 296 1050 212 1146 338 915 184 935 227 784 229 865 309 725 180 776 271 867 182 885 219 937 180 959 227 846 178 864 220
518 167 735 316 370 189 483 260 12 59 394 524 8 217 1279 708 951 182 1034 319 795 162 856 294 1048 210 1144 337 783 227 863 309 724 180 774 271 846 178 865 219 916 185 936 227 867 182 885 219 934 181 956 228 885 181 903 224
517 167 735 316 369 189 483 259 15 56 393 526 10 215 1279 710 949 182 1032 318 782 225 861 309 1063 186 1124 310 1041 243 1141 341 845 178 864 219 723 180 773 272 933 181 955 225 865 180 884 220 885 181 903 223 916 186 936 226
514 167 736 316 369 189 483 259 20 50 388 531 12 212 1279 711 781 224 859 309 933 180 1023 310 1061 185 1121 311 721 180 772 272 1040 244 1138 339 886 180 905 222 844 177 864 218 863 179 883 221 933 181 955 223 1108 189 1147 273
512 167 736 317 369 190 483 260 20 52 389 531 932 177 1022 310 10 212 1279 712 779 224 859 310 888 179 907 222 1059 186 1119 312 791 162 849 292 720 179 771 272 433 145 522 220 1040 247 1135 338 1120 190 1164 269 843 178 862 217 862 178 882 221
510 166 736 316 369 190 483 261 20 52 387 531 931 175 1022 310 8 211 1279 716 777 224 858 310 889 179 908 222 791 161 847 292 1057 186 1119 312 1126 190 1168 268 714 159 756 240
511 165 735 315 368 190 483 261 19 54 390 528 8 207 1279 719 927 173 1019 314 775 223 858 311 1033 195 1123 309 890 179 908 221 432 145 521 220 791 164 845 289 1140 191 1183 270
511 164 735 315 368 190 482 261 20 56 389 528 6 201 1279 719 923 172 1015 315 764 160 849 308 1032 195 1122 309 435 146 523 237 1142 188 1187 273 913 181 931 222 891 179 908 221
510 165 735 317 368 191 482 262 4 196 1279 719 918 172 1011 316 19 59 390 527 759 159 849 310 1030 192 1118 311 436 146 524 237 1146 187 1191 274 912 180 930 219 889 179 906 221 841 179 856 217
509 167 735 320 368 192 483 263 1 198 1279 719 916 174 1010 316 1027 190 1115 311 16 86 389 499 435 146 524 238 758 162 847 313 913 180 931 219 840 179 855 218 1150 188 1193 275 888 179 905 220 1080 187 1123 273
509 167 737 323 368 191 483 262 913 174 1007 315 4 200 1279 719 1024 188 1112 311 434 146 524 238 21 88 393 582 840 178 855 217 888 179 905 219 866 179 882 217 913 179 931 217
510 166 737 322 368 190 482 261 910 172 1004 314 4 208 1278 716 1022 187 1108 310 841 176 856 217 433 146 523 237 20 85 360 499 889 178 906 217 760 225 849 313 866 178 882 217 710 174 735 224 893 234 1015 344
509 166 737 321 368 189 482 259 908 169 1002 313 4 212 1279 715 1019 187 1104 310 841 175 858 217 889 178 906 217 19 87 359 497 708 172 734 223 889 233 1015 344 866 178 882 218
510 166 737 321 369 189 482 259 908 169 1001 313 0 216 1279 713 1017 186 1101 310 842 176 859 218 763 164 846 315 21 85 393 591 707 169 736 223 889 178 906 218 887 233 1012 344 866 178 882 219
509 166 737 323 369 190 482 258 907 169 999 314 6 218 1279 713 767 163 846 313 1015 186 1099 309 23 84 390 591 841 176 858 218 887 232 1010 345 864 177 881 219 888 178 905 218 707 172 737 221
509 165 736 326 369 190 483 258 905 170 998 315 10 222 1279 713 768 161 846 314 1005 228 1094 322 6 79 369 592 431 143 521 220 887 230 1007 346 864 177 880 219 841 176 855 217 707 173 737 220 1007 177 1033 232 888 176 906 219
508 165 735 330 370 190 483 259 903 170 996 315 16 223 1279 713 767 160 847 314 17 81 360 510 1003 227 1092 323 431 142 521 220 865 176 881 219 1008 178 1034 231 840 175 855 216 889 175 906 220 708 172 736 220 911 174 933 216 1020 179 1073 279
507 164 737 331 371 190 484 259 901 170 995 317 764 158 848 313 17 79 359 508 16 222 1279 713 1001 225 1090 324 431 142 522 221 867 176 884 219 841 175 856 216 889 175 907 221 708 171 736 220 1018 179 1071 276
507 163 739 331 371 189 484 260 900 169 994 319 17 77 359 507 762 160 849 315 14 219 1279 713 999 222 1086 323 868 175 885 219 432 141 523 221 842 174 858 216 888 173 906 220
505 163 739 331 372 189 486 261 896 203 999 339 17 74 359 509 766 161 850 318 16 221 1278 712 432 141 523 221 866 174 883 218 998 221 1083 323 843 174 859 215 887 172 905 219
504 163 739 333 372 188 487 261 896 203 998 340 16 75 360 507 769 162 850 322 11 221 1275 714 887 171 905 219 863 173 880 217 432 140 524 220 844 174 859 215 1007 183 1071 314
503 164 740 334 372 188 487 260 772 160 850 324 897 203 998 339 16 76 359 505 10 223 1277 714 431 140 525 219 862 173 877 217 888 173 906 219
503 163 741 335 373 188 487 259 774 161 851 324 903 166 987 322 15 77 359 500 7 225 1278 713 863 174 879 217 431 140 525 217 891 173 910 219
502 163 744 336 374 188 487 258 902 166 985 322 777 161 855 322 14 76 359 501 13 228 1275 711 866 175 883 217 1062 186 1085 251 894 173 914 219
503 161 743 336 375 188 487 257 903 167 982 322 12 76 360 503 778 162 855 321 868 175 886 217 877 213 1032 335 15 233 1278 709 1082 194 1104 251 1063 188 1086 249 993 178 1045 271
502 162 744 336 375 188 488 258 903 168 981 322 0 65 368 602 777 161 855 323 1082 191 1104 253 876 214 1031 337 870 175 888 218 18 235 1278 709 989 188 1046 309
501 162 743 337 375 188 488 259 776 160 854 327 0 64 366 599 903 170 980 321 988 185 1044 309 872 217 1029 340 1083 191 1106 254 18 236 1279 709 884 178 905 220 871 176 889 219
500 163 744 338 375 189 488 260 0 62 362 601 776 160 855 330 902 170 979 320 869 220 1027 343 989 186 1041 307 882 178 903 222 20 237 1279 710 1105 199 1131 256 1083 189 1107 253 788 248 853 338
500 161 746 341 376 188 488 259 13 73 354 508 776 160 856 331 902 172 978 318 436 139 527 221 885 177 906 222 851 216 999 345 17 236 1279 711 976 180 1020 276 990 185 1041 305 789 246 855 342
501 161 747 341 377 188 488 259 14 73 353 506 777 160 856 332 887 172 975 318 437 140 527 221 851 217 1000 346 15 235 1276 712 888 176 909 222 973 180 1019 275 790 245 855 344
502 160 750 342 378 188 488 258 15 73 352 504 777 158 858 333 885 172 975 319 850 218 999 346 439 140 528 221 16 234 1272 712 972 180 1018 273 791 245 856 345 890 176 912 222 1055 192 1077 248
503 161 750 342 379 187 487 258 16 73 351 501 778 156 859 330 884 171 975 318 441 141 528 221 975 180 1018 273 17 237 1271 711 864 220 1020 345 791 245 856 346 1060 191 1081 249
503 160 751 342 379 187 487 256 16 74 352 497 777 154 860 327 881 173 973 317 976 180 1017 272 0 356 1279 706 1063 190 1084 249 1106 186 1132 251 791 244 856 346 1027 182 1062 263
502 160 752 342 379 187 487 256 16 73 353 496 777 154 861 326 880 174 971 318 1064 187 1084 250 975 179 1014 270 0 358 1279 704 961 175 993 272 791 243 855 345 1106 185 1142 259
500 160 754 341 379 187 486 256 16 70 354 498 778 154 863 328 880 172 970 318 1063 189 1084 250 0 358 1279 706 1010 180 1032 232 1082 196 1102 249 959 177 992 272 792 244 856 345
380 187 486 256 498 162 755 340 778 153 864 331 16 68 352 499 881 168 972 319 1085 196 1105 249 0 356 1279 710 1011 181 1032 234 957 179 992 269 792 245 856 346 1124 186 1159 262
381 187 486 256 496 162 757 339 778 151 865 334 15 69 352 499 881 166 972 317 1088 194 1108 249 1171 208 1217 282 0 356 1279 713 1131 192 1156 252 793 245 857 348 1012 188 1032 244 989 181 1007 230
381 188 487 256 495 163 758 338 778 150 864 336 14 72 352 498 846 214 987 344 1177 207 1218 284 1011 186 1031 245 1088 193 1106 248 10 228 1273 708 793 247 857 349 988 180 1008 234 1104 200 1123 251 1135 195 1159 253
381 188 487 256 494 163 759 336 780 152 863 335 13 74 351 498 877 167 968 316 1010 186 1029 246 1107 199 1126 251 1033 191 1053 243 1087 197 1106 247 988 181 1006 234 793 247 857 350
380 188 488 255 493 164 759 336 782 153 864 335 14 75 350 499 1011 186 1030 247 875 167 964 317 1036 190 1055 244 1110 198 1129 251 1199 212 1237 290 989 189 1007 243
381 188 488 255 493 165 759 337 783 156 864 336 15 75 350 500 872 167 961 320 1013 187 1031 247 1038 189 1056 247 1111 199 1130 249 990 188 1007 243 1159 199 1180 259 1204 212 1239 292 1088 197 1107 245
493 165 758 338 381 188 488 255 781 157 865 335 0 63 361 602 868 168 958 322 1036 188 1054 250 1014 188 1031 247 1087 192 1107 246 1110 200 1129 248 1220 213 1258 294 1129 204 1147 254 992 187 1008 243 1056 192 1075 246
383 188 488 254 492 165 759 340 780 159 864 335 0 65 364 601 865 168 953 322 1035 188 1052 251 1057 192 1076 250 1015 189 1031 247 1224 214 1259 296 1132 202 1152 253 1087 188 1109 248 990 182 1006 234
492 165 760 341 385 187 489 253 779 160 864 335 17 75 353 508 863 168 947 321 1035 189 1053 251 1060 192 1080 253 1015 189 1031 248 1133 200 1155 252 957 176 975 237 1111 197 1131 246 870 243 957 341 1171 201 1206 282
495 155 772 357 388 187 489 251 779 159 864 336 20 75 354 508 861 168 943 319 1062 191 1082 255 1037 189 1055 251 956 177 977 238 1173 201 1210 283 1014 187 1031 248 1110 193 1132 247
493 164 760 341 389 186 489 251 780 159 865 336 22 74 354 506 861 168 940 319 958 178 979 238 1060 190 1079 257 1037 189 1055 251 1177 202 1216 281 1013 184 1030 249 1109 188 1132 249 1081 195 1101 252
494 163 760 340 390 185 488 250 779 156 865 336 24 72 354 505 1060 190 1078 256 961 178 982 237 861 169 939 321 1038 189 1056 250 1014 184 1032 248 1081 194 1102 255 1110 186 1134 252
495 162 759 340 391 184 489 250 779 155 865 337 24 70 356 504 1061 190 1078 256 1084 193 1105 258 965 180 986 235 1039 189 1056 251 861 170 937 324 1018 184 1034 246 1197 202 1234 283 1152 198 1186 291 1111 190 1134 253 1132 198 1154 250
494 162 762 341 395 185 497 249 778 153 865 339 17 57 395 529 1062 191 1081 254 1085 192 1105 260 1201 202 1239 285 1039 189 1057 250 1131 193 1155 253 969 181 989 233 1154 199 1191 294
493 163 762 341 395 185 497 249 18 54 394 532 780 152 865 340 1061 191 1080 255 1082 190 1102 261 1204 203 1243 287 1130 190 1156 254 1037 187 1055 251 744 218 910 353
491 163 762 342 396 184 497 248 18 57 394 529 780 150 865 340 1082 191 1101 261 1061 192 1080 256 1037 187 1055 250 762 210 926 352 1134 191 1159 256 1202 203 1237 290 1177 198 1208 295 981 183 1002 231 1105 196 1128 259
492 163 760 342 396 185 498 247 24 80 392 583 780 150 866 340 1084 192 1102 260 763 207 924 354 1040 187 1057 251 1063 193 1081 256 1106 191 1135 273 1223 205 1258 292 1200 202 1231 294 1156 200 1179 252 1179 200 1212 297
492 164 759 343 396 185 499 247 22 79 395 585 780 152 866 339 1086 193 1105 259 745 212 910 361 1043 189 1061 248 1064 194 1082 255 1155 195 1178 254 1229 206 1261 293 1108 196 1128 261 990 185 1010 244
492 163 758 344 396 184 500 246 21 78 395 590 779 154 866 337 745 216 907 363 1086 194 1104 259 1155 194 1179 257 1106 195 1124 262 1062 194 1079 255 993 185 1012 246 1046 191 1063 247 1183 208 1202 253 1232 205 1261 293
501 151 772 362 398 184 501 246 22 80 394 587 780 156 867 334 1107 194 1124 263 746 219 904 362 1086 194 1104 259 1061 194 1079 254 1182 205 1202 255 1128 192 1156 275 1159 196 1182 258
497 153 772 363 399 184 502 246 23 83 392 581 780 156 870 333 1110 194 1128 263 1064 193 1081 254 747 222 902 361 1088 194 1106 259 1134 196 1162 284 1008 184 1029 248 1181 201 1202 257 1206 213 1228 270
494 155 772 364 13 60 396 527 401 184 503 246 781 157 872 332 1068 194 1086 253 1011 183 1032 249 1111 194 1130 262 1088 195 1106 258 747 220 900 359 1206 212 1228 272 1175 195 1206 273
493 155 773 365 13 61 396 527 402 184 503 245 781 158 873 332 1014 183 1035 249 1148 195 1177 286 1110 195 1128 261 1085 194 1103 256 1070 194 1088 251 1131 197 1148 263 1180 195 1210 274 1211 212 1233 272 747 222 898 358
491 156 775 365 15 62 396 532 404 184 504 245 782 158 873 332 1155 194 1183 286 1132 196 1149 263 1084 194 1102 255 1109 194 1128 260 1178 197 1209 282 748 218 898 358 1018 184 1037 250
491 154 776 365 15 63 397 528 406 184 504 244 781 159 874 330 1086 194 1104 256 1135 197 1153 260 1158 195 1185 284 749 218 897 359 1175 196 1205 285 1111 195 1130 260 1203 200 1233 279 1030 185 1051 250
490 154 776 366 16 60 396 526 407 184 505 244 773 204 883 357 1090 195 1110 256 1203 199 1233 282 1032 182 1054 252 1171 196 1202 289 1136 197 1154 258 1112 197 1131 258 895 175 915 232 1235 214 1258 277 858 170 888 226
490 153 778 367 16 58 395 522 408 184 507 243 779 160 876 326 1176 197 1205 290 1035 180 1057 252 1207 199 1237 283 1094 194 1113 254 857 170 886 227 1110 197 1129 257 1134 197 1152 257 933 180 946 225 0 367 1279 710
491 153 779 368 17 51 396 526 410 184 509 243 777 156 876 327 1182 198 1209 288 1204 200 1234 287 1039 180 1060 253 857 169 884 228 1110 196 1128 257 907 174 927 233 1134 196 1152 258 3 364 1279 709 1157 199 1174 258
493 151 778 368 16 46 399 528 412 184 510 243 774 154 875 327 1111 195 1130 257 909 172 929 233 1202 200 1230 290 857 169 881 230 1183 198 1208 285 1225 202 1258 287 1135 196 1154 258 1055 185 1074 252 5 367 1279 708
16 46 403 526 495 150 777 367 417 180 508 240 770 151 873 326 1200 200 1227 293 1115 194 1135 258 1056 181 1077 254 1230 202 1263 292 859 169 881 230 912 171 932 232 1181 199 1206 284
15 48 406 522 495 149 776 367 419 181 507 240 768 151 870 326 1058 181 1081 254 1205 201 1232 293 862 170 883 229 1179 199 1204 284 1118 195 1137 257 914 171 935 231 1133 196 1152 259
493 150 774 367 767 149 871 326 420 181 506 239 866 172 887 225 1060 177 1087 260 1206 202 1232 291 692 142 795 215 1179 198 1205 286 1133 196 1152 261 912 152 943 241
10 55 415 519 491 150 772 367 769 151 872 325 425 180 522 237 869 173 890 224 1204 202 1229 290 1136 196 1156 264 1224 204 1255 298 1178 196 1205 287 1064 178 1091 261
490 151 769 364 6 63 421 518 772 152 872 323 426 180 521 236 1227 203 1256 295 1074 178 1103 263 869 175 890 222 1203 201 1227 289 1178 195 1205 287 1142 196 1161 263 922 155 953 243
488 152 769 360 3 67 425 518 773 149 871 321 426 180 520 236 1077 178 1106 264 1232 205 1259 296 1180 195 1206 287 879 176 901 223 1207 200 1229 289 868 176 888 222 922 153 953 242
491 166 759 340 1 75 426 515 774 145 870 320 426 180 519 236 882 177 903 222 1084 177 1111 265 1232 205 1257 296 1184 195 1209 287 750 218 883 351 1206 199 1229 291 925 154 956 241
492 165 759 340 1 79 430 510 428 180 521 236 774 144 869 319 884 176 906 223 1231 205 1254 297 1184 196 1208 287 748 217 881 350 1162 198 1185 285 1205 199 1229 292 1099 177 1125 269
493 166 758 340 3 83 436 504 430 181 521 235 775 144 868 320 886 175 907 224 1100 177 1127 269 1230 204 1253 298 1182 198 1206 287 935 171 953 233 1204 200 1229 293
493 166 758 339 2 83 442 495 431 181 524 236 775 144 868 321 1104 178 1132 271 888 176 908 223 982 180 998 229 1181 199 1205 288 1207 201 1232 293 1233 203 1256 299 936 155 964 243
493 166 758 339 6 103 426 474 434 182 524 235 778 148 868 322 891 178 911 225 1109 181 1137 274 1184 201 1208 289 985 181 1003 231 1206 202 1231 294 939 156 967 245 1231 204 1256 299 781 239 873 350 868 182 884 222
494 166 759 339 3 107 427 467 435 183 525 235 781 153 867 323 891 180 911 226 866 181 885 225 1205 202 1230 294 990 182 1007 232 1113 182 1142 277 941 158 969 245 1187 202 1213 290 785 241 873 349
1 109 431 460 495 166 759 340 784 157 866 322 437 184 526 234 1125 185 1152 278 865 181 884 227 890 181 909 227 904 179 925 229 1204 202 1229 295 948 153 981 252 746 202 795 300 788 243 874 348 993 182 1011 232
