

494 320 641 445 704 345 747 367 747 88 799 120 1122 319 1279 436
494 318 642 446 705 346 747 367 744 86 801 119 1127 318 1276 436 773 337 819 365 631 294 642 311
492 316 642 446 1132 316 1274 436 743 84 803 117 706 346 746 367 631 294 642 311
491 315 641 446 1134 315 1270 436 743 83 803 116 708 347 743 366 631 294 642 311
490 315 640 447 1145 309 1247 440 744 81 804 115 631 293 642 310
489 316 640 448 1148 310 1251 440 744 79 805 113 631 292 643 310
487 317 640 449 1151 312 1253 440 631 292 643 310 744 76 806 112 708 347 742 366
485 317 641 449 1153 313 1254 439 631 292 643 310 704 346 745 366 743 71 818 114
483 316 641 449 1156 313 1254 437 702 345 746 366 631 292 642 310
482 316 643 450 1160 313 1256 438 701 344 747 367 631 292 642 310 743 62 821 108
480 316 644 451 1164 312 1258 438 700 344 746 367 744 61 823 107 630 292 643 310
477 315 646 452 1170 313 1263 439 744 60 824 104 702 344 744 367 631 293 643 310 774 340 821 367
474 314 648 453 1173 312 1267 439 744 58 825 101 706 344 741 366 775 340 821 367 631 293 643 309
472 313 649 454 1174 312 1270 437 743 56 826 99 710 345 739 366 775 340 820 366 631 293 643 309 756 342 797 365
471 313 650 456 1174 311 1270 438 748 52 832 100 776 341 820 366 756 343 798 365 631 294 643 309
469 311 650 457 750 50 833 97 777 342 820 365 631 294 643 309
468 309 651 458 751 48 834 94 778 344 820 365
465 307 652 460 753 46 836 91 779 344 820 364 631 294 642 308
463 306 652 461 753 45 838 90 778 344 820 364 759 346 795 365 631 294 642 309
462 306 653 462 755 44 838 89 166 363 210 391 631 294 643 309 777 343 822 365 758 346 796 365
460 305 654 464 759 39 841 85 166 363 208 390 776 342 824 365 630 295 643 310
458 305 656 467 761 39 843 83 1210 324 1273 427 166 363 205 391 773 341 825 366 630 295 643 310
455 304 657 468 761 38 846 82 771 341 826 366 1213 323 1277 427 166 363 204 391
453 305 657 470 761 36 848 81 770 341 825 367 1216 323 1279 426 164 363 202 391
451 305 657 471 772 342 823 367 761 35 849 79 1219 321 1279 425 163 363 200 391
449 305 658 472 762 33 850 76 1222 319 1279 426 774 343 822 366 829 348 858 391
448 304 659 474 763 32 851 74 775 343 821 366 1234 321 1279 429 161 363 199 390
446 304 659 476 764 29 851 72 774 343 822 366 160 362 199 390 1237 323 1279 427
445 303 659 481 765 26 852 70 772 341 824 366 159 362 199 390
444 303 659 484 770 23 861 70 771 340 826 367 662 349 704 378 159 362 199 390 631 293 643 308
442 303 659 487 770 21 862 69 770 340 827 367 832 346 861 390 160 362 201 389 631 293 643 308
442 302 659 488 771 20 863 67 833 345 862 390 771 341 826 366 631 293 643 309
440 301 660 488 834 344 862 389 771 18 864 67 772 340 824 366 688 349 719 377 631 294 642 309
439 301 661 490 771 15 866 60 834 345 862 390 772 340 823 365 693 350 722 376 631 294 642 308
436 300 661 492 771 14 868 59 703 348 736 378 771 339 823 365 630 293 642 308
434 300 662 493 706 348 741 378 773 13 870 59 835 346 864 390 772 339 822 364 630 293 642 308
432 300 663 495 836 346 864 391 712 348 745 378 773 12 871 57 145 365 187 391 666 343 687 367 630 293 642 308
430 300 664 497 837 347 863 391 773 10 872 56 715 349 747 377 144 365 189 391 630 292 642 307
428 300 665 499 838 347 864 391 774 9 872 55 146 365 188 391 730 339 764 371 716 350 747 376 630 292 642 307
427 300 666 499 838 346 867 391 775 8 873 53 729 340 766 371 772 338 822 364 146 365 187 391 666 343 686 367 630 292 642 307
426 301 668 500 839 345 868 391 729 341 768 371 771 338 825 364 776 5 873 52 146 365 186 390 666 342 685 367 630 292 642 307
424 301 670 498 771 337 826 364 839 346 869 391 733 342 768 370 778 3 874 50 145 365 187 390 666 342 685 367 630 292 642 307
423 302 672 498 774 338 825 363 840 347 868 391 780 0 875 50 144 364 187 390 630 292 641 307
422 302 672 498 781 0 876 48 776 337 823 363 710 346 744 365 143 364 187 389 630 291 641 307
422 302 673 498 783 0 877 46 778 336 820 362 143 363 187 389
422 301 673 497 785 0 876 44 763 340 791 368 144 363 186 388
422 302 673 496 786 0 877 43 765 339 794 369 145 363 186 388
422 303 672 496 787 0 878 42 145 363 184 388
398 289 690 505 788 0 878 41 146 362 181 386
399 290 690 505 789 0 879 41
399 291 689 505 789 0 879 41
399 290 689 506
399 289 688 508 145 363 183 387 711 345 750 365 754 344 797 364
399 286 687 510 711 345 750 365 145 362 184 387 728 344 766 365 755 344 798 364
398 284 686 511 710 345 751 365 144 362 184 386 729 344 764 365 755 344 799 364 792 0 889 37
397 285 685 511 144 362 185 386 710 345 751 365 791 0 890 38
397 285 684 512 143 362 186 387 710 345 751 365
407 298 678 530 144 363 185 388 710 344 751 365
406 297 678 531 143 363 185 388 710 344 751 365
407 296 679 532
395 284 688 513
395 283 688 513
395 283 688 513
395 283 688 513 142 363 184 386
395 283 687 513 141 363 184 386
395 282 686 513 140 363 186 386
395 282 686 514 140 363 187 386
395 281 686 514 140 363 187 386 772 338 829 363
394 281 687 515 140 363 186 386 772 338 829 363
405 295 680 534 140 363 186 387 773 338 829 364
405 295 680 534 140 363 185 387 773 337 830 364
405 295 680 534 140 363 185 386 773 337 830 364
394 281 688 514 141 363 185 386 773 337 830 363
395 282 688 514 773 337 830 363 141 363 185 386
395 283 688 513 774 337 829 362 141 363 185 386
396 283 687 513 774 337 827 362 140 363 186 386
395 284 687 513 774 337 827 362 140 363 184 386
395 283 686 514 774 337 828 362 142 363 181 386
408 293 677 535 774 337 829 362 143 363 178 386
407 294 677 535 143 363 177 386 775 338 827 362
395 283 686 514 775 338 826 362 143 364 178 386
395 284 685 514 774 338 826 363 142 364 181 386 709 344 752 366
395 284 685 514 774 338 826 363 141 364 183 386 728 342 768 365 709 343 752 366 1045 299 1089 437
395 284 685 514 774 337 826 363 141 364 185 386 728 342 768 365 709 343 751 366
395 283 685 514 774 337 827 363 140 364 185 386 708 343 751 366
395 283 685 514 140 364 184 386 774 337 827 363
396 283 685 514 141 364 183 386 773 337 828 363
396 283 685 514 141 364 183 386 773 337 828 363
396 283 685 514 141 364 184 386 773 337 828 363
396 283 684 513 140 363 186 387 773 337 828 363 728 342 768 365 709 343 751 365
397 283 684 513 773 336 828 363 140 363 186 387 727 342 770 365 709 343 752 365
396 283 684 513 773 337 828 363 141 363 185 386 708 343 752 365 727 342 771 365
395 283 684 513 774 337 828 362 142 363 184 386 708 343 752 365
395 282 684 513 854 349 881 395 774 337 828 362 142 363 182 386
395 283 685 514 854 350 881 395 142 363 182 386 774 337 828 362
395 283 685 513 855 350 881 394 142 363 183 386 774 337 828 362
394 283 685 513 855 350 882 394 142 364 185 387 774 337 827 362
395 284 685 513 856 350 882 394 774 337 827 363 141 364 185 387 709 343 751 366
