

275 416 652 701 601 427 736 554 928 447 1158 582 2 354 132 525 930 429 981 511 739 434 760 459 716 433 744 461
275 416 652 701 602 428 736 554 928 447 1158 582 2 353 132 525 740 434 760 459 928 430 980 510 716 433 743 461
275 415 651 701 602 428 735 554 929 447 1157 582 2 352 132 526 740 433 760 459 927 431 980 509
276 414 651 702 601 427 735 553 930 447 1157 582 1 352 132 526 739 433 760 459 925 432 979 510
275 414 651 702 601 427 735 553 931 446 1157 582 1 352 132 526 739 434 760 459
275 414 652 701 602 428 735 553 931 446 1157 582 1 352 132 526 738 434 760 459 717 433 744 461
275 414 652 701 602 428 736 553 932 446 1157 582 1 352 132 526 738 434 760 459
275 414 652 701 602 428 736 553 932 446 1157 582 1 352 132 526 738 434 759 459
274 415 652 701 603 428 736 553 932 446 1157 582 1 352 132 526 738 434 759 459
274 415 652 701 603 428 736 553 932 446 1158 582 1 352 132 526 738 434 759 459
274 416 652 701 603 428 736 553 932 446 1158 581 1 352 132 526 738 435 759 459
274 415 652 701 602 428 736 553 932 446 1158 581 1 352 132 525 738 435 759 459
275 415 651 701 602 428 736 553 932 446 1158 581 1 352 132 525 738 435 758 459 719 434 743 460 923 433 961 513
275 415 651 701 601 428 736 554 932 446 1157 581 1 353 132 525 737 434 757 458 719 434 744 460
275 414 652 701 602 429 737 553 932 446 1157 581 1 353 132 525 895 447 955 542 737 434 756 458 719 433 744 460
275 415 652 701 602 428 737 553 933 446 1158 582 1 353 132 525 895 447 956 542 738 433 756 458 719 433 744 460
275 415 651 701 602 428 737 553 933 445 1159 583 2 353 132 525 894 447 955 542 719 434 744 460
274 415 651 701 602 429 737 554 932 445 1159 584 2 353 132 525 894 448 955 541 720 434 744 460
274 415 651 701 602 429 737 554 932 445 1159 584 2 353 132 525 894 448 956 541 720 434 743 461
274 415 652 701 603 429 738 554 2 353 132 525 933 446 1158 584 894 448 956 541
273 415 653 701 603 429 738 553 1 352 132 526 933 446 1157 583 893 448 956 542 737 434 756 458
273 415 653 701 603 429 738 553 1 352 132 526 933 446 1156 583 893 449 954 541 736 434 756 458
274 414 653 701 602 429 737 553 933 446 1156 583 1 352 132 526 893 449 954 541 736 434 756 457
274 414 653 701 602 429 737 553 933 445 1156 583 1 352 132 526 893 449 953 541
274 413 653 701 602 430 738 553 933 446 1156 583 1 352 132 526 893 449 953 541
273 413 653 701 602 430 738 553 933 446 1156 582 1 352 131 526 893 449 952 541 915 433 947 471
273 414 653 701 602 431 738 553 932 446 1156 582 1 352 132 527 893 449 952 540 916 433 947 471
273 414 654 701 602 431 738 553 931 446 1157 581 1 352 132 526 894 449 952 540 916 433 947 472
273 414 653 701 602 431 738 553 1 352 132 526 930 446 1158 581 894 449 952 540 915 433 947 472
273 413 653 701 602 431 738 554 1 352 132 526 929 446 1159 581 894 449 952 540 721 433 744 460 915 433 947 472
273 413 653 701 603 431 739 554 1 352 132 526 929 446 1159 581 894 449 952 540 721 433 744 459 915 433 947 472
274 413 653 701 603 431 739 554 1 352 132 526 929 446 1159 581 894 448 952 541 721 433 744 459
273 413 654 701 604 431 740 554 1 352 132 526 906 445 1141 582 894 448 952 541 779 432 806 459 720 434 744 459
273 413 654 701 604 432 740 554 1 352 132 525 905 445 1141 582 894 448 952 541 779 432 807 459 720 434 744 459
273 413 654 700 604 431 739 554 1 353 132 525 905 444 1142 582 894 448 952 541 778 433 807 459 720 435 744 459
273 413 653 700 604 431 739 554 1 353 132 525 905 444 1142 582 894 447 953 541 778 433 807 459 720 435 743 458
273 414 653 701 604 431 739 554 1 352 132 525 929 446 1159 581 894 447 953 541 778 434 807 459 720 435 743 458
273 414 654 701 604 431 739 554 1 352 132 525 904 445 1142 582 894 447 953 542 779 434 807 459 720 435 743 458 914 432 948 471
273 414 654 701 603 431 739 554 1 351 133 525 904 445 1143 582 895 447 954 542 779 434 808 459 720 435 743 458 914 432 948 471
273 415 654 702 604 431 739 553 1 352 133 525 904 445 1142 582 895 447 954 542 779 434 808 459 720 434 743 458 914 433 948 471
273 415 654 702 604 430 739 554 1 352 132 525 905 445 1140 582 895 446 954 542 779 434 808 459 720 434 742 457 914 433 948 471
273 416 654 702 604 430 739 554 1 353 132 526 906 445 1137 581 895 446 954 542 779 435 808 459 720 434 742 457 913 433 948 471
273 415 654 702 604 430 739 554 1 352 132 526 906 446 1137 581 895 446 954 542 779 435 808 459 720 434 742 457 913 434 948 471
273 415 654 702 604 429 739 553 906 446 1137 581 1 352 132 526 895 446 955 542 780 434 807 459 720 434 742 457 914 434 948 471
272 414 653 701 604 429 739 553 906 445 1137 581 1 352 132 526 895 445 955 542 780 434 807 459 721 434 742 457
272 413 653 700 604 428 739 553 906 445 1137 581 1 352 132 526 895 445 955 542 780 434 807 459 721 433 742 457
273 414 652 700 604 427 739 553 906 445 1137 581 1 352 132 526 895 445 955 542 780 434 807 459 721 433 742 457
273 414 652 701 603 427 740 552 906 445 1138 582 2 352 132 526 895 446 955 542 721 433 742 457 780 433 806 459
273 413 652 701 603 427 740 551 2 352 132 525 906 445 1138 582 894 446 954 542 721 433 742 457 780 433 806 459
274 413 652 701 603 427 740 551 2 352 132 525 906 445 1139 582 894 446 954 542 721 433 742 457
274 413 652 700 602 427 739 552 905 445 1139 582 2 352 132 525 894 446 954 542 721 432 742 457
274 415 652 700 603 426 738 552 905 445 1139 582 2 352 132 525 894 446 954 542 720 432 742 457
274 417 651 700 603 425 738 551 905 445 1138 582 2 352 132 525 895 447 954 542 720 432 742 456 770 435 793 456
273 419 651 700 603 425 738 550 905 445 1138 582 2 352 132 525 895 447 954 542 720 432 742 456 781 433 806 458 770 435 793 456
273 419 652 700 604 424 737 550 905 445 1138 582 2 352 132 525 895 447 954 543 720 432 742 456 781 433 807 458 769 435 793 456
274 419 652 701 905 445 1137 582 604 424 737 550 2 352 132 525 895 447 955 543 720 432 742 456 781 433 807 458 769 435 793 456
275 419 652 701 906 445 1136 582 604 424 737 550 2 353 132 525 895 447 955 543 720 433 742 456 781 434 807 458 769 435 793 455 590 428 617 459
275 419 652 701 605 424 737 551 906 445 1136 581 2 353 132 525 895 447 955 543 720 433 742 456 781 434 807 458 769 435 792 455 590 428 618 458
275 419 652 701 605 424 736 550 906 445 1136 582 2 353 132 525 895 447 954 543 720 433 742 456 781 434 807 458 769 435 793 455 590 427 619 458
276 419 652 701 605 424 737 550 906 445 1137 582 2 353 132 525 894 446 954 542 720 433 742 456 781 434 807 458 769 435 793 455 590 426 618 457
276 418 653 701 606 424 737 549 907 445 1136 582 2 353 132 525 894 447 954 542 719 433 742 455 780 433 807 458 768 435 793 455
276 418 654 702 606 425 737 549 907 445 1136 582 2 353 132 525 894 446 954 541 719 434 742 456 768 435 793 455 780 433 807 458
276 417 655 702 608 425 738 549 907 445 1137 581 2 353 132 525 894 446 954 541 719 434 742 456 768 435 794 455 781 433 807 458
277 416 657 702 608 425 738 549 906 445 1139 582 2 353 132 525 894 444 953 541 719 434 742 456 768 435 794 456 781 433 806 458
278 415 658 702 609 425 739 549 905 445 1141 582 2 354 131 526 895 443 953 541 718 434 741 456 768 435 794 456
279 415 658 702 609 424 738 549 904 445 1142 582 2 354 131 526 895 442 953 542 719 434 741 456 768 435 794 456
280 415 658 702 609 424 737 549 904 445 1143 582 2 354 131 526 895 442 953 542 719 434 741 456 768 435 794 456
281 415 658 702 608 424 737 550 905 445 1143 582 2 354 132 526 895 442 953 541 719 434 741 456 768 435 794 456
281 414 658 702 927 448 1158 580 2 354 132 526 607 424 736 549 894 443 952 540 720 435 741 457 768 435 795 456
281 414 658 701 927 448 1158 580 2 354 132 526 605 431 744 545 894 443 952 539 721 435 741 457 767 435 795 456
282 413 658 700 1 353 132 526 928 448 1159 580 605 431 743 545 898 436 949 514 767 435 795 457 721 434 741 457
282 414 657 700 1 353 132 526 929 448 1158 581 605 431 743 545 898 436 949 515 721 434 741 457 767 435 795 457 887 479 964 550
283 415 657 699 2 353 131 526 929 448 1157 581 604 430 743 546 898 436 949 515 721 434 741 456 767 435 795 457 893 477 951 551
283 415 656 699 2 354 131 526 930 448 1156 581 605 430 744 545 894 444 951 539 721 434 741 456 767 435 795 457
285 415 655 699 2 354 131 527 931 448 1155 581 605 430 744 545 898 436 949 514 721 434 741 456 767 435 795 457 894 476 952 551
287 416 655 698 2 355 130 527 932 448 1154 581 605 431 743 544 895 445 952 539 721 435 742 457 767 435 795 457
288 416 655 697 2 355 130 527 604 431 743 544 919 446 1132 583 895 445 952 539 721 435 742 457 766 435 795 457 601 410 660 470
289 417 656 697 2 355 130 527 604 431 742 543 920 446 1130 583 896 445 952 540 766 436 795 457 721 436 742 457 600 410 659 471
289 417 656 697 605 431 741 543 2 355 130 526 921 446 1128 583 896 445 953 540 766 436 795 457 721 436 742 457 601 410 659 471 781 435 806 459
289 416 655 697 606 430 741 543 2 356 129 526 922 448 1123 583 897 445 954 541 721 436 742 457 766 436 795 457 601 410 659 472 1118 554 1279 717
289 415 656 696 606 430 741 543 2 356 128 526 922 449 1118 583 897 444 954 541 721 436 742 457 766 436 795 457 600 410 659 473 1067 543 1269 719
290 415 655 696 606 430 741 543 2 355 127 526 922 450 1113 582 1064 432 1265 719 598 410 659 474 898 444 955 542 720 436 742 457 766 436 795 457
293 415 655 695 606 431 741 542 2 355 127 526 922 450 1111 580 1057 432 1254 717 597 409 658 474 898 445 955 542 765 436 795 458 720 436 742 458
294 416 655 695 607 431 742 542 2 355 126 526 923 451 1106 577 596 409 657 474 765 436 795 458 1030 441 1209 710 719 436 742 458 898 446 955 542
295 417 655 695 608 431 742 541 2 356 126 526 926 453 1096 574 1018 435 1196 708 595 409 656 474 765 436 795 458 719 436 742 457 897 447 954 541 737 434 757 454
295 416 655 695 608 432 742 541 2 356 125 526 594 408 655 475 928 455 1084 574 765 435 795 458 719 436 741 457 986 446 1160 711 738 433 757 454
296 415 655 695 608 432 742 541 2 355 124 525 981 446 1148 711 594 407 655 475 765 435 796 457 718 435 741 457 929 455 1083 575
297 415 655 696 609 432 742 541 2 355 123 525 594 406 655 475 962 530 1138 716 765 435 796 457 718 435 741 457
299 416 654 696 609 432 742 540 2 355 122 525 594 404 655 474 937 526 1104 719 766 435 796 457 719 435 741 456 737 433 758 454 899 437 954 507 895 476 953 552
301 417 652 697 610 432 742 540 2 355 121 526 929 519 1096 719 594 404 655 474 947 423 1069 653 766 435 796 457 899 437 955 507 719 435 741 456 737 433 758 454 891 477 968 553
304 416 650 696 611 432 742 540 2 355 120 526 925 438 1077 709 594 403 655 475 898 437 954 505 766 435 795 457 719 435 741 456 737 433 758 454
306 416 649 695 611 432 743 539 2 355 120 526 592 403 654 476 766 435 796 457 913 483 1031 689 719 434 742 456 897 437 952 508 736 433 758 454 946 426 1051 636
309 415 648 694 611 433 743 539 2 355 119 526 904 491 1026 688 591 403 653 476 766 435 796 457 719 434 742 456 736 433 758 454 1065 452 1150 599
311 414 648 693 611 433 743 538 1 356 118 525 894 504 1012 678 589 403 652 477 766 436 795 457 976 452 1145 585 719 434 742 456 736 433 758 454
312 414 647 692 611 433 743 538 1 356 118 525 887 506 1001 670 588 403 651 477 972 453 1146 585 766 436 795 457 736 433 757 454 720 434 742 456
313 414 646 691 611 433 743 538 1 355 118 525 967 452 1148 585 874 500 981 664 588 402 651 477 767 436 795 457 737 434 757 454 720 435 742 456 782 435 806 460 880 427 972 575 646 304 659 340
314 413 645 690 2 355 117 525 611 433 743 537 869 499 974 654 959 452 1151 585 589 402 651 477 767 437 795 457 873 426 967 575 737 434 757 454 782 435 806 460 720 434 742 456 646 304 659 340
315 413 645 690 611 433 743 537 2 356 117 525 951 451 1154 586 864 499 966 645 589 401 651 476 866 426 960 574 766 437 795 457 737 434 757 454 781 435 807 460 721 434 742 456 646 304 659 340
