

655 287 755 323 473 288 546 310 479 174 500 208 1060 287 1177 320 543 181 563 228 755 275 834 325 1198 260 1279 436 1160 76 1214 139 796 151 819 169 691 216 709 231 107 188 130 229
653 288 750 323 472 288 542 309 479 174 500 207 1060 287 1175 320 543 181 563 228 753 274 833 325 1198 261 1279 436 796 151 819 169 1160 76 1214 139 107 188 130 229 691 216 709 231
653 289 744 323 470 289 538 308 751 273 832 326 479 174 500 207 1198 261 1279 436 1060 286 1175 320 543 181 563 228 796 151 819 169 1161 76 1214 139 107 187 130 229 692 216 709 230
651 288 739 324 752 274 832 326 479 174 500 207 1199 260 1279 436 542 181 563 228 1060 286 1174 319 796 151 819 169 468 289 534 307 1161 76 1215 139 107 187 130 229 846 286 955 323 692 216 709 230
649 289 736 324 739 271 824 325 479 174 500 207 1199 260 1279 436 1058 285 1174 320 542 181 563 228 845 285 952 323 796 151 819 169 1161 76 1215 139 107 187 130 229 692 216 709 230
737 272 824 325 646 289 737 323 1199 260 1279 437 479 174 500 207 1057 285 1174 320 846 283 949 323 542 181 563 228 797 151 818 169 1161 76 1215 139 107 187 131 229 692 216 709 230
734 273 824 326 629 286 734 323 1199 259 1279 437 479 174 500 207 846 284 946 323 1056 285 1174 320 542 181 563 228 797 151 818 169 1161 76 1215 139 107 187 131 229 691 216 709 230
729 275 825 327 848 285 944 324 479 174 500 208 1199 259 1279 438 542 181 563 227 1038 287 1156 321 797 151 818 169 1161 76 1214 139 107 187 131 230 691 216 709 231
724 275 827 328 622 278 727 325 479 174 500 208 846 285 943 324 1038 288 1154 321 1199 259 1279 439 543 181 563 228 797 151 818 169 1161 76 1214 139 107 187 131 230 431 288 490 311 691 216 710 231
621 279 724 324 721 276 828 329 1037 288 1152 321 479 174 500 208 1199 259 1279 439 842 284 943 324 543 182 563 228 797 151 818 169 430 288 488 311 1161 76 1214 139 107 187 131 230
621 283 722 323 1035 288 1150 321 754 281 838 330 828 289 930 323 479 174 500 207 1199 259 1279 439 543 182 564 228 796 151 818 169 1161 76 1215 139 428 289 486 311 107 187 131 230
827 287 927 323 754 282 837 330 479 175 500 208 1034 288 1147 322 1199 260 1279 439 542 181 564 228 796 151 818 169 1161 76 1215 139 107 187 131 230
826 285 923 323 479 174 500 208 753 281 836 330 1021 288 1128 323 542 181 564 228 1199 260 1279 438 796 151 818 169 1161 76 1215 139 107 187 131 230
606 282 700 324 714 279 830 329 825 282 922 323 1018 287 1125 323 479 174 500 208 542 181 563 228 1199 260 1279 437 796 151 818 169 1161 76 1215 139 107 187 131 230
1016 286 1124 323 478 174 500 208 825 280 922 323 1199 260 1279 437 713 279 831 328 542 182 563 228 796 151 818 169 1161 76 1215 139 107 187 131 230
578 287 684 322 1014 285 1123 323 478 174 500 208 824 278 921 323 1199 261 1279 437 542 182 563 228 796 151 818 169 1161 76 1215 139 107 187 131 230
577 287 679 322 1013 285 1122 323 478 174 500 208 692 271 772 323 542 182 563 228 796 151 818 169 822 276 920 324 1200 262 1279 436 1161 76 1215 139 107 187 131 230 381 290 443 312 744 282 848 329
575 286 675 322 1012 284 1120 323 479 174 500 208 689 270 772 322 380 290 440 312 542 181 563 228 740 282 852 330 796 151 818 169 1201 263 1279 435 1161 76 1214 139 107 187 131 230
573 287 672 322 1010 282 1122 323 687 270 771 323 479 174 500 208 738 282 855 330 380 290 436 311 542 181 563 228 796 151 818 169 1202 263 1279 435 1161 76 1214 139 107 187 131 230
565 289 656 322 741 282 854 331 993 280 1102 324 479 174 500 208 684 273 770 323 542 182 563 228 796 151 818 169 376 289 434 311 1202 262 1279 436 1161 76 1214 139 107 187 131 230
562 289 654 323 749 282 849 331 995 280 1097 324 479 174 500 207 796 151 818 169 680 272 771 323 542 182 563 228 1201 261 1279 436 1161 76 1215 139 107 187 131 230 373 288 431 310
558 290 652 323 756 283 844 331 479 174 500 207 994 281 1095 323 805 262 899 321 796 151 818 169 676 271 772 324 542 182 563 227 1201 260 1279 436 1161 76 1215 139 107 187 131 230
554 290 653 323 758 283 843 331 479 174 500 207 992 281 1097 322 672 267 776 325 800 262 897 321 796 151 818 169 1201 261 1279 435 542 182 563 227 1161 76 1215 139 107 187 131 229
549 290 654 323 757 282 842 331 668 266 783 325 479 174 500 207 988 280 1099 322 796 151 818 169 542 182 562 227 1201 261 1279 434 1161 76 1215 139 107 187 131 229
547 289 654 322 664 265 790 325 754 281 843 330 479 174 500 207 985 278 1100 322 543 182 563 227 796 151 818 169 1200 261 1279 434 107 187 131 229 1161 76 1215 139
660 266 797 325 479 174 500 208 545 289 654 322 841 289 914 323 542 182 563 227 983 277 1099 322 1199 260 1279 434 796 151 819 169 1161 76 1215 139 107 187 131 229
660 273 836 328 543 292 619 320 841 290 911 323 479 174 500 208 542 182 563 227 1199 260 1279 435 796 151 818 169 1161 76 1215 139 107 187 131 230 334 289 387 309
838 290 908 323 542 292 615 320 479 174 500 208 650 267 800 325 331 289 386 309 1199 260 1279 435 542 182 563 227 796 151 818 169 1161 76 1215 139 107 187 131 230
836 290 906 323 542 292 609 320 961 277 1084 323 325 289 384 309 645 267 803 325 479 174 500 208 1199 260 1279 435 542 182 563 227 796 151 818 169 1161 76 1215 139 107 187 131 230
833 289 905 322 643 270 807 326 955 276 1090 324 540 291 605 320 319 289 383 309 479 174 500 207 1200 260 1279 435 542 183 563 227 1161 76 1215 139 796 151 818 169 107 187 131 230
641 270 813 326 832 288 903 322 479 174 500 207 543 292 603 320 317 288 379 309 542 183 563 227 796 151 818 169 1161 76 1215 139 1200 260 1279 435 107 187 131 230
831 288 902 322 479 174 500 207 309 289 369 309 542 183 563 227 796 151 819 169 1201 261 1279 435 1161 76 1215 139 537 292 584 316 107 187 131 229
304 290 365 309 830 288 901 321 479 174 500 208 542 183 562 227 627 268 774 324 796 151 819 169 1201 262 1279 434 1161 76 1215 139 537 292 579 316 107 187 131 229
627 269 768 325 297 290 362 310 479 174 500 208 542 183 562 228 832 288 898 322 756 279 829 328 1202 263 1279 434 796 151 819 169 1161 76 1215 139 113 187 138 226 537 292 574 315
627 270 766 326 292 290 359 309 479 174 500 208 821 290 894 322 542 183 562 228 935 281 1061 322 1202 263 1279 434 796 151 820 169 753 279 829 328 1161 76 1215 139 112 187 138 226
821 291 893 322 626 269 766 326 479 174 500 208 542 183 562 228 284 289 347 308 929 280 1065 323 1202 263 1279 434 796 151 820 169 1161 76 1215 139 113 187 138 226
822 292 890 321 620 265 744 328 281 289 343 307 479 174 500 208 542 183 562 228 765 281 823 330 917 285 1032 321 796 151 820 169 1202 264 1279 433 1161 76 1214 139 113 187 138 226
619 265 744 327 764 281 823 331 277 288 340 307 822 292 888 322 479 174 500 208 542 183 563 228 916 285 1031 321 796 151 820 169 1197 294 1277 452 1161 76 1214 139 113 187 139 226
764 282 823 331 617 266 743 327 823 292 886 322 272 288 337 307 479 174 500 208 542 183 563 228 914 284 1031 321 796 151 820 169 1197 295 1277 451 476 289 545 310 1161 76 1214 139 113 187 138 226
765 282 823 331 823 292 884 322 610 263 786 326 479 174 500 208 542 183 563 228 473 290 541 310 796 151 819 169 1198 295 1277 451 269 288 333 307 912 283 1029 321 1161 76 1214 139 113 187 138 226
765 282 824 331 824 293 882 322 612 264 787 327 479 174 500 208 542 183 562 228 796 151 819 169 1197 295 1277 451 261 289 318 308 900 284 1001 321 472 290 536 310 1161 76 1214 139 112 187 138 226
766 282 824 331 825 293 880 322 256 290 314 308 896 285 999 321 599 266 752 326 479 174 500 208 542 183 562 228 796 151 819 169 1197 295 1277 451 1161 76 1214 139 112 187 139 226
766 282 824 331 825 293 877 322 892 284 999 321 595 266 756 327 253 290 309 308 479 174 500 208 542 182 562 228 796 151 820 169 1197 294 1277 451 1161 76 1214 139 112 187 139 226
766 282 824 331 592 265 757 327 825 293 875 322 888 285 997 321 479 174 500 208 542 182 562 228 1197 294 1276 451 249 290 305 308 796 151 820 169 1161 76 1214 139 112 187 139 226
591 262 755 328 765 283 824 331 876 285 976 322 825 293 872 322 479 174 500 208 542 182 562 228 1197 293 1276 452 796 151 820 169 1161 76 1214 139 107 187 131 230
872 284 974 321 590 259 751 329 765 282 824 331 825 293 870 322 479 174 500 207 542 182 563 228 238 289 293 308 796 151 820 169 1197 293 1276 452 1161 76 1214 139 107 187 131 230
867 283 974 321 765 282 824 332 590 261 725 329 236 289 291 307 825 293 867 322 479 174 500 208 542 182 563 228 796 151 820 169 1197 293 1276 453 1161 76 1214 139 107 187 131 230
765 282 824 332 588 261 724 329 864 283 973 322 234 289 284 307 479 174 500 208 542 182 563 228 825 291 863 321 796 151 820 169 1197 293 1277 454 1161 76 1214 139 107 187 131 230 696 218 708 230
765 281 823 332 587 260 722 329 849 283 955 322 479 174 500 208 230 289 278 307 542 182 562 228 1197 293 1276 453 796 151 820 169 825 289 860 320 1161 76 1215 139 107 187 131 230
584 260 720 330 765 281 823 333 847 281 950 323 479 175 500 208 542 182 562 228 1197 292 1276 452 796 151 820 169 227 290 273 308 1161 76 1215 139 107 187 131 230
583 259 718 330 845 280 947 323 765 281 823 333 479 174 500 208 542 182 562 228 1197 293 1276 451 796 151 820 169 107 187 131 230 1161 76 1215 139
841 280 944 323 766 281 824 333 581 259 716 331 479 174 500 207 542 182 562 228 1197 293 1276 451 796 151 820 169 107 187 131 230 1161 76 1215 139
766 281 825 332 829 282 932 325 579 258 714 332 479 174 500 207 543 182 562 227 1197 293 1276 451 796 151 820 169 1161 76 1214 139 107 187 131 229
828 283 929 324 766 282 826 332 575 261 684 333 479 175 500 207 543 181 563 227 1197 293 1277 452 796 151 820 169 1161 76 1214 139 107 187 131 229
827 283 925 323 574 261 684 333 766 282 826 332 479 175 500 207 543 181 563 227 1197 292 1277 452 796 151 819 169 1161 76 1214 139 107 187 131 229 385 289 437 309
825 282 921 322 571 257 685 334 766 282 826 332 479 175 500 207 542 180 563 227 796 151 819 169 1197 292 1277 452 1161 76 1214 139 106 187 131 229 383 289 435 310
822 281 918 321 568 253 685 335 766 282 826 332 479 175 500 207 542 180 563 228 796 151 819 169 1197 291 1277 453 1161 76 1214 139 106 187 131 229 381 289 433 310
566 251 685 335 821 280 914 321 766 281 825 332 479 174 500 208 542 181 563 228 796 151 819 169 1197 290 1277 454 1161 76 1214 139 106 187 131 230
565 251 683 335 766 280 825 332 821 280 912 322 479 174 500 208 542 181 562 228 796 151 819 169 1161 76 1214 139 106 187 131 230
561 250 682 336 766 280 825 332 816 280 897 323 479 174 500 208 542 181 563 229 796 151 819 169 1161 76 1214 139 107 187 131 230
558 247 682 336 767 281 824 332 479 174 500 208 542 181 563 229 796 151 819 169 1199 258 1279 437 1161 76 1214 139 107 187 131 230
549 249 667 338 768 281 824 332 479 174 500 208 542 181 563 229 822 282 873 321 796 151 819 169 1200 258 1278 437 1161 76 1213 139 107 187 131 230
551 250 665 338 767 281 824 332 822 282 869 322 479 174 500 208 542 182 562 229 796 151 819 169 1200 256 1278 438 334 288 389 309 1161 76 1213 139 107 187 131 230
551 252 663 338 767 281 825 332 823 284 864 320 331 288 386 308 479 174 500 208 542 182 562 229 796 151 819 169 1200 255 1278 439 1161 76 1214 139 107 187 131 230 479 285 544 308
552 252 660 338 766 281 826 331 328 288 382 308 479 174 500 208 474 285 546 309 542 183 562 228 796 151 819 169 1200 255 1278 439 737 294 767 318 825 287 862 319 1161 76 1213 139 107 187 131 230
551 252 657 339 758 280 834 330 735 294 767 319 469 285 544 309 479 174 500 208 325 288 377 307 796 151 819 169 542 183 562 228 1161 76 1214 139 107 187 131 230
551 252 656 339 755 281 833 329 734 293 767 319 479 174 500 208 542 183 562 229 796 151 818 169 1117 283 1179 309 469 285 541 308 1161 76 1213 139 107 187 131 230 323 287 374 308
549 251 653 340 753 280 833 328 479 174 500 208 542 182 563 230 796 151 818 169 1111 283 1177 308 1161 76 1214 139 731 291 767 319 107 187 131 230
547 249 652 340 731 279 825 327 479 174 500 208 542 182 563 231 304 289 363 308 796 151 818 169 1161 76 1214 139 1106 284 1176 308 107 187 131 229 728 289 769 320
544 248 649 341 724 279 824 327 479 174 500 208 543 182 563 230 297 290 359 309 796 151 818 169 1161 76 1214 139 1090 284 1183 317 112 187 139 227
543 247 647 342 769 281 825 331 479 174 500 208 543 182 562 230 797 151 818 169 1077 285 1176 317 1199 258 1278 438 1161 76 1214 139 287 290 345 308 112 187 139 227
542 247 646 343 768 281 826 331 284 289 342 307 1074 286 1176 318 479 174 500 208 797 152 818 169 543 182 562 229 1161 76 1214 139 107 187 131 230
540 246 647 345 766 282 827 331 1072 286 1176 319 280 289 338 306 479 174 500 208 797 152 818 169 543 182 563 229 1161 76 1213 139 107 187 131 230
538 245 649 346 765 283 826 331 693 282 773 325 1067 285 1179 319 479 174 500 208 797 152 818 169 275 289 332 307 543 182 563 229 1161 76 1214 139 107 187 131 230
534 247 639 345 687 281 774 325 765 282 826 331 1064 285 1180 319 479 174 500 207 797 152 818 169 543 182 563 229 1198 259 1278 438 1161 76 1214 139 107 187 131 230 271 289 329 307
680 280 772 325 531 247 638 345 766 281 826 332 1060 286 1179 318 479 174 500 208 797 152 818 169 543 182 563 230 263 289 316 306 1198 257 1279 439 1161 76 1214 139 107 187 131 230
672 278 770 324 528 246 637 345 767 280 826 332 259 289 311 306 479 174 500 208 1057 287 1177 318 543 182 563 230 797 152 818 169 1199 256 1278 439 1161 76 1214 139 107 187 131 230
526 244 637 346 668 276 768 325 762 277 839 331 1045 286 1149 320 255 290 307 307 479 174 499 208 797 152 818 169 543 181 563 230 1161 76 1214 139 379 289 438 312 107 187 131 230
652 276 755 325 524 243 636 346 761 276 839 331 1044 286 1149 320 479 174 499 208 797 152 818 169 252 290 304 307 543 181 563 230 376 288 438 312 1161 76 1214 139 107 187 131 230
646 276 750 326 761 275 836 331 512 232 649 350 479 175 499 208 797 152 818 169 543 181 563 229 1041 286 1146 320 1161 76 1214 139 107 187 131 230 373 288 437 311
641 276 745 326 766 272 827 330 511 231 647 351 479 175 499 208 797 152 818 169 542 180 563 228 1161 76 1214 139 240 290 289 308 1029 284 1119 324 107 187 131 229
632 275 733 328 765 270 827 329 509 229 645 352 1026 284 1114 325 480 175 499 208 237 290 285 308 797 152 818 169 1160 76 1214 139 543 180 563 227 107 187 130 229
630 276 730 327 508 231 640 354 764 271 828 329 1021 283 1114 325 480 175 499 208 236 290 280 308 797 152 818 169 1160 76 1214 139 543 181 563 227 107 187 130 229
506 232 638 355 628 275 726 326 764 275 827 330 1016 282 1115 324 480 175 499 208 797 152 818 169 1160 76 1214 139 233 291 273 309 543 181 563 227 107 187 131 229
503 234 634 358 763 278 826 331 625 273 721 325 1013 282 1119 324 480 175 499 208 797 152 818 169 1160 76 1214 139 543 181 562 227 107 187 131 229
499 235 630 359 763 281 825 331 1002 281 1098 325 620 272 698 326 480 175 499 208 329 287 381 308 797 152 818 169 1160 76 1214 139 543 181 562 227 107 187 131 229
495 236 627 360 763 281 825 332 618 271 695 326 998 282 1099 323 479 176 499 208 324 287 380 308 797 152 818 169 1160 76 1214 139 543 180 563 228 113 187 139 226
490 237 624 361 764 280 826 332 615 270 690 327 992 281 1100 322 479 176 499 208 797 152 818 169 1160 76 1214 139 542 181 563 229 107 187 130 229 314 289 364 308
485 238 624 361 765 279 826 332 611 270 686 327 479 175 499 208 306 290 364 309 797 152 818 169 542 181 563 230 1160 76 1214 139 107 187 130 229
479 238 626 361 766 278 827 332 480 175 499 208 543 182 563 230 797 152 818 169 300 290 359 310 1160 76 1214 139 107 187 130 229
475 236 631 361 766 279 826 332 480 175 499 208 1073 286 1182 318 797 152 818 169 543 182 563 229 281 288 348 310 1161 76 1214 139 107 187 130 229
467 233 637 360 766 280 827 331 276 288 346 309 1070 286 1180 319 480 174 499 208 797 152 818 169 543 181 563 228 1161 76 1214 139 107 187 130 229
452 240 617 363 766 280 827 331 1066 285 1178 319 270 287 341 309 480 174 499 209 796 151 819 169 543 180 563 227 1161 76 1214 139 107 187 131 229
447 239 616 365 766 280 827 330 1064 284 1175 319 266 287 337 308 681 243 769 324 480 174 499 210 796 151 819 169 543 180 563 226 1161 76 1215 139 107 187 131 229
442 238 613 367 766 280 826 331 1062 284 1174 320 259 288 322 308 679 242 772 325 796 151 819 169 611 283 647 324 1161 76 1215 139 480 173 499 210 543 181 563 226 107 187 131 229
433 236 609 371 765 281 825 331 253 288 318 308 1057 283 1177 323 796 151 820 169 1161 76 1215 139 543 181 562 225 107 187 131 229 480 173 499 210
426 235 602 375 757 279 833 331 246 289 313 308 1052 283 1180 325 1197 259 1279 435 1161 76 1215 139 796 151 820 169 544 181 562 224 107 187 131 229 480 172 500 211
418 233 598 379 756 279 833 331 1040 283 1156 325 242 289 309 308 796 151 819 169 1161 76 1215 139 544 181 562 222 930 284 1063 321 107 187 131 229 480 172 500 211
