

504 422 573 488 366 448 391 487
506 428 571 492 362 448 388 489 364 432 387 473
506 429 571 493
348 448 376 495
344 447 373 498
503 435 571 501 340 446 368 500 343 471 372 509
503 438 571 505 333 435 369 511
503 440 571 508
503 442 572 509 319 467 352 518
504 441 572 508 312 434 353 512
503 439 572 507 307 432 350 512
504 435 572 503
504 432 572 500 287 434 328 513
506 432 571 498 266 434 306 516
505 430 573 496 256 454 301 534
509 431 577 495
509 431 577 495
188 442 238 544 205 477 253 560 206 432 252 521
508 432 578 497 183 439 232 546
509 431 578 498
77 462 167 593
510 430 577 496 66 461 157 603 39 419 124 579
510 428 577 495 20 456 119 613
511 428 577 494
511 428 577 493
511 427 577 493
511 427 577 493
511 427 578 494
511 428 579 496
513 428 580 499
513 430 581 500


512 432 583 502
513 432 583 502
514 432 584 501
514 431 585 501
515 429 586 500
516 427 586 499
517 426 587 498
518 427 589 497
518 426 590 496
519 427 591 497
519 428 593 498
520 429 594 499
520 431 595 500
520 432 594 500
519 433 594 501
519 434 594 502
520 435 595 503
521 435 595 504
523 435 595 504


525 434 596 503
526 433 597 501
528 432 597 499
528 431 597 499
528 432 598 499
529 432 598 500
530 433 598 502
530 434 598 504
529 435 599 505

535 438 604 507
536 438 606 507
537 438 608 507







548 439 624 505
549 439 625 505
550 438 625 504
552 438 625 504







573 433 649 506
575 434 649 506
576 433 650 506
580 434 655 507
581 434 657 507
583 434 659 507
585 434 662 506
588 434 666 505
590 434 668 503
593 433 670 503
595 433 672 503
598 433 674 503
600 433 674 502
