

402 459 802 708 1078 553 1166 634 421 437 473 517 503 199 568 234 1105 482 1145 610
402 459 801 707 1077 552 1165 634 421 437 473 517 503 199 568 234 1105 482 1145 610
402 459 801 707 1078 552 1166 634 421 437 473 518 503 199 568 234 1105 481 1145 611
402 459 800 708 1078 552 1165 634 421 437 473 518 503 199 568 234 1105 481 1145 611
402 459 800 708 1078 552 1165 634 503 199 568 234 421 437 473 518 1105 481 1145 611
401 459 800 709 1078 552 1165 634 503 199 568 234 420 436 474 518 1105 481 1145 611
401 459 801 709 1078 552 1165 634 503 199 568 234 421 436 474 518 1105 481 1145 611
401 459 801 709 1077 552 1165 634 503 199 568 234 421 436 474 518 1105 481 1145 611
401 459 801 709 1078 553 1165 634 503 199 568 234 421 436 474 517 1105 481 1146 611
400 459 802 709 1078 552 1165 634 503 199 568 234 421 436 473 517 1105 481 1146 611
400 459 802 709 1078 552 1166 634 503 199 568 234 421 436 474 517 1105 481 1145 611
400 459 802 709 1078 552 1166 634 503 199 568 234 421 436 473 517 1105 480 1145 611
400 459 802 709 1078 552 1165 634 503 199 568 234 421 436 473 517 1105 480 1145 611
400 459 802 709 1078 552 1165 634 421 437 473 517 503 199 568 234 1105 480 1145 611
400 459 802 710 1078 552 1165 634 421 437 473 517 503 199 568 234 1106 480 1145 611
399 459 802 710 1077 552 1165 634 421 438 473 517 503 199 568 234
399 459 802 710 1077 553 1165 634 421 438 473 517 503 199 567 235
400 459 802 710 1077 553 1165 634 421 438 473 517 503 199 567 234
400 459 802 710 1077 553 1165 634 420 438 473 518 503 199 567 234
401 459 801 710 1076 553 1165 634 420 438 473 518 503 199 567 234 1105 481 1145 611
401 459 801 710 1076 553 1165 634 420 438 473 518 503 199 567 234 1105 481 1145 611
400 459 801 710 1076 553 1165 634 420 438 473 518 503 199 567 234 1105 481 1145 611
400 459 801 709 1076 553 1165 634 420 438 473 518 504 199 567 234 1105 481 1145 611
400 460 801 709 1076 553 1165 634 420 438 473 518 503 199 567 234 1106 481 1145 612
400 459 800 709 1077 553 1165 634 420 438 473 518 503 199 567 234 1106 481 1145 612
401 460 800 709 1076 553 1165 634 419 439 473 518 503 199 568 234 1106 481 1145 612
401 460 800 709 1077 553 1165 633 419 439 473 518 503 199 568 234
401 460 801 709 1077 553 1165 633 419 439 473 518 503 199 568 234 1106 481 1145 611
401 460 801 709 1077 553 1165 633 419 438 473 519 503 199 568 234 1105 481 1145 611
402 460 800 708 1077 553 1165 634 419 438 473 519 503 199 568 235 1105 481 1145 611
402 460 800 708 1077 553 1165 634 419 438 473 519 503 199 568 234 1105 481 1145 611
402 460 800 708 1077 553 1165 634 418 438 473 520 503 199 568 234
402 460 800 708 1077 552 1165 634 503 199 568 234 418 438 474 520
402 460 800 708 1076 552 1165 634 503 199 567 234 418 437 474 521
402 460 800 708 1076 553 1165 634 504 200 567 234 1105 481 1145 611
402 460 801 708 1076 553 1165 634 504 200 567 234 1105 480 1146 612
402 460 801 708 1076 553 1165 635 504 200 567 234 1105 481 1146 611
401 460 801 707 1076 553 1165 635 504 199 567 234 1105 481 1146 611
401 460 800 707 1076 553 1164 635 504 199 567 234 417 438 474 520
401 460 800 707 1076 553 1164 635 503 199 568 235 418 438 474 520 1105 481 1146 611
402 461 800 707 1075 553 1164 635 503 199 568 235 418 439 473 519
402 461 799 707 1075 553 1164 635 503 199 568 235 418 439 473 519
403 461 798 707 1075 553 1164 635 503 199 568 235
403 461 798 707 1076 553 1165 635 503 199 568 235
403 461 798 707 1076 553 1165 635 503 199 568 235
404 461 799 706 1076 553 1166 635 503 199 568 235
404 461 799 706 1076 553 1166 635 503 199 568 235 413 442 467 540 1105 481 1146 611
405 461 799 706 1076 553 1166 635 503 199 568 235 413 443 467 538 1105 480 1146 612
405 461 798 707 1076 552 1165 635 503 199 568 235 1105 480 1146 612
407 461 797 707 1076 552 1165 635 503 199 568 234 1105 480 1146 612
408 461 797 706 1076 552 1165 635 503 199 568 234 413 446 464 536 1105 481 1146 612
408 461 797 704 1076 552 1165 635 503 199 568 234 412 446 464 540 1105 480 1146 612
408 461 796 703 1077 552 1165 635 409 446 465 544 503 199 568 234 1105 480 1146 612
408 462 796 702 1077 552 1165 635 406 447 466 544 503 199 568 234 1105 480 1146 612
408 461 794 702 1077 553 1165 635 404 447 466 543 503 199 568 234 1105 480 1146 612
408 461 794 702 1077 552 1165 635 406 448 466 542 503 200 567 234 1105 480 1146 612
409 460 794 702 1077 552 1165 635 503 200 567 234 407 449 467 541 1105 480 1146 612
410 459 794 701 1076 552 1165 635 503 200 567 234 410 449 467 540 1105 480 1146 612
410 459 795 698 1077 552 1165 635 503 200 567 234 1105 480 1146 612
411 458 797 697 1077 552 1165 634 503 200 568 234 1105 480 1146 613
411 459 798 697 1077 552 1165 634 503 200 568 234 1105 480 1146 613
413 459 798 696 1077 553 1165 634 503 199 568 234 1106 480 1146 613
415 459 797 695 1077 553 1165 634 503 199 568 234 1106 480 1146 613
417 458 794 692 1077 552 1165 635 503 199 568 234 1106 480 1146 613
418 458 792 688 1077 552 1165 635 503 199 568 234 1105 480 1146 613
419 458 791 686 1077 552 1166 635 503 199 568 234 1105 481 1146 613
420 459 790 686 1077 552 1166 635 503 199 568 234
420 460 789 686 1078 552 1167 634 503 198 568 234
421 461 790 685 1078 553 1167 634 503 198 568 234
422 462 791 684 1079 552 1167 634 503 198 568 234
423 462 791 683 1081 552 1167 634 503 198 568 234
424 462 791 683 1082 551 1167 634 503 198 568 234
425 462 790 682 1082 551 1168 634 503 198 568 234
426 462 790 681 1082 552 1169 633 503 198 568 234 1105 476 1147 612
427 461 788 684 1083 552 1169 633 503 198 568 234 1105 475 1148 612
426 461 789 685 1084 553 1171 634 503 197 568 234
425 462 789 684 1085 553 1172 635 503 197 568 234
425 462 789 682 1085 553 1172 635 503 197 568 234
425 463 788 680 1085 553 1172 635 503 197 568 234
425 462 787 682 1086 554 1172 636 503 197 568 234 1118 474 1155 613
425 461 787 687 1086 555 1172 637 504 197 568 234 1118 473 1156 613
425 459 786 692 1091 557 1177 640 504 197 568 234 1119 473 1158 613
426 457 785 696 1091 558 1177 640 504 196 568 234 1119 473 1159 613
428 456 783 696 1091 557 1178 640 504 196 568 234
430 457 783 695 1091 556 1178 640 504 196 568 234
432 458 782 694 1092 556 1178 640 504 196 568 234
432 457 780 694 1093 556 1179 640 504 196 568 234
432 457 778 693 1094 556 1180 641 504 196 567 233
433 458 777 693 1095 556 1182 640 504 196 567 233
432 458 776 693 1096 556 1185 639 504 195 567 233
431 459 775 694 1097 556 1185 639 504 195 568 233
431 461 774 695 1098 557 1186 639 504 195 568 233
431 463 773 695 1099 556 1188 640 504 194 568 233
432 463 772 695 1102 557 1191 639 1128 478 1173 611 504 194 568 233
431 463 772 694 1104 556 1194 640 1128 475 1173 613 504 194 568 233
432 462 771 691 1107 555 1196 642 504 194 568 233
432 463 771 688 1108 556 1197 643 405 462 447 534 1252 528 1279 655
433 463 771 685 1112 554 1205 647 402 463 445 534 1253 528 1279 656
