

559 314 862 520 1001 354 1136 409 395 321 506 373 18 338 119 398 1168 369 1223 420
557 315 862 520 1001 354 1137 409 379 323 494 375 19 337 119 398 1168 369 1223 420
556 314 864 520 1001 354 1138 409 377 323 492 376 18 337 119 398 1168 369 1223 420
555 314 864 520 1001 354 1139 409 371 321 489 377 18 337 119 398 1168 369 1223 420
554 314 864 520 1001 354 1139 408 368 320 486 378 26 336 128 397 1168 369 1223 420
554 314 864 520 1001 354 1139 408 364 319 486 379 26 336 127 396 1167 369 1223 421
550 304 863 492 1001 354 1138 409 350 323 473 379 1167 369 1224 422 26 336 128 396
550 304 863 492 1001 354 1137 409 339 322 475 382 1166 369 1223 422 26 336 128 396
554 313 863 522 1001 354 1137 409 334 321 470 385 26 336 127 396 1165 369 1221 423
554 313 863 522 1001 354 1137 409 324 324 455 386 27 336 126 396 1164 368 1219 424
318 323 455 388 554 313 863 523 1001 354 1138 409 27 336 126 396 1195 357 1252 449
553 313 864 522 1001 354 1141 408 312 324 451 388 28 336 126 396
554 314 865 522 1001 354 1142 408 27 336 126 396 289 324 426 390 1164 359 1216 440
270 328 434 394 553 314 865 522 1001 354 1142 408 15 336 121 398 1150 357 1201 442
554 315 866 522 255 327 425 396 1000 354 1141 408 1144 355 1197 443 16 337 120 398
251 327 417 397 553 315 867 522 1000 355 1137 408 16 338 120 398
552 315 868 523 224 322 411 406 1000 354 1133 408 1112 356 1171 436
222 326 397 400 552 315 868 523 1001 354 1127 407 1105 355 1167 435 396 314 509 368
552 315 868 523 215 325 393 400 1001 354 1126 408 1098 355 1155 432 1168 375 1222 415
552 315 868 522 1005 356 1096 406 188 320 372 413 1092 357 1149 430
552 316 868 521 171 320 363 412 1005 356 1091 405
552 316 868 520 153 321 357 412 1005 357 1086 404 1167 369 1224 420
552 317 869 520 1005 357 1085 404 138 321 338 413 1071 360 1171 418 1167 369 1224 420
553 317 870 520 1005 357 1086 403 128 321 333 411 1167 369 1224 421 1072 360 1170 416
552 317 871 521 118 320 329 409 1005 357 1086 403 1033 349 1157 414 1166 369 1224 421
552 317 872 521 1030 349 1159 415 114 320 326 410 1004 357 1086 403 1166 370 1224 422
551 317 873 521 1029 348 1160 415 1166 371 1225 421 109 320 324 411 1004 355 1089 404 1006 363 1049 397
554 317 872 520 1024 348 1162 416 43 321 288 416
555 316 872 520 1020 347 1163 415 12 321 243 425 1115 355 1272 505
557 315 871 521 1103 342 1272 501 9 321 231 427 1018 348 1163 414
557 315 869 520 1081 342 1269 498 6 322 222 426 1004 348 1137 413
1065 341 1269 501 558 316 867 519 7 321 214 426 1008 350 1126 409
1045 340 1269 500 559 317 864 517 2 319 172 433 1002 355 1093 404
1031 339 1268 499 560 317 862 516 3 317 163 437 992 350 1015 397 1015 361 1073 392
1018 339 1272 493 560 317 863 516 2 316 153 444 989 350 1014 396 1013 360 1072 390
557 316 865 517 991 343 1251 485 985 349 1010 395
554 316 867 517 986 339 1230 466 982 349 1007 390
979 339 1214 463 553 316 868 517 458 325 545 371
965 338 1188 463 554 316 866 517 457 325 545 372
959 336 1171 459 554 316 865 518
554 315 864 517 950 335 1154 450 16 338 119 399 434 324 531 371
554 315 864 518 920 332 1124 445 14 337 121 398 434 325 530 371 1170 374 1222 416
919 330 1121 440 553 306 869 492 1101 360 1175 415 434 326 530 371 14 337 122 398 1170 374 1222 415
912 328 1107 437 553 305 869 493 1082 358 1168 415 430 326 527 372 15 337 121 398
554 303 868 495 905 327 1093 432 1069 348 1168 414 425 325 525 374 16 338 120 398
555 302 867 497 881 328 1065 428 403 322 509 375 1049 348 1147 409 17 338 119 398
556 301 867 497 905 337 1048 418 401 318 507 376 1042 348 1150 407 17 339 119 398 1057 350 1266 537
555 302 868 497 904 336 1039 417 398 315 503 377 16 339 120 398 1035 348 1152 403 982 329 1264 539
557 302 865 497 376 313 496 379 901 338 1035 414 970 335 1268 542 16 338 120 399
558 303 862 497 370 313 493 381 885 337 1016 413 956 336 1268 542 14 337 120 399
560 303 858 497 951 331 1265 542 367 313 489 381 884 338 1011 411 13 337 120 399
559 303 858 497 940 327 1258 536 363 314 488 383 861 339 992 411 13 337 121 398
558 302 857 498 342 316 479 387 862 338 984 410 904 334 1234 525 14 337 121 398
895 336 1214 518 557 303 856 497 335 316 475 390 863 338 975 408 13 337 122 398
558 303 855 497 906 335 1189 495 332 316 469 391 864 339 970 406 13 336 123 398 1174 377 1222 415
558 302 855 497 882 339 1146 487 310 318 460 392 848 341 950 404 12 336 124 399 1169 377 1222 415
556 302 857 497 879 332 1127 472 849 339 940 400 306 318 452 392 12 336 124 399 1169 376 1222 416
555 302 858 497 865 328 1088 464 283 317 435 396 12 337 124 399 1078 348 1167 414 849 338 932 396
867 326 1078 462 552 313 865 521 278 316 430 397 1071 348 1167 413 12 337 124 400
866 324 1059 456 551 313 865 520 241 318 430 408 1063 348 1168 413 13 336 123 399
862 325 1042 450 551 314 865 520 233 316 425 410 1062 348 1169 413 12 336 123 399 1026 352 1124 407
549 315 867 518 220 313 418 413 859 330 1024 441 1015 354 1130 408 1062 348 1170 413 13 336 122 399 400 315 508 370
847 333 1010 438 549 316 868 517 209 313 414 413 1006 354 1134 409 1066 349 1169 412 398 315 509 371 13 337 122 399
842 332 998 435 547 317 869 516 1002 354 1137 409 212 305 403 403 1067 349 1168 412 397 315 510 370
548 316 869 516 1001 354 1137 409 836 330 987 434 185 315 374 412 1068 349 1168 411 16 338 121 398
549 317 868 517 831 335 972 426 1000 354 1138 408 178 307 366 402 17 338 118 398 1068 349 1168 411
831 335 966 425 550 317 868 517 1000 354 1137 409 175 306 361 401 18 338 117 397 1069 349 1168 412
832 335 956 424 551 316 866 518 1000 354 1137 409 1069 349 1168 412
552 315 866 518 834 334 948 423 1000 354 1137 409 1068 349 1168 412
827 334 933 421 553 314 865 519 1000 354 1137 409 1067 349 1169 412
554 313 865 519 826 336 928 418 1000 355 1137 409 1067 349 1169 412
554 313 865 520 827 338 920 414 1000 355 1136 409
554 312 864 521 1000 355 1136 409 829 339 911 411 1167 368 1223 421
553 312 864 522 1000 355 1135 408 833 340 899 409 1167 368 1223 421
552 312 865 522 1000 355 1135 408 831 341 896 408
552 313 867 522 1000 355 1135 408 828 341 887 414
552 313 869 521 1000 355 1135 408 826 339 883 414
552 313 869 521 1000 355 1135 408
552 314 869 520 1000 355 1136 408
553 314 869 521 1000 355 1136 408
553 314 868 521 1000 355 1137 408
554 313 865 522 1000 354 1140 409
554 313 865 522 1000 355 1139 408 1075 365 1268 530
555 314 865 521 1067 363 1272 526 1000 356 1135 406
555 314 865 521 1049 360 1272 528 1000 357 1129 404
556 314 864 521 1031 358 1273 528 1004 359 1095 402
556 313 863 521 1012 356 1273 520 1003 360 1088 399 19 339 117 397
557 312 863 522 980 352 1258 506
974 348 1247 498 557 313 862 521
961 348 1239 487 557 313 862 520
558 314 861 519 938 347 1201 479
934 343 1179 465 559 313 859 519
559 302 859 496 927 344 1165 460 1170 375 1222 415
903 342 1131 458 559 302 859 496 1170 374 1222 416
895 341 1116 453 558 302 861 495 1073 350 1169 411 1169 375 1222 416
560 314 859 519 893 339 1100 449 1069 349 1169 413 1169 375 1222 416
870 337 1073 446 560 314 859 519 1067 349 1169 413 1169 375 1222 416
870 337 1057 440 557 301 863 496 1066 348 1169 413 1167 369 1223 420
