

482 333 717 431 901 352 1103 456 66 310 195 388 209 322 290 363 424 329 445 358
482 333 718 431 901 352 1103 456 72 311 198 388 204 322 280 366
482 333 718 431 900 352 1103 456 77 311 201 388 420 329 445 357 205 327 269 365
482 333 717 431 900 352 1102 456 84 311 201 387 420 330 445 357 204 328 265 365
482 333 717 431 900 352 1103 456 91 311 212 386 421 330 445 358 205 328 261 365 0 330 36 458
483 333 717 431 901 351 1103 457 94 312 215 386 421 330 445 359 207 328 258 364 3 315 57 443
483 333 718 431 901 351 1103 457 98 313 219 384 0 294 72 453 420 330 445 358 209 327 257 364
482 333 718 431 901 351 1103 457 102 314 222 384 0 288 83 451 419 330 445 358 210 326 257 364
482 333 718 431 901 351 1104 457 104 315 222 383 0 283 93 453 419 330 445 357 212 324 255 364
483 333 718 431 901 351 1104 457 0 281 112 454 107 316 222 383 419 330 445 358
483 333 718 431 901 351 1105 457 0 277 123 457 124 315 233 380 419 330 446 358 438 333 456 362
483 333 718 431 902 351 1105 457 129 315 237 380 0 283 147 451 438 332 457 361
483 333 718 431 902 351 1105 457 0 286 158 449 135 314 240 381 438 332 456 361
483 333 718 431 902 351 1105 457 0 286 172 449 140 314 241 381 417 329 445 355 439 332 457 360 264 327 303 351
482 333 718 431 0 287 182 446 902 351 1105 457 150 315 254 379 439 332 457 360 263 326 303 351
482 333 718 431 902 351 1105 457 0 285 192 444 157 316 255 379 439 331 457 361 263 326 302 352
482 333 718 431 902 351 1105 457 0 284 193 427 164 315 257 379 439 331 457 362 263 325 301 352
482 333 718 431 902 351 1106 457 0 288 219 423 172 315 258 379 440 330 457 362 264 325 301 352
482 333 718 431 1 289 223 423 902 351 1106 457 440 331 457 362 174 314 259 380 265 325 300 353
483 333 718 431 14 291 231 421 902 350 1106 457 440 331 458 362 191 317 267 377 267 326 300 352
483 333 718 431 902 350 1106 458 27 293 240 419 441 331 458 361 208 319 266 377
483 333 718 431 902 350 1106 458 35 294 247 416 442 331 458 361
483 333 718 431 902 350 1106 458 55 295 256 414 442 331 458 362
66 294 263 414 483 333 718 431 902 349 1106 458 441 331 458 362
76 295 272 413 483 333 718 431 903 349 1105 458 441 331 458 363
483 333 717 431 85 297 281 410 903 349 1105 458 441 331 458 362
483 333 717 431 86 298 285 407 903 349 1105 458 441 331 458 361
483 333 717 431 115 300 293 407 903 349 1104 458 441 331 459 361 60 310 144 372
483 333 717 431 125 301 294 406 902 350 1103 458 52 311 150 374 442 331 459 361
483 333 717 431 136 303 299 405 902 350 1103 458 40 312 144 374 442 331 460 361
483 333 718 430 143 304 304 404 902 350 1102 458 32 313 142 373 442 330 460 361
484 333 717 430 150 306 309 403 902 350 1102 458 26 312 136 373 442 330 461 360
484 333 717 430 902 350 1103 458 164 308 310 400 15 314 121 374 443 330 462 359
484 333 717 431 902 350 1103 458 10 313 118 374 173 309 310 398 445 330 462 358 140 327 184 362
484 333 717 431 182 312 325 399 903 350 1104 458 7 313 114 374 446 330 462 356 139 329 184 362
484 333 717 431 190 313 329 398 903 350 1104 458 5 310 109 375 447 330 462 355 139 329 183 361
483 333 718 431 902 350 1103 458 198 312 329 397 4 308 105 375 448 330 462 355 91 325 134 361
483 333 718 431 902 350 1103 457 209 312 339 397 0 308 83 377 87 326 133 360 448 331 463 356
484 333 718 431 213 312 340 396 902 350 1103 457 0 307 78 378 86 327 135 361 448 331 464 356
223 313 342 395 484 333 718 431 902 350 1103 457 84 328 136 361 2 304 64 379 449 331 465 357
231 312 344 395 484 333 718 431 902 350 1102 457 1 303 57 379 82 329 138 362 449 331 465 356
484 333 718 431 237 311 345 394 902 350 1102 458 81 329 138 363 0 303 47 379 450 331 465 355
484 333 719 431 242 312 352 393 903 350 1103 458 81 329 138 363
247 314 355 391 483 333 719 431 903 350 1105 458 81 329 140 363 450 331 465 355
252 316 358 390 483 333 720 431 903 350 1106 457 80 329 140 363 450 331 465 355
256 317 363 389 483 333 720 431 903 350 1106 457 81 330 141 363 450 331 465 356
260 316 365 388 483 333 720 430 903 350 1106 457 81 329 140 363 450 331 465 356
483 333 720 430 264 316 365 386 903 350 1106 457 83 329 140 362 450 331 465 355
483 333 720 430 272 316 374 386 903 350 1106 457 84 330 139 362 450 331 466 354
273 317 375 386 483 333 720 431 902 350 1106 458 84 330 139 362 451 331 466 354 414 330 439 349
483 333 720 431 275 317 377 385 902 350 1106 458 85 330 139 362 451 331 467 354 413 330 438 348
278 317 381 384 483 333 720 431 902 350 1106 458 85 330 138 362 451 332 467 354 414 331 438 348
280 318 385 382 483 332 720 431 902 350 1106 458 84 330 138 362 451 332 467 355 267 329 301 358
281 317 387 381 483 332 720 431 902 350 1107 458 84 330 138 362 452 332 468 355 267 328 304 358
282 317 388 379 483 332 720 431 902 350 1107 458 84 331 138 361 452 332 468 354 268 329 306 359 416 331 437 347
483 332 720 431 283 318 388 378 902 350 1107 458 85 331 138 361 417 331 437 347 268 329 307 358
483 332 719 431 902 350 1107 458 285 318 388 378 86 331 137 361 419 332 438 347
483 332 719 431 902 350 1107 458 304 323 392 380 86 330 137 360 419 332 438 347 396 332 415 346 275 326 324 361
483 332 719 431 306 324 394 380 902 350 1107 458 86 330 138 360 419 332 438 348 278 327 325 361
483 332 718 430 310 326 396 379 903 350 1107 458 282 328 328 361 85 330 138 360 420 332 439 348
483 333 718 430 903 350 1107 458 314 326 398 379 286 328 331 361 84 329 138 361 420 332 440 348 240 327 270 353
483 333 718 430 903 350 1107 458 316 326 400 378 290 329 334 361 82 329 138 361 420 332 440 348 239 327 271 352 265 329 296 352
483 333 718 430 903 349 1107 458 315 325 401 377 291 329 336 361 81 329 138 361 419 332 441 348 238 327 272 352 266 329 296 352
483 333 718 431 903 349 1107 458 315 324 403 376 80 329 137 360 292 329 336 360 267 329 297 352 419 332 441 348 237 327 271 351
483 333 718 431 903 349 1107 458 313 323 405 375 80 329 137 360 267 329 298 352 298 325 348 362 420 332 442 348 236 327 271 351
483 333 718 431 903 349 1107 458 313 321 406 374 298 324 348 362 268 329 299 352 80 329 137 361 421 332 442 348 236 327 272 351
482 333 718 431 903 349 1107 458 332 327 412 375 299 324 349 362 267 329 299 352 79 330 137 361 236 327 271 351
482 333 719 431 903 350 1108 458 335 328 412 375 302 325 350 362 267 329 301 352 81 329 137 361 236 327 271 351
482 333 718 431 903 350 1108 458 336 330 413 375 304 325 351 362 267 328 302 352 83 328 137 362 235 327 270 351
482 333 718 431 903 350 1108 458 307 326 352 362 338 332 415 375 267 328 303 352 85 329 135 362 235 328 269 350
483 333 718 431 903 350 1108 458 308 326 353 361 338 332 418 375 266 328 304 352 85 331 133 362
483 333 717 431 903 350 1108 458 310 327 355 362 341 331 421 374 266 328 303 352
483 333 718 431 903 350 1109 458 313 328 358 363 356 333 411 373 267 328 304 352
482 333 718 431 903 350 1109 458 315 328 360 364 358 333 414 374 267 329 304 353
482 333 718 431 903 350 1109 458 316 328 361 363 359 332 416 375 268 329 304 352
483 333 718 431 903 350 1109 458 317 328 362 363 362 332 415 374 267 329 304 352 138 330 181 359 236 329 270 350
483 333 718 431 903 350 1109 458 317 328 363 362 363 332 415 373 267 329 304 352 136 330 182 359 235 329 271 350
483 333 718 431 903 350 1108 458 317 329 362 361 267 329 303 352 137 331 181 360 369 333 429 369 235 329 271 350
483 333 717 431 903 350 1108 458 325 330 371 365 369 333 429 370 267 329 302 352 139 331 179 360 235 329 271 350
483 333 717 432 903 350 1107 458 371 332 429 370 326 330 371 364 267 329 302 351 140 331 179 360
483 334 718 431 903 350 1107 458 328 330 373 364 372 332 429 371 267 329 301 351 77 332 98 365
483 334 718 431 903 350 1107 458 330 330 374 364 374 332 429 371 267 329 300 351 73 331 95 365 139 332 180 360
482 333 718 431 903 350 1107 458 331 330 375 364 375 333 429 371 267 329 300 351 72 330 94 364
482 333 718 431 903 350 1108 458 332 330 376 363 377 334 430 371 266 329 300 352
482 333 718 431 903 350 1108 458 335 330 378 363 379 335 432 371 57 327 76 364 266 329 299 352
482 333 718 431 903 350 1108 458 336 330 380 362 382 336 435 371 53 328 74 364 267 330 299 353 98 327 120 360 236 328 276 351
482 333 718 431 903 350 1109 458 337 330 381 362 383 336 437 371 51 326 72 365 97 326 122 359 236 327 276 351
482 333 718 431 903 350 1109 458 338 331 381 362 384 336 437 370
482 333 718 431 903 350 1108 458 340 332 382 362 386 335 437 370 31 328 48 363
482 334 718 431 903 350 1108 458 387 336 438 369 341 332 383 362 29 329 47 366
482 334 719 431 904 350 1107 458 388 337 438 368 342 332 384 362 27 330 45 367
482 334 719 431 904 350 1107 458 389 337 439 367 343 333 383 360 25 331 44 367 87 333 130 361
481 334 719 431 904 351 1107 458 390 337 439 366 345 334 383 359 24 331 43 366 85 332 131 361
481 334 719 431 904 350 1107 458 390 337 438 365 355 334 392 362 87 332 130 361
481 334 719 431 904 350 1107 458 399 338 445 365 356 333 394 361 3 329 20 365 87 331 130 361
481 334 719 431 904 350 1107 458 400 338 446 365 356 332 396 361 86 331 131 361
481 334 720 431 904 350 1107 458 401 336 447 364 356 332 397 361 85 331 132 362
481 334 720 431 904 350 1107 458 401 336 448 364 356 331 397 361 85 331 133 362 244 327 263 358
