

698 68 944 331 511 82 536 121 413 70 430 95
697 64 935 327 512 81 538 118 414 70 432 94
696 63 928 324 512 82 537 118 415 70 434 94
695 62 924 320 511 81 538 119 416 69 435 95
695 58 923 316 512 81 539 119 417 68 438 94
695 54 924 312 513 79 541 118 420 68 440 93
695 51 926 310 515 80 542 117 424 69 443 93
695 50 926 308 515 82 542 118 427 70 446 94
694 38 921 323 516 84 542 118
693 36 920 320 516 83 542 117
693 33 920 318 518 81 542 114
695 31 919 313 441 65 458 88 520 81 543 110
695 30 917 309 446 62 462 85 909 148 998 238 524 81 545 107
695 20 917 289 911 142 1017 241
912 142 1026 241 534 61 558 95
917 150 1031 241
927 165 1076 281
706 47 923 319 935 176 1081 291 549 108 568 132
711 59 925 328 942 187 1090 304 550 109 571 140
712 63 928 332 960 203 1089 300
978 206 1123 329 560 109 584 142
563 108 587 138 988 207 1127 329 949 213 997 247
568 106 590 136 998 220 1099 314 373 77 394 91
721 62 935 330 571 109 593 137 1005 227 1097 313 376 77 396 92
575 109 596 138 395 77 416 93 442 69 464 90 421 74 440 90
520 90 538 116 396 75 418 92 444 70 465 89 420 74 440 89
722 53 937 321 524 85 542 110 398 71 419 87 584 90 608 119 419 70 439 85 445 68 464 84
722 45 935 316 585 86 609 118 418 65 440 81 401 65 419 80 446 66 464 79
719 45 930 318 583 85 608 118 419 64 440 81 446 66 464 79
712 49 924 322 418 66 440 83 527 85 543 108 581 85 607 118 445 68 465 81 468 67 487 83
703 54 920 324 419 69 441 86 524 88 542 111 444 70 465 84 467 67 488 84
696 54 919 322 420 67 442 83 573 84 598 119 443 68 466 83 466 66 489 84
693 50 919 319 572 83 597 116 422 63 445 79 442 64 466 80 467 64 489 81
688 45 918 316 571 82 594 112 424 59 447 75 420 48 447 69 486 39 516 65 467 43 495 68
684 46 915 316 568 81 590 113 423 58 448 75 419 47 449 71 487 38 516 65 467 42 495 69
679 52 911 322 421 62 448 80 564 84 586 117 418 43 450 65 489 43 515 66
666 63 897 332 419 66 448 87 563 89 584 116
661 81 898 361 423 85 446 101 439 85 470 104
661 85 901 370 437 89 469 110 424 90 448 107
661 92 903 373 439 93 470 115
673 93 911 376 566 130 586 164 442 96 470 118
675 108 912 375 566 131 587 165
658 99 903 380 563 132 585 166 522 115 544 140 450 109 471 125
653 105 896 382 447 114 471 132 520 116 542 140
647 110 890 388 444 118 471 139 518 134 542 160 552 156 575 183
643 116 886 393 515 138 541 165 551 154 575 189 443 121 470 144 447 131 472 150
639 113 884 391 550 153 575 189 515 139 541 165 447 131 472 150 444 121 470 144 495 117 514 139
633 103 883 383 444 117 470 141 514 135 539 161 549 154 570 181
626 94 879 374 443 114 470 136 545 132 567 168 514 114 538 143
617 91 874 368 442 112 468 134 541 130 564 165 512 113 535 142
609 92 870 372 441 114 468 137 540 131 562 167 514 113 537 139 497 113 515 132
607 95 867 373 442 117 471 140 541 132 564 169 496 115 515 133 465 116 489 136
607 95 868 373 445 118 473 141 544 131 567 169 515 131 538 159 466 116 490 137 494 117 513 134 518 113 538 136
611 93 874 369 544 128 571 168 464 114 490 135 451 117 475 136 492 115 512 132
609 90 880 365 466 110 490 130 544 126 572 164 491 111 512 128
606 85 882 363 466 107 491 126 566 90 586 110 491 108 514 125
599 84 883 362 468 107 492 126 538 112 562 140 568 90 588 111 492 107 516 126
593 83 879 366 468 109 492 130 538 115 561 138 494 110 517 129 568 94 588 113 563 114 585 136
584 87 873 376 467 116 492 135 541 132 570 163 494 115 517 134 539 116 562 138 564 115 586 136 517 118 540 134
575 91 859 391 541 136 568 165 464 133 487 153 470 119 491 137
565 98 848 405 460 138 488 160 540 155 569 190 539 138 567 165 494 139 519 160
559 105 841 410 538 160 568 195 461 145 489 167 493 144 518 166
554 108 842 411 537 161 567 196 461 148 491 170
548 101 843 401 535 157 565 193 461 143 493 165 491 142 517 163
518 92 832 393 462 136 495 160 447 137 476 160 490 137 516 157
513 85 825 379 440 130 472 153 516 136 544 165
506 79 815 374 514 133 543 165 467 120 495 141
494 70 796 374 466 117 493 136 421 118 449 138 439 117 467 138
477 42 788 368 413 112 445 136 466 115 490 131
464 38 775 372 410 111 441 134 446 114 472 132
463 49 759 386 443 116 469 134 396 114 427 136
449 38 760 370 389 112 424 137 440 115 466 134
423 57 728 380 384 109 421 133 83 0 1162 719
422 32 717 362 0 0 1122 719 383 104 417 127
411 34 707 358 0 0 1112 719 368 104 404 128
395 39 698 359 360 108 399 134 5 0 1084 719
382 64 679 376 346 116 379 139
372 72 665 378 338 129 375 155
367 77 654 381 330 129 373 160
363 81 644 385 327 133 369 165
319 134 362 164
357 82 635 381 317 132 362 165
350 77 622 379 315 128 359 160
344 73 617 375 311 124 354 156 364 128 398 157
336 73 608 373 307 121 348 150 365 120 399 147
326 77 603 376 297 132 335 160
320 82 600 381 289 136 337 170
318 86 599 380 286 137 337 173
319 83 596 375 285 133 340 170
326 53 591 351 290 129 339 160
329 48 591 341 288 110 344 148
323 44 586 338 285 109 340 147
317 47 582 342 282 115 333 146
312 54 577 348 272 125 328 164
310 59 576 349 265 125 329 171
262 121 324 172
317 45 577 330 264 102 338 153
263 94 337 146
