

223 569 480 706 771 538 887 710 905 528 949 605 753 527 793 566 627 570 683 667 909 568 948 614 705 571 740 612 704 533 750 605 860 505 894 531
225 567 478 704 771 536 884 708 754 525 796 565 629 573 685 665 907 527 951 605 704 535 753 602 708 569 743 609
227 563 480 702 772 534 882 707 632 574 687 663 757 523 798 563 624 522 708 651
230 561 481 701 633 572 687 662 773 533 880 708 915 527 962 605 760 521 800 562 600 531 707 603 718 522 764 600
230 558 483 701 774 530 882 708 636 565 696 665 599 531 709 601 718 523 767 600 768 512 820 569 871 566 918 671
231 554 484 698 775 528 882 707 638 568 696 661 922 510 967 589 601 528 708 601 862 503 938 652 723 513 770 588 873 569 922 668
232 549 489 694 788 521 900 711 643 540 704 651 929 508 971 589 866 500 941 653 727 512 775 586 774 500 828 554
234 545 495 689 787 520 900 710 649 541 708 647 871 497 946 651 731 510 781 583 933 504 975 588 779 497 832 551 798 660 893 719
233 541 501 685 787 517 902 710 655 543 712 643 877 497 954 649 940 500 988 588 802 659 895 719
235 539 504 683 787 514 907 710 946 500 992 584 662 511 726 627 805 658 899 719 898 575 949 659 952 542 989 591
235 531 505 665 788 491 910 701 664 510 726 625 951 502 998 581 803 622 902 719 892 495 953 594 903 573 954 656
231 530 509 665 788 487 913 704 668 509 729 623 804 620 903 719 956 481 1001 565 915 573 970 654
224 530 514 667 788 489 912 704 673 510 731 623 804 619 903 719 920 576 976 658
232 537 510 685 786 492 910 702 676 510 734 625 965 484 1012 562 802 621 902 719 924 575 981 662
229 536 511 686 783 492 908 702 677 509 735 627 917 503 1003 647 822 479 867 509 808 664 895 719 932 576 995 661 967 484 1013 561
219 538 509 692 779 514 907 712 676 510 734 629 918 502 1005 648 645 504 753 579 934 575 996 662
210 542 509 698 777 516 906 714 919 505 1005 650 673 544 729 640 641 506 755 581
197 546 510 704 765 522 893 712 921 507 1007 649 668 537 728 644 639 510 756 582 880 486 924 563
183 533 490 711 761 522 890 713 922 509 1007 649 664 534 726 645 622 519 734 606 879 485 923 563
174 554 492 707 745 543 892 708 922 510 1010 651 620 522 734 609 662 535 726 649
161 570 493 708 745 557 890 710 922 514 1013 656
746 568 889 713 150 588 495 706 921 538 1020 711 654 552 746 685 785 529 870 610
744 567 887 712 128 602 504 718 922 539 1024 711 652 553 745 685 901 524 950 610 838 520 869 566 784 532 870 610
739 568 883 712 135 587 496 703 923 518 1022 656 900 503 953 591
735 565 879 711 132 581 495 703 901 495 956 594 924 512 1025 652 613 529 735 610 654 572 713 667 834 496 863 544
734 561 880 711 134 580 496 701 939 501 1047 655 901 491 953 593 778 506 867 591 615 527 733 609 658 537 710 650 833 492 864 541
736 554 884 713 943 497 1055 653 136 578 498 703 611 524 736 610 663 533 728 654 915 494 973 592 782 505 872 589
738 547 889 713 137 560 476 719 956 490 1064 654 666 530 730 652 614 519 738 611 877 481 918 561
758 534 884 718 127 563 485 719 615 514 740 612 920 468 971 575 1000 489 1092 660 880 477 920 560
761 534 887 715 125 567 487 719 1001 489 1101 661 669 511 752 649 920 466 968 577
763 540 887 715 130 571 485 719 1008 493 1107 662 598 518 755 617 919 467 966 576
763 545 883 716 124 601 507 719 596 523 755 623 1010 492 1111 664 947 485 1006 595 1005 473 1050 562
121 606 502 719 747 557 896 715 591 533 753 634 1013 493 1114 666 1005 474 1053 564 916 485 968 597 948 489 1007 596
746 562 894 718 120 615 496 719 669 550 750 696 915 491 964 598 1037 494 1143 674 875 500 918 587 584 541 754 645 1003 477 1051 566
745 564 893 719 102 622 458 714 667 552 745 702 1039 497 1150 677 1011 493 1066 584 930 501 1013 647 875 507 918 589 916 498 963 598
1048 503 1160 675 743 599 889 719 664 566 743 707 121 638 438 715 927 514 1014 650 1014 502 1067 586
746 600 889 719 1058 520 1176 719 1014 519 1070 621 584 583 749 691
1016 523 1072 617 749 599 891 719 905 536 953 644 1065 516 1183 719 872 551 913 639 583 595 747 704 827 569 879 666 167 680 406 719
749 596 892 719 1019 520 1077 617 1089 515 1203 719 915 535 968 644 581 602 684 696 871 551 912 636 160 677 408 719 953 528 1039 661
578 595 682 695 1096 497 1211 687 745 593 893 719 955 525 1041 660 1023 515 1080 616 916 528 968 619 664 574 744 719 826 553 875 642
746 566 897 719 662 564 743 719 1104 483 1224 696 917 519 971 620 957 519 1045 661 577 593 678 687 1034 500 1093 593 109 654 441 718
746 556 899 717 662 554 744 716 961 512 1050 659 88 644 460 718 1037 493 1098 590 919 511 975 620 576 574 680 670 1132 473 1251 705
747 548 901 714 661 547 744 713 1120 459 1268 719 574 567 682 671 87 636 463 719 962 504 1057 656 1039 479 1102 573 921 499 975 597
747 544 902 713 660 549 745 708 573 565 682 669 85 636 462 719 965 499 1064 652 922 493 975 598 1146 462 1267 706 1045 475 1105 571
746 543 901 713 660 552 746 706 556 558 692 672 969 497 1070 650 77 639 465 719 1158 457 1273 708 924 492 976 599 1056 473 1118 575
744 544 901 713 551 562 692 675 660 556 747 707 972 501 1074 650 1169 453 1276 707 71 645 466 719 925 494 976 598 1057 472 1120 577 886 502 922 589
744 551 901 716 546 570 697 681 661 560 750 711 971 506 1077 652 1196 447 1276 707 73 653 460 719 885 506 922 590 925 500 978 596 841 536 891 642
741 555 899 717 544 573 697 684 660 560 749 713 71 658 462 719 1201 445 1277 706 924 508 979 619 881 509 919 590 968 509 1078 655 1066 485 1128 590 755 537 800 608 839 536 891 645
738 555 896 717 544 572 695 683 66 660 464 719 659 560 750 713 877 508 917 590 992 509 1096 662 1069 484 1132 590 923 507 979 618 750 535 797 609 1208 452 1277 703
733 551 895 715 544 567 689 681 53 660 476 718 994 503 1097 663 1070 466 1136 582 874 505 913 590 657 558 748 711 745 531 793 609 924 497 976 598 829 536 884 643
730 550 895 716 543 566 689 682 997 501 1099 665 1071 466 1149 607 50 657 399 716 656 558 747 709 742 530 792 609 872 502 913 592
730 552 896 717 538 564 687 681 1000 494 1107 666 1083 464 1150 575 49 656 399 716 657 556 743 706 735 529 782 607 859 500 900 587
533 559 684 677 729 550 896 715 1004 488 1114 667 40 651 407 715 656 548 741 700 854 491 899 592 1079 455 1158 602
728 548 896 713 527 554 680 671 32 643 416 714 1004 477 1121 668 732 509 780 587 655 543 739 694 847 482 898 597 829 502 904 651 1092 442 1159 554
723 544 896 711 525 540 685 661 28 637 417 713 1006 471 1126 670 728 505 777 585 652 542 740 689 827 497 904 648 1094 429 1182 558 897 473 940 565 853 475 897 568
523 539 683 661 722 545 895 714 25 636 415 714 1101 426 1184 558 897 471 942 566 1007 466 1131 671 826 496 905 647 724 504 773 583 651 524 743 665
720 546 895 714 521 539 686 661 24 636 409 714 1110 425 1190 561 898 470 944 569 826 496 905 653 1034 465 1157 673 719 504 771 583
721 546 894 714 522 539 685 662 21 637 407 713 1035 462 1161 676 899 471 945 571 828 496 906 655 1119 426 1198 564 717 507 769 584
721 542 894 714 522 540 686 662 1039 461 1166 680 19 637 410 713 900 471 945 572 1126 424 1205 566 829 499 908 663 716 508 769 585 931 466 1013 608
718 541 895 715 519 551 678 671 1049 464 1174 688 13 641 420 714 903 473 948 571 829 503 910 668 1130 424 1214 568 708 510 759 586
716 540 896 717 518 552 676 674 4 646 433 715 828 506 912 671 905 476 950 571 1042 450 1191 717 949 474 1034 620 1146 427 1232 563
712 542 896 718 518 551 674 675 0 646 448 715 827 510 913 669 1069 453 1227 715 907 476 952 571 1151 427 1237 564 946 475 1039 622 837 494 868 542
709 539 893 718 0 640 441 715 1070 450 1227 713 825 508 912 663 508 549 664 672 906 472 953 569 1158 424 1241 562 945 472 1044 626
705 536 890 717 1071 445 1230 711 0 630 444 715 516 535 676 659 823 505 912 659 949 463 1049 627 904 467 955 569 1168 421 1248 563
506 532 666 651 1073 440 1235 709 0 624 444 716 704 533 887 714 821 499 912 656 959 456 1052 627 902 462 957 568 1176 417 1255 562
505 525 666 643 1071 436 1243 710 0 621 463 717 684 524 869 717 964 451 1054 623 820 493 912 657 902 459 957 569 1181 412 1261 562
502 519 662 635 1073 433 1246 710 0 618 455 718 679 518 865 717 817 488 910 658 961 451 1053 618 1197 410 1257 536 899 460 956 568
487 511 649 628 1070 426 1245 711 1 613 437 719 668 495 857 699 1193 407 1252 530
16 609 413 719 1062 407 1236 685 466 507 649 627 629 478 798 713 765 462 859 604 908 422 998 575 871 428 957 566
1030 392 1208 678 0 602 375 719 427 484 599 599 869 412 960 562 615 473 794 714 725 445 825 602 764 559 851 695 1152 370 1236 510
1024 380 1202 671 588 462 758 717 721 435 824 611 397 474 568 590 0 561 364 719 876 396 972 561 570 448 652 603 812 404 893 539
1023 368 1198 667 0 570 352 719 385 460 555 579 869 370 960 528 575 449 747 715 708 416 807 567 718 524 814 664 563 441 661 616 813 377 900 521
1021 362 1200 668 0 568 348 719 371 454 545 575 858 362 953 531 708 527 806 663 675 411 773 559 563 446 744 713 526 419 610 561 776 374 857 511 879 475 965 558
1016 338 1201 660 350 441 524 563 847 355 946 535 671 407 775 562 0 565 342 719 537 440 710 708 768 372 849 507 698 529 797 663 874 474 960 557 519 415 601 557 598 315 613 328
1022 340 1205 657 348 438 523 562 846 353 945 535 667 405 775 564 0 565 340 719 532 436 707 708 763 371 845 507 522 412 582 522 695 529 793 662 1037 519 1266 713 873 474 960 557 594 315 607 326
349 429 518 555 1027 340 1211 653 848 345 948 531 665 397 775 567 0 542 328 719 527 415 703 675 760 363 845 502 1039 516 1268 714 693 523 791 656
351 422 517 548 0 536 329 719 850 338 952 529 1050 337 1237 656 666 386 776 574 526 407 697 679 762 355 847 495 877 449 968 546 694 518 791 653 1039 515 1272 713 522 394 574 500
0 533 337 719 354 419 516 544 1056 334 1246 659 856 334 958 526 527 403 694 682 670 383 778 576 768 350 854 492 698 513 794 650 523 391 574 502 879 448 975 545
0 531 348 719 357 418 518 541 1063 327 1259 662 865 336 965 523 530 404 692 683 674 381 781 582 705 511 799 650 900 452 991 549 525 392 580 504 654 373 698 475 774 352 861 493
373 418 534 541 2 530 358 719 537 403 695 683 687 383 807 591 713 515 811 654 1074 356 1265 683 873 340 968 520 918 454 1015 549
384 419 544 544 545 405 702 683 5 530 365 719 694 384 814 596 902 338 1005 529 719 520 821 662 1117 328 1279 664 924 453 1018 547 825 432 878 502 1111 537 1279 712
396 425 555 551 552 409 709 683 915 344 1015 537 5 533 371 719 1133 352 1279 696 703 389 821 596 725 525 831 669 679 382 724 502 946 472 1039 570 617 300 634 313 831 433 883 508
402 426 563 551 555 412 712 685 923 348 1022 538 24 530 388 719 714 393 834 641 1140 352 1279 701 949 472 1046 570 684 385 729 500 729 525 833 667 841 439 897 508 623 301 640 314
405 422 566 545 556 411 713 688 22 529 391 719 719 391 837 641 1148 348 1279 709 938 343 1044 544 741 519 845 677 686 385 733 498 950 471 1052 569 846 437 904 507
557 407 713 690 406 418 568 540 945 342 1049 542 21 529 395 719 720 391 835 640 1154 350 1279 714 742 517 847 680 694 380 743 496 973 472 1067 573 619 624 719 719
417 417 578 540 556 408 714 688 950 343 1053 542 20 528 397 719 720 393 833 640 696 381 743 497 747 538 843 687 975 468 1074 579 604 617 712 719 863 435 920 508 637 294 653 306 1159 355 1279 716
419 420 577 542 557 410 713 685 957 346 1057 540 718 398 831 641 20 527 398 717 746 540 843 689 696 381 744 498 865 436 924 511 603 617 711 719 639 295 656 308 974 466 1078 583
422 423 574 544 554 415 710 681 20 527 397 717 962 349 1063 541 714 404 826 643 745 540 842 695 601 619 708 719 695 384 743 501 866 438 927 513 641 297 658 310 992 461 1085 605 857 364 924 476 1166 529 1279 712
424 429 572 549 555 431 706 702 20 529 395 718 708 411 819 645 743 540 842 703 967 353 1069 544 694 389 742 503 995 491 1092 599 871 455 929 522 858 369 925 474 641 299 658 313
428 435 571 557 551 440 704 695 19 535 394 719 702 420 812 646 970 362 1078 585 727 555 834 707 872 459 933 529 687 399 730 501 992 465 1093 621 642 310 658 324
549 442 703 694 19 544 392 719 972 373 1081 591 699 430 811 648 431 452 572 570 725 566 835 714 873 459 936 536 641 317 658 331 994 513 1105 622 695 411 739 527 368 454 386 489 808 502 892 648
437 454 572 573 548 443 703 694 18 549 393 719 987 376 1097 599 699 440 813 645 812 508 897 654 728 593 830 719 697 419 740 526 644 324 662 338 887 480 943 549 1006 503 1109 641
440 458 575 576 549 443 703 701 18 551 394 719 993 384 1104 597 701 448 821 696 815 513 901 657 890 483 948 554 728 596 830 719 698 426 742 520 872 408 955 550
548 449 704 704 446 461 579 581 17 553 398 719 700 454 820 698 999 389 1112 600 895 485 954 559 818 515 907 658 879 415 961 556 804 431 897 619 698 430 744 517 648 333 671 348 725 596 828 719
451 466 582 587 16 557 399 719 698 459 818 700 545 459 705 707 1006 395 1116 602 818 512 912 659 897 487 957 563 807 444 900 615 883 422 964 561 631 447 681 539 727 612 829 719 647 339 673 354
16 555 399 719 696 452 815 701 456 463 583 583 542 458 702 704 822 511 918 656 1013 402 1124 633 901 485 959 561 631 447 683 539 589 663 678 719 780 433 823 512 723 612 824 719
17 546 397 719 540 452 697 701 694 449 812 696 826 509 922 651 458 458 584 576 1020 387 1127 604 586 659 677 719 780 425 825 514 1033 504 1148 666 903 480 960 556 815 423 905 568 718 595 813 719
539 442 689 702 690 440 809 693 17 537 396 719 454 440 592 561 830 514 925 651 822 415 911 572 1021 377 1132 608 909 481 964 548 1035 497 1152 663 778 418 825 515 714 594 806 719 581 655 675 719 657 319 679 332 629 425 683 516
