

6 240 214 391 252 315 422 410 494 349 600 441 614 343 681 457 617 411 671 475 747 269 1006 522 416 347 494 395 465 355 501 386
6 241 215 391 253 316 423 408 495 348 600 440 772 272 1037 527 616 345 683 456 619 410 673 475 416 345 494 394 466 353 502 386
7 242 215 390 252 319 424 407 495 349 600 439 775 261 1054 534 618 347 684 455 621 409 675 476 427 353 481 390 466 355 500 386
7 243 216 390 497 350 601 438 252 320 425 406 780 251 1075 540 619 346 685 456 623 409 677 477 426 353 481 390 236 326 287 357 489 360 514 382 468 355 499 385
8 243 216 390 497 351 600 438 253 319 425 407 788 237 1096 549 621 347 687 455 624 410 677 478 424 355 483 391 233 326 286 357 490 360 514 381
9 244 216 390 499 351 600 436 254 318 425 408 793 227 1120 557 622 346 690 456 626 410 679 479 415 347 491 392 235 328 282 356 489 359 515 381
9 244 215 391 500 351 599 436 256 317 424 408 624 346 692 456 798 221 1137 561 628 410 681 479 415 346 490 392 488 359 516 382 235 328 278 355 468 354 497 385
10 245 216 390 500 351 600 435 257 317 424 407 824 230 1188 564 625 345 694 456 630 409 683 479 414 345 489 391 488 358 516 382 467 355 496 385 216 327 260 352
10 246 216 389 825 245 1206 597 500 350 600 435 260 318 438 408 625 344 696 456 632 409 685 480 413 346 487 391 487 357 518 382 215 325 258 352 467 356 495 384
11 246 216 388 835 244 1228 606 499 348 600 434 260 318 439 407 624 344 697 453 633 408 686 479 487 356 518 382 420 350 481 387 214 324 252 351 467 355 494 383
12 246 215 388 498 347 599 433 844 247 1255 615 259 318 440 407 634 409 686 481 624 345 697 452 420 349 481 386 486 355 519 382 212 323 248 351
11 245 215 389 497 348 599 432 260 319 440 407 853 218 1272 639 634 411 687 483 624 334 706 467 423 349 478 386 486 356 517 383 467 355 493 382
10 246 216 390 495 350 599 433 259 320 441 407 869 213 1272 654 634 412 688 487 623 350 705 480 425 351 477 387 467 356 493 383 485 357 515 384
9 246 216 390 494 350 598 434 259 321 441 407 912 205 1279 680 634 413 690 489 622 351 706 481 410 351 465 388 467 358 493 384
8 246 215 390 493 351 597 435 259 322 439 406 925 205 1279 691 633 413 691 490 629 344 706 451 409 352 464 389 468 359 495 385
8 246 214 390 493 351 596 435 260 323 440 406 958 243 1279 668 631 345 707 450 634 417 699 487 409 352 464 389 469 359 497 386
8 246 212 390 493 351 596 434 261 323 442 404 979 248 1279 675 633 346 709 458 409 353 464 388 469 358 499 386 636 418 700 489
10 245 210 389 493 350 594 434 263 323 444 403 635 356 708 473 638 426 698 500 408 352 465 387 1001 261 1279 679 469 358 500 386
10 244 210 388 493 348 594 434 280 322 418 406 1051 241 1271 710 468 356 499 387 631 351 714 484 641 424 700 501 409 350 463 385
11 243 210 386 494 345 593 434 281 322 418 406 634 334 722 472 467 355 500 387 644 423 704 503 409 348 462 385
13 243 212 385 494 343 593 433 281 320 418 405 637 333 725 472 468 354 498 387 647 421 706 505 412 346 458 382
17 239 207 375 494 343 593 433 283 320 418 405 639 332 728 472 649 421 709 507 470 355 496 386 414 348 456 380
18 238 207 375 283 320 418 404 494 343 593 432 640 331 730 471 651 420 711 509 469 355 495 385 416 348 454 379
19 237 206 375 494 341 593 432 284 320 420 403 650 327 739 469 468 353 496 384 653 420 714 509 417 347 453 378
20 235 207 373 286 315 423 396 497 343 590 418 651 324 742 472 469 351 498 382
21 233 207 370 287 313 423 394 497 343 590 418 652 323 745 474 471 349 497 380 410 336 455 370
21 231 207 368 288 312 422 391 652 321 747 477 497 342 590 416 411 335 457 369 472 350 495 378 667 420 728 509
21 230 206 368 289 312 422 391 654 322 750 473 497 342 589 416 410 335 457 369 471 350 493 378 658 419 737 510
22 229 204 368 290 312 421 391 488 341 586 416 656 322 753 471 470 351 492 379 669 419 732 517 411 337 456 370
22 228 203 369 289 313 421 393 486 342 585 416 659 323 755 468 660 423 739 516 469 351 490 381 410 338 454 372
22 229 203 370 289 313 420 394 486 343 584 415 661 323 758 468 662 423 741 518 468 352 489 382 411 339 452 372
21 229 203 369 290 314 419 395 486 345 586 429 663 323 762 471 467 354 489 383 665 425 745 519 414 345 453 380
20 229 203 369 292 315 420 395 487 345 585 429 664 335 770 509 467 356 489 384 415 346 452 380
20 226 205 368 294 316 422 395 487 346 585 429 666 332 776 511 467 357 489 385 669 422 765 548 416 348 451 379
21 224 205 366 296 316 421 395 487 346 586 429 670 333 780 508 467 357 489 386 678 440 762 540 416 347 452 379
22 222 207 365 487 348 586 430 298 316 421 395 675 338 784 512 466 356 490 386 676 420 776 554 415 347 453 380
22 223 208 366 487 349 587 431 300 317 421 396 679 344 786 516 466 356 491 387 415 347 454 382 687 443 772 550
22 223 209 367 488 350 587 431 685 342 798 519 303 316 421 396 466 356 491 387 416 347 454 382 690 445 777 554
22 223 210 367 687 341 801 522 304 317 421 395 488 350 587 431 467 357 491 386 417 348 454 382
22 223 211 366 692 342 805 524 305 317 420 395 488 349 588 431 468 358 490 386 417 348 453 382 703 461 792 566
23 225 213 368 696 344 812 527 489 349 588 433 304 317 422 395 468 358 491 387 416 348 453 383 707 464 800 571
24 226 214 369 700 342 820 530 488 350 588 435 304 324 421 401 467 359 491 389 714 444 811 584 417 349 453 384
24 226 214 369 704 339 827 532 488 351 588 435 305 323 422 401 467 358 492 389 717 445 816 586 418 350 453 384
24 226 215 369 488 351 588 433 710 341 834 536 307 324 421 401 721 449 826 593 468 358 491 389 419 349 453 384
25 223 218 367 716 341 841 539 489 349 587 431 307 318 421 393 469 357 491 387 724 450 834 599 419 348 453 381
26 221 221 368 729 338 858 536 488 348 588 431 308 317 421 392 469 357 491 386 738 445 851 603 419 347 455 381
27 222 222 368 732 332 862 542 489 347 587 430 308 317 421 392 469 358 491 385 742 439 857 604 421 349 454 379
27 224 222 368 738 332 869 543 489 348 586 430 306 316 423 392 469 358 490 386 747 437 867 609 421 348 453 379
26 225 221 368 746 332 878 547 490 348 585 429 305 316 423 392 754 437 877 615 469 358 491 387 421 348 452 379
25 225 219 368 490 347 584 429 755 329 887 547 314 315 435 393 760 437 888 624 468 357 491 386 420 346 453 380
25 226 217 369 489 349 583 430 754 317 901 571 762 436 896 633 304 318 422 391 467 357 492 387 420 346 453 381
26 227 217 369 487 350 583 430 766 310 922 573 307 325 421 399 468 358 490 388 768 436 923 648 286 321 334 352 419 347 451 381
25 227 217 369 772 311 929 573 487 352 582 430 308 326 420 399 282 321 332 352 468 358 490 388 772 438 932 654 419 347 451 382
26 226 217 369 779 313 939 573 486 352 581 430 308 326 421 399 278 320 330 352 468 358 491 388 781 471 943 664 419 347 452 381
25 223 218 368 786 314 950 571 486 351 581 430 319 327 427 399 468 358 492 386 787 469 956 670 277 316 326 349 421 348 451 381
25 223 218 369 319 327 428 399 485 351 581 431 794 315 957 572 468 358 491 386 420 348 452 382 275 315 325 350 807 477 982 681
25 224 217 370 487 352 581 431 320 328 427 399 813 309 980 575 467 357 491 387 811 449 995 692 420 348 453 383 266 315 314 349
25 225 215 370 486 354 580 432 819 309 991 578 319 329 428 400 260 315 313 350 818 450 1011 698 466 355 491 388 419 346 455 384
24 225 215 370 826 309 1002 583 485 354 579 431 320 329 427 400 257 314 309 351 467 356 490 387 419 347 453 384 826 444 1019 702
24 226 214 371 484 354 578 432 311 329 420 400 834 307 1013 590 466 356 490 388 418 349 453 384 254 313 304 350
23 228 213 373 483 355 577 432 311 329 420 400 847 301 1050 636 419 350 453 385 466 357 489 387 241 313 290 349
24 230 212 373 482 355 576 432 855 297 1060 642 310 330 420 400 233 311 295 350 420 352 452 386 467 357 488 387 440 353 467 383
24 230 211 373 481 355 575 430 310 329 420 400 863 295 1071 650 228 310 292 349 420 352 452 385 467 357 488 386 440 353 467 383
25 229 211 371 480 354 575 430 322 329 425 399 888 288 1105 660 420 351 453 384 466 357 488 386 226 307 286 348 440 353 467 383
25 228 212 371 480 353 574 430 322 328 424 398 892 285 1120 676 420 350 454 384 465 357 488 387 441 353 468 383 227 305 279 347 300 324 348 354
25 228 213 370 480 351 573 429 322 327 423 398 902 281 1134 686 465 356 490 387 420 347 454 383 210 304 263 345 293 321 340 352 440 352 468 382
25 229 215 370 480 351 573 428 310 326 419 400 928 272 1167 690 290 321 342 352 464 355 490 387 205 298 264 346 420 348 454 382
25 230 216 368 479 350 573 428 311 326 419 400 201 295 259 345 288 321 341 352 463 353 490 387 940 268 1174 696 419 347 453 382
26 231 217 367 478 349 572 427 322 327 424 397 198 292 255 342 462 350 489 386 953 269 1252 694 285 317 332 347 420 347 451 380
26 230 216 367 476 348 571 427 323 327 424 397 961 265 1258 698 282 316 328 347 462 349 488 385 419 345 450 380 196 291 252 341
27 230 215 368 476 347 570 427 322 327 424 397 966 264 1264 698 278 316 326 347 462 350 489 384 418 345 449 379 195 290 236 342
27 231 212 369 474 346 568 428 311 328 417 397 1037 257 1271 704 416 346 448 381 462 353 489 385 279 318 323 345 197 297 230 339
27 233 209 370 472 347 566 429 311 329 415 398 414 347 448 383 265 317 308 346 1041 264 1270 701 446 354 470 382 462 355 490 386
26 235 206 372 309 332 414 399 471 351 565 430 412 350 449 386 259 317 304 346 445 354 471 384 1045 270 1267 699 461 357 490 387
463 357 560 432 308 335 414 402 25 239 205 373 411 354 448 389 445 359 470 386
20 243 211 384 306 336 415 404 462 360 559 433 410 356 448 391 241 323 288 353 446 359 471 387
20 244 210 384 305 337 414 404 459 360 557 434 233 321 285 354 408 358 446 391 446 360 471 388
25 241 200 374 305 336 412 401 459 356 557 432 406 355 448 389 229 315 282 347 446 357 472 386
26 240 200 373 305 334 410 400 458 352 557 430 405 354 448 387 224 310 278 343
26 239 202 371 304 332 408 398 458 349 555 427 404 350 449 383 208 307 268 342
27 239 204 368 303 330 406 397 456 348 554 426 201 301 268 339 402 349 450 381 1 239 40 316
27 238 205 367 456 348 553 426 305 320 403 392 194 295 266 337 1 237 52 316 401 348 450 380
29 238 203 368 304 320 403 393 455 348 553 427 193 292 257 339 2 233 51 318 402 349 450 381
30 239 205 368 455 348 551 428 304 319 401 393 404 350 450 381 195 293 255 337 3 236 51 316 443 353 467 379
29 238 208 368 303 318 402 392 454 348 550 428 189 292 244 339 405 349 451 381 539 361 580 397 441 352 469 380
29 237 211 366 303 317 402 392 454 348 549 427 191 290 240 337 539 360 581 398 404 347 452 381
28 235 211 364 301 314 404 390 453 347 549 426 538 358 581 397 190 287 236 328 404 346 452 380
29 234 211 362 300 314 403 388 452 343 552 419 190 284 229 325 538 358 581 395
29 234 210 360 298 314 402 387 451 342 551 419 539 358 581 394 188 282 222 322 391 334 435 370
297 313 401 385 30 232 211 358 450 340 549 419 540 359 581 392 391 332 435 369
297 311 402 384 30 229 209 357 449 338 549 418 540 359 581 391 391 332 435 368
296 310 401 382 449 337 549 417 30 227 208 354 540 359 581 390 392 333 435 367
296 311 400 382 447 337 548 419 29 226 208 354 540 358 583 392 391 333 436 368
296 312 399 382 446 337 548 419 29 225 210 353 540 357 585 393 390 333 436 368
295 311 401 382 445 336 548 418 30 223 210 353 539 356 585 393 390 332 436 367
31 221 210 352 294 309 402 381 444 335 548 416 546 357 594 396 390 331 436 366 1 230 40 307
34 220 210 350 293 308 402 381 443 335 548 416 0 225 38 308 545 357 597 396 390 329 437 365
36 219 209 349 289 309 392 380 443 335 546 418 389 329 438 366 541 351 600 399
