

0 481 144 606 433 457 861 706 848 367 1002 664 979 416 1146 532 768 423 872 516 158 505 260 572 665 394 675 410
0 481 145 606 432 458 862 705 848 365 999 666 977 416 1147 532 768 424 872 516 158 505 259 572 665 393 674 410
0 481 145 606 431 458 862 705 846 364 996 669 977 416 1147 533 767 425 871 517 158 506 259 572 665 393 675 410
0 481 146 606 431 457 863 705 840 365 992 669 975 418 1147 533 767 424 870 516 158 506 259 571 665 393 675 409
0 481 146 606 430 457 866 706 974 418 1147 534 833 367 986 631 767 423 867 515 158 506 259 572 665 393 675 409
0 481 146 606 428 456 868 705 972 418 1147 534 828 367 982 627 768 422 865 512 158 506 260 572 665 392 675 409
0 481 146 606 426 457 870 704 971 417 1147 535 849 381 973 590 158 506 260 572 665 392 675 409
0 481 145 606 425 457 872 702 970 417 1148 535 821 475 983 613 847 386 970 580 158 506 260 572 665 392 675 409 1147 459 1240 571
0 481 145 606 424 457 873 701 968 418 1147 536 819 476 981 611 158 506 260 571 843 390 965 569 665 392 675 409 1147 459 1241 571
0 481 145 606 424 457 873 700 967 418 1148 535 816 475 979 609 158 506 260 571 821 392 921 574 665 392 675 408 1147 459 1241 570
0 481 145 606 425 457 874 700 966 418 1148 534 779 465 965 609 818 391 921 576 158 506 260 571 664 392 675 408 1147 459 1241 570
0 481 145 606 427 458 873 700 964 418 1149 533 814 393 916 582 779 464 958 604 158 506 260 571 664 392 674 407 1147 459 1241 570
0 481 145 605 429 458 871 701 962 418 1149 533 808 398 911 582 779 466 956 598 158 506 260 571 664 392 674 407 880 413 962 564 1147 459 1241 570
0 481 145 605 432 457 867 703 960 419 1148 534 803 403 907 579 883 416 959 565 460 473 505 515 158 506 260 571 664 392 674 407 1147 459 1241 570
0 481 145 605 434 457 864 703 959 419 1147 535 799 407 901 573 880 416 957 565 459 473 506 515 158 506 260 572 664 392 674 407 1147 459 1240 570
0 481 144 605 436 459 860 703 958 418 1147 535 875 415 954 565 458 473 506 516 157 506 260 572 801 412 896 566 1147 459 1240 570 665 392 675 407
0 481 144 605 438 461 856 703 959 418 1146 535 867 415 950 565 779 408 864 556 457 473 506 516 158 506 259 572 851 493 949 581 1147 461 1241 569
0 481 144 605 440 463 852 702 959 418 1145 534 859 415 945 565 771 408 852 548 451 470 508 519 158 506 259 572 1216 400 1279 663
0 481 144 605 443 462 851 703 959 418 1144 533 857 414 941 566 450 470 509 519 764 409 844 546 159 506 258 572
0 481 144 605 448 460 849 704 958 419 1141 533 856 412 939 566 448 470 509 519 417 461 455 538 1137 375 1279 664 761 411 842 542 160 506 258 571 868 494 929 579
0 481 144 605 451 458 847 704 957 420 1139 534 856 412 937 566 1120 358 1274 638 443 470 514 521 413 460 451 538 160 506 258 572
0 481 143 605 455 457 845 703 854 412 936 567 1089 364 1241 634 442 470 513 522 958 419 1130 533 410 458 448 538 159 506 258 572
0 481 142 605 458 457 844 703 852 413 934 568 440 471 512 521 1076 368 1228 630 934 422 1107 528 408 458 446 539 159 506 258 573 666 392 676 406
1 481 141 606 461 458 840 702 851 415 933 569 438 471 511 521 407 458 444 540 1054 387 1161 608 158 506 258 573 929 420 1094 527 666 391 675 405
1 482 139 606 463 458 837 699 435 472 511 521 1043 386 1157 608 405 459 442 541 849 417 930 571 156 506 258 574 666 391 675 405
1 482 138 606 467 457 832 696 433 472 511 522 844 418 920 575 1010 397 1123 594 404 460 439 542 135 505 238 577 665 391 674 404 1146 462 1244 570
2 482 137 606 472 456 831 694 1004 396 1119 593 843 418 920 575 432 473 510 522 402 459 438 542 759 431 850 518 134 505 239 578 665 391 674 404
2 482 137 606 481 454 829 691 431 473 510 522 841 418 917 573 996 399 1106 590 394 457 437 544 758 431 849 516 665 391 674 405 135 504 237 577 919 421 970 518
488 452 825 688 2 482 137 605 430 473 511 522 837 418 915 570 990 400 1099 587 392 458 436 544 758 432 847 515 666 391 674 405 919 421 970 520 133 504 237 576
495 451 823 685 3 482 137 604 428 472 512 522 834 419 910 566 974 406 1071 577 389 461 432 544 518 475 543 505 759 432 845 513 918 420 969 521 666 391 675 405 133 504 237 576
3 482 137 604 499 451 821 683 969 407 1068 577 427 472 513 522 833 420 908 563 918 421 969 520 666 391 675 405 381 477 425 548 133 504 236 576
503 451 822 681 3 481 137 603 426 471 514 523 961 410 1060 575 831 422 905 560 920 423 968 518 134 505 236 576 666 391 675 405
506 450 823 678 6 475 114 607 426 472 513 524 954 411 1052 572 829 422 903 559 920 424 968 517 364 474 407 553 133 505 235 576 666 391 675 405
508 450 823 675 6 475 113 607 427 472 513 524 957 417 1166 550 828 422 901 558 362 470 402 554 948 413 1042 568 921 425 966 518 132 505 235 576 1214 462 1277 573 666 391 675 405
509 451 822 672 6 475 111 608 427 471 513 524 824 425 890 551 958 417 1168 549 360 469 398 555 132 505 235 577 1214 461 1278 575 933 421 1013 563 921 424 963 520 666 390 674 405
512 451 823 667 414 470 510 527 822 426 888 550 6 474 110 607 963 419 1166 545 930 421 1012 565 132 505 235 577 1214 460 1278 577 356 470 394 554 665 390 674 405
412 469 510 527 514 452 823 663 967 419 1168 543 923 420 1006 564 820 429 886 549 0 472 93 612 133 505 234 578 1214 461 1278 577 665 391 673 405
412 469 510 527 514 454 825 660 970 419 1169 541 915 418 1000 561 0 472 90 611 818 433 883 547 339 473 380 556 134 505 232 578 1175 464 1265 572 665 391 673 406 217 469 250 512
412 469 509 526 516 453 824 658 969 418 1173 541 0 471 86 612 910 417 996 559 817 437 881 545 334 473 376 556 1213 462 1278 577 665 391 673 407 133 506 232 578 212 468 246 514
412 469 508 526 518 452 822 657 969 419 1176 540 906 415 991 557 0 469 80 614 815 439 878 544 1211 463 1278 576 329 470 371 559 664 391 673 407 109 505 215 580 875 427 918 515
411 469 506 526 521 451 822 656 968 419 1178 541 904 414 986 556 814 440 876 543 0 466 75 616 1210 463 1278 575 109 505 212 581 664 390 673 406 315 472 360 562 881 426 920 516 191 463 237 535
410 469 503 525 522 452 821 656 982 419 1205 541 902 417 984 556 311 471 355 562 1211 465 1277 575 812 441 873 541 108 506 209 582 0 486 57 606 188 460 233 535 664 390 672 406
408 469 501 525 523 453 821 657 983 418 1210 543 901 418 983 556 582 395 679 459 1214 467 1277 574 815 422 870 525 306 475 350 562 108 507 206 582 184 460 229 535
406 468 499 523 524 452 821 655 984 416 1216 545 577 391 679 464 1218 469 1278 572 888 421 971 552 814 423 867 524 286 473 337 563 109 508 204 581 180 460 225 535
403 467 497 522 526 450 820 653 985 413 1223 546 571 387 677 467 281 470 332 564 887 418 969 550 806 416 860 531 83 505 187 582 1220 466 1279 571
400 466 495 521 527 448 819 650 986 411 1231 546 806 416 858 532 566 383 676 472 897 414 953 536 165 456 212 539 262 467 313 568 856 426 893 512 83 507 184 582
399 466 494 522 988 410 1237 548 527 450 818 649 257 467 309 570 806 421 857 529 894 414 951 536 161 455 206 539 855 426 893 511 58 505 168 583
992 411 1241 551 387 465 487 526 543 453 802 646 804 423 854 527 879 417 958 553 941 415 992 524 312 487 400 545 57 508 165 586
384 466 488 528 995 411 1242 554 544 453 800 648 875 419 954 555 550 395 657 491 801 424 850 526 312 490 398 547 941 416 996 524 230 465 283 574
382 467 486 529 995 411 1248 556 545 453 799 649 873 421 951 556 798 425 846 524 544 392 654 494 941 416 998 523 213 465 264 576 313 492 395 548 136 459 179 540
379 467 485 529 993 412 1252 556 546 454 798 649 870 419 947 557 543 384 653 508 795 427 842 523 942 416 999 522 206 467 259 576 312 492 393 549
1012 408 1271 560 378 468 481 528 547 455 799 647 865 418 943 556 529 380 666 507 792 429 841 521 944 415 1000 523 117 458 159 545 36 511 135 592
549 456 798 645 1019 408 1271 562 376 468 478 528 860 417 939 555 523 370 640 516 945 414 1001 526 110 458 153 546 783 428 833 524
551 457 799 643 1026 408 1272 566 375 468 475 527 509 369 648 513 856 416 937 554 947 413 1002 529 783 429 832 525 289 489 376 552 9 510 112 592 95 457 138 544
554 457 799 642 1028 411 1272 569 373 468 473 527 502 368 646 515 855 418 935 553 949 413 1003 532 89 456 132 545 781 430 831 524 287 489 375 551 10 511 108 593 138 488 189 592 198 503 280 571 157 470 205 581
556 456 797 641 1030 414 1267 569 356 468 465 533 487 363 643 519 863 432 925 546 950 413 1004 535 779 431 830 524 194 503 276 571 89 459 137 575 286 490 372 552
559 455 794 641 353 470 464 535 471 358 642 524 1032 416 1259 565 859 431 924 547 772 444 827 539 262 489 354 555 949 416 1003 535 191 505 271 573
456 352 642 530 562 456 791 641 350 472 462 537 1021 419 1221 557 850 433 913 546 259 488 353 557 166 504 254 579 62 461 105 581
448 348 646 533 565 457 790 639 350 474 455 536 848 433 913 545 1025 415 1212 552 257 487 353 558 165 504 253 579 1127 484 1279 659 1150 376 1273 589
432 342 633 538 567 456 788 638 847 433 912 546 329 479 440 542 1114 482 1279 663 970 405 1070 552 139 504 231 582 257 488 351 558
566 456 788 638 418 333 627 553 846 433 909 547 332 479 426 543 972 404 1071 552 233 486 332 558 139 505 229 582
374 324 660 557 565 455 788 639 844 433 906 548 1069 484 1258 659 974 404 1069 552 755 441 804 538 230 484 329 560 1088 381 1199 584 331 479 419 544
359 321 654 553 565 456 788 639 843 432 904 547 1060 487 1243 655 229 485 329 561 754 440 801 539 972 405 1064 553 1060 386 1168 576
328 303 619 562 564 457 786 639 840 430 903 547 1027 484 1206 653 1052 384 1159 582 208 482 310 561 751 439 795 538
300 287 614 574 563 457 784 640 836 431 901 547 1020 486 1187 652 1145 394 1279 592 1010 398 1106 578
258 268 610 586 562 457 783 640 832 434 900 546 1008 395 1105 584 1117 393 1279 580 1013 489 1169 650
562 457 784 638 219 219 609 589 1111 391 1279 577 994 488 1150 647 827 482 902 552 1004 392 1104 582 837 426 896 522 939 451 998 545
560 456 785 639 986 490 1136 644 1113 390 1279 580 826 434 887 547 115 205 594 637 998 390 1100 585 939 451 997 545
78 145 583 647 558 455 783 642 1118 392 1279 583 824 435 885 546 977 492 1125 641 962 400 1066 573
29 103 585 678 557 453 782 646 1141 392 1274 591 822 437 883 545 951 492 1096 639 959 399 1069 577
0 71 568 694 556 453 781 646 954 400 1065 579 946 495 1087 637 819 437 881 544 1148 399 1275 591 1068 393 1158 578
0 38 563 704 554 453 779 645 950 398 1058 581 804 419 887 548 940 497 1077 636 820 485 879 551 1161 428 1274 608 1068 391 1154 582
0 14 560 706 550 453 777 643 943 395 1053 583 803 417 885 547 1094 376 1207 597 948 494 1059 639 819 485 877 550
4 2 542 709 546 452 776 644 1100 372 1219 601 801 416 885 546 938 395 1048 583 942 489 1052 638 817 485 874 549 538 457 583 492
8 10 527 706 543 451 775 644 1108 371 1223 601 800 416 885 543 925 402 1027 576 925 474 1071 614 530 456 586 492 815 483 872 548
9 10 504 712 542 450 777 645 919 403 1019 575 1140 367 1253 610 524 456 584 492 809 441 874 542 922 491 1027 638
6 17 482 704 540 451 778 644 1150 365 1265 609 912 404 1009 573 518 452 580 500 918 494 1020 634 805 420 860 527 811 482 869 547 1018 453 1113 584 853 427 891 516
9 15 457 698 538 452 778 644 907 405 1002 575 514 453 577 502 1165 363 1273 611 804 438 862 542 776 429 813 521 1022 452 1120 586 914 494 1012 634 853 428 889 516
11 18 433 690 534 452 778 643 904 406 1000 575 1198 346 1279 624 511 453 580 502 802 438 862 542 1050 454 1143 587 910 494 1009 633 778 428 812 521 853 427 890 516
529 451 778 644 897 406 996 576 0 8 369 680 505 453 567 505 800 437 861 544 1031 451 1178 587 899 506 1005 618 1213 344 1278 632
524 451 778 645 495 453 570 506 1 13 321 681 892 407 990 574 785 421 871 551 894 493 994 608 801 485 860 552
519 452 780 645 488 453 567 507 881 410 974 563 796 437 856 544 891 494 987 607
516 452 780 645 483 455 565 514 877 409 970 562 1058 441 1242 608 795 439 854 542 880 492 976 603 141 464 320 569 444 468 460 506 396 468 420 510
133 465 314 561 516 452 779 645 869 409 964 562 877 494 967 603 1065 438 1253 616 476 456 566 516 794 441 852 542 393 467 417 511 323 465 344 528
120 466 308 562 516 452 776 644 860 408 957 564 465 458 549 519 875 495 960 604 792 427 849 520 1071 433 1263 623 797 483 851 552 390 465 415 511 321 465 343 526 424 469 440 505 2 502 84 585
517 451 774 642 106 467 305 562 455 458 546 521 855 408 953 567 1114 443 1279 633 874 497 954 605 797 483 852 552 792 427 848 519 422 469 439 506 387 465 412 512 1 503 78 584 318 467 339 524 299 467 319 529 149 460 172 492
518 450 772 644 90 466 285 565 450 457 543 523 854 410 949 566 1112 439 1279 636 791 428 848 518 797 484 853 552 874 497 952 605 419 468 437 506 388 466 412 511 147 459 169 488
80 467 280 566 518 449 771 646 434 459 531 526 854 411 947 561 791 428 849 519 1117 391 1279 657 792 483 865 551 871 493 941 603 126 462 150 494
64 468 273 567 421 457 530 531 519 449 770 647 855 411 944 557 870 491 940 602 790 428 849 519 790 481 864 551 123 460 146 488 293 464 317 527
48 469 268 567 407 458 517 537 519 450 770 647 855 413 942 556 870 490 939 600 271 464 295 529
396 457 517 541 42 470 265 568 517 450 770 647 870 490 937 598 856 415 943 558 1120 404 1279 575 267 461 305 540 363 466 391 515 518 458 576 513
24 469 245 575 517 451 769 645 869 492 933 594 855 415 941 558 791 449 853 540 389 455 513 543 1161 426 1279 621 264 461 300 540 511 456 585 515
13 471 236 577 516 456 755 634 867 493 929 591 855 415 938 559 361 458 502 545 790 447 851 540 1166 430 1275 616 1110 421 1142 506 508 456 583 514 245 458 280 544
0 472 227 577 515 456 754 631 325 461 495 561 865 494 925 586 853 416 931 560 498 456 572 515 792 483 849 548 241 458 277 545 1199 424 1278 632 1111 422 1142 501 788 434 846 516
0 472 220 578 514 456 755 629 307 460 495 563 491 455 570 516 851 417 928 559 862 494 922 583 1110 422 1144 499 236 459 275 544 1211 425 1277 638 745 454 764 488
273 456 474 574 513 455 756 626 0 469 196 580 481 454 568 518 1111 423 1146 498 840 418 921 558 788 451 847 539 860 496 919 579 219 457 252 545
0 469 188 582 512 456 757 624 476 454 565 520 244 454 478 585 788 449 845 539 837 419 918 558 1111 423 1147 500 959 425 1081 506 854 494 911 580
199 453 442 595 0 467 177 584 512 457 757 623 465 456 557 524 1118 426 1151 500 846 474 908 574 841 425 902 528
