

696 334 744 370


696 334 745 369
697 335 745 369
697 334 745 368
697 334 746 369
696 334 746 368
696 334 747 369
697 335 747 370
697 336 748 372
698 336 748 372
699 336 751 373
701 336 752 372
701 336 753 371
702 338 753 371
702 338 755 372
703 337 756 373
704 335 756 373
705 333 758 370
705 332 760 367
703 332 762 366
703 331 762 367
705 333 762 367
706 335 762 366



707 332 763 367








719 338 771 369
718 337 771 369
717 337 772 369
716 336 773 369

719 335 773 368
720 336 774 369
720 337 776 370
720 338 778 371
719 338 780 371
719 338 782 371
720 338 784 371
720 337 786 372
719 337 787 372
720 337 786 373
719 337 786 373
720 336 788 373
719 336 791 372
722 337 792 371
723 338 792 371













732 326 802 377
732 327 804 377
732 328 805 377









733 326 818 378
733 326 820 379
734 325 822 379
736 322 823 379
738 322 824 379
739 322 825 379
739 323 827 380
739 324 828 381
749 325 830 380
748 326 832 380
746 325 834 380
744 325 837 380
743 325 838 380
743 326 839 382
743 324 840 384
744 323 841 386
