

424 467 549 557 523 407 693 571 341 465 377 493
424 467 548 557 526 405 698 570 341 465 377 493
424 467 546 558 528 404 703 568 340 465 377 493
424 467 545 559 531 402 709 567 340 465 377 493
424 468 545 559 532 403 707 569 340 465 376 493 6 456 69 526
423 468 545 559 533 403 705 571 0 457 72 523 340 465 376 494
423 468 546 559 535 403 703 573 0 457 70 524 340 465 376 494
421 469 546 561 714 446 823 589 536 404 702 574 1 457 65 529 341 465 375 493
419 469 547 563 715 445 825 590 538 405 702 575 1 456 63 532
417 470 547 565 697 448 839 583 1 454 62 535 540 406 702 576
416 470 546 565 719 447 828 589 1 454 60 536 540 408 701 575 604 326 637 348
415 471 545 566 722 449 829 589 0 454 58 537 540 410 700 575 604 325 637 348
412 471 542 569 539 414 697 575 0 452 55 538 604 325 637 348
410 471 541 570 539 417 696 576 0 451 54 538 766 533 818 611
408 471 541 572 538 419 695 578 0 449 53 538 766 535 818 613 600 320 642 346
406 471 540 572 538 418 696 577 766 535 819 614 1 453 44 536 601 320 642 345
405 471 540 572 538 418 698 576 765 534 820 615 1 453 42 536 601 320 643 345
403 471 539 573 538 417 700 575 720 434 867 569 765 532 821 617 601 319 644 343
401 471 539 574 538 417 701 575 719 434 869 569 766 530 821 618 600 318 644 342
396 469 541 575 720 445 871 591 539 416 701 575 600 316 645 340 765 527 822 619
395 469 540 576 720 446 872 591 540 415 702 576 601 316 645 339 755 470 812 612
395 469 539 576 721 446 874 591 540 415 703 576 602 315 645 338 755 470 812 613
393 469 538 577 724 435 880 568 541 413 705 576 603 315 645 337
391 470 538 578 727 436 885 567 542 411 707 576 732 468 825 606 604 314 646 336
388 470 538 578 729 435 892 567 544 409 709 576 731 470 823 608 423 394 437 416 606 313 646 335
387 468 538 578 729 434 894 569 545 408 708 575 730 469 822 610 423 395 436 416 607 313 646 335
386 467 538 579 546 407 707 574 728 434 896 571 730 468 822 611 423 394 436 416
384 465 536 579 731 433 900 572 546 405 709 575 730 465 820 612 423 393 436 416
382 463 535 578 734 432 903 574 545 403 710 575 731 461 818 613
380 460 532 577 737 430 908 575 544 399 714 576 732 459 816 613 339 466 367 490
379 458 531 577 736 430 909 575 542 397 716 576 731 461 815 612 339 465 367 490 762 519 822 623
375 459 532 579 737 428 912 576 732 461 814 612 539 396 720 575 761 519 821 624
372 460 533 581 740 427 914 577 733 460 813 614 538 397 723 574
368 462 534 583 742 426 916 577 734 459 813 617 537 399 725 573
367 462 535 584 742 427 917 576 731 457 812 618 554 387 739 571
365 462 536 585 764 423 923 580 727 455 810 618 553 387 741 570
360 464 538 586 768 422 928 583 722 451 808 621 553 386 746 569
358 465 540 587 770 420 932 585 721 449 807 622 553 386 748 570
355 466 541 588 773 418 937 588 554 385 750 570 720 447 806 625
354 465 542 588 771 417 939 590 554 385 750 571 719 446 803 626
354 464 542 588 770 415 941 591 555 385 749 571 718 445 800 628 421 385 436 409
352 463 543 590 767 413 945 611 557 384 750 568 714 443 795 632 421 385 437 410
350 463 544 591 764 413 949 611 559 384 752 565 711 442 793 635
761 412 955 610 343 461 532 590 561 384 753 562 708 439 790 637
760 412 958 611 342 461 532 590 562 384 752 563 709 438 789 637 318 463 355 493
760 411 961 611 341 461 531 591 562 385 751 564 691 453 772 624 317 463 355 493
761 411 966 611 337 461 532 594 562 384 753 564 692 456 770 622 317 463 356 493
762 411 971 612 334 460 533 597 562 384 754 563 693 459 768 619 316 464 356 494
764 411 980 613 330 460 535 602 562 385 754 561 693 459 768 615 315 464 355 494
764 411 982 613 330 460 535 604 562 387 751 560 691 456 770 613 316 464 354 494
764 411 985 614 331 461 536 606 562 389 749 559 690 454 771 612 317 465 354 493
763 412 989 613 328 461 536 607 564 390 751 561 689 456 774 611 316 465 354 493
760 412 993 612 325 462 535 608 566 391 754 562 687 457 775 610 316 465 354 493
758 412 998 611 321 462 535 610 569 392 755 562 686 459 777 607 315 466 353 493 533 444 540 454
758 411 999 612 320 463 535 610 570 392 754 562 687 459 776 604 314 466 353 492 533 444 540 454
766 407 1019 618 315 463 535 612 571 391 756 559 688 459 775 602 313 466 352 492 533 443 540 453
767 406 1022 619 311 462 534 613 570 391 758 557 687 460 776 602 313 466 351 491 533 443 540 453
767 422 1027 609 307 462 534 615 570 390 761 556 687 461 776 603 313 466 351 491 533 443 539 452
767 422 1028 609 305 462 534 616 570 389 761 555 685 459 774 602 313 466 350 490 533 443 540 452
768 422 1030 610 302 462 535 616 569 388 762 555 683 458 772 601 313 466 350 490 417 384 435 413 533 442 540 452
769 421 1038 613 297 462 533 619 569 388 761 554 682 460 769 598 312 465 348 490 416 384 434 413
769 420 1046 615 294 462 530 621 571 389 759 553 684 463 768 596
769 419 1053 617 291 461 527 623 572 390 757 552 686 466 767 594
770 417 1056 619 288 462 526 624 573 390 755 552 685 465 765 595 522 470 544 485
770 415 1060 622 286 464 525 626 573 390 753 552 685 464 764 595 522 471 543 486 531 444 537 452 615 283 653 307
771 412 1071 626 278 464 525 629 574 391 752 552 683 458 761 598 522 471 542 486 530 444 536 452
771 411 1079 627 273 464 527 631 574 391 753 551 680 453 759 600 522 471 542 485 530 444 536 452
771 410 1088 628 258 463 515 630 575 393 752 550 678 449 757 601 521 471 541 485 529 444 535 452 404 384 422 416
771 411 1090 628 256 463 514 633 576 394 750 550 679 450 756 600 521 471 541 485 529 444 535 452 404 384 423 416 751 468 793 510
772 411 1091 627 255 462 514 635 577 396 749 549 679 450 755 600 521 472 541 485 529 443 535 451 750 467 793 511 404 384 423 416
774 410 1099 630 249 462 511 636 578 397 748 548 678 450 753 598 520 471 539 485 528 444 534 452 405 383 423 415 749 467 793 511
775 409 1107 632 244 462 509 637 578 398 748 546 677 451 751 596 519 471 537 485 405 382 422 415 611 276 652 302 527 445 533 452 749 466 792 511
778 408 1118 638 236 462 505 635 578 399 748 545 675 450 748 594 518 471 535 485 404 381 422 414 609 274 651 302 734 466 780 511
779 407 1121 641 234 461 523 647 578 399 748 545 674 450 747 595 403 381 422 414 518 471 535 485 741 461 798 513
780 406 1124 644 233 461 522 646 579 400 747 545 673 450 746 595 740 461 799 513 402 381 422 414 517 471 534 485
780 403 1130 650 232 462 520 651 579 400 749 543 672 449 744 594 733 467 781 511 402 381 422 414
780 400 1136 657 230 463 518 655 579 400 750 542 671 449 743 592 732 468 781 511 402 382 422 414
781 397 1146 664 226 464 515 660 578 399 751 542 670 448 742 592 731 469 781 512 402 383 421 415
783 397 1149 665 223 465 513 660 578 399 751 543 670 448 741 592 732 461 809 512 402 384 421 415
783 396 1161 669 213 467 506 664 577 399 750 545 668 447 740 594 730 470 780 510 402 384 419 415 603 270 647 295
782 395 1169 671 205 468 502 669 576 399 749 545 667 447 738 595 729 470 780 508 401 384 418 414 601 269 647 295
795 385 1185 680 198 470 497 673 576 400 747 545 728 470 779 506 666 446 737 596 600 269 647 294 399 383 417 413 775 464 816 510 480 447 487 456
795 384 1186 682 194 470 495 675 576 401 747 541 665 446 737 596 728 470 779 506 599 268 648 294 399 383 417 414 775 465 818 511
795 383 1188 685 191 470 493 676 576 402 748 537 664 447 737 595 728 471 779 506 599 267 648 293 677 530 731 609
799 383 1198 691 180 469 489 679 577 384 745 518 664 448 737 596 727 472 780 506 677 532 730 608 599 266 648 292
802 384 1207 694 174 469 486 679 576 382 746 520 664 449 737 596 726 472 780 507 677 533 730 608 441 465 501 525 598 265 648 290 729 461 817 512
806 385 1215 697 167 468 484 680 575 381 746 522 664 450 737 597 726 460 817 513 441 466 502 524 677 534 731 607 598 264 648 289
805 386 1218 698 168 466 478 676 574 381 745 522 663 449 736 596 726 461 817 513 724 473 780 508 442 467 501 524 598 263 648 289
805 386 1221 698 169 464 472 672 574 380 745 522 662 449 735 596 723 473 780 507 597 263 648 288 725 461 818 513
809 387 1232 699 164 462 464 669 571 381 745 521 666 458 728 575 721 473 779 508 596 261 648 287 724 462 820 513
813 388 1240 699 160 463 461 670 570 381 746 520 666 458 727 574 720 473 779 508 724 462 821 513 431 468 493 527 595 260 647 285
817 386 1254 700 157 462 457 669 570 380 743 519 665 457 725 573 719 473 777 508 378 379 397 415 428 468 491 527 724 462 823 513
818 384 1259 701 158 462 457 667 570 379 739 520 665 457 724 573 720 472 775 507 378 378 397 415 756 464 835 513 418 470 491 526
819 382 1265 702 159 461 456 666 570 378 735 521 665 456 723 572 720 472 774 507 378 378 398 415 756 465 834 512 416 471 490 525 505 446 511 454
820 379 1267 703 570 379 737 520 141 466 429 671 719 471 773 507 665 457 721 571 378 378 398 414 415 469 489 524 756 464 835 513
821 376 1268 704 569 380 738 519 135 467 431 672 719 471 773 508 653 460 713 569 415 468 488 523 378 379 398 414
821 371 1269 705 569 381 739 518 124 467 439 675 652 459 712 570 716 470 773 508 420 465 484 522 377 379 398 412
820 369 1269 705 118 466 446 677 569 380 739 517 652 459 711 571 714 470 773 508 419 466 484 522 376 378 398 412
