











































































193 310 439 419 847 184 1059 264 707 218 802 375 466 248 583 338 445 287 558 472 1149 82 1279 494 0 382 73 458 737 299 797 400 333 233 348 255
213 305 444 405 711 216 807 375 464 247 584 337 445 283 561 472 850 183 1074 263 1152 80 1279 497 610 230 734 312 737 298 798 399 0 383 81 456
717 214 811 379 446 279 565 473 461 245 586 337 608 229 738 308 899 181 1098 260 241 300 470 405 1153 76 1278 501 740 298 800 397 832 187 956 252 4 382 106 454
258 297 463 407 724 212 819 385 915 179 1106 259 449 277 571 474 607 229 744 307 829 188 960 255 1155 73 1277 505 1 381 119 453 742 300 803 395 341 233 355 254 574 258 629 298
277 295 466 407 727 213 821 388 460 244 595 338 610 229 745 306 454 280 576 474 828 189 963 257 935 176 1116 240 1153 71 1277 509 746 300 805 394 1 381 127 454 343 233 357 255
730 215 823 385 613 229 746 307 460 288 581 476 748 301 807 393 1150 72 1278 511 824 192 971 258 965 174 1129 239 347 233 361 256
732 218 820 381 992 171 1153 237 463 293 582 477 615 230 748 308 750 301 809 393 1155 111 1277 556 350 233 364 257 351 270 582 398 809 191 988 283
1014 171 1175 236 734 219 819 378 362 267 583 392 467 296 581 479 752 302 810 392 617 232 749 309 1157 117 1277 551 351 234 367 258 787 200 908 267
734 221 819 377 1022 169 1180 235 372 266 588 389 787 205 905 273 753 304 811 392 468 294 576 477 1152 87 1279 500 615 233 752 310 351 234 367 257 937 148 951 169
736 221 820 378 1042 167 1194 231 385 270 626 372 788 206 902 273 753 304 812 393 628 233 763 309 469 291 572 475 1153 98 1279 491 939 149 953 170 351 234 368 258
736 219 822 381 352 256 665 357 469 282 572 476 1069 165 1215 228 632 232 765 306 805 199 1015 278 1153 105 1279 485 779 209 880 273 753 305 812 393 352 234 369 258 940 150 953 169
736 220 824 381 1075 163 1221 227 806 197 1008 275 468 274 574 478 431 262 688 347 638 231 767 304 780 211 877 272 336 292 468 363 1152 107 1279 482 352 234 370 258
737 223 826 378 1091 162 1239 227 837 197 1010 267 426 261 699 347 468 269 577 479 324 296 448 364 778 212 875 273 96 354 226 434 354 233 371 256
842 197 1009 268 737 226 826 374 416 260 722 348 469 271 583 474 315 298 448 364 493 371 560 477 1102 160 1238 226 778 215 871 275 105 356 221 426
848 198 1007 268 736 227 826 373 470 272 587 471 1125 157 1263 224 310 301 443 363 480 251 741 345 495 371 561 477 129 344 325 432 762 307 822 397 667 221 833 281
851 198 1005 269 490 251 750 344 737 225 825 375 472 272 591 469 136 341 334 426 1135 153 1262 215 317 303 435 360 496 372 562 476 762 308 822 397 676 223 827 276 278 357 383 432
506 250 751 347 853 198 1004 269 737 223 825 377 1155 147 1273 216 471 272 591 469 154 339 378 422 490 374 570 472 762 310 822 397 326 306 427 355 301 358 409 431 357 232 374 256
543 246 763 345 855 199 1003 269 737 219 826 382 168 335 380 416 471 276 589 468 496 373 562 474 763 311 821 396 1167 145 1273 215 357 233 374 257
857 200 1003 268 559 243 768 343 737 218 827 384 469 281 587 466 496 373 562 476 180 333 384 414 763 326 821 411 357 233 374 259
855 203 1006 273 210 328 421 409 738 237 828 409 471 287 585 465 496 372 563 478 575 239 771 339 764 326 822 412 357 234 375 259 1192 150 1279 250
220 327 430 407 857 203 1006 274 604 237 838 340 471 287 585 465 745 246 840 407 502 256 604 339 496 372 563 478 765 324 823 413 358 235 374 259
865 208 1014 271 473 280 590 470 748 254 837 408 642 231 873 335 250 320 469 409 766 322 825 414 498 373 565 477 1174 153 1262 205
869 209 1018 270 647 230 884 329 267 317 473 410 752 256 834 411 472 272 593 476 1168 154 1263 206 206 332 315 395 366 237 380 261 0 403 84 480 769 324 826 413
756 259 833 412 877 211 1019 270 482 268 613 482 649 229 899 323 284 312 482 398 0 398 86 479 193 332 326 397 1163 154 1267 207 368 238 382 262 0 242 325 428
