

655 342 715 443 882 385 1060 485 268 348 481 458 443 340 570 416 619 361 635 381 802 372 888 432 530 374 566 419 590 360 614 382
655 342 715 443 882 385 1060 485 268 348 481 458 443 340 570 416 619 361 635 381 802 372 888 432 530 374 566 419
655 343 715 443 882 385 1060 486 268 348 481 458 443 340 570 416 619 361 635 381 802 372 889 432 530 374 566 419
653 343 714 442 882 383 1064 487 262 348 476 457 802 371 890 433 618 361 634 381 533 373 565 416
652 343 714 442 882 382 1069 488 257 348 470 457 802 371 892 434 618 361 633 381 567 361 593 386 518 373 553 423
650 344 713 441 898 370 1091 494 196 344 457 460 802 370 893 435 567 360 594 385 599 362 618 388 515 374 552 425 426 343 533 414 543 359 568 395
649 345 711 441 902 368 1100 498 202 343 455 461 802 370 894 436 599 362 618 388 567 360 594 385 424 343 535 415 512 373 548 425
648 345 710 441 214 346 455 481 905 367 1108 502 802 369 894 437 599 362 618 389 422 343 536 416 566 360 595 384
647 345 709 441 215 346 452 482 911 371 1116 505 802 368 896 438 599 362 618 389 566 359 595 384 403 342 511 414
209 347 446 483 646 344 709 441 914 375 1122 510 803 368 898 438 598 363 617 389 566 359 595 384 403 341 509 415 490 354 532 432
194 348 438 484 646 344 708 442 803 366 901 438 921 379 1124 517 564 358 596 383 483 353 528 436 598 363 617 389 399 338 513 418
645 344 708 441 179 349 433 485 940 358 1157 524 805 365 904 438 564 357 596 383 597 363 616 389 477 350 522 440
144 347 419 488 645 343 707 441 616 361 637 377 564 357 596 383 954 401 1141 534 644 392 715 458 818 381 917 445 596 362 616 389 375 335 537 428
645 344 707 440 131 349 413 491 822 381 919 446 616 361 636 377 565 358 595 382 644 393 714 458 595 363 614 389 457 386 509 452 969 404 1138 537 596 377 613 399
645 344 707 441 825 381 925 448 119 349 406 491 565 358 594 381 616 361 636 377 643 393 714 457 594 363 613 388 595 377 611 399 450 386 503 455
645 345 708 441 825 379 931 450 705 361 781 418 565 358 594 380 616 360 636 376 594 363 613 388 593 376 610 400 113 347 402 492 431 386 488 460
646 344 708 442 839 379 946 453 564 357 594 379 592 376 609 401 617 360 635 375 593 363 612 389 44 330 394 513
646 343 708 443 845 380 948 455 40 329 392 515 710 362 785 419 591 376 609 401 564 356 596 379 618 359 635 375 593 363 611 390
646 342 708 443 27 329 393 515 851 379 952 456 710 360 788 420 589 375 607 401 563 356 596 379 591 363 610 390 484 349 559 405
646 341 708 444 20 330 397 515 711 358 790 420 484 349 559 406 587 374 606 402 589 362 609 390 564 355 596 379 855 378 955 457
647 341 710 443 711 357 791 420 6 332 355 516 483 349 559 406 588 360 609 391 865 379 970 462 566 355 596 379 586 373 605 403
647 341 711 443 713 357 794 420 481 348 561 406 586 360 609 391 2 330 337 520 872 380 975 465 568 355 596 380 584 373 604 403
648 340 711 443 714 356 797 421 460 342 556 412 318 323 492 440 586 359 608 389 0 329 324 523 884 382 1000 469
649 340 711 443 714 356 800 421 461 341 554 413 310 321 496 443 891 381 1002 472
648 341 711 442 464 341 552 414 283 320 475 448 715 356 801 421 897 380 1005 475 573 358 597 394
649 342 710 441 282 320 474 449 464 340 549 415 719 354 813 426 906 380 1022 478 573 358 595 395 616 357 634 376
649 343 711 442 277 320 473 452 720 352 815 428 462 340 549 416 910 381 1027 477 573 371 595 407 572 358 594 393 616 357 635 376
650 343 712 442 266 320 470 455 721 351 819 432 460 340 548 416 569 372 593 409 617 359 635 377 570 358 592 390 919 393 1032 485
256 319 468 458 650 343 713 442 721 352 822 434 566 372 591 410 460 340 547 417 934 392 1062 492 618 360 636 377 569 359 591 388
247 319 467 460 651 343 714 443 721 352 825 436 564 372 590 412 458 340 546 416 945 382 1083 491 568 359 591 388 595 361 612 378 6 306 240 478
242 319 469 461 721 352 829 438 651 342 715 443 563 372 589 412 455 340 545 417 952 382 1089 493 567 359 591 388 594 361 613 378 6 305 233 474
722 351 836 441 652 342 716 444 214 317 454 468 560 372 587 414 451 340 543 417 618 361 636 378 593 361 613 378 566 358 590 385 971 380 1125 500 4 301 225 474
207 313 455 473 723 350 840 444 652 342 716 443 557 372 586 416 441 338 534 421 984 377 1131 503 619 361 636 378 593 362 613 379
198 311 453 480 653 342 717 443 731 347 850 450 438 338 536 422 553 370 584 417 997 374 1140 510 592 362 613 379 620 361 636 377
730 348 854 450 189 312 450 481 653 342 716 444 436 337 536 422 643 360 656 379 619 361 636 377 591 362 614 379 553 369 583 418 1001 371 1142 513
730 350 861 451 654 344 716 444 162 298 474 496 432 337 535 421 543 373 579 421 643 360 657 380 619 361 636 377 566 358 591 381 590 362 614 379
152 297 464 497 732 352 866 450 428 338 532 421 656 346 716 444 540 374 577 424 643 360 657 380 568 359 592 381 620 361 636 377 591 362 614 379
115 289 449 497 729 354 878 453 425 339 530 421 657 347 716 442 537 374 575 425 643 361 658 381 567 360 593 382 619 361 637 378 592 363 614 379
107 290 444 497 730 354 881 454 421 338 530 422 657 345 715 442 535 373 571 426 565 359 593 383 643 362 658 381 617 361 638 379 0 295 123 390
729 352 888 456 86 289 432 497 661 340 722 444 415 337 529 424 562 359 594 384 616 362 639 380 642 362 658 381 531 371 566 428
728 350 893 458 64 289 422 496 661 340 722 444 403 335 524 425 559 358 594 385 616 362 640 381 642 363 658 381 526 362 564 432
729 348 903 461 399 334 524 426 662 341 722 443 43 287 416 498 557 357 595 386 517 362 559 437 616 362 640 381 642 363 659 381
728 356 913 468 663 340 722 443 395 335 524 425 556 357 595 387 514 363 557 437 618 362 640 381 40 288 418 497
726 353 926 473 664 340 723 443 555 357 595 388 390 340 517 434 506 361 551 440 618 362 640 382 642 362 658 382
724 351 933 476 664 339 725 444 555 357 595 388 619 362 639 383 499 359 547 442 375 337 528 432 642 361 657 382
731 346 956 483 665 341 726 443 357 334 513 433 555 357 595 388 619 362 640 384 490 355 536 445 642 361 657 382
729 345 960 486 667 344 725 442 354 334 515 434 620 363 639 384 555 357 595 387 483 380 534 456 642 361 657 383
733 344 969 491 669 345 725 441 345 337 518 437 621 364 639 385 555 358 595 387 642 361 657 383 476 380 530 460
736 345 978 494 670 343 725 441 622 364 639 385 555 360 595 388 642 361 657 383
741 345 986 499 671 342 726 441 623 364 639 386 554 360 595 388 328 341 517 439 642 361 657 383 433 378 518 468
742 345 996 502 671 342 727 441 322 339 512 437 624 364 640 386 554 359 595 388 642 361 657 382
746 345 1004 508 672 344 728 440 314 336 507 436 624 363 641 386 552 359 594 388 642 361 657 381
751 346 1007 510 672 346 729 439 307 334 508 436 624 363 641 386 552 359 593 389
757 347 1037 521 676 384 730 457 300 334 511 436 623 362 641 386 672 337 731 417 551 359 593 389
759 337 1037 533 677 384 731 457 623 360 641 387 673 337 731 418 550 358 594 389 274 332 484 441 467 362 525 419
765 338 1053 540 679 385 734 457 623 359 642 387 674 337 732 418 550 358 594 389 264 331 480 447 466 362 524 419
678 345 736 440 773 340 1067 545 624 359 642 388 549 358 595 390 456 357 518 424 258 330 474 454 0 232 1274 697
679 344 737 440 780 343 1082 553 451 357 521 427 624 360 642 388 549 358 594 390 251 330 471 459 0 229 1273 701 739 349 801 405
679 343 739 441 786 344 1093 558 446 357 519 427 623 360 641 389 242 328 474 463 549 357 594 391 734 345 804 407 0 222 1279 705
679 343 740 441 439 357 515 428 792 342 1110 558 622 360 641 390 201 326 457 467 548 356 593 391 736 346 808 408
680 343 740 440 185 324 456 470 793 339 1125 561 620 360 640 390 434 356 511 429 548 357 594 390 0 225 1279 708 620 376 638 399
681 344 739 439 173 324 450 473 789 337 1136 560 619 360 639 391 423 354 506 432 548 357 594 390 0 236 1274 704 619 376 636 399
168 319 446 475 681 344 739 439 421 355 505 431 788 335 1141 565 618 360 639 391 0 241 1269 701 547 358 595 390 617 376 635 400
415 357 503 431 682 342 739 439 616 360 639 391 817 331 1196 576 615 376 634 400 132 316 431 462 0 229 1267 702
407 358 500 431 682 341 739 440 614 359 639 390 84 304 435 484 819 326 1204 579 611 376 632 401 5 216 1267 704
402 359 497 431 682 340 739 440 611 357 639 390 69 305 422 483 608 377 632 402 820 324 1215 581 10 206 1266 708
398 358 496 432 682 340 740 440 63 303 412 481 609 356 638 389 825 325 1218 582 534 340 588 392 11 207 1264 706 607 377 630 401
384 357 487 435 682 340 740 441 613 357 638 386 49 300 404 487 837 324 1231 584 595 358 619 393 531 340 587 393 9 206 1263 704 755 362 837 422
375 357 482 436 682 334 748 444 593 355 620 398 32 295 396 494 529 341 585 395 7 208 1265 703 757 363 835 422 851 324 1240 584
368 357 479 438 681 338 741 442 591 354 619 400 528 341 584 396 21 289 393 502 5 207 1269 705 820 367 916 432 758 364 835 423
359 356 472 443 680 337 741 442 588 375 617 409 526 342 583 398 819 368 923 435 8 207 1273 707 6 288 359 502 620 360 641 383 759 363 835 423
347 357 470 445 680 337 741 443 583 375 614 411 523 343 580 400 13 209 1275 707 686 386 744 463 586 355 615 396 619 361 641 384 758 364 837 425 2 287 347 504 824 367 923 437
679 336 741 443 520 344 577 402 617 363 641 386 22 211 1270 707 759 364 840 427 327 356 474 450 580 374 610 414 685 387 744 465 585 357 611 392 841 366 951 432
679 337 741 443 310 357 462 453 518 344 575 403 759 366 844 429 616 364 640 387 27 215 1263 707 686 403 736 471 842 371 950 460 575 372 603 414 660 363 682 384
679 338 740 444 303 358 461 453 757 364 847 431 614 364 639 388 517 344 574 403 844 371 949 462 572 370 604 417 686 403 736 472 29 218 1258 707 660 363 684 384
678 339 741 445 287 361 453 464 685 402 737 474 756 362 848 434 613 365 639 389 566 370 600 418 25 217 1261 704 845 373 950 463 660 363 684 385
677 342 741 446 269 362 448 466 684 402 737 477 754 361 849 439 611 366 638 391 557 354 597 426 23 214 1255 698 561 398 591 428 876 364 1029 488
676 344 741 447 254 363 446 466 683 402 738 478 551 354 592 428 754 361 850 443 609 367 638 392 553 395 587 433 879 368 1012 488 22 210 1248 693
677 346 741 448 236 359 432 476 682 402 738 480 608 366 638 393 770 360 866 448 880 368 1015 487 547 354 590 429 643 362 673 391 549 394 586 434
676 344 741 448 225 357 427 477 682 401 737 479 771 358 869 449 608 366 637 390 531 358 582 429 643 361 673 390 852 375 944 475 880 368 1024 486
210 356 421 476 676 342 741 447 681 401 736 477 772 357 873 449 525 355 576 433 608 363 636 387 642 358 672 388 854 373 949 474
201 356 416 474 676 339 741 445 773 355 877 448 681 400 736 475 518 352 572 433 607 361 634 385 15 214 1247 715 856 372 953 472 569 367 598 389 641 356 672 384 924 364 1082 496 1047 330 1271 518
678 383 739 470 771 354 882 447 507 357 563 434 173 354 405 476 676 332 740 425 11 221 1247 718 607 358 634 383 862 372 973 472 566 365 598 387 642 355 671 382 925 363 1083 493 1051 330 1272 518
678 382 738 468 772 352 884 447 164 353 400 478 676 329 739 426 499 353 558 434 10 225 1251 714 563 361 595 384 921 363 1088 494 641 353 671 381 591 358 622 382 867 371 977 473
677 382 737 467 675 325 739 428 771 350 887 447 153 351 392 480 882 362 1042 481 10 228 1255 712 561 357 592 380 593 355 622 377 973 363 1126 503
677 382 736 466 675 322 740 430 781 351 904 448 885 361 1039 484 146 350 382 481 475 357 537 438 980 364 1129 506 594 353 621 375 11 229 1256 709 540 357 570 383
677 381 736 465 675 321 740 430 781 352 908 449 886 363 1031 486 139 347 378 483 985 366 1134 511 9 225 1256 711 594 352 620 375 462 358 546 436 540 356 572 382
677 382 736 466 674 323 740 429 893 365 1037 490 780 345 925 456 9 229 1257 707 93 346 360 487 593 352 620 375
677 383 737 467 674 325 739 429 896 367 1046 494 781 346 931 458 6 234 1257 704 591 353 620 377 91 345 346 490 540 356 574 381
675 338 740 445 914 366 1079 506 462 336 545 401 787 358 938 469 589 354 620 378 539 357 574 382 7 241 1256 700 679 401 733 472 630 346 670 382 398 381 477 467
675 338 740 445 916 363 1089 510 460 336 544 404 788 357 943 472 679 401 733 475 7 237 1259 699 629 348 670 384 537 358 574 384 589 355 619 380 384 357 468 483
673 337 739 445 923 364 1099 516 457 337 542 406 789 359 946 475 679 402 733 477 627 350 670 386 589 357 618 381 536 360 573 386 8 237 1266 696
672 338 739 446 790 361 951 480 678 403 733 480 454 337 540 408 624 351 669 389 587 359 617 383 534 362 573 388 10 236 1272 695 929 363 1110 519 738 339 853 410
792 364 955 485 672 338 738 447 678 404 733 482 445 336 530 413 955 391 1128 558 623 352 668 391 736 339 857 412 585 360 616 385 534 363 572 390 8 235 1272 694
794 364 958 489 672 338 738 447 678 403 733 483 444 336 530 414 955 392 1133 567 736 340 857 415 583 361 616 386 623 352 667 392 533 364 573 390 6 230 1270 696
678 403 734 486 672 338 738 448 440 336 528 415 809 362 983 500 966 398 1136 566 737 340 859 416 583 361 615 387 533 364 573 390 622 353 668 393 5 226 1263 697
677 403 734 487 814 365 994 507 435 337 527 415 672 338 738 450 746 352 855 436 5 227 1260 697 533 363 572 390 583 361 613 388 977 404 1139 564
819 366 1007 515 430 337 524 416 676 402 734 489 672 338 738 452 5 229 1256 699 747 351 856 437 534 362 572 389 563 362 601 390 583 361 612 389 1008 405 1199 565
