

1 311 353 587 574 361 715 465 421 314 583 413 733 356 774 395 768 368 831 408 1064 381 1178 465 384 365 445 410
574 361 714 465 4 301 319 599 419 313 583 414 769 368 834 409 733 356 776 396 1087 379 1201 470 382 369 440 411 570 366 594 389
574 362 714 465 413 313 585 414 5 289 285 610 734 356 778 397 770 369 839 410 569 366 594 389 1111 380 1222 470
573 363 715 466 417 296 577 412 5 272 236 614 734 354 778 398 772 364 843 413 568 366 593 389 1110 383 1231 472
572 364 716 467 391 309 579 416 779 366 850 414 567 366 592 389 734 353 778 398 1132 398 1254 483
572 364 715 467 389 291 580 416 780 365 851 416 567 367 592 389
381 290 577 416 573 364 715 466 781 365 853 417 566 366 593 390
374 288 571 418 572 363 715 465 783 363 856 418 563 365 593 391 706 361 732 384
368 285 566 419 572 364 715 465 783 362 859 418 561 365 593 392 705 360 733 383
362 284 561 421 572 365 716 465 785 360 864 418 558 366 592 393 706 359 733 383
355 287 555 421 572 366 716 465 785 360 868 418 557 366 591 394 706 357 734 382 738 344 792 398
789 360 872 419 322 297 543 429 571 365 716 466 739 344 793 398 556 366 591 395 707 357 733 381 693 362 722 385
310 285 543 426 791 362 875 419 571 365 716 467 741 346 796 399 555 365 591 395 706 357 733 381 545 367 572 392 693 361 722 384 0 552 1279 717
297 281 535 431 796 364 883 420 570 364 716 468 544 366 574 394 706 358 733 381 555 366 590 394 693 362 722 384 0 555 1279 717
281 277 530 434 797 364 887 420 570 365 715 468 541 370 578 402 694 363 722 384 706 359 732 381
800 363 892 421 571 365 714 468 256 281 503 444 537 369 579 403 744 350 802 401 693 362 721 384 707 359 732 381
803 361 898 422 572 364 713 468 231 272 509 439 533 368 578 404 745 347 804 401 693 362 722 385 708 358 733 381
203 249 505 455 807 360 903 423 572 364 712 467 527 368 578 406 746 344 807 401 497 366 520 390 692 361 722 386 707 358 733 381
174 252 503 458 571 365 713 468 809 360 905 424 524 368 579 406 747 343 810 402 493 364 518 391 705 359 734 382 692 361 723 385
570 366 714 468 813 360 922 428 133 250 508 466 749 341 814 403 520 369 579 408 488 365 516 393 704 359 735 383 691 362 722 386
817 359 928 429 569 368 716 467 752 340 816 405 516 369 579 409 76 240 466 477 483 366 515 394 704 359 735 384 691 362 722 386 1102 402 1143 436
39 226 462 487 822 359 934 429 568 369 716 466 753 338 817 405 511 370 579 410 704 359 735 384 479 366 515 394
12 214 458 494 827 358 937 429 565 368 707 465 754 337 817 404 705 359 735 383 512 365 583 412 479 365 515 392 692 361 722 385
0 201 447 504 833 355 955 432 564 367 706 463 757 332 822 404 505 366 565 410 707 357 735 381 559 359 597 390 691 359 722 384 468 366 508 393
837 354 963 430 0 188 430 511 570 375 701 456 759 333 834 403 503 362 563 411 467 363 508 392 556 358 594 388 691 357 723 381 707 356 735 379
842 353 971 430 5 173 411 517 570 374 701 454 760 331 836 402 465 360 507 389 499 357 557 405 552 356 594 387 704 353 734 377
846 351 987 434 0 157 379 525 495 357 555 405 569 373 701 453 761 329 837 401 463 357 504 386 701 351 735 376 550 355 594 387
852 349 995 433 0 151 364 523 567 356 702 442 487 356 560 403 763 326 839 402 462 355 501 384 702 351 734 374 551 355 593 387
568 356 702 442 0 143 346 524 765 325 841 402 840 344 1012 438 542 353 580 388 482 355 559 402 703 350 734 374 461 353 496 383
863 346 1026 442 0 137 324 524 470 354 546 405 569 358 700 440 766 323 843 403 539 351 581 389 703 350 734 375
868 346 1035 446 464 353 544 407 569 358 700 439 0 129 305 533 537 352 579 388 767 323 844 403 702 350 735 375
876 347 1052 450 457 350 541 410 569 357 700 440 535 353 576 389 701 350 737 377 768 324 846 403 0 133 284 540 843 348 859 398
880 348 1069 453 568 356 700 441 452 349 540 412 773 327 865 407 531 354 575 392 701 351 738 378 5 93 224 564
900 347 1094 460 442 347 529 414 568 354 700 444 776 327 869 408 701 352 737 379 528 355 575 394 2 90 155 563
907 346 1110 463 433 356 529 419 568 353 700 444 777 330 873 409 147 340 264 436 701 352 738 380 690 355 721 378
568 354 700 445 425 354 525 421 779 327 875 410 907 352 1134 471 701 351 738 380 108 338 260 447
934 350 1173 475 567 355 700 445 780 324 877 410 701 350 740 379 98 337 262 447 409 355 510 424
940 346 1193 478 397 354 509 425 567 354 701 446 91 334 257 448 783 318 879 410 702 349 740 378 509 343 565 401
392 352 505 427 567 354 701 446 82 331 259 450 964 342 1227 485 788 314 892 414 506 340 564 402 704 349 740 377
970 344 1247 487 376 353 493 431 567 354 701 446 792 316 898 415 49 330 218 459 705 349 741 377 487 335 567 407
993 331 1265 520 568 355 700 446 364 352 491 434 797 316 903 415 35 328 218 461 483 335 567 411 706 348 741 376
1011 344 1279 503 340 355 479 439 569 355 699 446 802 316 910 416 21 325 224 463 479 334 566 415 706 347 743 376 275 272 295 326
1032 342 1276 506 570 354 699 446 321 355 485 444 6 330 166 466 479 333 566 416 804 314 911 415 708 347 745 375 686 343 716 368
1057 338 1273 514 570 355 698 446 288 355 468 451 462 330 553 423 1 328 160 468 808 312 924 418 707 347 748 376 685 343 715 368
569 354 698 446 265 359 463 463 461 330 549 424 808 304 936 423 1097 334 1279 524 708 347 749 376 0 324 155 469
568 354 697 446 457 331 544 425 1114 336 1279 532 812 302 941 424 708 347 750 377 227 356 442 470 0 328 86 475 417 360 458 390 21 386 1237 719
206 354 437 477 567 354 697 446 451 331 542 425 1148 342 1277 538 814 302 946 425 709 348 753 378 413 361 459 393 19 387 1235 719
567 356 697 445 434 331 537 426 709 349 756 381 828 298 962 433 406 362 454 394 158 358 397 485 1166 348 1276 539 23 398 1238 719
567 357 696 445 835 296 970 437 710 351 758 382 427 330 537 427 135 355 394 497 685 352 709 373
63 344 396 524 841 293 980 441 566 357 696 444 711 352 759 382 423 338 528 438 685 352 708 373
848 292 989 443 566 357 696 445 711 351 759 382 29 345 397 534 394 329 547 435 685 352 708 373
6 343 311 553 565 356 696 446 711 350 759 382 387 328 533 438 849 293 1000 444 684 351 707 372
565 355 696 447 0 343 267 573 715 349 767 384 866 288 1027 449 380 321 524 442 688 345 714 367
565 355 697 446 873 287 1038 452 360 319 501 445 715 349 768 384 2 332 215 606 689 345 715 367 236 358 283 435
565 355 698 446 346 314 494 451 715 349 770 384 1 313 157 591 877 287 1054 455 690 345 716 367 235 355 279 434
565 355 697 445 716 349 772 383 890 276 1101 460 693 346 717 365 330 311 488 456
567 355 696 444 716 348 775 383 901 272 1104 464 284 313 462 466 692 344 717 364
568 355 695 443 263 309 455 473 717 348 776 383 911 271 1115 467
569 355 694 441 717 348 778 383 229 311 436 486 927 267 1159 470
569 356 693 441 719 348 779 383 939 266 1168 476 472 355 485 380 213 304 429 480
569 356 692 441 720 348 781 383 934 277 1206 479 708 341 730 364 93 288 419 500 468 355 482 381
569 356 691 441 962 279 1236 484 721 348 783 383 61 276 399 518 708 341 731 365
570 355 691 441 971 276 1253 492 723 347 785 383 17 285 404 552 707 341 731 366
570 355 691 440 993 268 1268 500 725 346 787 385 0 241 343 549 708 340 734 367
571 355 690 439 728 344 789 386 1018 261 1277 504 708 340 736 368
570 355 691 438 733 338 789 390 1050 226 1279 527 708 339 738 369 445 357 464 387 421 352 441 384
570 355 691 438 1066 233 1279 525 733 338 791 390 708 338 739 368 308 353 391 406 441 357 461 387
570 355 690 437 1116 215 1278 537 732 338 796 390 708 337 739 367 284 349 383 411
570 355 688 436 279 350 377 411 733 338 798 391 710 336 740 367 1144 224 1276 542
570 355 687 436 735 336 799 392 278 352 369 411 710 336 740 367 422 355 444 389
570 354 688 436 737 335 801 394 262 351 364 411 710 337 741 368 419 355 440 391 1218 294 1278 570
570 356 689 435 256 359 360 419 739 336 805 396 710 339 741 368 576 346 679 397
571 357 690 435 249 360 356 419 741 337 811 399 712 341 743 369
233 362 341 422 570 357 691 435 743 338 814 400 713 342 744 370 398 358 424 397
227 361 340 423 570 356 691 436 746 339 816 400 713 342 745 370 394 360 421 398
748 339 818 399 569 355 690 436 225 359 334 422 713 342 745 370
204 360 314 425 749 337 819 398 567 355 690 434 713 342 745 370 375 372 401 406
196 358 314 426 753 337 828 398 370 370 398 410 567 355 689 432 714 341 746 370 27 415 1231 719
755 337 831 399 181 360 294 429 568 355 689 430 363 371 392 414 716 342 747 370 369 355 395 398 28 418 1236 719
757 339 835 401 173 361 294 432 569 355 687 431 717 343 748 370 28 422 1239 718 362 373 388 411 348 377 374 414
761 341 840 404 570 355 687 433 152 363 274 438 340 376 370 418 27 428 1244 714
764 343 843 407 139 363 276 442 569 356 687 434 730 351 760 375 860 347 878 385 324 375 353 422 31 432 1244 713 541 355 571 375
767 344 847 408 123 364 251 446 568 356 687 435 315 375 349 427 727 350 761 376 541 356 572 376 862 348 881 387 31 430 1242 713
768 345 849 409 568 356 686 436 724 348 763 377 865 350 884 388 119 365 249 447 541 357 571 378
771 341 862 416 569 356 685 437 86 366 230 455 721 347 765 378 540 358 573 379 868 349 886 389
773 341 867 417 570 357 685 438 721 347 767 379 51 367 228 467 539 358 575 380 264 393 301 442
777 341 872 418 40 368 222 467 569 357 685 437 722 346 767 379 539 358 574 379 769 355 787 380 566 358 588 377
780 340 879 420 23 368 213 469 569 356 686 437 725 347 767 380 539 358 573 378 770 356 788 381 565 357 588 377
793 339 890 423 569 356 685 437 727 348 769 380 13 367 205 470 538 357 572 379 565 356 589 378 772 358 789 382
795 338 895 425 0 370 168 476 570 356 685 436 729 349 770 380 537 357 571 379 565 357 589 379
797 339 901 425 0 372 156 477 570 356 686 435 730 349 771 380 565 357 590 379 537 357 571 380
571 356 686 434 801 338 907 425 730 347 773 381 0 368 127 480 565 357 590 379 536 357 571 379 781 355 804 392
810 336 926 427 571 357 687 435 731 346 776 381 782 357 805 394 564 358 590 379 535 358 572 380 94 364 177 421
811 339 936 433 572 357 686 436 732 346 779 383 88 365 173 421 784 358 807 394 536 359 570 381 564 358 590 380 0 550 1279 718
815 340 943 433 573 357 686 436 733 346 781 384 69 367 160 423 538 359 570 382 786 360 811 395 565 359 590 381
573 358 686 438 826 338 959 439 733 346 783 386 65 367 153 425 539 360 570 384 565 359 591 383
574 358 687 438 826 341 970 439 734 347 784 387 43 367 135 426 564 360 592 384 541 362 571 385
830 339 985 445 573 359 688 438 38 366 130 428 735 346 785 388 562 360 594 385
