

242 341 716 644 272 373 334 431 1171 398 1259 450
243 341 716 643 272 373 333 430 1171 398 1259 450
242 341 716 642 273 373 333 430
242 341 716 642 274 373 333 429 1171 399 1259 450
242 341 716 642 276 373 334 428 1171 398 1260 449
244 340 715 643 276 372 334 427 1171 398 1260 449
243 341 716 643 277 372 334 427
241 342 717 642 278 372 333 427
239 343 719 641 280 371 333 426
239 343 719 641 287 374 328 417
239 343 719 640 288 374 328 416
239 342 720 640 291 374 329 415
239 342 720 640 292 375 329 413
238 343 721 639 293 376 330 413
238 343 720 639 294 376 329 413 777 414 870 443
238 344 720 639 295 377 328 413 777 414 870 443
239 344 719 638 296 378 327 412 777 414 870 443
240 345 719 635 298 379 325 409 777 414 869 443
240 346 719 632 777 414 869 443
240 346 719 630 1017 404 1068 436
240 347 719 629 1017 404 1069 436
241 347 719 629 1044 389 1154 450 1017 404 1068 436
240 347 719 631 1018 404 1069 437 1046 390 1153 450
240 347 719 633 1018 405 1069 437
240 347 719 633 1018 405 1069 437
241 348 718 632 1019 405 1068 437
242 348 717 630 1020 405 1067 437
243 348 716 631 1021 405 1066 436
245 347 714 632 1022 405 1065 436
247 346 712 635 1022 405 1065 436
249 346 711 635 1022 405 1065 437
249 346 710 632 1022 406 1065 438
250 347 709 630 1023 407 1065 439
249 347 708 631 1023 407 1064 439
249 346 707 634 1023 407 1064 439
251 345 706 637 1024 406 1064 439 778 415 870 442 11 358 66 384
254 344 705 641 1024 406 1065 440 10 358 67 384 778 415 870 442
256 342 704 646 1024 406 1065 440 778 415 870 442
256 341 703 651 1024 406 1065 440 1171 400 1260 450 778 415 870 442
254 342 703 649 1024 405 1064 439 1172 400 1260 450 13 359 65 384 778 415 870 442
253 343 703 646 1023 405 1064 439 15 359 66 384 1172 399 1260 450
255 344 703 645 1023 405 1064 439 17 358 66 382
259 343 702 645 17 358 66 382 1023 405 1064 439
262 341 701 647 17 358 67 382 1022 405 1064 439
265 341 698 645 17 359 67 383 1022 405 1064 440
268 342 696 645 17 359 66 383 1023 405 1064 440
269 343 694 643 17 359 66 383 1023 405 1065 440
270 345 693 641 16 360 62 383 1023 405 1066 440
270 345 693 641 1023 405 1067 440
271 345 692 641 1023 405 1068 440 1169 401 1225 434
271 346 691 641 1023 405 1068 440 1170 402 1225 434
271 345 689 642 1170 402 1225 433 1024 405 1069 440
269 345 689 643 1170 402 1225 433
269 345 688 646
270 345 688 646
270 344 688 646
270 345 688 645 1023 406 1073 438
271 346 687 645 1023 406 1073 438
272 347 686 644 1022 405 1073 438
274 347 685 644
276 346 683 645
278 345 682 646 208 373 247 401
280 344 681 646
282 344 680 646
284 345 680 646 1058 350 1141 582
285 344 680 646 1059 351 1140 582
285 343 679 648 1059 351 1142 583
285 342 679 649 1060 350 1144 584 995 406 1043 435
287 342 676 651 1062 351 1147 584 995 406 1044 436
288 343 674 649 1067 354 1147 581 996 406 1043 436
289 343 671 649 1021 405 1072 439
291 343 670 649 1021 405 1074 440
292 342 670 650 1021 406 1074 440
294 340 669 651
294 340 670 653
296 341 669 651
297 343 667 649
299 345 665 646
299 347 664 645
299 348 663 643
298 349 662 642
298 349 661 640
298 348 660 638
299 348 660 638
301 348 657 640
301 348 655 642
300 349 654 642
299 351 654 640
297 352 654 639 1157 346 1230 604 1022 407 1077 441
296 352 656 637 1165 345 1235 602 1023 407 1077 441
294 352 657 636 1171 344 1241 602 1024 407 1078 441 264 378 293 402
296 351 655 636 263 378 293 402 1176 347 1247 604 1026 408 1076 440
298 350 653 635 262 378 293 402
300 349 650 633 262 378 294 403 1041 407 1091 441
300 349 651 631 262 378 295 403 1040 406 1091 441 601 379 695 450
299 349 651 628 263 377 295 403 1044 405 1091 441 600 379 695 449
298 350 652 628 264 377 296 402 1049 405 1091 440 600 378 695 448
298 351 650 630 265 377 297 402 152 339 249 406 1083 396 1112 441
