

460 187 563 425 165 89 308 246 743 190 838 441 581 134 766 369 308 125 373 192 558 149 592 258 443 139 503 207 957 79 1224 309 369 120 392 139
744 191 839 440 459 185 562 425 167 91 310 244 581 133 767 369 318 123 380 191 559 150 593 257 958 80 1223 309 369 120 392 139
745 192 842 438 459 186 561 425 181 93 319 243 580 132 769 369 317 123 380 191 560 151 593 256 937 105 1244 242 370 120 393 138
745 195 846 436 460 186 560 425 184 93 319 241 317 123 380 190 579 132 772 370 560 151 593 255 938 105 1244 242 370 120 393 138
747 197 851 435 460 187 559 424 187 92 322 241 579 131 775 370 560 150 593 254 938 105 1244 242 371 120 393 139
746 198 857 435 461 189 558 423 191 91 323 241 320 122 382 190 578 130 778 371 560 151 594 251 939 105 1244 242 370 119 393 139
461 190 557 422 745 199 861 435 193 86 326 229 322 123 383 189 578 129 780 371 561 152 595 248 939 105 1244 243 370 119 393 139
462 192 555 420 743 199 865 435 196 88 327 227 323 124 383 188 578 129 782 370 561 153 596 247 940 105 1244 243 370 119 393 139
462 193 553 417 744 200 867 434 198 90 328 225 325 123 383 187 591 131 843 370 561 153 596 247 941 105 1244 243
462 194 552 414 747 199 868 434 201 91 330 224 590 130 844 370 327 123 384 187 561 153 596 247 959 79 1223 311
462 193 551 410 753 198 869 435 204 92 331 223 328 124 385 187 590 131 842 371 562 153 595 246 958 80 1223 310
461 189 549 405 762 195 871 437 208 91 335 223 331 124 384 187 589 134 841 372 562 153 594 246 958 80 1223 310
460 185 548 400 773 196 875 436 219 89 333 225 333 123 384 186 589 135 841 372 562 153 594 245 942 105 1243 242
458 182 547 397 782 198 877 432 224 88 337 225 589 134 843 371 335 122 383 186 942 105 1243 242 562 153 594 244
456 181 547 396 796 196 884 433 228 89 339 225 589 131 845 371 337 122 383 185 942 105 1243 242 562 154 594 243
455 181 547 395 798 196 886 432 231 89 342 223 590 131 850 371 339 122 385 184 942 105 1243 241 562 153 594 243
454 182 546 394 797 187 891 424 234 90 344 221 590 132 854 371 341 122 386 182 563 152 594 243 943 105 1243 241
455 183 545 392 799 188 896 423 236 90 346 219 590 130 859 371 346 127 382 181 563 152 594 243 943 106 1243 240
456 183 545 391 803 196 896 431 242 93 357 217 592 128 861 373 346 126 382 180 563 153 594 243
457 183 544 389 805 197 897 431 246 94 357 214 593 127 860 374 347 126 382 180 562 154 594 243
457 185 544 386 807 197 898 432 250 94 357 212 594 129 859 373 562 153 594 243
458 187 543 382 811 197 899 432 255 94 355 210 594 131 857 373 562 152 594 243 356 126 388 175
459 189 544 380 814 197 901 431 257 94 356 210 594 132 855 373 562 152 594 244 356 126 389 175
816 189 903 423 460 189 545 377 260 98 357 205 593 131 852 372 562 152 594 244 356 125 389 176
817 190 904 422 462 188 546 375 262 98 358 204 591 132 850 372 562 152 593 245 358 124 389 176
818 191 903 419 463 185 548 374 263 98 359 203 590 131 849 371 563 152 594 245 359 123 388 176
819 192 903 417 465 183 549 373 265 97 361 202 590 132 849 369 562 152 594 244 360 124 388 174
821 191 901 416 466 179 549 373 267 96 363 201 590 133 848 371 562 152 595 244 361 123 388 173
823 190 901 416 466 177 550 373 277 96 369 201 588 135 846 372 563 151 595 245 362 122 388 172
825 188 900 416 467 175 550 373 279 97 369 199 588 134 843 374 563 150 595 246 363 121 389 172
827 187 901 417 467 176 550 373 281 98 369 197 589 132 841 374 563 150 595 245 261 151 276 181
829 188 902 417 466 179 550 372 283 98 370 196 589 130 839 375 563 149 594 246 261 151 276 182 0 323 121 549
831 189 903 416 466 182 549 371 285 99 370 195 589 129 838 374 0 290 143 576 563 148 594 247 261 151 276 182
833 190 905 416 466 184 549 368 287 99 372 194 588 128 838 373 1 288 155 569 563 147 594 247 261 151 276 182
836 191 906 416 465 184 549 366 288 99 373 194 587 127 836 373 5 279 167 522 563 147 594 246 260 151 276 182
838 192 906 415 466 183 549 361 290 99 374 193 586 126 836 373 563 146 595 245 260 152 276 182 487 119 543 181 28 272 189 524
839 194 907 414 467 181 549 357 292 98 375 191 585 124 836 372 563 144 595 244 260 152 276 182 491 119 546 177 55 278 187 487 259 139 275 171
841 195 907 412 468 179 548 353 294 97 376 190 584 120 837 371 67 272 199 480 563 143 596 243 260 152 277 182 493 118 547 176 268 139 283 172 259 139 275 170
843 196 908 407 469 178 547 353 296 96 377 189 583 117 839 371 259 153 277 182 563 144 596 242 90 274 217 478 494 117 549 175 268 139 283 171 259 139 275 169
845 195 910 400 470 178 546 352 303 96 377 190 584 118 839 373 97 267 226 479 259 152 278 182 564 145 596 241 267 138 284 171 496 116 550 175 258 138 275 169
846 194 912 395 470 177 545 352 112 249 233 442 304 95 377 190 583 118 841 372 259 152 278 182 564 145 596 241 498 114 551 175 266 138 284 171 258 137 276 169
847 193 914 393 471 177 544 351 123 245 245 435 305 95 377 190 584 117 839 374 259 152 278 182 500 113 552 175 564 144 596 241 266 137 284 172 258 137 276 170 128 360 229 515
847 192 915 392 471 177 544 351 128 241 251 431 306 96 377 189 583 117 838 375 259 152 278 183 502 113 553 174 136 353 235 505 563 137 598 227 265 136 284 172 258 136 276 170
848 191 915 391 472 178 544 351 148 239 269 424 308 96 376 188 583 120 837 376 261 150 285 186 562 137 598 227 265 135 284 173 258 136 276 170 504 113 554 174 144 346 236 495
848 190 915 391 474 164 544 349 160 236 277 418 309 97 376 187 583 123 835 376 260 150 286 186 562 138 599 224 265 135 284 173 257 136 275 170 161 343 254 487
849 190 915 391 476 165 544 347 173 232 287 412 584 124 834 374 310 97 375 187 260 150 286 187 563 139 599 222 172 319 270 471 264 136 285 173 257 136 275 169
849 190 914 392 477 165 545 345 182 215 288 385 584 124 833 371 259 150 287 187 311 96 380 187 264 136 285 173 563 140 599 221 180 318 276 462 964 104 1240 246
849 190 914 392 479 164 546 342 259 150 287 188 585 122 832 369 202 213 305 384 312 96 380 187 264 137 285 173 563 140 598 222 190 350 279 439 964 103 1238 246
848 190 913 391 481 162 547 340 208 213 312 381 259 150 287 188 312 96 380 186 585 121 830 369 263 136 285 174 563 140 598 223 963 103 1238 245
847 189 911 390 483 159 548 339 217 213 321 376 316 92 379 180 260 150 287 187 586 120 828 370 0 299 71 469 214 323 302 419 563 140 598 223 961 102 1238 246
483 157 549 339 846 189 910 389 224 213 328 372 316 92 379 180 260 149 286 187 0 295 77 473 586 119 828 370 221 321 305 418 563 140 598 223
485 157 550 340 843 189 909 387 232 209 333 370 317 92 379 179 260 150 286 186 586 121 830 371 0 283 85 479 561 139 598 225 236 321 321 415
485 158 551 340 841 190 908 384 238 205 338 369 318 92 379 178 259 150 287 186 586 121 832 372 0 273 115 481 561 138 597 226 244 305 326 394
486 159 551 339 839 190 907 382 250 205 351 363 0 264 122 485 318 91 379 178 259 150 287 186 586 123 836 373 562 137 597 227 256 300 317 396
487 159 551 339 839 190 906 380 253 204 354 360 0 262 128 484 319 91 379 179 258 151 288 187 587 125 836 373 263 136 285 174 262 299 342 392 562 136 598 227
837 188 904 380 488 159 551 337 260 204 360 359 320 91 379 179 259 151 289 188 0 261 132 479 588 126 838 372 275 298 337 389 263 137 286 172 562 135 598 227
834 185 902 379 488 159 551 333 259 151 289 188 268 203 367 353 321 91 379 179 2 249 135 452 588 127 837 371 561 134 598 228 280 282 339 371
831 183 900 379 487 159 550 328 258 150 290 189 0 244 166 447 276 200 373 350 322 91 380 179 587 126 837 369 288 280 363 370 562 134 598 227
830 182 899 378 0 241 173 444 486 158 550 326 258 150 290 189 284 199 375 346 323 91 380 178 293 279 367 368 586 126 833 367 562 135 598 227
828 183 898 378 0 233 181 437 486 157 549 325 258 149 291 190 323 91 380 177 291 200 379 345 586 126 830 366 303 277 365 365 562 136 598 228 292 122 314 140
0 225 188 429 826 183 897 378 486 156 549 326 259 149 291 190 322 90 379 176 294 174 384 331 586 127 829 366 562 145 596 241 292 121 314 140 310 277 367 360
0 217 193 421 825 184 896 378 486 155 549 326 260 148 291 189 321 90 378 176 309 178 391 327 562 134 597 233 586 129 831 367 320 280 380 354 292 121 314 140
0 213 195 417 822 185 895 378 485 155 549 326 312 179 395 325 261 148 291 189 321 91 378 175 320 259 385 345 563 133 597 232 585 131 831 368 293 121 314 140
0 211 199 396 820 187 893 376 485 156 549 324 318 180 401 322 261 148 291 189 321 91 378 175 327 261 387 340 563 133 598 230 586 133 834 368
1 208 208 385 819 190 890 373 486 158 550 324 323 180 408 318 262 148 291 188 322 92 378 174 334 261 390 336 564 135 598 228 586 132 835 368
0 207 216 373 818 190 887 371 487 159 551 323 262 148 291 188 328 178 413 315 321 92 378 173 564 135 598 226 586 132 838 369 343 264 401 333 963 102 1235 244
0 205 221 364 817 189 886 371 487 160 552 322 262 148 291 188 333 175 416 312 320 92 378 172 346 259 403 330 587 129 838 369 564 134 599 225 292 119 314 138 964 101 1235 245
0 203 230 358 817 188 885 369 263 150 292 188 338 171 420 307 497 169 546 316 320 93 377 171 348 235 409 322 587 127 838 369 564 134 598 225 265 136 289 172 291 119 313 138 966 101 1236 246
0 201 240 353 817 187 882 365 264 150 292 188 354 235 412 320 497 165 548 296 342 168 423 304 319 93 376 170 588 125 837 370 564 136 598 224 503 240 543 316 967 101 1236 245
0 199 252 348 816 187 880 360 359 236 416 317 498 164 550 297 264 150 293 188 346 166 426 302 319 93 376 170 588 127 835 370 504 240 544 315 564 138 598 223 967 102 1238 244
4 197 257 345 816 186 879 358 363 234 417 315 498 162 551 298 349 165 427 302 264 149 293 188 319 92 376 171 587 127 834 370 565 138 598 222 504 241 545 313 966 103 1239 242
12 196 263 339 816 185 877 357 499 163 552 295 265 149 294 189 318 92 376 171 367 232 425 312 587 128 835 370 352 163 428 301 373 115 395 142 966 104 1239 241 566 136 598 223
35 198 274 333 816 185 875 356 500 164 553 293 265 149 294 189 370 232 425 308 364 168 435 282 318 92 375 171 586 129 837 370 373 116 395 142 965 104 1239 241 291 119 314 140
49 188 267 323 369 168 435 278 500 163 554 293 816 184 874 355 266 150 294 189 375 231 426 304 317 92 375 170 585 133 836 371 373 117 395 142 965 104 1237 243
54 188 269 321 501 160 554 294 372 168 435 276 814 185 872 355 267 151 294 188 378 230 427 302 585 136 835 372 316 92 375 169 373 117 394 142 965 104 1236 244
62 187 272 317 501 158 554 296 817 176 868 361 378 168 436 273 268 151 294 188 586 136 833 372 382 229 429 299 314 94 372 168 372 117 394 141 963 103 1236 244
70 186 277 314 501 160 554 293 384 216 434 291 816 179 866 362 269 151 295 187 379 165 439 245 587 136 832 371 314 95 372 168 372 117 393 140 271 138 292 169 962 102 1236 244 563 133 592 227
79 184 282 311 389 216 436 289 502 162 554 293 269 151 296 187 382 163 440 243 815 180 865 362 314 96 372 167 587 136 834 371 371 117 392 140 960 102 1236 244
85 183 287 306 391 215 437 286 503 164 554 291 269 151 297 188 800 184 862 356 384 163 442 242 313 97 372 167 587 137 835 371 371 116 391 140 960 102 1236 243
91 181 289 302 503 164 556 290 798 185 859 354 271 150 297 188 394 171 448 270 313 98 372 166 370 116 391 140 584 139 837 370 961 102 1237 243
107 177 297 297 504 163 557 288 796 186 856 352 393 161 450 247 397 209 446 286 313 99 371 165 272 150 298 189 370 116 391 140 563 131 592 225 147 152 167 194
113 175 297 295 504 161 558 286 400 209 448 284 395 160 451 244 793 186 854 351 369 116 391 141 312 100 369 164 1 262 55 486 272 150 298 189 563 132 593 224 148 154 167 194
117 172 300 293 504 162 558 284 398 161 452 242 403 208 450 282 798 176 850 334 2 238 66 456 313 101 368 164 368 117 392 142 562 133 593 224 581 145 842 371 149 155 167 194
124 169 303 289 504 161 557 283 401 160 454 241 1 225 75 458 795 174 848 335 407 207 452 279 313 102 366 164 368 117 392 142 583 147 841 373 562 134 594 224
133 167 307 285 505 160 557 284 405 160 456 240 792 174 847 333 0 216 85 466 411 206 455 277 312 102 365 165 581 150 842 373 561 133 594 224 367 117 392 142
144 165 311 281 507 156 558 286 407 159 458 241 0 205 111 461 788 175 846 327 311 102 364 164 414 206 457 274 580 151 844 373 367 118 392 143 562 132 595 224 274 138 296 161
150 164 315 278 508 157 559 285 0 204 117 460 409 159 460 241 786 177 846 319 311 102 364 164 562 132 595 225 579 152 844 372 367 119 391 142 415 206 458 272
156 163 321 275 509 157 560 286 0 192 136 484 411 158 461 242 308 101 363 164 785 177 847 280 563 133 596 225 578 150 845 372 367 119 391 142 417 207 459 270
167 162 333 271 510 159 561 285 0 191 139 480 414 157 462 243 306 100 362 165 564 133 597 224 578 147 844 373 785 178 846 280 367 120 391 141 145 149 161 194
171 163 333 270 512 157 561 286 0 189 145 472 417 157 463 244 304 99 361 165 565 133 597 224 577 147 845 373 784 178 846 280 367 119 391 140 145 149 162 194
176 163 333 269 513 158 562 284 0 189 151 460 566 133 598 223 303 99 359 164 423 155 469 246 578 148 846 374 784 178 845 279 367 118 391 140 145 149 162 194 965 105 1242 240
182 163 335 268 514 155 563 286 0 173 165 430 424 156 470 244 567 132 598 223 578 149 848 372 302 99 358 162 777 174 842 279 366 118 391 140 966 104 1243 240
183 156 344 259 515 154 564 285 0 191 173 400 426 158 471 241 568 132 598 223 777 174 841 280 579 149 849 372 366 118 391 140 299 100 357 161 968 104 1243 240 432 198 466 255
188 156 345 257 0 191 181 390 519 151 565 284 427 158 472 239 569 131 599 223 777 174 840 280 579 147 848 371 432 197 467 253 366 119 391 140 969 104 1244 240 504 115 518 143
0 190 185 383 191 155 348 256 519 152 566 283 429 159 474 236 432 197 467 250 579 143 851 370 777 173 838 314 568 130 599 222 367 119 391 140 351 119 377 147 969 105 1246 240 504 115 518 143
0 186 191 378 203 158 349 248 520 151 567 283 431 160 476 236 434 196 467 247 578 139 853 370 568 131 600 220 971 104 1247 240 349 118 376 147 367 119 391 139 503 115 518 143 288 102 366 158 777 169 836 316
207 157 352 248 0 180 197 374 520 150 568 284 435 195 467 244 578 135 857 368 434 162 477 236 972 103 1249 240 567 132 600 216 287 102 365 158 503 115 517 143 347 117 376 148 367 119 390 138
211 155 354 248 0 174 218 369 519 149 570 285 974 101 1250 241 578 136 859 367 437 194 468 243 435 161 479 237 567 133 600 213 287 103 346 158 503 115 517 143 346 117 375 148 367 118 390 137 778 172 832 268
