

384 415 525 479 990 479 1279 681 197 438 280 496
388 414 527 479 1001 481 1279 680 1045 404 1145 531
392 413 530 478 793 390 852 467 1054 402 1150 533
398 413 544 480 798 389 858 465 1209 288 1279 484
399 413 546 479 234 435 324 495
401 413 548 478 240 434 331 494 816 387 877 471
404 413 549 477 255 435 349 493 822 385 883 470
409 412 552 476 261 435 355 494 838 382 900 475
414 411 555 476 844 380 907 473 280 435 373 493
425 410 567 476 284 435 381 493 862 378 922 474
427 410 570 474 865 376 932 477 302 435 402 492
433 408 575 474 303 434 411 492
435 406 582 473 700 356 760 450 913 376 972 475
451 406 594 472 795 375 849 455 901 351 994 482 351 432 453 491
453 405 597 472 359 433 458 491 719 357 777 446 909 349 1002 483 798 373 856 456
448 403 606 471 724 356 782 445
415 392 614 477 953 345 1047 488
419 391 618 476 744 352 805 445 957 312 1063 482
430 391 623 476 750 354 809 443 965 308 1073 478
480 390 622 459 765 353 827 442 992 306 1104 482
768 351 832 441 480 387 625 457 1003 301 1117 482
481 385 626 460 892 349 954 458 774 349 837 440 1037 302 1149 481
485 383 623 464 1045 295 1159 481 787 344 851 442 893 346 959 454
485 384 625 466 791 342 857 442 915 344 977 457 192 411 278 480
475 380 646 468 188 410 289 480 940 343 1000 455 810 339 877 442
478 379 654 466 200 408 307 477 809 340 877 441 941 340 1005 459 868 341 927 447
480 377 659 465 201 412 318 478 814 343 881 439 963 337 1021 459
482 376 665 464 228 414 332 480 821 343 885 438 963 336 1027 458 251 378 310 464
483 375 669 464 233 414 340 482 838 342 906 440 967 324 1063 463
485 375 675 464 248 412 366 483 844 341 913 441 277 377 335 464
487 375 680 464 257 414 370 483 858 342 926 443 281 376 338 463
493 378 700 464 271 411 392 486 864 340 932 444
496 379 706 464 297 415 417 485 327 377 382 466 888 339 952 447
501 380 712 465 303 412 423 488 333 375 386 466 891 334 959 451
503 381 720 465 314 412 446 490
506 381 729 468 324 411 447 487
508 380 738 470 338 401 491 495
508 379 745 473 357 425 506 501
506 379 748 474 377 425 523 502
503 379 754 478 390 427 519 501
525 383 770 479 433 429 566 500 0 261 190 534
530 383 773 481 463 380 557 503 0 260 190 535
533 383 780 479 475 380 567 504 0 254 188 539
533 382 791 479 0 251 186 541
525 381 806 480 0 246 183 541 489 422 656 508
521 380 817 486 1 246 181 535
520 380 825 491 1 244 180 531 528 417 684 512
574 380 827 486 0 245 181 524 539 416 699 514
562 380 840 487 0 249 183 521 617 368 705 513
0 252 182 519 557 382 848 488 627 366 714 516
0 254 179 521 556 381 859 491 659 367 750 515
562 378 866 498 0 252 175 522
561 375 876 501 0 251 172 522 721 354 807 510
562 371 884 503 0 248 170 523 728 354 821 509
563 370 885 503 0 247 168 525 762 355 847 510
569 370 883 502 0 248 164 525
578 369 876 502 0 249 161 525 817 356 912 503
571 375 939 502 0 254 157 522 831 352 922 503
575 374 945 501 0 254 156 521 857 354 961 490
579 372 953 498 0 256 155 521
586 369 952 497 0 255 154 522 913 351 1016 493
575 358 979 511 0 260 153 522 928 349 1027 501
592 361 1015 510 0 263 151 523 965 335 1051 472
598 361 1021 509 0 263 148 525
605 361 1024 510 0 258 146 528
610 363 1024 508 0 253 143 531
614 362 1025 508 0 246 140 533
618 362 1031 508 0 239 135 536
623 362 1039 512 0 234 134 541
627 362 1053 517 0 309 132 531
629 362 1064 520 0 234 130 540
633 361 1079 521 0 233 127 537
637 359 1089 522 0 230 124 536
640 355 1099 524 0 230 122 536
643 352 1105 525 0 230 119 535
646 350 1109 528 0 230 115 538
668 351 1120 529 0 257 115 530
669 355 1125 533 0 257 113 534
668 361 1131 537 0 290 113 548
665 369 1143 547 0 291 110 560
662 375 1156 555 0 291 108 570
661 381 1169 564 1 291 107 576
662 381 1179 568 1 292 107 577
665 381 1192 571 2 289 106 581
666 381 1207 571 0 290 95 578
669 380 1221 572 0 289 92 580
673 380 1230 571 0 294 89 578
676 375 1245 572 0 297 85 577
679 370 1258 572 1 297 81 575
682 362 1266 573 1 295 77 573
684 356 1271 573 1 296 75 571
707 350 1272 574 1 294 74 572
704 348 1279 577 2 292 71 575
703 348 1279 576 2 288 68 577
704 349 1279 575 1 289 66 577
707 349 1279 575 1 296 61 568
712 349 1279 579 1 304 56 557
719 348 1279 581 1 310 50 549
