

868 352 987 580 1100 289 1279 656 144 317 304 627 550 389 615 505 562 453 611 522 718 378 820 520 418 383 486 511 879 477 1015 614 736 469 823 576 296 367 414 582 479 401 540 500 698 380 754 466
868 352 987 579 1098 285 1279 659 550 388 615 507 134 313 295 584 561 454 610 523 416 382 506 520 724 396 828 548 878 476 1012 614 736 470 822 576 259 334 408 603 681 379 758 510
868 353 986 579 1098 282 1279 661 549 388 615 508 123 307 291 586 255 328 405 606 561 454 610 525 717 377 821 520 416 381 508 521 736 470 822 576 879 476 1010 612 627 431 681 502 681 379 758 510
868 354 985 579 1071 276 1274 669 541 386 627 519 561 454 610 526 253 325 401 609 102 302 273 583 717 377 821 520 735 471 822 576 416 381 509 521 878 477 1010 612 627 432 681 502 695 386 755 504
867 354 984 578 541 387 626 518 1072 284 1274 665 99 299 265 584 259 441 376 612 561 453 610 526 263 330 392 557 718 378 821 521 735 471 822 576 626 433 681 503 878 479 1012 612 695 385 754 504
866 355 983 578 541 387 626 518 88 295 261 587 1072 288 1273 663 253 442 371 613 560 453 609 526 260 330 385 557 719 379 821 521 734 471 823 575 417 380 505 522 474 398 534 503 626 434 682 503 697 383 754 464 1 416 116 648 877 481 1011 613 802 384 852 460
865 356 983 579 76 290 254 594 1072 286 1272 662 540 388 625 518 249 444 367 615 559 454 609 526 256 332 380 552 723 394 827 547 734 471 823 575 391 378 478 521 473 397 534 504 801 385 853 460 697 384 753 462 625 433 682 503
865 357 983 579 1072 283 1272 664 540 389 625 518 558 455 608 526 61 282 255 603 721 394 827 545 250 333 377 541 734 470 823 574 248 444 365 619 873 470 984 614 390 377 477 521 473 396 535 506 801 385 852 459
864 358 982 580 1069 277 1274 669 540 389 626 518 40 276 220 598 721 393 828 545 557 454 608 526 872 468 985 618 390 377 475 523 245 331 376 532 734 470 824 575 254 441 366 620 473 397 535 506 800 386 851 459
864 358 979 580 1068 270 1275 675 540 388 625 518 25 270 211 603 722 394 829 546 871 467 985 621 557 454 608 527 390 377 472 524 735 469 824 575 242 329 372 531 472 397 534 505 199 442 362 618
1066 267 1275 678 863 359 977 581 540 387 625 518 724 394 830 548 11 269 205 609 871 467 985 623 388 377 469 525 736 469 823 575 556 453 607 527 192 441 359 623 689 408 750 531 221 329 354 537
1066 269 1274 679 863 361 976 580 725 396 830 549 2 263 173 613 547 388 611 507 183 441 354 628 387 392 469 537 871 468 982 621 216 328 349 538 736 470 823 575 555 453 605 527 687 407 749 531
1063 267 1274 680 862 363 976 578 725 396 829 551 546 388 611 508 383 393 469 537 174 441 351 634 2 262 159 615 209 328 341 537 872 468 979 618 736 470 822 575 554 453 604 526
1062 269 1273 679 862 364 975 576 722 395 828 551 546 388 610 508 379 395 469 536 167 441 348 629 201 327 333 535 735 471 821 575 872 468 977 615 553 453 604 527 0 260 142 617 797 386 848 460
1060 270 1271 677 861 364 974 575 374 396 465 537 546 387 610 508 719 395 826 551 183 313 345 576 734 471 820 575 871 468 975 613 554 454 604 527 428 387 476 512 795 386 845 461
1056 273 1270 677 858 364 972 574 545 387 609 508 370 398 462 537 717 396 824 551 172 307 344 570 733 471 819 575 554 453 604 528 870 466 973 611 130 433 327 622 519 421 549 471 426 387 474 510 793 387 842 461 618 434 677 501
1050 275 1269 677 856 364 971 574 545 387 609 507 366 400 459 538 716 397 822 552 731 469 818 576 148 299 325 568 553 452 604 527 123 430 319 624 869 466 971 610 519 422 548 471 453 423 514 522
855 365 971 575 1044 278 1268 676 714 398 822 551 362 399 455 539 543 389 608 506 139 303 321 470 731 469 819 577 551 452 603 528 875 487 974 596 618 433 676 501 678 384 733 466
856 367 970 574 712 396 820 551 1042 284 1267 670 359 400 451 540 131 302 313 470 542 390 607 505 731 469 819 578 874 487 974 597 550 452 603 528
853 367 969 575 708 394 818 550 355 398 447 543 541 391 606 504 731 470 819 577 1043 300 1264 658 548 452 601 529 873 488 972 597 121 304 304 467
850 367 969 575 706 394 816 550 337 404 435 548 541 415 603 522 449 413 517 530 730 470 820 577 873 489 970 597 84 298 265 468 238 408 325 551
848 366 968 576 707 393 815 549 334 403 435 550 539 414 602 523 436 399 517 539 74 287 255 474 729 471 819 576 236 407 321 552 872 490 968 597
848 366 969 576 332 400 433 549 708 394 815 550 435 399 516 538 539 414 601 523 728 471 817 576 68 281 250 474 230 410 318 555 1033 502 1276 675 872 491 969 596 678 453 727 533 606 433 661 502 673 393 733 491
848 365 968 576 329 400 430 549 710 394 815 550 530 402 611 531 435 398 514 537 726 471 816 575 224 411 313 556 38 279 223 471 677 452 725 532 670 392 733 494 870 491 968 596 1050 283 1252 601 604 403 656 489 307 384 356 449
847 364 968 577 708 394 815 551 324 399 427 549 528 403 611 530 431 397 513 538 542 454 597 532 25 260 211 519 725 470 815 576 218 412 308 560 1035 300 1262 653 670 391 732 494 676 452 724 533 869 492 966 596 602 402 655 488
847 364 967 577 707 394 814 551 318 400 424 551 526 403 610 530 429 396 512 539 541 454 597 532 726 470 815 575 1036 307 1263 652 602 401 653 488 869 491 964 596 668 390 730 495 675 451 722 533 212 360 297 518 7 250 204 524 218 447 307 544
847 364 966 578 706 394 813 550 316 398 422 552 524 403 608 530 426 395 511 540 541 454 597 532 726 470 815 574 600 398 653 488 862 469 960 610 674 450 722 534 2 251 163 518 1036 316 1263 648 669 386 728 466 208 363 296 520 215 449 304 543
845 363 962 578 706 395 811 549 313 397 415 556 522 404 606 531 424 394 509 542 725 470 814 573 599 398 651 488 858 481 955 596 669 413 724 530 540 454 597 532 193 363 283 524 668 385 727 466 1015 313 1226 656
842 363 959 577 707 396 810 550 519 404 604 531 309 393 410 557 421 395 506 542 724 469 812 572 190 363 283 524 1012 310 1221 662 597 399 649 490 668 408 723 531 857 481 955 596
840 364 956 577 706 396 808 549 1014 371 1209 679 518 404 604 530 187 359 283 524 420 395 505 543 532 452 588 533 282 403 391 563 723 469 811 572 666 405 722 531 857 483 954 596 90 345 176 442 596 400 647 491
840 365 955 577 1012 370 1207 681 705 398 807 550 280 399 390 564 532 454 587 532 418 396 504 544 183 357 283 522 523 388 590 506 664 403 721 531 721 468 812 571 857 483 953 596 86 344 172 442
839 366 955 576 704 399 805 550 1010 372 1203 682 531 454 587 531 279 394 388 566 522 390 589 505 416 394 502 546 177 356 281 521 857 485 953 594 662 402 721 532 721 468 812 570 595 433 648 503
838 367 952 575 704 400 805 551 276 389 385 568 528 453 585 532 521 393 587 501 412 396 500 548 168 356 275 527 1008 372 1199 681 857 487 952 592 657 411 712 526
835 368 951 574 703 400 804 552 528 452 585 533 272 383 381 571 520 393 587 501 655 410 712 528 159 353 269 538 408 398 498 549 1008 322 1195 640 856 489 950 591 722 470 786 572
833 370 949 575 703 400 804 553 1006 317 1191 638 519 414 585 523 654 408 710 528 266 383 377 572 152 351 264 546 406 398 496 549 855 489 949 590 722 469 785 572
831 369 951 576 701 399 802 552 517 413 583 523 1002 315 1191 641 404 393 494 550 147 351 262 545 653 410 709 527 261 384 373 574 852 489 947 590 718 469 815 567
699 401 802 552 514 413 581 524 822 373 935 566 402 390 492 553 132 355 242 534 652 412 708 527 999 310 1192 644 850 489 946 589 1001 497 1210 675 717 469 816 566
514 412 579 524 127 354 239 529 401 386 490 555 697 403 801 554 821 372 934 565 649 390 708 500 655 452 704 531 998 496 1207 675 55 353 114 438 997 309 1193 644 847 490 946 587 261 367 340 436 233 445 338 595 125 446 221 585 315 378 345 419
513 412 579 524 385 397 484 560 123 353 234 527 697 407 801 555 820 368 926 528 650 416 706 525 229 444 335 596 50 353 112 439 121 447 219 587
384 394 481 560 511 391 579 503 696 406 799 556 818 369 923 528 116 351 226 531 521 450 576 531 196 448 351 591 649 417 704 525 993 300 1193 652 31 348 93 439
695 405 798 554 815 370 921 529 384 393 478 559 510 390 579 503 519 451 575 530 224 371 335 583 647 417 702 526 111 350 217 533 977 307 1170 651 24 347 89 442 833 472 927 572
816 373 924 563 694 404 797 554 383 391 476 559 518 453 574 530 217 368 331 583 648 450 697 530 510 390 578 503 80 349 186 525 299 374 329 415 630 375 708 515 978 309 1167 650 831 473 925 573 12 345 69 439 716 471 778 562
815 375 925 563 694 404 796 554 379 391 475 559 73 347 185 528 646 450 696 530 6 345 65 443 829 473 924 575 211 370 328 586 216 355 307 435 630 375 708 516 296 376 328 413 517 454 573 529 714 471 777 561
686 398 779 546 813 376 925 562 703 469 787 561 373 393 471 561 502 390 568 501 827 472 921 576 509 450 566 530 644 451 695 530 209 354 302 436 182 444 348 606 71 345 179 529 291 378 324 412 629 377 708 516 3 343 61 448
686 398 778 545 808 372 917 527 825 472 916 577 702 468 785 560 501 390 566 501 368 392 470 562 509 452 566 529 642 451 694 530 629 378 708 516 176 445 345 608
685 398 778 543 808 377 920 563 824 473 912 578 500 391 563 499 364 390 467 566 967 325 1159 635 509 454 565 528 700 468 784 559 627 379 708 515 172 363 344 614 62 345 165 590
683 399 777 542 805 376 918 565 966 325 1156 635 166 359 344 615 361 386 468 567 823 474 911 577 499 393 562 499 508 456 564 526 30 335 126 553 694 469 773 557 627 380 709 514 137 363 182 436
681 399 775 542 803 378 917 567 964 323 1153 638 354 378 462 573 497 391 560 499 22 333 124 553 506 455 563 525 694 469 772 556 147 347 306 620 820 475 911 576 631 421 688 521
677 401 772 541 801 378 916 567 351 370 459 575 961 322 1149 639 494 390 559 499 693 468 771 554 18 336 126 546 504 455 561 523 630 422 688 520 818 476 914 575 156 351 258 439
350 360 454 580 677 402 770 541 799 378 914 568 961 323 1145 638 491 388 557 501 629 420 688 521 502 453 559 522 18 338 123 540 120 368 151 423 697 471 759 555 136 353 241 442
673 403 768 541 797 377 913 567 350 359 452 579 489 388 557 502 805 471 899 575 961 326 1143 635 627 421 688 521 130 351 238 442 690 469 769 553 0 328 69 552 501 453 557 522
670 403 765 541 794 377 908 567 487 388 557 503 802 471 895 575 348 363 451 580 959 323 1140 636 122 330 227 462 626 421 687 521 687 468 766 554 498 452 554 522
788 376 905 568 666 404 762 541 486 388 556 502 799 472 891 575 329 369 439 578 109 327 216 462 496 453 552 523 623 397 685 494 693 470 753 555 226 441 332 592
785 377 901 568 662 404 759 540 326 367 436 581 485 387 556 504 798 472 887 576 203 441 347 587 494 452 550 525 962 471 1264 684 221 359 325 509 622 398 683 494 692 470 751 554 83 322 196 464
784 377 902 567 662 404 759 539 797 473 885 577 323 364 433 582 485 387 556 503 199 441 343 588 78 319 190 464 492 452 549 526 216 358 321 512 621 419 680 520 999 502 1205 678
796 473 884 577 775 385 885 552 659 404 757 537 193 443 338 589 316 369 426 580 485 388 556 503 66 315 177 462 618 396 679 498 491 452 549 525 211 357 313 514
188 446 334 589 658 405 755 536 775 388 880 548 305 348 417 543 787 469 878 573 481 391 542 498 616 394 677 501 936 344 1109 637
785 470 875 571 773 390 875 546 655 404 751 536 298 343 412 549 183 448 334 592 479 391 542 500 27 311 136 466 932 375 1113 666
782 471 872 570 769 388 872 547 937 332 1105 635 654 403 749 537 476 391 540 499 15 305 126 465 159 449 308 589 299 342 411 553 681 473 737 552 482 431 564 517
762 378 870 525 936 324 1104 630 779 470 867 570 653 403 746 539 474 389 538 500 277 346 392 590 150 450 304 591 952 492 1141 665 8 302 114 466 675 456 736 547 484 452 539 524 603 393 663 499
934 317 1102 625 761 376 870 526 652 403 744 540 777 470 864 572 259 335 405 611 472 388 535 499 141 451 298 592 948 489 1143 668 601 393 663 501 483 453 539 523 677 473 734 550 1 297 81 464 178 354 275 508
930 317 1100 623 761 374 869 525 776 469 862 574 253 333 404 607 651 403 743 541 469 386 534 500 931 483 1117 655 132 452 295 596 600 392 662 500 481 454 539 522 0 293 73 466 674 473 733 550 169 353 266 502
927 317 1097 622 758 374 867 525 775 470 861 574 930 483 1115 655 244 332 397 612 467 387 534 501 649 403 742 543 480 454 539 523 599 394 661 499 672 473 731 550 130 455 290 600
923 321 1092 620 755 374 863 524 464 386 532 504 926 481 1116 656 774 471 861 576 622 379 727 520 473 451 548 524 656 456 737 547 235 332 390 614
919 324 1088 618 754 372 861 523 628 401 727 540 923 483 1111 654 463 385 531 505 472 450 549 526 223 339 343 544 765 454 862 591
915 326 1086 616 753 371 859 522 216 329 342 548 627 402 725 540 763 466 847 577 469 450 548 527 921 485 1105 649 462 383 531 507 19 337 113 464 119 347 224 499
912 326 1084 620 752 371 858 523 211 328 340 543 763 467 844 577 624 402 722 540 456 404 543 531 921 488 1098 646 112 332 213 472 654 455 735 549 455 382 513 470 11 335 106 464
909 329 1081 621 750 371 855 523 761 467 842 577 191 321 353 570 616 381 718 519 1 330 84 463
895 328 1061 625 748 371 851 524 759 467 839 576 178 317 348 573 614 382 716 518 444 402 529 534 83 331 186 472 637 456 721 543 2 325 80 464
895 327 1058 622 747 371 847 524 758 468 838 574 164 313 346 576 614 383 715 518 637 456 719 543 78 325 172 473 1 320 76 464
894 325 1055 619 745 373 846 524 756 468 837 573 613 383 714 518 636 456 717 543 143 303 319 582 447 388 510 498 455 449 548 527 269 352 364 514
892 332 1051 615 745 376 845 523 754 469 837 571 617 405 713 537 444 386 508 500 130 297 317 583 454 452 548 527 645 458 708 543
888 333 1049 614 752 469 837 570 441 385 507 501 635 456 718 545 611 384 712 519 745 377 844 519 117 292 312 586 453 454 549 527 28 316 128 473
885 333 1045 614 750 469 838 569 438 384 505 504 610 385 708 518 635 455 718 546 733 379 825 518 106 287 311 592 20 311 114 478 230 350 332 506 452 456 549 527
882 335 1042 614 741 469 823 564 610 386 707 517 633 454 717 547 730 378 824 515 225 352 327 510 434 386 493 498 85 284 278 592 576 398 631 491 451 455 551 526
878 337 1039 613 739 469 822 564 431 384 490 499 632 454 714 547 613 387 706 517 216 352 319 510 71 274 274 599 728 382 821 514 573 398 630 493
873 338 1036 613 737 470 819 564 429 384 486 465 614 407 705 539 53 267 273 603 571 397 628 496 208 353 312 512 726 384 818 513
870 337 1037 616 735 471 815 564 425 384 483 462 19 259 241 617 189 342 289 514 570 396 628 496
868 336 1034 619 733 471 812 562 182 344 287 519 617 455 698 541 423 384 482 463 11 256 234 619 570 398 627 495 616 395 683 502
864 336 1033 617 617 456 697 541 172 344 280 525 732 472 810 561 419 382 481 508 615 396 682 501 569 400 626 493
851 334 1004 620 619 456 694 540 731 472 809 564 162 343 272 525 615 398 680 498 568 418 626 517
850 334 1001 617 622 459 685 542 729 472 809 565 152 343 264 526 235 394 329 569 615 400 680 495 714 405 803 544 567 416 625 519
851 336 999 619 622 460 685 542 729 471 810 568 229 385 328 569 146 344 260 531 615 400 678 492 713 407 801 544 567 415 626 520 463 406 490 449 392 381 472 523
850 340 998 616 617 457 691 540 129 339 242 528 726 469 790 564 224 386 322 567 614 400 678 492 712 409 801 545
848 344 998 614 615 457 692 540 121 334 234 529 724 468 789 563 220 365 312 526 614 399 676 494 387 453 474 534
844 346 994 615 716 468 796 560 613 457 693 541 112 330 224 527 213 365 307 526 386 452 473 537
839 347 992 616 714 469 796 559 612 457 694 541 103 327 218 535 385 451 473 537 209 365 305 526 605 397 665 498
834 348 989 617 713 469 794 559 612 457 694 541 383 451 474 537 604 397 665 498 376 379 456 525 557 397 609 490
831 345 986 615 711 468 793 559 611 457 693 541 71 322 193 531 556 395 609 490 383 452 475 536 372 381 455 523 603 397 666 497
711 467 791 558 831 342 984 614 610 457 692 541 61 314 185 539 556 395 609 491 369 381 453 523 185 360 279 517 383 454 475 535
711 468 790 557 829 339 981 616 609 457 691 541 366 379 449 525 37 300 187 588 180 356 271 514 556 397 609 491
710 469 791 556 827 338 979 614 609 456 690 540 363 377 445 526 171 353 266 512 6 306 169 641 556 398 608 491 603 397 664 494
709 470 792 558 608 454 691 541 164 351 260 510 362 376 444 524 825 338 976 613 5 289 156 601 554 397 608 492 368 451 452 541 603 397 663 493
607 453 691 540 709 470 793 559 362 377 444 521 382 452 442 540 156 353 259 514 1 284 144 603 553 396 608 492 837 345 958 523 603 397 663 493
608 452 691 540 709 469 792 559 384 453 441 539 363 376 444 520 827 471 977 609 553 396 608 493 1 283 133 602 602 397 663 494 141 352 237 497
608 451 691 538 708 467 792 558 363 375 444 519 383 453 440 538 825 469 977 609 553 395 609 494 131 351 233 495 602 397 664 495
607 449 691 537 363 374 443 518 707 466 795 557 122 348 226 491 382 453 440 537 553 396 609 496 823 467 977 611 819 359 935 585
113 345 220 495 607 449 692 537 363 375 444 515 553 397 610 496 380 453 439 536 706 466 795 556 821 467 978 610 280 398 365 542
