

361 390 613 586 0 394 92 505 279 416 371 474 952 415 1032 457 895 421 954 461 1220 414 1254 433 1122 420 1166 438 1036 419 1090 444
357 388 604 583 0 393 88 504 265 416 359 474 950 415 1026 458 890 422 949 462 1023 418 1083 445 1218 415 1251 434 1123 421 1163 438
333 386 617 579 261 416 355 473 0 394 83 502 941 417 1019 458 1020 421 1077 448 1206 417 1240 436 858 418 942 465 1125 422 1161 438
323 389 611 580 256 416 350 474 2 395 71 500 937 418 1014 459 1201 417 1237 438 1017 422 1069 447
312 390 603 581 1 394 65 502 239 416 337 473 1195 417 1235 439 930 419 1007 460 871 424 927 463 1016 423 1063 446
302 390 594 581 236 417 332 475 0 394 58 503 935 423 1002 460 1191 417 1233 439 866 425 921 464 1000 422 1051 448 213 424 252 457
292 391 583 582 231 416 326 476 0 395 44 502 914 420 992 460 995 423 1044 447 1181 418 1219 439 750 431 799 450
284 392 569 584 216 417 310 474 0 396 39 501 916 421 988 461 1178 418 1216 440 990 423 1040 447 848 426 904 464
274 393 555 587 213 416 303 475 0 400 32 499 913 423 981 461 843 426 899 464 978 423 1030 450 1172 418 1211 439 190 425 228 456 727 430 777 451
265 392 546 588 972 424 1028 450 208 414 298 476 0 402 24 497 890 421 969 460 806 422 893 468 725 429 775 451
237 391 533 591 190 414 281 476 884 421 963 461 968 424 1020 449 1152 419 1192 439 0 413 13 485
226 390 522 593 184 412 277 478 874 422 961 462 953 425 1000 450 1146 418 1188 440
213 390 505 593 857 422 940 463 944 425 998 450 165 415 252 476 1129 420 1168 440
196 389 484 595 1124 419 1164 442 157 412 249 478 863 427 928 461 793 426 848 467 929 426 979 452 676 432 725 453 1021 427 1068 444
184 389 467 596 142 413 228 476 920 426 978 453 837 423 918 463 1117 419 1160 441 677 432 724 454 755 423 842 469
171 392 452 595 133 411 227 477 921 428 968 451 771 428 828 466
134 392 436 595 115 413 202 476 895 427 952 453 753 431 802 464 653 433 700 454
126 392 423 600 803 424 886 464 743 428 803 466 892 428 944 452 97 413 181 475 627 433 680 454 969 427 1026 446
114 391 406 601 89 411 177 476 872 427 933 453 786 423 872 464 629 432 677 454 706 425 794 469
95 388 381 604 781 424 864 464 873 428 925 452 81 408 179 479
79 387 360 605 757 424 846 466 684 426 769 470 849 428 900 453
65 386 346 607 754 425 837 466 843 428 895 453 693 428 752 469 923 427 978 447
40 384 333 610 735 425 824 467 828 428 878 453 660 425 744 471 920 427 972 446 1025 420 1068 442
26 384 315 610 730 426 818 466 827 430 871 453 900 429 950 447
12 383 296 610 707 426 795 467 801 430 848 454 900 429 944 446 557 434 600 457
0 383 275 606 704 426 786 467 873 431 929 449 796 431 843 454 531 435 579 456 613 427 699 471
0 385 260 605 687 426 771 468 614 426 692 472 775 430 831 456 874 431 923 449 531 436 576 457 976 427 1019 446
0 392 229 579 679 426 767 467 777 432 824 455 510 436 555 457
0 375 216 621 658 426 742 469 509 436 550 457 751 431 799 455 826 432 878 451
0 371 192 621 821 430 880 450 563 429 645 473 638 425 727 469 732 431 779 455 481 436 527 457
0 372 181 620 635 426 718 468 724 430 779 455 926 426 968 446 561 428 638 472 825 431 870 448
0 373 166 621 626 426 718 466 458 436 501 457 727 431 770 453 804 430 851 447
0 381 146 651 606 425 692 467 512 430 599 472
0 379 127 613 588 425 672 468 513 427 589 472 677 428 731 454 776 427 824 447 436 437 473 458
0 378 115 615 581 426 664 467 675 429 723 453 490 429 573 473 410 438 452 458 754 429 802 447
0 376 91 619 562 426 646 468 488 428 567 472 654 430 703 454 755 428 798 446
1 391 71 651 533 427 630 469 631 432 674 456 456 429 546 473 725 429 774 448
534 428 618 469 3 403 54 651 625 431 680 456 828 425 871 446 439 429 527 475 726 429 770 448 362 440 403 460
440 428 517 474 700 430 755 449 513 428 602 470 608 431 656 455 1 409 42 650 628 434 670 455
506 427 599 468 607 432 650 455 704 430 745 448
387 430 478 473 485 425 569 470 581 432 624 455 680 429 723 447
652 429 705 448 466 424 550 470 391 427 467 473 577 432 620 454
462 425 542 469 552 429 606 454 367 429 449 472 653 429 696 447 758 426 798 445
440 425 524 469 365 426 442 471 557 431 597 452 630 429 679 448
409 424 508 468 604 429 649 448 511 429 550 454 338 425 421 471 531 430 574 452
413 424 494 468 502 428 557 453 602 428 650 447 317 425 401 471
316 424 393 470 575 428 635 448 393 423 477 469 503 429 548 452
580 429 628 447 385 423 474 467 482 429 530 453 292 425 374 470
362 424 446 469 266 426 353 471 458 430 503 453 582 431 621 447 657 429 694 446 555 430 601 448
267 424 344 471 343 425 429 469 453 431 500 453 652 427 694 448 531 431 581 449
339 425 420 469 431 430 484 454 244 426 327 471 530 429 576 449 636 428 674 446
327 425 425 467 240 424 323 470 434 431 475 453
212 425 298 471 288 424 384 469 482 430 531 450
291 425 370 469 194 425 277 472 478 428 531 449 382 430 435 454
192 424 269 471 379 430 428 453 270 424 354 470
169 424 251 472 265 424 349 469
141 425 232 472 239 424 322 470 335 431 379 454
144 425 220 472 328 431 380 455 220 425 306 470 530 430 575 451 403 431 466 451
217 426 297 470 124 427 204 472 309 430 363 456 402 431 460 451 511 431 551 449
121 426 197 471 205 426 302 469 312 431 355 455
165 424 260 470 94 425 172 472
169 425 247 470 76 425 153 472 263 429 312 455 462 432 501 449 354 432 408 451
73 425 145 471 257 429 306 455 147 424 231 469 456 430 501 451 1264 402 1279 436
1254 401 1278 438 144 424 224 468 60 425 153 469 238 429 283 454
1245 404 1278 437 216 431 255 455 117 423 199 469 306 431 358 451 412 432 451 449
208 428 258 455 1222 403 1277 437 97 423 181 469 25 425 98 469 408 431 450 451 308 431 353 449
1211 403 1278 436 94 423 173 469 28 428 88 469 193 429 238 454 282 431 338 450
69 422 156 470 189 429 232 453 1208 403 1272 435 7 428 69 468 287 430 328 449
1181 399 1261 439 163 428 206 452 66 422 149 468 5 428 60 468
1173 398 1255 438 44 423 126 469 157 428 202 452 0 430 31 469
135 426 189 453 0 429 28 469 1159 397 1238 438 39 422 120 468 234 430 283 448 336 428 376 449
1149 397 1235 437 19 422 101 468 139 428 179 451
1129 396 1214 437 108 426 158 452
1119 396 1209 436 8 425 68 466 90 426 141 452 181 428 235 447
1108 394 1191 436 7 425 57 467 84 427 133 452
1097 394 1188 434 1 422 30 466
0 423 22 466 1078 393 1162 434 43 426 82 451
37 424 86 450 1068 394 1158 434 0 424 12 462
1054 394 1139 434
1043 394 1137 434 14 423 60 449
1025 393 1111 434 1 424 23 453
1009 391 1091 435 1 425 25 451
1001 390 1085 435
983 390 1065 435
973 391 1062 434
954 391 1039 435
942 392 1038 434
926 393 1019 435
902 394 996 436
894 394 991 437
881 394 973 438
869 394 972 438
850 395 944 438
834 396 923 438
827 396 917 438
809 396 896 439
798 397 894 439
781 397 874 440
