

421 429 705 647 738 453 1049 643 993 393 1279 667 685 459 800 548 791 365 808 387
421 429 705 647 738 453 1049 642 994 393 1279 666 690 461 796 561 791 365 808 387
421 429 705 646 738 453 1050 643 994 393 1279 667 690 461 796 561 790 364 808 386
421 430 706 646 738 453 1050 643 994 393 1279 666 690 461 796 561 790 364 808 386
422 430 706 647 739 453 1050 643 994 393 1279 667 690 461 796 561 790 364 808 386
421 430 706 647 739 453 1050 643 994 394 1279 667 690 461 797 560 790 365 808 386
421 430 705 647 739 453 1050 643 993 395 1279 668 690 461 797 560 790 365 809 386
421 430 705 647 739 453 1050 643 993 396 1279 668 690 461 796 561 790 366 809 386 1005 468 1135 516
421 430 705 648 739 453 1050 642 992 396 1279 667 691 462 796 561 1005 468 1136 516 790 366 809 386
421 430 705 648 738 453 1050 642 993 397 1279 666 691 462 796 560 1005 468 1136 517 790 366 809 386
422 430 705 648 738 453 1051 642 993 398 1279 666 691 462 796 560 1005 468 1137 517
422 430 705 648 738 453 1051 642 994 398 1279 667 691 462 796 560 1004 468 1136 517 473 423 488 438
421 430 705 648 739 454 1051 642 994 398 1279 667 691 462 796 560 1005 468 1135 516 473 423 488 438
420 430 705 649 739 454 1051 642 994 397 1279 668 691 462 796 561 473 423 488 438 1005 468 1134 516 790 365 810 386
420 430 705 648 739 454 1051 643 994 397 1279 668 691 462 796 561 473 423 488 438 1006 468 1133 516
420 430 705 648 739 454 1051 642 994 396 1279 666 691 462 796 561 473 423 488 438 1006 468 1132 516
420 430 705 648 739 454 1051 642 993 396 1279 665 691 462 796 561 473 423 488 438 1007 468 1132 516
420 429 706 648 739 454 1051 642 993 396 1279 665 691 461 796 561 473 423 488 438
420 430 706 648 740 455 1051 642 992 395 1279 665 691 461 796 561 473 423 488 438
419 430 706 648 740 455 1051 642 992 395 1279 665 692 461 796 562
420 430 705 649 740 455 1050 643 992 395 1279 664 692 461 796 562 473 423 489 438 791 365 809 386
421 429 705 648 739 455 1050 643 992 396 1279 664 692 461 796 562 791 365 809 386
421 429 705 649 740 455 1050 643 992 395 1279 664 692 461 796 562 791 365 809 386
420 429 705 649 739 455 1050 643 992 393 1279 665 691 460 796 562
420 429 706 648 739 454 1050 643 992 393 1279 665 691 460 796 562
420 429 705 648 739 454 1050 643 991 393 1279 665 691 460 796 562
420 429 705 648 739 454 1050 643 992 394 1279 665 691 460 796 562
420 429 705 649 739 454 1050 643 992 394 1279 665 691 460 796 562
420 429 705 649 739 454 1050 643 992 394 1279 665 691 460 796 562
420 428 705 649 739 454 1051 644 991 393 1279 666 691 460 796 562
420 428 705 649 738 455 1051 643 991 393 1279 667 691 460 796 563
419 429 705 649 738 455 1051 643 991 393 1279 667 692 460 796 563
419 429 705 648 739 455 1050 643 991 393 1279 665 692 460 796 563
419 429 705 648 739 455 1050 643 991 393 1279 664 692 460 796 563
421 429 705 647 739 455 1050 643 991 393 1279 663 692 460 796 563
421 429 705 647 739 455 1050 642 992 394 1279 663 692 461 796 562
421 429 705 647 739 455 1050 642 992 393 1279 663 692 461 796 562
421 429 705 647 738 455 1050 642 993 393 1279 664 692 461 796 562
421 429 705 647 738 455 1050 643 993 393 1279 665 691 461 796 562
421 429 705 647 738 455 1050 642 992 393 1279 665 691 461 796 562 472 423 488 438
421 429 705 647 739 455 1050 643 992 393 1279 665 690 461 796 562
420 429 705 648 739 454 1050 642 992 394 1279 665 690 461 796 562 472 423 488 438
419 429 705 648 739 454 1050 642 992 394 1279 663 690 461 796 562
419 429 706 647 739 454 1049 641 992 394 1279 662 691 461 796 562
419 429 706 647 739 454 1049 641 992 395 1279 662 691 460 796 562
420 429 706 647 739 454 1049 641 992 395 1279 662 691 460 796 562
420 429 706 647 740 454 1049 642 992 396 1279 661 691 460 797 562
421 429 706 647 740 454 1049 642 992 397 1279 662 691 460 797 562 790 366 809 385
421 429 705 647 740 454 1048 642 993 398 1279 662 691 460 797 562 790 365 809 385
421 429 705 646 740 454 1048 642 993 400 1279 662 691 460 797 562 790 366 809 385
420 429 705 646 740 454 1048 642 994 400 1279 662 691 460 797 562 790 365 809 385
420 430 705 645 740 454 1048 643 994 400 1279 662 691 460 797 562 790 365 809 386
420 430 704 646 741 454 1048 643 994 400 1279 662 691 460 797 562 790 365 809 386
420 430 704 646 741 453 1047 643 994 399 1279 662 691 460 797 562 791 365 809 386 1012 348 1049 445
420 429 704 647 741 453 1047 643 994 399 1279 662 691 460 797 562 791 365 809 385 1012 348 1049 445
420 429 704 647 741 453 1047 643 994 399 1279 661 691 460 797 563 791 365 809 385 1012 348 1049 445
421 429 704 646 741 453 1047 642 995 402 1279 662 691 459 797 563 1012 348 1049 445 791 366 809 385
421 430 704 646 741 453 1048 642 995 403 1279 661 691 459 797 563 1012 348 1049 445 791 366 809 385
421 430 704 646 741 453 1048 642 994 402 1279 662 691 459 797 563 1012 349 1049 445
421 429 704 646 740 453 1048 642 994 400 1279 662 691 460 797 563 1012 349 1049 445
421 429 705 646 740 453 1049 642 993 398 1279 663 691 460 797 563 1012 349 1049 445
421 429 705 647 739 453 1049 643 993 397 1279 664 691 459 797 563 1012 349 1049 445
421 429 705 647 738 454 1050 643 993 396 1279 664 691 459 797 563 1012 349 1049 445
421 429 705 646 738 454 1050 643 993 396 1279 664 691 459 797 563 1012 349 1049 445
421 429 705 646 738 454 1050 643 994 397 1279 664 690 460 797 562 1012 349 1049 445 789 365 810 386
421 429 705 647 738 454 1051 643 993 396 1279 664 690 460 797 562 1012 349 1049 445 790 365 810 386
420 429 705 647 737 454 1051 643 993 394 1279 664 690 460 797 562 790 365 809 386 1012 349 1049 445
420 429 705 648 737 454 1052 643 992 392 1279 664 690 460 797 562 790 365 809 386 1012 348 1048 445
421 429 705 648 737 454 1052 643 992 391 1279 666 690 460 797 562 790 365 809 386
421 428 705 648 737 454 1052 643 993 391 1279 668 690 460 797 562 791 365 809 386 662 362 680 385
421 428 705 649 737 454 1053 644 993 392 1279 670 690 460 797 562 791 365 809 386 1006 468 1134 516 662 361 679 385
420 428 705 649 736 455 1053 644 994 393 1279 670 690 460 797 562 791 365 809 386 662 362 679 385
420 428 705 648 736 454 1053 644 994 394 1279 670 690 460 797 563 790 364 809 385
420 428 705 647 737 454 1052 644 994 393 1279 670 690 460 797 563 790 364 809 385 654 359 668 382
420 428 705 647 737 453 1051 644 993 392 1279 669 690 459 797 563 790 364 809 385 1006 469 1133 516 654 358 668 381
419 428 705 647 738 453 1051 644 993 391 1279 669 690 459 797 563 790 364 809 385 1006 468 1133 516 654 358 667 381
419 428 705 646 738 453 1050 644 993 392 1279 667 690 459 797 563 790 364 809 385 654 358 667 381
419 429 705 646 738 453 1050 644 993 392 1279 666 690 460 797 563 790 364 809 385
419 429 705 647 738 453 1051 644 993 392 1279 665 690 460 797 562 790 365 809 385
419 429 705 648 738 453 1051 644 993 392 1279 664 690 460 796 562 790 365 809 386 663 362 679 385
419 429 706 648 738 453 1051 644 993 393 1279 664 691 460 796 562 790 366 809 386 1012 348 1048 445 663 362 679 385
419 429 706 648 737 452 1051 644 993 394 1279 665 691 461 796 562 790 366 809 386 1006 469 1133 517 1012 348 1048 444
419 429 706 648 737 452 1051 644 993 395 1279 666 691 461 796 562 790 366 809 386 1006 469 1133 517 1012 348 1048 444
419 428 706 648 737 453 1051 644 993 394 1279 667 692 461 796 562 790 365 809 386 1006 469 1133 517 1012 348 1048 444
419 428 706 648 737 453 1051 644 993 393 1279 667 692 460 796 562 790 365 809 386 1006 469 1133 517 1012 348 1048 444
419 428 706 648 737 453 1051 644 992 393 1279 667 691 460 796 562 790 365 809 386 1006 468 1134 517 1013 348 1048 444
420 428 705 648 737 453 1051 643 992 393 1279 667 691 460 796 562 790 366 809 386 1006 468 1133 517 1012 347 1048 444
420 428 705 648 738 453 1051 643 993 393 1279 667 691 460 796 562 1006 468 1133 517 790 366 809 386 1013 347 1048 444
419 428 705 648 738 453 1051 644 993 393 1279 667 691 460 796 562 1007 469 1132 516 789 365 808 386
419 428 705 647 737 453 1051 644 993 393 1279 667 691 460 796 562 789 365 808 385
418 429 705 648 737 453 1051 643 993 393 1279 666 690 460 797 562
418 429 705 648 737 453 1051 644 993 392 1279 666 690 460 797 562 1007 468 1132 516
417 429 705 649 737 453 1051 644 992 392 1279 667 691 460 797 562 1007 468 1132 516 789 364 809 385
417 429 706 649 737 453 1051 644 992 391 1279 668 691 460 797 562 1006 468 1132 516 789 364 809 385
417 429 706 649 737 454 1051 644 992 391 1279 669 691 460 797 562 789 364 809 385
417 429 706 648 737 454 1051 644 992 391 1279 668 691 460 796 562 1006 469 1133 517 789 364 809 385
417 430 706 648 737 454 1051 644 992 392 1279 666 691 460 796 562 789 364 809 385 1006 469 1133 517
416 430 706 647 737 453 1051 644 992 393 1279 666 691 460 796 562 789 364 809 385 1006 469 1133 516
