

4 432 405 719 328 395 535 566 637 429 795 543 1053 470 1137 618 867 444 927 551 169 389 285 467 801 434 851 512 932 468 961 515 557 402 599 434 30 355 140 431 1014 475 1063 562 873 504 924 575 1059 569 1143 664 642 407 669 437 135 376 221 421 586 405 620 435 661 410 691 437
8 435 395 719 637 435 795 549 324 398 537 575 1054 472 1138 620 869 466 926 567 157 398 271 478 934 469 963 517 801 436 852 512 28 357 137 437 563 406 601 438 1059 569 1144 670 662 413 691 438 583 408 621 439 134 380 224 419
15 436 364 719 637 440 794 555 316 401 537 586 868 460 927 569 151 401 267 480 1021 474 1066 564 1054 474 1139 622 935 470 965 519 799 439 853 510 1059 569 1146 674
15 440 349 717 305 406 530 589 636 443 792 558 867 458 927 569 937 471 966 519 1024 475 1068 563 144 402 264 482 1055 476 1142 620 799 439 853 509 1060 566 1147 675 581 415 623 442
10 445 335 716 292 404 524 587 634 439 793 555 868 465 927 566 131 401 247 481 936 470 968 518 1026 476 1070 561 1055 472 1144 618 798 437 853 507 1060 565 1147 671 9 357 118 444 583 414 623 440 786 465 864 526
5 452 319 718 281 402 521 586 636 438 794 556 126 398 248 482 869 448 930 551 874 510 928 578 1057 471 1148 617 937 469 968 517 1030 477 1073 561 798 435 851 506 586 413 626 443 1067 570 1154 672 607 414 645 442 788 466 867 527 499 404 556 454
0 462 301 719 268 399 505 591 872 466 932 568 638 439 800 558 1063 499 1153 651 120 401 248 483 1040 472 1086 564 800 437 851 507
0 468 280 719 645 457 802 574 872 462 935 574 1066 495 1155 653 257 406 506 593 1043 476 1088 567 113 405 252 487 951 498 978 535 606 430 648 459 522 423 568 469 878 530 932 594 474 427 533 511
645 460 802 579 252 420 498 614 872 463 935 577 1067 496 1156 655 7 491 257 719 1045 480 1091 569 950 497 979 540 877 531 933 596 606 435 651 466 519 428 572 475 472 434 535 509 663 435 692 463 102 408 227 494 632 434 670 465 1045 525 1089 597 838 465 868 517
643 459 801 582 240 417 491 614 871 461 935 576 1067 496 1157 657 1047 481 1093 568 951 496 980 540 519 429 575 476 877 530 932 595 460 433 537 508 610 435 654 467 84 405 257 497 2 517 245 719 662 436 695 464 709 438 745 459 827 460 874 533 1045 527 1090 594
641 459 802 582 220 416 499 612 871 459 935 576 1066 493 1157 655 1048 482 1095 567 0 517 229 719 459 434 535 508 520 430 578 476 951 496 980 539 878 530 932 596 621 435 674 468 826 457 874 534 78 404 249 497 710 437 747 458 663 435 697 463
638 461 802 587 200 418 487 620 870 461 933 577 1068 495 1157 655 876 532 931 599 951 495 981 541 1049 500 1096 584 827 458 875 536 447 435 530 513 622 438 672 468 0 534 179 718 522 430 582 478 711 440 745 459 68 403 245 498
632 464 800 592 179 421 475 625 868 465 931 577 1066 496 1156 654 872 533 928 602 951 494 980 543 1050 497 1098 585 443 440 529 514 519 440 588 488 827 461 874 537 625 444 670 477 1 549 159 718
626 465 794 594 160 423 462 628 435 444 528 530 864 463 928 575 1065 493 1156 658 519 440 589 489 867 532 923 602 1050 498 1097 587 948 495 979 543 826 463 872 537 624 445 670 477 28 418 205 519 832 499 866 546 779 455 823 536
620 462 787 592 428 439 523 516 129 420 432 627 1059 488 1153 660 516 438 585 486 864 529 919 600 859 460 924 572 1048 478 1098 568 938 497 971 539 823 459 867 535 622 440 675 467 773 448 818 536 941 479 969 520 831 498 862 542 1066 569 1156 707
112 426 418 645 611 466 785 596 1055 490 1152 666 422 449 522 533 515 443 582 491 936 497 970 541 855 529 910 603 850 466 909 570 1047 479 1095 566 939 480 967 520 630 441 669 462
83 430 411 663 1051 493 1150 668 851 532 908 608 934 497 966 543 593 470 776 604 847 470 907 573 407 454 515 539 513 449 582 498 625 455 671 482
53 436 398 671 401 459 511 540 1048 492 1149 667 589 473 775 609 843 471 903 574 932 496 962 544 846 533 904 607 624 457 672 480 512 454 581 503 681 457 721 479
35 427 395 669 395 454 506 536 584 468 772 607 1044 484 1146 665 839 463 900 573 928 496 959 540 511 449 580 500 841 531 899 600 787 457 809 486 624 453 670 476 930 479 956 520 809 496 839 546 807 460 847 537 1057 589 1148 696
575 464 764 604 24 424 391 674 381 452 493 535 1039 477 1142 664 499 445 572 497 785 452 810 487 1053 589 1146 697 838 461 894 569 926 497 954 533 801 457 842 538 732 458 774 530 628 442 669 464 839 527 893 595 804 496 836 542
374 452 489 537 1 428 357 691 561 463 756 608 502 446 564 496 1029 464 1122 624 817 454 880 573 726 455 767 532 912 472 940 518 762 451 791 489 913 494 941 530 1048 569 1143 705 821 528 878 591 291 444 380 498
0 436 345 703 366 457 484 541 549 467 749 613 498 451 560 499 905 471 936 522 1024 465 1119 624 762 452 790 491 814 527 871 595 810 457 874 574 290 450 372 497 786 490 814 541 609 449 655 472
0 442 334 708 361 460 484 545 541 470 748 617 496 455 558 503 1020 482 1119 660 901 471 933 525 810 527 868 597 760 453 787 491 680 452 718 483 799 459 863 575 608 450 658 473 292 454 364 482 831 441 873 469
0 453 318 711 1020 486 1118 664 799 497 863 596 901 497 933 542 544 494 744 646 360 477 484 553 487 454 567 502 904 478 930 523 610 456 651 478
0 464 303 712 1022 492 1118 664 797 494 861 597 542 503 744 657 902 500 932 545 358 507 486 577 804 554 860 628 902 523 933 558 1034 623 1142 716
353 502 475 589 0 477 283 712 529 513 740 667 1023 498 1117 668 802 557 859 632 501 493 563 545 793 491 858 598 898 521 933 568 902 501 930 548 620 489 675 513 1034 623 1141 719 759 499 786 536 282 494 362 542 196 495 274 540
349 504 472 591 1020 496 1114 669 525 513 738 672 0 479 270 712 798 558 854 632 500 496 562 547 790 492 854 598 898 521 931 569 268 499 359 545 700 501 741 578 1034 625 1141 719 902 500 930 547 620 490 676 513 741 501 767 542 760 501 786 537 713 486 741 506 190 500 270 544
341 505 468 592 1012 494 1112 674 514 511 730 674 0 480 262 712 496 497 558 548 262 503 352 548 775 491 830 594 890 522 920 565 1021 620 1133 719 792 556 847 630 737 501 766 543 891 500 917 545 713 485 741 506 621 491 673 513 165 504 255 547
1002 490 1110 675 502 509 720 677 332 503 466 591 885 521 917 563 0 481 259 709 768 487 830 600 490 494 560 546 885 497 914 547 1018 619 1131 719 775 552 831 629 136 505 238 546 238 504 336 546 681 488 724 559 620 489 673 512
323 505 452 591 993 486 1107 677 489 505 713 679 235 503 331 543 769 551 825 627 133 505 231 548 4 481 231 716 879 495 909 546 880 521 912 559 761 483 827 602 485 491 557 542 678 485 721 561 1014 620 1129 719 603 486 660 507
319 503 448 591 989 483 1103 676 0 485 220 713 484 504 708 679 230 502 327 541 481 491 543 545 764 550 821 623 876 495 906 545 1011 620 1126 719 119 505 241 571 878 520 907 556 753 474 830 606 673 482 717 558 603 483 661 506 719 501 744 536
310 502 445 592 986 483 1098 673 466 504 697 681 477 491 540 543 0 473 193 718 745 485 808 598 213 503 312 541 752 548 807 623 601 484 660 508 686 478 715 505 980 604 1128 719 110 505 211 549 717 500 742 535
305 503 442 593 0 479 187 717 458 506 689 684 974 486 1076 668 746 551 800 625 860 495 891 546 208 505 306 543 739 487 802 596 473 490 544 544 655 487 697 559 713 500 739 537 602 486 656 511 72 510 198 570 976 604 1123 719
294 509 432 596 1 508 170 719 969 489 1073 668 449 509 682 688 856 519 889 560 70 514 191 575 855 496 887 547 726 491 786 599 204 509 301 544 473 497 531 535 709 500 736 540 652 487 691 561 739 553 793 626 988 621 1104 719 1038 479 1084 565 603 489 650 513
289 512 428 606 443 516 676 709 1 512 159 719 964 492 1070 669 43 517 179 576 722 489 784 601 854 521 887 562 728 555 783 627 853 496 884 548 469 498 532 534 604 495 653 527 651 487 689 564 1038 479 1084 568 191 513 285 546 707 499 735 541 985 624 1102 719
279 512 425 607 432 516 672 713 954 491 1063 673 721 557 776 629 0 537 134 714 718 489 780 599 632 505 680 574 602 496 649 527 1031 480 1079 568 851 524 883 563 180 515 285 560 687 486 712 510 469 499 530 531 44 520 171 576 853 497 880 545 650 487 689 562
946 491 1056 677 412 513 664 715 274 518 404 606 1029 477 1079 569 15 520 150 578 666 486 693 512 686 485 713 511 840 496 868 547 840 520 870 560 707 556 759 625 701 494 759 595 0 560 119 715 636 492 679 562 160 516 266 561 966 620 1082 719 1048 553 1092 623
267 515 400 607 396 516 656 713 937 488 1051 685 1026 477 1077 567 699 556 754 625 0 518 134 581 695 489 759 598 835 519 867 559 665 484 692 514 0 600 89 719 685 482 713 510 157 515 261 561 601 508 655 572 964 623 1076 719 1041 553 1089 621 632 489 671 560
0 517 125 581 387 514 646 713 260 513 396 606 933 484 1048 689 1022 473 1074 565 663 480 690 512 0 577 77 717 828 498 861 545 695 488 754 592 693 554 746 622 1027 528 1080 615 140 511 239 546 588 485 627 512 614 520 648 569
911 476 1022 692 245 513 379 606 373 512 638 712 1020 529 1077 616 1015 471 1070 568 661 478 689 508 676 551 730 620 700 478 746 567 2 519 111 579 606 488 651 563 674 483 733 594 580 484 626 513 0 559 61 715 136 512 233 547
896 472 1010 698 234 512 376 607 0 522 81 578 340 512 615 711 682 477 728 571 1014 528 1071 617 1000 472 1055 569 654 551 707 620 650 489 707 595 603 485 648 562
336 510 598 713 993 469 1054 575 218 516 356 606 883 472 999 701 682 476 724 566 995 524 1056 617 645 550 702 621 560 484 599 512 0 522 72 578 791 498 819 543 648 487 706 594 101 514 210 560 884 608 1037 719
210 513 353 607 320 507 586 714 865 473 980 700 980 529 1065 619 785 495 818 546 988 470 1049 574 677 477 719 564 553 482 598 511 622 479 683 600 80 515 191 560 628 550 682 621 712 516 740 559 785 479 815 524 876 613 1026 719 0 520 56 580 657 478 701 567
853 476 971 701 304 508 573 714 200 513 348 614 975 530 1063 620 985 472 1046 574 780 495 812 546 707 520 737 561 621 551 675 622 616 480 678 602 673 477 718 563 550 484 598 510 55 518 173 562 1 520 27 574 893 624 996 719
843 480 961 704 289 511 562 714 192 515 345 617 976 543 1063 630 987 479 1045 606 664 481 703 566 54 521 165 561 704 523 737 564 777 520 809 556 602 486 662 602 608 553 659 624 870 617 976 719 631 477 672 504 769 482 812 550
835 483 955 707 276 516 555 713 185 518 341 619 596 485 660 606 978 544 1064 632 603 556 655 626 660 483 703 566 986 481 1046 605 702 525 736 568 865 623 969 719 53 524 156 562 632 480 668 504 764 482 804 553 774 522 807 557 562 520 596 571 665 539 697 588 777 460 823 488 698 479 743 556
268 518 551 714 185 518 338 619 831 486 952 706 979 543 1065 633 592 485 658 606 598 557 651 626 658 483 702 568 987 481 1048 606 38 527 146 564 702 524 735 569 764 482 804 553 634 481 667 504 856 618 955 719 773 522 807 557 560 520 594 570 698 481 743 556 779 460 823 488
258 518 550 716 183 518 334 619 819 480 939 707 656 481 701 567 983 542 1067 632 990 479 1051 609 35 528 137 565 589 484 654 604 593 555 647 623 853 619 953 719 702 523 736 568 764 481 804 551 636 479 665 505 773 522 807 555 781 457 823 487 559 519 592 567
816 475 934 703 250 518 550 718 185 517 332 616 655 479 699 566 848 620 951 719 985 474 1065 604 704 520 736 564 32 528 130 566 986 540 1069 631 764 480 805 548 586 551 639 618 579 486 638 599 636 478 665 507
223 520 547 717 813 470 930 698 186 515 327 613 988 467 1069 601 580 534 639 612 655 477 699 563 842 621 950 719 15 526 121 566 706 518 738 560 579 478 639 569 767 496 799 543 412 492 508 529 994 539 1085 630
222 517 542 719 808 467 928 694 189 512 325 610 579 534 637 610 996 523 1084 623 655 475 698 561 12 522 118 568 577 477 638 569 990 460 1070 598 819 614 972 719 770 466 808 534 774 500 807 543 706 516 739 557
215 518 541 719 803 466 925 693 580 533 635 610 190 511 324 609 1003 521 1090 621 576 476 637 570 657 475 700 560 8 522 111 570 776 500 810 541 808 605 951 719 771 465 811 533 711 502 742 548
206 517 543 719 802 465 923 694 581 531 635 609 192 511 327 609 576 476 638 572 1010 452 1098 594 428 487 529 538 5 524 106 573 780 500 813 541 808 605 949 719 778 469 810 522 673 471 724 563 1020 526 1109 622
191 519 548 719 803 462 924 693 583 530 636 607 576 474 639 574 1023 523 1114 620 673 472 724 562 192 503 341 602 1020 452 1107 592 2 526 101 573 428 488 534 537 829 612 935 719 785 499 816 539 781 459 821 533
180 517 547 719 804 459 926 689 576 470 640 576 583 528 635 601 676 475 727 559 194 504 335 594 1026 455 1114 591 828 611 935 719 1 524 91 574 730 499 762 545 785 455 825 533 725 457 768 533
168 513 545 719 801 457 925 686 576 466 639 577 582 527 633 599 678 456 727 543 197 503 333 591 459 477 543 528 826 611 934 719 1033 455 1119 593 733 497 766 542 1043 519 1135 613 0 524 87 574 787 453 829 533 728 455 771 533
155 512 544 719 795 457 921 686 576 465 638 577 580 526 632 600 682 454 729 544 460 476 551 530 196 505 332 587 1047 516 1139 612 823 612 931 719 736 495 770 540 1044 432 1135 569 0 529 85 608 793 453 838 533
140 513 539 719 788 459 916 689 574 467 637 576 578 527 630 603 1049 514 1144 613 685 455 730 544 461 476 557 532 819 616 926 719 1049 432 1139 569 194 508 333 581 0 533 77 607 738 496 773 541 795 455 836 529
127 516 532 719 783 459 910 690 572 467 635 576 575 528 628 606 456 483 556 537 1052 514 1147 613 686 455 730 544 818 619 920 719 1053 431 1145 569 739 496 774 543 0 535 63 608 193 511 330 573 606 461 649 486
114 517 523 719 780 458 906 690 570 466 633 577 572 527 625 606 458 483 553 538 687 455 729 544 1064 516 1164 617 1058 430 1149 569 807 613 905 719
101 521 521 719 779 457 903 690 569 527 623 606 568 466 633 577 460 483 553 542 1068 516 1167 618 802 615 905 719 687 454 729 545 1063 430 1153 569 611 466 651 506
90 526 522 718 769 454 891 695 564 485 628 599 1072 517 1171 620 463 484 552 544 798 616 901 719 1069 430 1158 569 696 453 746 544 611 466 652 506 687 469 726 561
768 456 889 695 58 528 512 719 567 528 621 611 465 487 554 548 568 469 633 575 1074 445 1167 597 796 620 897 719 697 463 750 565 1087 524 1187 626 613 468 651 507
768 462 887 700 47 535 515 719 567 528 623 615 700 465 748 569 476 491 570 551 570 474 635 573 795 623 893 719 628 473 670 511 1079 445 1171 606 1088 523 1191 629
769 471 886 701 33 541 524 719 1097 444 1193 618 569 484 633 600 481 496 572 555 702 472 745 571 794 624 891 719 630 478 673 515 1094 539 1198 642 570 549 622 620
769 480 886 703 21 551 533 719 1107 522 1206 651 572 550 624 623 488 506 570 565 572 489 636 597 705 477 744 572 798 650 893 719 632 483 675 517
770 486 886 701 14 557 538 719 1114 519 1214 654 573 553 625 628 492 509 572 569 573 495 637 593 799 654 892 719 708 493 748 585 727 492 777 589
8 562 528 719 771 493 885 694 575 556 628 632 1124 457 1215 625 495 514 576 574 799 658 891 719 565 504 647 627 651 494 698 534 711 495 752 587 726 493 775 592 1119 553 1262 670
4 565 513 719 773 498 884 689 577 560 631 634 506 516 589 575 656 497 702 536 1125 553 1266 672 725 494 771 593 1140 460 1237 627 749 493 798 595 799 660 890 719 568 504 651 628 258 543 406 593
1 567 503 719 770 516 888 713 580 560 634 635 512 520 591 578 1131 553 1271 675 724 496 768 594 1145 461 1244 627 754 494 799 595 673 496 722 534 253 544 411 597 799 660 889 719
0 571 497 719 771 517 886 713 582 558 635 637 726 497 770 592 1138 555 1275 680 670 497 724 536 1154 460 1253 632 518 520 595 581 755 495 799 594 243 546 418 600 802 662 889 719
0 573 493 719 773 516 885 713 586 557 636 638 732 500 773 590 1161 476 1264 671 676 499 726 537 221 541 434 626 757 496 798 596 734 547 766 597 805 663 889 719
0 577 487 719 784 510 899 716 216 542 439 632 1172 475 1271 674 587 548 647 641 681 501 728 539 736 501 777 590 755 497 796 598 534 520 617 582 704 498 744 537 806 665 890 719 776 494 810 596
0 577 483 714 785 512 899 715 209 544 444 637 590 517 653 622 1198 471 1276 681 698 500 747 540 753 498 794 599 856 495 900 584 593 575 644 644 539 521 618 581 656 546 688 583 806 664 890 719 777 495 811 597
785 516 900 713 213 546 446 642 0 575 472 710 594 518 656 622 1200 468 1278 688 751 500 795 596 697 502 751 542 598 574 647 645 659 545 693 585 805 663 891 719 859 499 902 583
784 515 900 714 214 545 449 644 0 573 455 708 597 516 659 623 753 499 796 594 700 501 755 541 1204 463 1279 696 869 501 913 583 806 664 891 719 553 514 651 583 663 544 696 583 806 482 840 510 602 575 650 644
216 542 450 644 784 514 899 715 600 514 660 623 755 499 798 593 872 501 916 582 703 499 759 540 0 568 443 710 555 513 650 582 807 481 841 510 806 664 889 719 603 575 651 642 665 542 698 581
771 512 887 715 215 540 451 645 602 513 661 624 758 497 800 596 873 500 918 582 0 566 441 711 556 514 649 581 1214 478 1279 695 707 497 758 539 880 542 912 587
772 515 886 714 214 540 452 648 603 514 663 625 760 496 803 597 874 501 920 582 721 497 769 538 0 556 371 710 559 514 649 580 833 480 864 511 881 541 914 587
773 520 884 711 216 540 454 655 878 501 923 584 606 550 663 639 762 496 805 598 722 500 772 541 0 619 347 714 563 516 649 582 674 513 717 582
773 529 885 709 882 502 926 586 608 545 665 643 768 496 816 597 216 541 456 657 727 503 773 540 3 612 267 719 679 514 723 585
215 557 461 683 772 538 885 707 609 530 677 651 0 618 251 719 768 514 814 614 891 505 937 588 786 659 880 719 729 519 776 559
217 562 460 690 771 540 886 708 612 571 674 665 771 519 815 613 732 522 779 564 783 661 881 719 2 622 222 719
223 566 477 700 772 539 885 709 897 527 942 607 617 568 676 667 697 525 740 607 775 524 815 613 903 568 939 613 750 526 789 565
222 569 478 706 772 538 886 711 900 527 947 607 622 567 679 668 749 527 792 566 698 530 745 607 906 569 945 615 779 527 817 610 703 574 741 611
221 569 479 707 771 539 886 711 905 527 950 607 626 568 683 667 753 527 794 566 704 572 742 612 703 534 749 606 909 567 948 615 859 505 895 531
223 567 478 705 770 537 884 709 629 571 686 666 907 527 952 606 755 525 796 564
224 562 480 702 771 536 882 708 631 573 687 664 757 523 798 563 623 524 707 652
228 559 481 700 773 532 879 707 635 571 687 661 924 564 960 610 760 521 797 561 625 524 708 650
229 555 485 697 774 528 881 706 638 567 696 661 923 510 966 589 861 503 937 652 724 512 769 587
231 550 490 692 787 519 903 712 643 539 703 651 930 507 971 590 866 501 941 654 727 510 774 586 774 499 828 553
232 545 496 688 787 518 903 712 650 541 707 646 800 659 894 719 932 502 973 589
235 541 502 683 787 516 906 711 945 500 992 585 799 623 899 719 657 543 711 638
234 530 508 665 788 490 908 702 664 511 726 626 951 501 997 581 802 621 902 719
234 528 510 663 787 484 911 705 667 511 727 622 956 480 1001 565 805 620 904 719 911 545 972 651
227 528 514 667 786 485 912 704 672 511 729 622 915 548 976 648 956 479 1004 565
220 529 517 671 785 489 910 701 675 511 732 625 802 621 902 719 964 483 1013 562 923 574 981 659
229 535 510 685 783 492 909 700 677 509 734 627 646 502 752 577 822 480 868 509 967 484 1013 560 932 575 994 659
