

586 374 623 405
586 373 623 405
585 374 623 404 792 340 894 401
585 373 622 404 792 341 895 402
585 373 622 405 794 340 896 401
584 372 621 405 795 341 898 400 640 380 656 394
583 372 622 406 641 380 657 394
583 372 622 407 641 381 656 394
583 372 622 407 641 381 656 395 540 346 551 363
582 373 622 408 540 347 550 364 640 382 655 395 669 380 691 393
582 372 622 408 540 347 550 363 640 382 656 395
582 372 622 408 811 337 924 403
582 370 622 408 810 337 928 403 525 384 567 408
582 369 622 408 809 336 934 405 519 384 553 405 670 379 694 394
808 337 937 407 582 369 622 408 517 385 554 406 670 379 693 394
809 337 940 409 582 369 621 408 516 385 555 407
812 337 940 410 512 385 556 407
814 336 941 410 510 385 555 407 718 383 736 401
817 336 941 410 718 383 736 401 2 360 128 447
719 384 737 402 1 356 119 450 825 336 963 405
579 368 622 409 505 386 549 410 719 385 736 402 825 338 965 408
579 368 621 409 503 386 549 410 719 384 736 402 3 331 219 471 827 339 968 410 388 379 424 403 580 311 592 337
579 367 621 409 3 327 215 476 719 385 736 402 830 338 969 412 504 387 547 411 490 380 528 403 580 310 592 337 386 378 423 403
579 367 620 409 0 342 166 492 719 385 736 402 487 380 527 403 579 310 591 336 831 335 975 413 383 378 421 403
579 367 620 409 720 385 737 402 578 309 590 335 627 378 645 399 837 334 998 407 670 379 691 394 381 378 420 404
579 366 620 409 3 340 109 498 721 383 738 403 578 308 590 334 831 321 1008 413 627 378 645 398 670 379 691 394 299 374 319 415 509 341 518 355
578 366 621 409 722 382 739 403 839 334 1000 410 577 307 589 336 670 378 692 394 627 378 645 398 297 375 318 415
578 366 621 409 842 334 1003 412 722 383 739 402 576 307 588 336 627 378 644 398 670 379 691 393
578 366 621 409 838 323 1020 418 462 374 503 405 723 383 740 402 627 378 644 398 575 306 587 336 638 379 656 395
842 324 1054 420 578 366 621 409 455 370 501 406 723 383 741 401 628 378 644 398 573 306 586 336 639 379 656 395
845 325 1052 421 578 366 621 409 451 369 499 407 366 380 400 405 627 378 644 398 639 379 656 395 572 306 585 337
856 326 1051 422 577 366 621 409 364 378 401 404 627 378 643 398 639 379 657 395 571 306 583 337
864 325 1052 423 577 366 621 409 362 377 400 404 640 379 658 395 441 374 483 409 627 378 643 397 570 305 583 337
872 324 1057 424 432 372 485 412 576 366 621 409 360 377 397 404 627 378 643 398 639 379 658 395
875 324 1062 426 426 374 482 412 576 366 621 409 358 377 396 404 627 378 643 398 639 378 659 395
878 325 1068 428 575 366 621 409 356 378 396 404 742 376 759 403 426 373 478 412 627 378 643 398
575 367 621 409 886 323 1112 428 355 378 396 404 744 377 762 403 627 378 643 398
888 323 1112 429 574 367 621 409 403 368 463 420 340 379 381 406 179 374 287 424 627 379 643 398 746 378 765 404 669 379 692 394
889 322 1111 430 395 369 470 421 574 367 620 410 337 378 383 407 627 379 642 398 178 375 283 425 746 379 765 404 669 379 692 394
893 321 1110 432 387 368 466 421 334 378 381 408 573 367 621 410 627 378 643 397 177 377 282 425 669 379 692 394 639 379 658 395
899 321 1115 435 572 367 620 410 330 378 376 409 626 378 642 396 670 378 693 394 640 379 658 395
904 320 1124 437 365 370 448 424 572 368 620 410 625 379 642 396 669 378 694 394 329 378 370 410 639 379 658 395
908 318 1131 440 356 370 444 426 573 369 619 410 624 379 641 396 670 379 695 394 317 381 355 411 639 379 658 395 686 378 710 395
908 315 1139 442 336 367 430 428 573 370 618 410 625 379 641 396 670 379 696 395 638 379 657 396 150 383 265 429 316 380 348 412
929 312 1164 445 330 368 425 430 573 370 618 411 625 379 641 396 639 379 658 396 669 378 695 395 154 383 260 428
310 369 410 433 933 311 1175 449 119 376 251 436 572 371 618 411 625 379 641 396 639 380 658 396 669 379 695 395
301 367 406 435 936 310 1186 450 114 377 252 435 625 379 641 396 567 359 620 417 639 380 658 396 669 379 696 395
939 310 1199 452 280 367 389 440 567 358 620 417 625 379 642 396 119 379 243 432 669 378 695 395 639 379 657 396 686 378 710 395
941 310 1206 451 567 358 620 416 625 378 642 396 272 366 385 441 669 378 697 395 638 379 657 396 684 378 710 395
242 366 372 444 962 305 1235 454 567 357 619 416 625 377 642 396 670 378 696 395 638 378 657 396 685 378 710 394 102 387 221 435
966 304 1249 455 219 366 354 444 566 357 620 416 625 377 642 396 670 378 694 394 99 387 217 436 638 379 657 396 687 378 710 394
974 304 1263 458 180 368 360 456 566 357 620 416 624 377 642 396 670 378 694 394 637 378 658 395
996 281 1268 471 568 348 617 414 623 377 641 396 124 369 338 459 637 378 658 396 670 378 692 394
125 364 319 463 1002 295 1279 462 568 348 617 414 622 377 640 396 637 377 659 396
1014 294 1279 464 102 365 317 466 568 348 617 414 622 377 639 396 637 377 659 395 287 377 334 412
1028 291 1279 467 69 361 283 475 568 349 617 414 638 377 659 395 622 378 639 396 278 377 333 412
1044 289 1279 471 568 349 617 414 9 363 242 489 622 378 639 397 638 378 660 396 248 378 331 417
3 365 224 495 1060 290 1279 477 246 380 330 418 565 358 620 417 623 379 640 398 637 379 661 397
0 368 189 499 1072 292 1279 483 243 380 329 419 565 359 621 418 623 380 641 398 636 379 661 398 313 380 356 408
0 369 165 502 1094 290 1279 488 240 381 326 419 565 359 621 418 636 379 660 398 623 380 640 399 311 379 354 409 686 378 712 396 672 378 692 395
1108 294 1279 494 236 382 322 419 565 358 621 418 312 380 352 409 622 381 639 400 636 379 660 399
1138 292 1279 503 232 382 319 419 565 358 621 417 0 358 73 521 312 382 350 409 622 381 639 401 635 379 661 400 684 378 711 397
1153 293 1279 505 215 382 313 422 565 358 621 418 623 381 640 401 634 378 661 400 310 383 349 409 683 377 712 397
212 382 310 421 565 357 622 418 633 378 662 399 683 377 713 397 623 379 641 400 0 387 130 451
210 381 307 419 565 356 622 418 0 385 129 450 1204 328 1279 522 633 378 664 399
209 380 306 419 565 355 622 419 5 384 123 451 289 379 339 409 633 378 664 400 1220 336 1279 530
8 383 119 450 205 380 307 419 564 355 623 419 286 379 340 409 634 379 664 400
5 385 112 451 564 355 623 419 199 379 309 419 282 379 339 409 682 378 713 398 635 379 664 401 99 373 120 419
4 385 106 451 563 357 623 419 184 380 293 421 282 381 336 407 680 377 713 398
0 381 89 454 179 379 292 421 563 357 624 419 679 376 714 398
176 379 289 421 2 381 86 455 562 359 624 419 680 377 714 399
2 382 79 456 561 359 624 418 174 379 284 420 680 377 712 398 634 378 665 400
561 359 623 419 160 381 268 423 1 383 65 459 635 378 664 400 622 379 638 399
559 360 617 420 155 381 268 423 0 383 60 462 259 381 318 411 633 379 663 402
559 359 617 420 149 379 271 423 0 380 55 463 256 381 316 410 995 368 1039 437 632 379 663 403 679 377 713 399
558 360 616 421 144 378 269 424 254 381 311 410 630 380 663 404 680 378 713 399 1001 369 1045 439
556 358 616 420 129 379 251 427 631 380 661 403 249 380 307 409 618 379 639 400
554 357 614 420 123 377 253 427 629 379 660 403 1021 368 1071 438 617 378 638 400
552 355 613 420 118 377 252 427 630 380 659 402 1026 370 1074 438 233 379 297 411 617 379 639 400
550 355 610 420 229 378 292 408 121 376 248 424 631 378 658 400 618 378 641 399
548 356 609 420 224 379 286 410 127 377 242 423
546 356 607 420 91 376 230 427 224 379 279 408 618 378 648 401
544 355 607 420 91 377 227 425 208 379 270 411
540 354 605 421 95 376 222 423 206 382 260 410 614 378 648 402
537 354 604 421 64 379 209 429 612 379 647 402
534 354 603 423 57 379 211 429 609 379 648 404
535 356 602 421 46 378 182 434 608 379 647 404
530 355 595 422 36 387 182 435 605 379 647 405 601 337 653 406
528 354 595 423 25 386 189 436 602 379 645 405 599 336 651 405
529 357 596 422 20 389 156 436 597 335 651 406 1149 379 1279 469
527 357 595 423 15 388 158 437 595 334 651 407 1161 379 1278 472
526 358 593 423 593 332 651 407 7 389 160 438
592 331 651 408 2 392 125 441
521 358 592 422 591 331 650 408 0 393 123 443 861 375 881 408
519 358 591 422 591 332 650 408 861 375 882 409 656 367 691 395 0 394 118 443
518 359 591 422 590 331 649 408 657 367 692 395 865 374 886 409
516 358 591 423 590 330 650 408 658 367 691 394
515 360 591 425 589 330 650 409
