

707 487 797 543 631 479 669 560 13 453 290 713 330 487 372 514 906 466 936 578 388 489 436 518 535 133 621 186
705 486 797 543 629 479 667 561 11 449 277 713 388 489 435 519 910 464 939 578
703 484 796 543 387 488 433 520 628 478 664 561 9 444 265 713 914 463 942 578 317 487 354 514
701 483 795 543 386 488 432 522 0 439 228 718 314 488 357 516 626 477 661 562 918 462 946 578 301 378 322 417 522 107 602 164
701 483 794 543 384 488 431 521 0 437 228 719 312 488 355 516 625 476 662 560 300 379 321 417 520 103 602 159 924 462 952 578
701 483 793 543 382 487 430 521 0 436 228 719 310 488 353 516 606 478 658 558 299 379 321 418 517 99 603 154 925 462 954 579
380 487 429 520 701 483 793 543 1 434 228 719 307 487 351 516 606 478 658 558 298 380 320 418 925 462 955 580 514 94 603 149
700 482 794 542 378 487 426 520 0 434 227 719 309 486 351 513 607 479 658 557 296 381 319 418 931 462 961 581
700 482 795 542 0 435 226 719 377 487 423 520 608 479 657 556 310 484 350 511 295 486 329 513
0 435 224 718 700 482 797 542 289 487 333 516 375 487 421 519 609 480 656 555 505 60 597 121 311 483 350 509 947 457 978 580
0 440 221 718 698 481 796 542 287 486 331 516 376 487 419 518 609 479 656 554 503 50 597 113 948 455 981 581 314 482 349 507
0 444 218 717 697 481 795 542 284 485 330 516 377 486 417 517 608 479 655 553 500 45 596 108 950 452 983 582
697 481 793 544 364 488 411 516 284 484 328 514 495 41 601 99
697 481 793 545 361 488 409 517 286 483 328 511 267 485 307 516 471 4 595 68 273 379 295 416 316 483 346 505
698 481 792 547 359 488 407 518 261 485 309 517 476 0 589 74 580 480 665 546 314 483 345 505 685 487 716 512 289 483 328 509 766 472 822 534 270 380 294 417
699 483 793 547 357 489 406 518 472 0 589 68 259 486 308 518 289 484 329 510 684 488 716 512 766 472 822 533 270 380 294 417
699 485 794 548 355 489 405 518 469 0 588 62 256 487 307 519 290 485 330 511 600 480 648 555 764 477 821 543 3 481 59 518 684 489 715 513
699 487 798 550 289 488 328 513 356 491 401 517 601 481 648 556 766 477 823 544 0 482 57 519
699 487 801 553 288 490 326 513 354 495 398 524 600 481 648 557 236 492 287 526
700 487 804 554 286 491 322 513 351 495 395 524 578 481 669 547 227 491 284 527 659 484 694 523
700 486 804 553 579 481 669 546 284 491 321 513 356 492 396 515 224 491 281 527 659 484 694 522 768 378 787 408 684 489 715 514
701 486 804 552 354 491 397 517 579 481 670 545 282 490 321 512 769 377 788 408 659 484 694 522 607 530 636 565 216 486 298 522 685 489 715 513
703 483 806 552 354 488 395 514 579 479 671 546 269 485 310 512 342 489 379 509 288 486 322 508 770 374 790 407 317 486 344 503
705 480 807 551 266 482 308 510 354 486 394 512 579 476 671 548 205 484 261 520 315 482 345 501
711 470 829 553 261 479 305 507 340 482 386 508 191 475 266 519 577 466 672 536 313 479 346 499 113 479 165 511
713 470 831 553 260 478 303 507 189 472 263 519 341 481 386 508 313 479 347 499 577 466 673 535 111 477 165 511 605 473 653 555 664 474 693 516
714 469 833 552 258 478 301 507 188 469 261 519 313 478 347 499 341 481 386 509 109 476 166 510 606 472 652 555 577 467 673 534 664 474 694 515
717 471 835 554 312 480 346 499 341 483 385 510 175 473 251 521 258 479 298 507 608 473 653 555 105 477 163 511 664 476 695 516
720 473 837 556 169 476 245 522 341 485 385 512 311 481 345 500 610 473 655 555 246 482 286 509 101 477 161 512 364 486 390 504
727 471 860 561 240 484 289 513 341 488 384 513 612 474 656 556 308 482 346 500 163 479 239 523 679 478 716 517 781 363 805 396 709 484 741 510
728 472 861 564 237 486 288 514 612 474 657 557 341 488 384 514 305 482 348 501 678 478 715 519 782 363 806 396 152 477 232 525
733 475 863 568 231 486 283 515 340 489 383 515 679 478 713 521 611 476 658 557 305 483 347 502 785 361 810 395
736 476 864 570 227 485 279 516 340 489 382 515 680 477 713 521 623 472 665 558 111 477 208 529 292 485 330 505 711 485 748 513 809 468 890 527
740 478 865 572 115 475 203 533 223 484 275 517 339 490 382 516 624 473 665 559 291 486 331 507 682 477 713 522 710 485 751 516 813 468 892 526
741 479 866 572 110 483 199 534 216 485 267 517 338 490 380 515 290 487 331 508 623 474 669 558 682 476 714 522 814 468 894 527 710 485 751 515
742 481 867 572 213 486 265 518 107 483 198 534 337 491 378 515 289 489 331 509 601 479 691 548 682 476 715 522 814 468 896 527
746 470 884 587 206 485 259 518 336 491 375 515 287 488 327 509 684 475 718 521 99 484 205 536 824 465 916 529
748 472 891 587 335 490 374 514 202 483 254 518 285 486 324 508 627 474 678 561 685 476 722 519 54 473 164 531 826 465 919 527
749 474 898 586 47 471 166 536 334 489 372 513 191 481 246 517 629 472 680 562 283 484 322 507 687 476 725 518 272 484 303 505 632 526 673 568 829 465 922 525
749 475 903 587 188 481 243 518 334 490 371 513 630 472 682 562 44 471 166 535 282 483 323 506 687 476 725 518
749 476 908 588 184 481 241 518 29 470 152 535 631 472 683 562 333 490 370 512 282 483 324 506 842 462 949 529
762 472 935 592 264 484 308 507 332 489 368 511 629 473 683 558 284 482 325 504 20 467 151 534 182 480 232 517
766 471 940 595 261 484 306 506 319 487 356 510 5 465 111 537 287 481 325 502 147 475 228 517
773 470 950 599 147 473 220 519 318 487 358 512 0 465 89 533 257 484 303 506 652 469 699 560 291 481 324 501
775 470 954 601 145 474 217 520 316 487 358 512 0 465 82 533 653 470 700 561 255 484 301 506 215 372 244 401 291 481 323 501
777 470 958 602 142 474 213 520 315 487 358 513 0 464 76 532 654 470 701 562 253 484 300 506 214 372 243 400 739 477 772 505
777 468 968 604 313 486 356 512 656 469 704 563 240 484 285 507 131 474 226 516 0 465 74 528 259 482 300 504
310 485 354 510 795 460 1002 609 658 467 707 563 237 483 284 507 99 472 182 516 706 469 740 517 788 474 844 556
797 461 1020 617 232 481 281 507 100 470 180 519 308 483 350 508 660 466 710 564 790 472 844 559 199 361 231 401 587 484 623 510 710 468 741 516
801 464 1029 619 97 470 176 519 229 480 279 507 308 483 348 507 793 472 847 531 196 360 229 400 671 461 712 565 586 483 623 511 711 468 742 515 271 479 303 499
804 468 1037 620 94 469 173 519 226 479 277 507 795 472 848 531 308 482 347 507 193 359 228 399 671 462 713 565 272 479 303 498 585 483 624 511 712 469 743 514
824 462 1076 624 797 473 851 530 190 359 225 399 268 479 301 500 675 463 716 566 309 483 346 507 623 475 720 552 89 469 175 520 585 485 624 512 236 480 277 505
825 463 1089 630 799 474 854 529 264 479 299 502 679 464 720 566 625 476 721 552 187 360 222 398 585 486 624 513 213 481 258 507 63 471 154 520 292 482 332 507 812 495 870 591
827 469 1121 661 206 482 255 509 815 501 875 590 802 475 859 528 258 480 296 504 292 484 332 510 628 477 723 551 47 472 136 522 584 489 625 514 684 466 726 567
820 471 1134 665 818 503 878 592 203 481 254 510 43 471 132 522 803 476 861 528 292 484 331 510 584 489 624 514 629 476 723 552 257 481 295 505 684 467 729 568
843 463 1193 683 805 475 879 528 582 489 626 514 288 484 328 510 633 476 723 551 244 481 282 504 184 480 241 508 29 468 136 521 823 503 880 590 686 469 733 567 262 481 297 505
852 461 1225 694 807 473 882 530 285 484 328 510 581 489 629 514 240 479 280 504 180 479 237 509 634 476 723 551 11 465 103 523 169 358 201 393 694 466 740 570 831 482 994 601
860 458 1257 705 3 464 91 524 808 472 885 532 695 464 741 571 176 478 232 510 236 477 277 504 282 483 327 510 580 489 632 513 835 481 990 605 164 356 197 391 636 477 722 550
863 456 1263 706 2 463 83 523 697 463 742 571 808 473 886 531 234 476 276 504 579 488 630 513 281 482 325 508 840 480 993 606 163 354 195 390 176 477 230 509 637 477 722 549 318 482 349 500
866 453 1268 706 0 463 76 523 700 462 744 571 809 473 887 531 231 476 274 503 578 488 629 512 281 480 324 507 845 479 996 606 161 353 194 388 638 478 722 548 161 476 222 507 316 481 347 499
914 454 1275 707 704 461 750 572 575 486 629 511 812 473 890 530 2 465 62 520 266 480 308 505 156 474 217 507 285 479 322 503 237 477 272 500 641 479 722 545 849 468 1056 611 313 480 344 498
929 454 1272 709 706 461 755 573 572 485 632 511 814 473 892 529 262 479 307 505 214 475 257 501 858 466 1064 606 132 473 194 506 1 465 57 518 148 351 179 382 290 479 323 501
943 455 1269 711 876 455 1125 619 209 474 256 502 709 462 760 574 569 484 635 510 126 473 207 507 816 472 894 527 259 479 306 505 145 350 175 379 859 486 975 565
952 450 1267 707 880 456 1128 616 206 474 255 501 567 484 635 510 124 472 201 507 259 479 305 504 816 472 895 526 709 463 760 573 142 349 173 378
962 446 1266 703 884 456 1130 612 203 474 253 501 565 483 635 509 122 472 195 506 260 479 304 504 816 471 895 525 710 465 761 571 648 475 754 549
971 438 1266 696 892 457 1133 602 565 482 634 509 720 461 772 570 817 470 896 523 259 478 303 504 649 475 755 549 208 475 250 501 100 469 177 508
971 434 1268 694 896 458 1134 595 565 481 632 509 822 469 910 526 724 458 775 571 97 469 171 509 188 474 233 502 257 478 301 504 651 475 755 550
977 430 1270 688 901 458 1138 589 180 473 231 503 823 468 911 525 236 477 287 505 92 468 164 510 567 480 630 508 610 481 650 508 729 456 780 571
983 430 1272 683 922 453 1173 594 177 472 229 503 824 467 912 525 235 478 285 504 558 483 607 509 90 467 162 509 610 480 650 507 748 461 785 562 288 479 323 496
916 452 1177 593 989 430 1274 679 825 466 912 526 174 471 226 503 81 468 154 511 234 478 283 504 556 483 608 509 747 461 787 562 610 480 650 507 288 479 323 496
981 433 1268 664 828 466 914 526 552 482 609 508 235 477 282 503 749 461 789 564 610 480 651 506 165 472 209 502 903 458 1138 589 74 467 150 509
973 436 1263 651 831 466 916 526 548 481 610 508 750 461 792 565 159 471 205 501 610 480 652 505 236 475 281 501 45 466 132 507 1100 490 1279 683
956 450 1245 602 834 466 921 527 1099 441 1279 713 544 480 611 507 753 460 795 569 44 464 121 507 610 480 653 504 236 474 277 499 157 469 198 500 89 334 126 371
960 442 1267 637 836 466 923 529 544 480 611 506 1111 443 1279 715 754 459 796 571 610 479 653 504 40 462 117 507 236 474 274 498 87 332 123 369 144 462 187 497
958 444 1273 637 837 466 925 530 544 479 610 506 32 460 108 509 755 457 797 573 1122 444 1279 716 141 461 193 500 610 479 653 504 84 330 120 367 236 474 272 497
971 446 1275 640 843 468 935 534 757 458 801 577 542 480 609 508 609 481 654 505 137 461 188 498 21 458 106 511 209 465 263 495
983 448 1278 643 846 470 932 535 759 459 805 580 607 482 655 506 540 480 608 509 118 460 159 497 0 451 82 504 210 464 261 496 72 327 105 362
846 472 936 551 1012 454 1278 632 764 458 816 581 111 460 165 499 606 484 655 508 531 484 618 514 0 446 76 503 64 323 99 359 184 464 235 495
848 473 937 553 1022 453 1275 638 764 460 817 581 107 461 163 499 606 486 654 509 527 484 588 514
852 473 944 555 767 463 822 579 1046 476 1274 661 523 484 588 515 606 486 652 509 113 461 153 495
854 473 951 556 771 464 825 578 1064 482 1273 667 520 484 586 515 605 485 650 508 84 459 133 494 775 530 825 601 190 465 235 495 44 314 76 353
856 473 957 557 1084 478 1279 680 774 464 829 577 74 458 133 496 517 483 585 514 603 484 648 507 37 312 73 355 778 530 830 602 978 511 1138 616 192 465 235 496 476 476 519 515 144 461 185 492 638 486 663 504 240 469 273 488
856 472 959 557 1096 486 1279 681 775 463 830 577 517 481 584 513 604 483 647 506 982 511 1147 618 189 464 233 495 780 529 830 601 140 461 183 492 80 457 129 493 637 484 663 504 36 311 70 351 239 468 272 488
858 469 967 560 1107 493 1279 682 775 462 832 576 517 479 583 511 604 481 645 506 987 511 1156 619 186 463 230 494 64 456 116 493 137 462 180 491 781 528 830 601 636 483 662 503 31 313 61 347
860 469 974 558 776 461 835 573 1014 509 1199 627 633 481 661 503 21 309 57 347 607 481 644 504 67 455 110 492 1119 500 1279 669 505 480 559 511 185 463 225 493 583 481 629 505
861 469 981 557 778 461 836 571 1030 516 1205 629 631 481 661 503 500 480 561 511 14 307 52 346 582 481 629 506 36 455 82 488 610 482 645 504 1223 524 1279 716 169 463 210 494 115 463 159 491 791 527 840 600
863 470 987 557 786 459 845 572 27 454 90 492 495 479 563 512 1211 537 1279 703 630 481 662 503 111 464 158 493 581 481 629 507 168 463 211 496 1045 523 1211 631 792 527 841 600 461 477 496 510 6 306 46 346 219 466 252 489 613 482 646 504
864 469 991 559 788 460 847 571 495 480 562 513 19 455 98 494 581 482 628 507 629 481 662 504 1058 513 1239 636 794 528 844 601 166 463 210 497 459 477 496 511 111 463 156 493 613 483 648 504 560 484 601 509
866 468 995 560 789 461 849 571 495 481 562 514 16 457 94 496 1068 513 1251 637 581 482 627 507 796 528 846 601 627 482 662 504 458 477 496 512 165 463 209 497 559 485 601 509 110 462 155 494
874 467 1011 565 793 462 855 572 484 483 573 516 801 528 852 603 612 484 652 505 578 483 624 507 5 457 79 500 89 462 136 496 1075 514 1265 643 556 485 604 510
878 468 1018 566 796 462 859 575 804 527 856 603 612 484 652 506 481 484 574 517 576 483 624 507 88 463 131 495 5 455 61 503 1129 527 1275 652
883 466 1031 573 800 461 863 576 610 484 651 507 476 484 574 518 807 526 860 603 865 468 919 519 0 453 35 499 573 483 622 509
887 467 1034 574 802 461 863 575 609 484 649 507 475 484 573 519 808 526 860 603 0 452 35 501 866 469 920 519 573 483 622 509 66 462 108 495
890 467 1036 575 459 484 558 520 608 484 648 507 810 461 870 578 0 452 34 503 812 530 866 604 63 463 112 497 871 467 919 515 1192 568 1279 675 555 484 610 511 139 462 186 498 191 467 223 489
892 467 1047 577 459 483 553 519 606 483 646 507 812 460 872 579 815 530 869 604 868 469 924 521 1 456 32 496 554 484 609 511 65 463 106 493
893 467 1057 580 459 482 549 518 604 482 644 506 814 460 874 579 869 469 925 521 819 529 873 605 552 483 609 512 3 460 31 490 40 464 80 493 644 483 673 504
903 465 1084 586 457 480 543 517 818 457 877 578 601 479 641 505 871 467 927 522 549 480 607 511 643 481 674 502 824 529 878 605 39 463 83 490
907 466 1089 585 455 479 542 517 819 455 878 576 641 479 674 501 872 466 928 521 826 529 879 604 601 478 640 505 547 478 605 510
