

546 330 662 407 715 326 911 438 893 334 1053 435 660 318 772 407 1145 166 1268 604 341 341 378 365 0 336 21 369 437 339 473 376 310 344 342 364 152 320 162 332 223 343 239 354 476 342 529 382 407 339 442 372
547 328 665 407 721 325 920 438 912 333 1071 432 664 317 774 407 341 340 378 364 436 338 476 376 311 344 341 364 0 336 18 367 151 319 161 331 408 339 442 371 199 340 218 353 297 344 321 361 478 342 530 382
548 324 668 408 922 328 1086 433 725 324 928 438 672 315 775 398 341 338 377 362 436 337 474 375 408 338 443 371 449 333 496 379 151 317 161 329 199 339 217 351 312 341 341 361 223 341 239 352 0 335 16 365 297 342 320 360 174 337 189 348
744 320 944 442 934 327 1100 435 554 324 678 408 676 313 777 399 341 337 376 361 437 336 472 373 408 338 443 370 450 332 496 378 199 337 218 350 297 341 319 359 313 340 341 359 223 340 239 351 173 335 189 347 151 316 160 328
556 322 681 408 752 317 957 443 956 327 1120 437 689 313 794 400 341 336 376 359 451 331 496 377 407 337 444 369 200 337 217 350 437 336 471 372 223 339 239 350 296 340 318 358 173 335 189 346 248 338 268 353 483 334 530 379 315 338 342 357 128 334 147 347
558 323 687 410 762 317 972 446 966 329 1134 439 691 310 799 403 340 337 377 360 451 332 496 378 407 337 445 370 200 338 218 350 438 336 472 373 222 339 239 351 296 341 319 359 173 336 188 346 128 335 147 348 248 338 268 354 314 339 342 359 150 316 160 327
561 323 691 413 767 320 982 449 979 331 1150 442 692 313 809 412 341 338 378 362 450 332 496 380 407 337 446 372 439 336 474 375 200 339 217 351 172 337 188 348 127 337 147 349 223 341 239 353 314 341 343 361 296 342 319 361 150 316 160 327
782 319 1003 455 564 324 696 416 697 315 811 412 1001 332 1173 446 341 340 379 364 407 337 447 374 452 334 496 381 172 339 188 350 200 341 217 352 441 337 473 376 128 339 147 351 487 342 548 384 223 343 240 355
789 322 1018 457 1009 331 1188 449 565 325 698 420 707 314 825 418 342 342 378 366 488 345 549 385 173 341 189 352 200 343 218 355 127 341 147 353
800 328 1029 460 1020 333 1204 454 712 317 829 419 566 328 699 422 342 345 378 368 490 348 549 388 455 339 499 387 200 346 218 358 127 344 147 355 409 348 446 378 173 344 189 355 440 345 471 383
819 330 1064 464 570 332 711 425 1043 334 1234 459 718 319 833 420 409 349 447 381 452 339 501 389 439 346 472 385 342 346 378 369 200 348 219 361 493 351 549 391 172 346 190 357
824 331 1080 470 1060 336 1244 465 574 336 714 424 731 323 854 426 409 350 449 382 452 341 502 390 439 348 473 386 126 345 148 358 484 345 566 395 172 348 191 359
577 337 718 424 736 324 860 429 843 332 1081 471 453 343 502 390 410 351 451 383 1101 335 1273 466 485 346 566 396 174 347 193 359 441 349 473 386
867 327 1136 483 1116 335 1270 472 737 328 885 428 578 342 725 429 411 353 453 385 487 347 565 397 455 346 500 391 296 355 323 374 175 348 194 360 343 352 376 373
746 324 889 435 583 342 726 429 884 329 1173 499 1133 334 1273 474 487 348 564 398 411 354 453 386 455 348 497 393 295 356 324 375 343 352 376 374
578 334 740 430 898 329 1200 499 747 328 899 431 488 349 564 399 411 355 453 388 455 350 495 394 294 356 323 376 342 353 375 376 1158 325 1269 480 137 326 145 338
584 334 747 432 769 330 917 432 488 349 565 399 904 330 1224 499 411 355 454 388 454 351 494 395 341 353 376 377 294 356 324 376 135 326 144 339 314 355 342 375
933 327 1267 502 589 335 754 433 772 328 930 433 488 348 567 398 411 354 455 388 454 350 493 395 135 326 143 338 342 352 378 376 294 355 324 376
953 325 1267 507 593 335 759 433 778 326 943 433 412 352 456 386 488 346 568 397 135 325 143 337 453 347 493 394 342 351 379 375 943 327 1090 441 295 354 322 374
594 334 765 430 986 324 1273 508 784 325 955 432 134 324 142 336 412 351 457 384 507 345 585 397 453 344 493 392 969 322 1135 444 198 349 218 361 152 345 169 356
1026 325 1273 510 594 335 769 430 810 324 972 434 984 319 1139 443 133 323 142 336 452 343 494 391 508 346 585 397 413 350 458 383 198 348 218 360 152 344 169 355 223 345 248 362
604 337 782 432 816 322 982 435 1056 325 1270 513 1004 320 1180 451 510 347 586 398 454 343 496 391 133 323 142 336 198 348 218 360 414 350 459 383 152 344 169 356 223 345 249 362 458 340 541 390
607 337 784 435 825 322 991 441 1016 321 1187 454 1091 323 1273 523 511 350 586 401 455 346 496 392 133 324 142 336 150 345 169 358 415 352 459 385 199 348 218 361 223 346 250 363 478 342 531 392 343 350 379 374
611 340 790 439 832 325 1004 445 512 352 589 404 1068 331 1262 506 456 350 496 396 342 353 378 377 459 343 541 396 416 356 459 389 131 326 140 337 292 355 323 376
615 343 796 441 858 326 1030 449 1055 325 1254 465 512 354 591 407 458 353 497 398 341 355 378 379 291 357 325 379 1150 346 1272 522 460 344 541 398 423 357 465 394 315 358 343 378
619 345 802 443 865 326 1045 451 1074 326 1258 467 512 354 595 408 421 359 467 396 290 359 326 381 341 357 378 381 460 355 498 400 461 345 542 399 315 359 344 380 1199 353 1273 530 714 333 827 412 200 358 218 371 130 336 140 348 101 354 126 368
624 344 806 443 873 326 1059 452 1103 320 1270 474 419 358 467 396 511 353 595 407 291 358 326 379 341 356 378 380 461 355 501 399 737 335 847 419 389 357 416 380 314 358 343 379 463 344 544 399
628 346 815 445 898 327 1093 457 419 358 469 397 1123 319 1270 476 532 354 610 406 464 355 502 400 290 357 326 380 341 356 377 380 735 334 850 417 315 358 344 379 480 345 570 403
631 348 823 447 908 326 1108 460 419 358 470 398 534 354 613 408 1155 321 1270 477 290 357 328 380 465 356 503 400 482 347 563 404 341 357 377 380 99 353 125 369 733 332 856 415 315 358 344 379 200 357 217 370
641 344 848 446 920 328 1121 460 537 360 613 412 1193 336 1270 497 419 359 472 401 498 351 554 405 289 359 328 382 340 358 376 382 468 358 503 401 98 354 125 369 316 360 345 381 41 332 94 366 200 359 217 372 173 356 193 371
645 346 849 448 939 324 1152 465 539 360 616 412 420 360 473 401 483 349 562 405 340 358 377 382 316 361 345 382 1202 339 1270 499 290 361 326 382 735 327 897 431 173 357 193 371 200 360 218 372 97 355 124 370 469 359 503 401
651 348 854 451 541 361 620 414 955 326 1158 465 420 361 475 401 317 362 346 383 340 360 376 383 475 355 515 404 173 358 193 373 274 365 295 381 483 349 563 406 200 361 217 374 730 329 907 434 224 360 244 376 127 338 137 350 290 362 325 383 97 355 124 370
657 350 860 453 542 361 624 414 981 324 1219 471 475 355 516 405 759 330 936 431 318 362 346 383 352 357 391 385 340 359 374 383 420 362 478 400 275 364 295 381 173 358 193 372 200 361 217 373 224 360 245 376 126 337 136 349 482 347 564 406 290 361 324 383
663 350 868 455 996 324 1218 476 550 360 634 414 762 329 941 430 477 354 518 405 352 356 391 384 318 360 346 382 340 359 374 382 275 362 295 379 422 363 481 399 224 358 246 375 173 356 194 372 290 360 324 382 199 359 217 372
667 351 876 456 552 359 635 414 770 327 945 428 1010 325 1206 473 477 354 520 404 353 356 391 384 317 360 345 381 33 330 85 362 341 358 374 380 276 361 295 379 423 364 484 398 223 357 246 374 172 356 194 371
670 359 884 463 555 360 640 416 1032 316 1255 483 779 326 953 430 480 355 523 405 353 357 391 385 32 330 83 361 275 361 295 379 318 360 346 381 340 358 372 381 224 357 246 374 290 360 324 381 173 357 193 372 199 358 217 372
683 349 907 457 557 362 645 418 1057 317 1250 485 798 324 994 440 31 330 82 360 353 358 392 387 483 355 525 407 274 363 294 380 224 358 246 375 174 358 193 373 339 359 371 382 319 361 347 383 199 360 217 373 125 340 135 352 289 361 324 383 80 356 102 369
692 358 903 470 806 325 998 447 560 364 649 420 1076 328 1248 496 352 359 392 388 274 363 294 382 29 332 80 360 339 359 371 383 174 359 193 373 224 359 247 375 198 361 216 374 505 349 592 411 486 364 524 409 125 341 135 352 80 356 103 369
696 357 910 472 818 326 1004 451 559 364 652 421 1107 314 1267 494 352 359 392 389 274 364 293 383 197 362 216 375 339 359 372 383 176 360 194 374 224 359 247 375 148 358 166 370 488 365 526 409 80 356 103 369 505 349 592 412
701 355 923 472 574 363 664 420 1138 320 1264 507 352 357 392 387 827 325 1010 450 274 362 292 381 340 358 373 382 197 360 216 374
705 353 937 472 580 361 667 418 854 320 1038 453 353 354 393 383 1158 316 1266 486 439 342 498 396 274 358 293 379 340 355 373 379 529 345 615 409 494 348 544 403
728 353 955 470 856 317 1052 450 585 360 671 415 1193 311 1273 484 532 343 610 406 353 351 394 379 495 345 545 400 439 356 498 398 114 322 122 334 340 352 373 376
729 344 962 464 860 315 1065 447 582 347 676 414 496 342 548 396 534 340 612 403 114 318 122 331 439 355 501 394 1209 300 1273 486 219 343 249 364 356 350 395 376 195 347 216 362
733 343 974 464 895 309 1101 452 579 346 682 412 499 339 552 395 534 338 614 402 113 315 122 329 219 341 250 362 441 354 503 392 194 346 215 360 79 343 101 356
737 342 990 465 897 307 1120 450 593 345 696 413 503 337 555 395 534 335 616 401 113 314 121 328 355 344 397 371 78 341 101 355 443 354 507 390 219 340 250 361 337 343 370 368 194 346 214 360 129 340 144 351 175 342 196 356
738 342 1004 467 597 345 699 415 921 304 1157 453 533 336 619 402 506 338 558 395 112 315 121 328 445 356 510 392 78 342 102 356 219 341 250 362 355 345 397 371 129 341 144 352 194 346 214 360
745 347 1008 478 928 305 1166 457 601 358 701 417 112 318 120 331 509 340 559 397 533 338 622 404 446 358 512 395 357 350 397 376 78 345 101 358 128 343 144 354
771 348 1027 484 603 359 705 419 356 353 398 380 946 309 1172 459 111 322 119 334 552 343 637 408 516 341 571 402 336 352 370 377 446 345 519 394 77 348 102 361 127 346 144 358 272 354 294 376
779 352 1040 487 976 311 1229 469 615 359 721 423 554 346 638 412 356 356 398 384 517 345 573 405 109 324 118 337 335 354 367 380 271 356 294 378 292 356 327 379
783 354 1056 488 988 314 1241 475 620 361 725 424 555 347 640 415 517 349 576 407 357 359 400 386 334 356 366 381 108 326 117 338 271 359 293 380 3 329 60 359 291 358 327 381 177 357 196 371
782 356 1067 488 623 362 730 425 1003 313 1269 479 560 353 643 418 519 351 578 408 359 360 401 387 335 357 366 382 107 326 116 339 270 360 294 381 177 358 196 372 291 359 327 382
812 353 1082 493 1020 311 1273 480 639 360 743 425 523 350 580 407 361 358 403 385 336 355 368 380 557 345 646 414 107 323 116 336 271 358 293 379 436 359 465 384
820 350 1100 491 641 357 749 424 1044 306 1270 479 526 347 582 404 361 352 404 381 107 320 116 333 555 341 650 412 461 343 535 397 338 351 370 377 435 355 465 381 73 345 99 358
825 346 1116 491 644 355 756 423 1064 301 1267 478 578 339 664 411 457 314 547 395 107 315 116 328 530 342 584 400 73 339 98 353 127 340 143 352 360 348 405 376 434 350 466 377 176 345 196 357 150 341 168 353
832 341 1146 503 647 345 761 419 1092 296 1273 484 459 313 548 394 577 336 668 408 107 314 116 326 359 343 404 373 534 335 610 399 127 338 143 350 73 336 97 351 338 342 370 369 177 343 196 355 151 339 167 351 270 346 295 365
852 343 1150 492 660 351 778 421 1110 297 1273 480 462 312 551 392 577 334 673 406 361 342 406 373 538 333 613 397 339 342 370 368 106 313 115 325 127 337 143 349 72 335 97 350 177 341 196 354 151 338 167 350 271 345 295 364
854 335 1186 506 664 343 786 420 1145 295 1271 480 362 340 407 371 571 331 679 404 542 333 617 396 340 340 371 366 107 312 116 324 72 333 97 349 127 336 143 348 177 340 196 353 196 342 213 357 273 344 295 364 151 337 168 349 414 343 445 369
864 332 1212 506 681 340 798 421 598 330 694 404 1164 296 1269 476 362 339 408 369 342 339 371 364 176 338 195 351 106 312 116 324 548 334 609 394 274 341 295 363 415 341 445 367 73 331 97 347 127 334 143 345 152 335 168 348
873 329 1229 506 682 339 808 422 1196 289 1270 477 596 326 698 403 361 338 407 367 343 337 372 362 553 329 639 396 176 337 195 350 274 339 296 362 416 339 447 365 106 313 117 325
881 330 1245 508 594 325 704 404 557 331 638 396 375 338 416 369 690 340 812 421 344 337 372 362 177 337 196 351 1212 285 1271 489 274 339 297 362 106 313 116 325
912 328 1261 517 480 304 578 395 705 340 835 422 563 333 639 398 375 338 417 372 623 329 717 409 344 339 374 364 360 337 399 367 177 339 196 352 274 340 298 364 106 313 116 325 126 335 143 347
922 334 1263 521 709 349 845 427 620 330 722 414 484 306 582 399 570 337 629 402 107 313 116 326 175 342 196 355 345 342 376 368 126 338 143 350 377 341 418 372
936 337 1262 526 723 352 860 430 622 334 727 418 494 307 594 400 575 341 632 406 108 315 117 328 380 348 421 379 173 345 195 359 126 341 143 353
950 342 1265 533 729 357 864 435 380 351 424 383 581 340 663 414 495 308 600 403 619 338 733 421 108 317 118 330 464 352 496 383 358 351 391 378 171 348 194 362 126 344 143 356
966 342 1270 541 644 340 747 425 730 353 892 443 496 316 605 411 381 355 427 385 585 343 662 417 108 320 118 333 358 353 388 381 311 352 347 379 480 351 510 389 346 354 375 378
980 342 1273 546 746 361 901 446 641 342 759 429 500 316 611 413 383 357 429 387 592 353 664 419 360 355 389 382 478 353 513 391 312 354 348 380 109 322 118 334 345 355 374 380 274 355 298 378
1010 354 1264 533 503 317 612 413 384 358 432 389 660 342 772 431 765 361 915 448 596 355 660 418 361 356 390 383 478 355 514 393 312 355 350 381 109 323 119 335 273 356 298 378
1029 351 1263 538 771 357 928 447 660 342 783 432 386 357 434 389 513 315 625 416 606 352 683 421 361 356 392 384 313 356 352 382 479 355 514 393 109 322 118 335 273 357 298 377 173 355 195 370
1049 346 1265 547 781 357 945 449 517 316 629 415 612 352 686 421 386 356 436 389 660 341 793 432 362 355 393 384 313 356 353 382 109 321 119 335 273 356 297 377 173 355 195 369
1067 340 1268 554 681 338 807 435 788 356 960 450 520 314 634 414 363 353 395 382 619 352 691 421 109 319 119 334 387 354 434 386 313 355 353 381 290 354 314 380
808 356 981 450 1089 339 1268 557 682 338 815 433 523 313 639 414 365 351 397 380 626 351 709 420 109 317 119 332 398 351 442 386 169 347 196 363
819 356 998 451 1103 343 1269 554 680 334 834 435 633 352 712 419 399 351 445 385 365 351 398 379 111 318 120 333 169 347 196 363
1132 350 1267 548 401 352 448 385 540 313 654 414 640 352 716 419 687 336 846 432 366 351 400 378 827 356 1013 449 112 319 121 333 509 352 548 386 382 351 417 380
853 359 1040 451 1156 381 1264 556 542 317 659 413 402 352 452 385 650 353 737 420 726 340 858 432 113 319 122 333 366 351 399 379 381 351 413 382 507 352 550 386
865 364 1055 458 655 352 741 421 543 315 663 413 720 337 871 438 403 352 453 385 114 317 122 332 380 350 413 382 480 352 510 388 1171 391 1264 559 507 351 550 385 367 351 400 378
726 335 881 438 405 352 456 385 545 315 666 413 114 316 122 332 661 351 746 424 381 349 414 382 891 362 1093 460 1205 384 1269 573 508 351 548 385 255 300 268 313 532 350 563 387
901 363 1108 460 734 334 891 438 406 352 458 386 674 350 766 425 114 316 122 331 383 350 417 382 481 350 510 389 530 350 567 387 255 299 269 313
680 350 772 427 915 362 1121 463 557 310 686 419 407 351 461 387 739 335 905 439 114 315 122 330 385 350 418 382 482 350 510 390 526 350 571 387 146 346 166 359 365 351 397 379 256 299 270 313
933 361 1149 464 691 348 790 429 764 335 927 442 386 350 421 382 114 315 123 330 407 350 462 386 563 312 691 419 482 350 510 390 526 351 573 387 366 351 397 379 146 347 166 359 330 350 371 379
696 349 795 429 771 335 942 442 950 361 1156 465 387 351 422 382 114 315 122 330 482 351 511 389 525 352 576 387 408 351 459 384 297 353 320 378 331 350 372 379 368 352 395 379
780 336 957 444 971 361 1160 466 703 349 801 430 388 351 425 381 114 315 123 330 482 351 512 389 527 352 578 388 423 351 469 387 582 310 708 422 332 349 372 378 120 318 130 331
716 349 818 430 800 333 982 447 992 359 1196 469 389 350 426 381 423 351 472 387 585 313 715 421 481 351 511 389 114 313 123 328 527 352 576 388 121 316 130 329 146 344 167 357
805 332 991 448 722 348 825 431 1009 359 1196 472 423 351 474 387 390 349 427 380 114 310 123 327 589 316 720 419 527 350 573 387 121 314 130 327 146 342 168 356
738 346 847 432 817 332 1001 450 425 349 478 386 1034 354 1261 478 114 308 123 325 392 348 426 378 528 349 570 386 235 340 271 362 145 338 168 353 121 312 130 325
1060 355 1257 478 744 344 854 434 426 346 483 384 825 333 1007 450 598 309 750 418 115 307 123 323 236 337 271 360 145 336 167 350 403 345 438 380 122 311 131 324 531 347 570 384 556 348 594 385
761 343 873 433 843 330 1060 453 1093 353 1273 479 606 292 751 414 427 343 488 382 236 334 271 358 115 306 123 322 389 342 424 371 146 333 166 348 602 348 633 401 556 346 595 383 123 310 131 323 404 341 439 373
765 344 881 430 1110 353 1271 479 852 329 1062 451 622 288 766 415 404 341 440 372 606 346 636 396 236 333 271 356 388 342 422 369 430 343 490 381 173 335 195 350 557 344 595 382 115 306 123 322 113 300 123 315 146 332 166 346 746 337 799 393
778 340 905 432 627 282 768 413 886 325 1108 450 407 337 441 370 386 338 420 367 114 296 123 311 1133 352 1270 481 433 336 484 373 611 345 642 393
630 275 774 411 889 319 1117 448 785 337 909 424 408 333 443 366 114 292 123 307 434 331 486 370 385 334 419 363 341 333 380 360 1196 340 1270 495 767 327 826 382
796 331 938 429 635 268 784 409 903 314 1116 447 410 329 444 362 114 288 123 303 384 330 418 359 1196 327 1273 476 434 328 487 367 341 331 380 356 624 336 659 395 773 324 832 384
921 311 1183 449 639 269 792 408 807 335 939 424 411 329 444 361 114 289 122 304 384 330 417 359 341 331 380 356 629 339 664 393 444 328 494 370 788 320 847 382 1213 306 1273 482
937 313 1175 451 822 335 973 431 642 275 802 410 411 332 445 365 113 292 123 306 385 333 418 362 489 333 515 370 445 329 493 372 342 334 380 359
831 340 990 436 954 317 1163 455 660 279 830 419 412 337 447 369 386 337 419 367 113 297 123 311 490 337 516 373 343 337 381 364
978 318 1240 465 665 283 838 423 840 344 1005 440 488 346 513 385 387 341 421 371 414 341 448 370 113 300 123 315 113 310 122 324
863 346 1032 447 992 323 1227 469 671 287 845 424 114 308 122 323 388 346 421 377 417 346 452 379 227 313 238 325
873 348 1050 451 1002 321 1273 477 675 289 858 423 113 308 122 323 387 346 423 380 416 347 453 381 488 350 516 390 451 350 500 389 226 315 238 327
1032 324 1266 481 696 292 901 437 112 309 121 323 387 347 424 380 424 347 466 384 898 346 1086 456 453 350 502 389 486 350 516 391 146 341 166 355 673 356 721 417 266 294 281 307
910 349 1099 457 1060 323 1263 484 701 291 909 439 424 347 467 384 112 310 121 324 389 347 426 380 455 350 503 389 146 342 166 355 268 295 282 308 679 357 727 418
