

808 280 1194 637 0 23 561 531 633 170 755 380 527 137 683 311 624 273 721 413
809 284 1195 639 0 21 556 542 635 174 753 380 520 138 682 319 625 271 723 413
811 292 1195 646 0 18 549 541 512 143 685 327 637 178 750 380 624 265 727 414
812 303 1198 656 0 13 536 550 495 149 671 336 638 188 750 383
487 155 673 346 813 312 1201 665 0 10 522 554 639 198 751 385
480 156 675 351 815 317 1205 667 0 9 508 560 642 204 753 387 813 255 833 287
472 153 674 353 815 318 1206 665 2 10 497 565 647 202 756 387 812 256 833 285 646 315 709 422
464 152 672 354 4 10 488 571 813 317 1207 666 651 201 759 387 648 315 709 419
453 150 667 355 1 7 474 576 813 317 1208 667 654 201 759 386
0 3 461 574 443 152 667 353 812 336 1212 700 657 203 760 387 811 259 833 285
0 0 443 577 817 340 1213 699 660 205 760 385 410 142 679 378 811 261 833 287
2 0 424 664 815 342 1215 702 387 143 672 385 663 209 760 384 664 319 726 420
359 145 667 395 812 343 1215 704 0 0 366 670 661 240 758 407 665 319 727 424
334 146 666 402 0 0 348 686 811 342 1216 705 664 239 759 406 667 321 729 423
310 142 654 403 0 0 334 701 813 337 1213 704 667 246 760 401 625 202 683 308
292 128 659 385 793 282 1227 705 0 1 309 700 677 206 766 369 279 104 459 200
271 114 661 368 791 282 1231 699 680 200 768 357 262 92 455 192 0 15 293 683
249 101 656 355 789 278 1233 697 686 164 774 338 235 75 425 180 604 127 708 261 1 0 220 587 690 255 749 349
235 95 641 355 687 162 773 333 791 271 1234 697 224 70 418 174 0 0 152 600 691 252 748 344 602 123 705 256 810 209 835 237
212 90 628 356 689 161 772 326 791 263 1234 699 209 63 417 154 599 122 701 249 693 249 747 338
194 85 622 357 689 159 772 317 790 256 1238 699 580 116 678 258 197 58 418 151 693 229 753 325
159 78 606 361 787 253 1240 699 690 159 773 308 580 111 676 252 695 227 754 319 810 192 835 218
143 76 604 364 786 250 1237 696 690 158 774 302 579 108 677 247 697 226 753 313 808 189 835 216
113 70 595 372 782 243 1228 694 687 155 770 294 575 108 674 244 696 224 749 309
79 66 583 382 776 240 1225 692 568 108 669 242 682 153 764 290 853 190 898 266 791 184 815 206
46 41 575 412 769 238 1223 690 558 108 661 243 675 150 755 288 683 216 736 295 849 189 896 266 787 183 814 208
10 38 552 419 753 239 1199 687 670 151 750 287 536 110 676 236 680 218 734 293 846 188 893 264
0 36 547 434 748 238 1203 682 664 151 744 287 674 218 730 292 525 110 631 258 624 138 682 224
0 36 542 449 743 237 1207 677 513 113 626 260 660 152 739 285 669 217 725 290 618 139 678 225 763 182 790 207
0 36 531 462 738 235 1211 671 501 112 620 261 665 162 726 276 604 136 664 223 662 215 710 287
0 34 517 474 735 231 1213 665 485 107 630 252 662 211 709 283 664 144 728 263 600 133 661 220
731 229 1214 659 0 28 503 495 476 104 634 252 661 208 708 280 662 144 725 261 593 129 657 220
729 228 1214 656 0 20 490 529 466 103 638 251 660 207 707 278 662 145 722 260 590 129 654 222
728 228 1214 653 0 16 482 560 450 110 602 265 655 147 715 264 659 208 706 279 587 131 652 226
728 226 1214 652 0 16 470 648 443 112 596 268 656 148 714 263 659 208 706 278 580 132 661 229 744 178 770 202 124 462 338 719
729 221 1210 648 0 13 458 671 433 110 589 271 657 147 714 259 574 129 647 231 659 207 705 275
731 212 1206 644 421 104 588 270 0 15 446 687 658 147 713 252 566 121 649 228 740 166 768 191
717 193 1215 601 409 94 590 263 0 20 433 698 658 154 710 244 565 117 647 221
712 187 1213 597 391 87 572 261 1 24 424 700 655 123 708 228 559 103 642 205
695 185 1204 597 0 20 370 685 371 85 565 263 652 125 702 220 555 107 643 193
669 184 1185 605 0 18 351 679 317 92 526 281 510 118 597 224
641 208 1170 649 0 29 324 667 283 91 551 289 70 510 274 719 507 126 596 221
619 232 1129 651 0 13 289 569 468 130 567 243 260 119 485 325 60 528 260 714
593 261 1115 667 212 120 485 341 1 37 263 655 18 525 224 716
571 286 1092 678 179 128 465 359 5 67 225 594 425 169 521 294 115 109 252 193
557 310 1066 684 156 129 454 376 413 182 512 299 533 225 581 314 3 45 179 616 92 111 249 201 532 268 568 319
552 313 1057 683 129 126 431 389 4 51 165 609 409 190 507 300 531 225 578 314 79 106 243 197 2 448 171 719 613 252 642 282 530 269 565 319 640 250 661 296
557 310 1063 684 114 122 437 386 4 54 147 524 412 176 517 296 73 93 248 191 532 231 580 310
569 303 1082 684 102 117 448 382 68 80 255 191 421 165 530 292 2 79 133 493
586 295 1108 686 90 114 464 378 63 70 264 190 439 167 565 284 0 120 127 543 8 448 227 719
85 115 477 382 604 293 1125 686 449 167 573 289 12 54 251 199
81 121 490 395 650 303 1155 674 11 56 236 206 454 169 594 298 860 255 1175 468
94 126 520 409 660 310 1169 676 17 62 220 214 127 87 304 186 495 184 628 309 867 263 1205 468 94 540 325 714
80 134 538 425 674 314 1188 679 505 190 642 320 2 54 172 248 106 532 335 717 163 99 302 164 678 238 721 315 70 87 268 200
71 139 548 433 688 314 1197 680 0 54 134 256 514 198 653 332 26 69 216 217 114 534 350 715 163 107 303 183 684 241 726 319
57 138 557 445 698 314 1204 681 535 200 673 331 0 51 132 259 28 67 218 213 169 106 303 183 143 537 373 714
46 134 565 452 712 313 1205 683 543 197 685 334 0 47 129 260 31 64 217 207 155 531 384 717 175 98 303 159 735 278 762 314
27 111 579 456 727 313 1204 683 549 195 697 335 0 43 125 257 33 59 215 198 734 241 776 314 181 94 321 152 806 263 841 295 169 524 394 719
14 112 558 458 740 306 1202 686 551 180 703 322 0 36 122 257 31 54 216 194 682 206 722 248
10 97 559 460 745 293 1200 690 551 169 709 312 31 36 217 153 0 30 116 247 689 201 723 241
7 81 558 467 549 157 714 304 746 277 1198 695 22 24 212 146 830 232 869 265 0 26 113 244
4 66 556 476 546 147 718 300 746 264 1198 698 762 229 799 276 835 227 874 259 11 14 218 144 702 178 740 219
2 55 552 486 540 143 720 300 744 261 1200 699 4 10 167 154 761 195 808 270 836 224 877 257 703 173 741 218
0 46 546 512 526 142 716 303 743 265 1201 697 764 226 799 274 835 224 876 258 701 172 741 219 3 10 157 154
510 145 709 313 0 36 535 539 742 275 1201 694 763 226 799 275 832 228 872 262
0 50 522 631 741 288 1204 690 493 152 703 328 829 236 867 268 940 251 1207 395
736 300 1209 689 0 51 508 655 475 160 693 339 196 516 411 719 757 220 799 288 939 253 1209 403 684 198 725 241
726 307 1217 690 0 62 489 664 462 180 687 358 196 523 408 719 756 251 792 296 826 257 864 287 939 260 1205 410 680 205 723 245
719 312 1222 689 448 184 684 367 0 72 472 657 181 521 401 718 753 271 786 316 364 156 503 233
715 313 1224 690 436 188 680 376 0 74 456 656 370 158 499 235 672 218 726 270 754 272 789 321 181 520 400 719 824 276 865 306
718 312 1222 691 422 167 691 387 2 70 444 665 367 157 496 236 757 272 791 319 673 217 728 270 181 518 401 718 827 276 866 305
719 310 1223 693 406 166 693 385 4 68 425 669 362 151 495 238 676 215 730 267 761 271 794 317 196 523 409 719
383 166 695 384 720 308 1223 695 2 75 413 667 333 139 491 241 763 271 795 314 677 212 731 265 197 522 409 719
359 165 696 384 718 307 1225 696 0 57 367 668 333 137 486 240 676 213 732 264 172 100 368 213 764 271 796 313
343 164 694 388 717 307 1225 697 0 54 352 662 158 97 364 216 328 136 482 238 763 272 796 314 674 214 732 264
326 160 693 392 716 305 1225 697 2 46 315 672 151 93 358 220 323 134 480 233 672 215 732 263 764 272 797 312
314 155 690 395 718 303 1226 698 6 49 274 681 132 82 337 226 312 128 462 230 668 214 738 264 199 535 404 718 4 46 217 212
305 151 690 397 720 303 1225 698 122 73 334 231 1 97 233 657 315 127 460 213 1 36 211 215 198 534 404 719 831 263 874 295 677 209 737 259
285 151 675 401 721 303 1225 698 108 69 333 230 0 31 186 212 186 529 396 719 310 124 459 210 679 209 737 258 832 263 875 294 1 103 175 651 655 213 689 249
267 140 672 407 721 302 1225 697 0 26 176 213 95 63 332 224 303 116 453 188 185 523 395 719 778 252 811 296 680 205 738 254 1 125 148 628 654 206 690 247
246 123 669 408 727 297 1220 697 92 55 332 213 0 12 163 200 184 514 394 719 298 112 452 182
225 107 664 404 765 282 1227 692 2 5 156 197 283 90 435 159 92 47 331 202 658 180 696 220 182 506 394 719
209 97 659 402 768 261 1229 694 0 1 138 192 56 27 299 183 793 225 821 266 697 170 753 221 278 75 430 139 660 172 698 215
187 90 653 402 768 238 1234 696 0 0 127 188 43 20 300 182 258 62 415 136 656 158 700 197
168 84 649 404 767 224 1234 696 37 15 289 176 0 0 118 188 236 50 419 134 802 201 833 241 684 146 762 201 656 151 701 192
766 215 1232 694 111 52 642 420 32 9 287 167 0 0 113 186 805 183 836 224 684 140 762 193 652 138 701 176 802 199 832 236 225 39 413 126
91 45 640 422 763 211 1231 692 8 0 254 171 803 178 835 222 649 133 701 174 685 128 762 184 2 2 73 180
51 39 638 430 759 207 1230 691 5 1 249 159 695 123 754 177 647 127 698 170
19 35 630 442 719 210 1221 695 0 2 240 153 693 118 749 173 788 178 819 218
713 212 1220 694 0 30 621 464 0 1 238 144 675 119 733 173 615 118 691 168
704 222 1218 693 0 29 580 498 670 124 726 180 602 123 661 173 0 1 233 148
0 26 566 538 695 240 1215 692
685 263 1210 691 0 31 547 557 504 134 564 209
677 284 1205 691 0 54 532 612 500 140 564 213 621 167 680 223 728 226 761 266
676 296 1199 690 0 69 524 603 617 173 675 231 554 173 614 222 51 458 262 719 495 146 558 219
683 301 1200 692 0 66 524 619 456 147 559 237 555 178 614 229 57 518 269 719
694 305 1207 694 0 60 529 638 486 154 570 236 625 187 683 246 571 182 630 235 64 519 279 719
702 305 1216 697 0 50 539 663 487 154 576 238 574 184 637 234 642 188 699 247 397 130 562 241 757 251 783 288 69 517 290 719
