

6 177 301 583 347 283 729 550 685 120 1001 439 262 309 373 440 350 226 492 350 795 404 891 472
5 176 299 589 691 116 1008 441 348 283 731 551 251 306 375 437 347 225 490 349 795 403 894 474
5 175 299 594 698 113 1011 442 350 283 732 550 250 306 373 436 347 224 490 350 796 402 897 476
705 110 1016 443 351 283 733 551 5 169 298 598 248 305 371 435 798 401 901 478 348 223 491 351
707 107 1022 444 352 283 734 551 246 305 372 435 7 161 296 605 349 222 494 352 800 401 905 480
709 104 1028 445 351 283 736 552 245 303 373 438 0 112 297 648 349 222 496 355 800 402 908 483
710 102 1034 449 352 284 742 552 241 301 376 438 0 112 291 656 350 222 496 355 818 403 921 486
711 98 1041 456 354 282 751 553 236 298 380 441 0 110 284 666 353 222 498 359 822 403 927 489
732 92 1059 456 229 294 384 443 357 280 760 557 0 108 276 676 356 220 499 357 838 407 947 495
731 84 1066 462 363 277 768 561 223 293 387 447 0 105 264 687 843 407 952 500 359 220 501 355
366 275 775 565 731 81 1072 462 218 294 389 450 0 102 261 688 361 220 502 353 847 407 955 500
369 272 784 570 731 79 1081 465 188 294 385 450 0 119 256 719 362 220 503 356 840 411 976 515
730 77 1092 466 369 270 793 573 182 294 384 455 0 144 249 634 363 220 504 361 868 423 981 511
176 295 381 458 729 75 1100 468 367 269 801 574 0 145 236 636 361 221 507 365 886 426 997 518
388 271 806 573 173 295 379 458 705 42 1129 490 0 152 230 630 888 427 1003 522 360 222 512 366
392 270 808 576 706 40 1134 491 167 294 375 458 0 193 219 660 888 417 1021 530 359 221 555 367
396 270 812 578 709 35 1143 494 162 294 374 459 0 202 209 657 896 418 1032 535 360 222 555 372
402 272 817 577 713 29 1148 495 156 294 374 460 2 185 182 677 905 420 1043 538 361 223 554 376
405 273 824 577 714 25 1155 494 150 294 373 460 4 203 174 668 922 422 1062 538 360 222 551 379
711 21 1165 493 405 275 831 578 139 294 374 460 6 212 160 667 927 423 1072 542 359 221 547 382
705 17 1180 495 403 277 837 581 129 294 376 461 4 270 144 694 936 424 1085 545 359 221 545 383
704 11 1195 497 401 277 841 583 98 295 378 462 2 279 127 689 947 425 1095 549 360 222 543 385
704 6 1205 497 401 275 843 585 88 283 382 475 1 283 117 688 363 222 540 384 951 427 1102 552
702 2 1217 495 402 275 847 585 78 283 383 475 970 430 1125 557 363 221 538 384 0 270 92 697
696 1 1230 493 403 273 852 585 71 282 383 476 983 431 1136 563 362 220 535 383 3 286 67 682
690 5 1243 492 404 274 859 586 68 282 384 478 995 432 1148 568 362 220 535 385
688 5 1252 490 405 274 863 588 70 282 383 478 364 220 536 388 1011 431 1171 569
406 277 869 591 70 281 385 477 685 7 1261 491 366 219 537 390 1021 447 1185 579
407 279 874 590 70 281 387 478 720 2 1271 502 369 218 535 390 1029 449 1203 586
409 280 880 590 68 280 391 478 715 3 1279 508 373 216 536 389 1059 450 1233 592
412 280 886 592 68 280 394 478 719 5 1279 515 376 213 536 389 1070 452 1242 599
68 278 400 478 415 281 900 599 723 8 1279 513 383 212 539 387 1080 452 1256 608
68 277 404 479 419 283 917 603 726 7 1277 521 389 213 542 385 1117 450 1277 616
68 276 411 480 422 283 933 604 727 7 1276 525 396 214 546 385 1127 448 1279 625
68 278 413 481 432 266 928 628 728 5 1277 531 399 214 550 386 1155 437 1277 635
65 279 414 482 431 267 933 629 728 6 1277 538 400 214 551 388
62 280 414 484 428 269 938 631 727 5 1279 548 400 213 551 389
58 280 414 485 425 270 944 633 725 5 1277 562 400 213 550 389
56 279 415 486 435 269 956 627 723 4 1279 572 398 211 550 390
55 278 414 487 435 271 958 628 725 2 1276 581 397 210 550 391
52 277 413 490 437 269 960 629 733 0 1274 585 398 207 550 391
48 275 412 492 436 267 963 630 399 207 549 391 744 0 1270 588
44 276 411 493 435 265 970 632 397 206 548 393 750 0 1271 589
39 276 409 493 435 263 974 630 394 206 546 393 753 4 1272 588
34 276 408 492 435 261 975 628 390 204 544 389 757 7 1277 583
29 275 407 493 435 260 971 627 758 9 1279 582 388 207 540 385
27 274 405 494 434 261 968 628 758 0 1279 673 386 210 537 382
25 275 403 497 432 260 967 629 381 212 534 383
23 275 402 498 432 259 966 628 761 13 1279 649 378 211 532 383
23 273 401 498 433 255 964 628 757 19 1279 641 375 209 532 384
25 272 400 498 434 252 962 629 754 14 1279 645 376 209 534 383
28 271 397 497 435 249 960 630 750 13 1279 646 375 209 534 385
28 271 396 498 435 249 959 629 750 18 1279 642 373 208 533 387
27 271 395 498 435 249 959 628 372 209 530 392
26 272 396 498 435 249 959 626 372 209 527 394
434 250 958 626 27 273 396 497 373 212 524 394
434 251 958 625 28 273 396 498 375 214 523 392
435 252 956 624 30 275 396 497 377 215 523 389
435 252 956 625 33 275 396 495 378 215 524 386 759 28 1275 647
436 253 957 623 39 277 396 491 379 216 524 385 763 15 1272 668
436 254 957 622 44 278 396 489 380 218 524 383 767 9 1270 674
437 256 958 619 48 279 397 488 382 220 526 383 774 5 1270 680
440 256 957 619 49 279 398 489 383 220 530 383 776 6 1272 676
442 257 959 618 51 276 400 488 384 218 533 382 782 8 1271 673
444 256 960 616 53 274 404 484 383 217 535 382
444 256 960 615 56 272 407 481 385 218 535 381
445 256 957 614 59 272 411 480 385 219 535 383
445 255 954 617 62 274 415 481 386 218 536 384
64 275 416 483 445 255 953 618 387 218 535 383
67 278 413 487 442 255 952 622 389 218 535 383
68 280 409 488 441 256 950 623 387 220 530 384
71 283 404 490 440 258 949 625 384 224 527 385
72 286 400 490 439 261 949 624 378 227 524 385
75 287 398 490 439 261 949 622 374 232 522 400
76 286 399 488 439 257 948 621 376 229 521 381
77 286 401 488 435 257 931 623 375 229 521 380
76 286 401 489 438 259 926 622 374 228 523 378
76 288 401 490 438 261 925 623 372 227 525 382
77 291 401 489 437 263 925 623 371 227 527 383 43 313 135 350
80 293 405 487 436 271 928 599 368 233 528 396 822 11 1279 675 39 313 134 349
83 294 407 488 438 269 926 600 817 17 1279 659 367 235 529 394 35 312 133 349
84 294 409 489 441 269 923 601 806 18 1278 652 370 229 529 385 32 312 132 350
442 271 922 602 86 298 410 491 370 229 528 385 820 18 1278 653 29 313 132 350
440 270 923 602 92 297 411 488 372 230 527 383 835 19 1273 657 25 313 135 350
440 270 921 600 98 297 409 487 370 236 525 393 853 22 1267 658 12 317 121 363
438 269 921 595 100 298 406 485 372 233 525 381 854 23 1261 658 8 317 119 363
439 270 917 590 99 299 405 483 371 233 524 380 6 313 115 350
438 269 917 586 113 302 401 477 373 234 523 379 3 312 117 350
437 270 913 586 113 300 403 474 371 233 524 380 1 312 120 351
436 271 910 586 117 298 401 473 371 233 524 380 2 315 118 362
436 273 905 586 120 299 398 473 366 235 526 394 963 0 1266 700 2 313 115 365
122 299 397 474 434 272 901 586 369 236 526 377 977 0 1267 688
120 302 398 476 432 276 897 588 361 238 515 393 990 19 1268 678 0 315 79 363
429 278 893 590 118 303 400 476 362 238 513 394 0 315 77 363
428 278 891 589 118 303 400 476 361 237 513 394 1007 29 1266 686
427 276 892 588 122 301 399 473 358 232 515 380
427 276 894 587 124 301 399 473 358 231 515 380 1067 14 1267 640
426 277 897 588 129 301 398 471 362 235 512 395 1110 10 1271 643
