

49 365 417 580 829 377 1216 586 481 347 683 528 674 384 776 463 460 397 496 434
54 368 421 575 483 349 685 530 827 378 1214 586 673 384 775 464 392 398 434 424 462 397 497 433
58 371 426 571 484 350 684 530 826 379 1215 583 673 385 774 464 389 399 434 424 464 397 498 433
62 374 430 568 486 351 685 531 825 380 1214 579 673 385 772 464 387 400 432 424 438 399 481 424
66 375 433 567 486 352 685 532 825 381 1211 577 673 386 770 465 385 401 429 424 438 399 481 424
68 376 435 563 825 381 1208 575 486 353 685 532 673 387 769 465 383 400 427 425 437 398 481 424
824 381 1203 572 71 377 438 561 487 353 685 532 673 387 767 465 381 400 425 426 437 398 481 424
824 381 1201 571 489 353 684 532 75 379 440 559 674 388 766 465 378 399 424 427 435 397 481 425
821 381 1199 571 490 353 684 532 81 379 442 559 674 389 765 465 375 398 423 427 434 397 479 425 474 386 517 448
820 382 1197 571 490 353 684 533 86 377 441 559 674 389 763 465 373 397 423 427 432 397 478 426 474 386 517 448
818 383 1196 570 90 376 442 559 490 353 684 531 674 390 761 465 431 397 478 426 372 397 423 428 473 385 518 446
818 384 1194 566 499 352 689 537 96 376 444 557 675 391 760 465 429 397 476 425 373 396 423 427 475 388 516 441
818 385 1192 564 500 351 689 533 103 376 446 554 675 391 759 465 426 397 475 425 374 396 423 428 476 389 515 440
818 386 1189 562 501 351 688 530 109 377 449 551 675 392 758 464 424 397 474 425 477 390 514 440 378 396 423 427
818 385 1187 562 503 350 687 528 114 378 450 551 675 392 757 464 423 397 473 425 479 393 513 440
817 386 1183 561 504 350 686 526 120 377 451 549 676 391 756 464 480 393 513 440 422 396 471 425
818 387 1179 558 505 349 686 524 125 375 449 547 676 391 756 464 482 393 513 441 412 399 459 425
820 388 1174 556 506 349 685 522 149 370 426 538 676 390 755 464 483 392 515 441 410 399 459 426
821 388 1171 555 507 349 684 523 151 369 426 537 676 390 755 463 483 391 517 442 410 399 458 427
822 387 1168 555 507 350 684 521 155 370 424 535 672 388 748 461 484 392 518 441 409 399 457 428
507 349 684 520 822 386 1165 554 174 370 433 536 673 388 747 459 486 392 518 441 408 399 455 428
507 349 684 519 178 371 433 534 824 386 1162 553 674 389 746 458 487 394 518 440 406 398 452 427 269 186 305 323
508 348 683 520 181 371 432 533 826 386 1159 552 677 388 742 459 488 395 518 439 266 185 303 323
185 372 433 531 508 348 683 520 827 386 1157 551 676 388 740 459 487 395 517 438 264 182 301 323
190 374 435 530 508 348 683 519 826 386 1156 550 675 388 739 459 486 395 517 437
193 375 438 528 507 349 684 518 826 386 1156 550 674 388 737 459 486 393 517 436
197 376 440 528 506 349 686 518 804 383 1149 550 673 387 736 458 486 393 517 435
200 378 441 526 507 349 686 517 805 383 1147 548 672 387 734 458 487 394 517 435 467 395 498 415
205 380 439 523 507 350 685 517 807 383 1143 545 671 387 732 457 488 395 517 434 466 394 497 416
208 381 438 521 509 351 683 516 807 383 1140 543 671 387 731 456 490 396 517 433 466 394 497 416
209 383 438 519 509 352 682 516 807 382 1137 542 670 387 729 456 465 394 497 417 491 397 518 432
211 383 440 518 507 353 683 516 804 381 1135 542 670 387 728 456 463 394 497 418 492 397 518 431
215 383 442 517 506 353 685 516 823 377 1119 549 670 387 728 456 462 394 496 418
219 382 445 517 506 353 685 515 823 378 1116 547 670 388 727 456 460 394 496 419
223 382 446 517 507 353 684 515 823 378 1115 547 670 388 727 456 459 393 495 419 494 396 522 434
224 381 449 517 508 356 683 514 822 379 1114 547 669 388 725 456 459 394 493 419 495 397 523 433
226 381 450 516 509 357 683 513 820 379 1112 546 669 388 723 456 458 394 493 419 497 397 523 432
240 379 461 518 510 359 683 512 818 380 1109 546 668 388 721 455 458 395 491 418
240 380 460 515 510 360 683 512 817 380 1106 546 667 388 720 455 453 396 493 423
242 381 459 513 510 360 684 512 816 379 1102 546 667 389 719 455 495 304 510 333
244 382 458 511 509 359 685 511 816 379 1099 545 666 389 718 453 495 303 509 334
246 382 458 511 509 358 685 511 816 378 1095 545 666 390 718 453 494 303 508 333 224 391 281 447
249 383 458 510 510 358 685 509 816 379 1094 545 665 390 717 453 222 392 280 446 492 303 506 334
251 382 459 508 511 359 686 509 815 379 1092 544 666 390 716 453 491 303 505 334
253 382 461 508 813 379 1088 544 512 358 686 509 666 391 716 452
255 380 463 508 813 380 1084 543 511 358 687 509 666 392 715 452
256 380 463 507 813 380 1082 542 511 357 687 509 666 391 715 452
258 380 463 506 512 357 686 508 812 380 1082 542 663 389 710 453
261 380 463 504 514 356 685 508 811 379 1080 542 175 385 233 440 663 388 709 452
263 381 464 503 515 356 684 506 804 379 1085 531 663 386 708 451 163 383 222 439
265 382 466 502 515 356 682 505 804 379 1081 530 663 384 707 450 159 383 216 440
266 381 467 500 806 380 1075 529 515 356 682 503 662 383 705 450
266 380 468 499 807 381 1073 528 515 356 682 502 661 382 704 449
266 378 468 497 516 356 682 502 808 383 1071 526 660 381 703 449
516 355 681 501 267 378 469 495 808 384 1072 525 659 381 702 448
517 355 680 500 270 378 471 495 808 385 1070 522 659 381 701 448
518 354 680 499 277 378 472 496 805 384 1056 520 659 381 700 448 225 391 304 446
282 379 472 496 520 354 679 498 806 384 1055 520 217 392 306 447 665 385 696 445
285 380 472 496 806 385 1054 520 521 354 678 499 208 391 307 448 665 386 695 445 0 412 75 630
286 382 471 494 806 385 1051 519 521 355 679 498 197 391 311 447 664 386 694 445 0 385 81 607
287 383 472 493 806 386 1049 518 521 357 679 498 664 387 693 445 180 391 295 446 0 381 88 611
288 384 474 493 807 386 1046 516 522 358 679 498 172 390 291 445 663 388 692 444
288 385 475 493 807 387 1043 515 523 358 677 499 663 389 692 444 167 392 288 445 510 398 535 429
290 387 477 494 806 386 1040 515 524 358 676 499 152 393 270 444 663 390 691 443 512 398 536 429
292 387 479 494 805 386 1037 514 524 359 676 499 145 392 265 444 663 390 691 443 512 398 537 429
293 388 479 494 804 386 1034 514 523 359 676 499 124 390 253 444 662 390 691 444 512 398 538 428 0 384 130 615
294 388 479 493 804 386 1032 514 522 359 676 498 119 390 248 445 661 389 691 444 513 398 538 428 0 384 134 617
295 388 479 493 802 386 1029 513 524 358 675 498 661 390 691 444 514 398 538 428 1 357 146 625
297 388 478 492 801 387 1027 512 525 357 673 498 1 353 152 625 661 390 690 444 90 389 229 445 515 399 538 428
299 387 477 492 800 386 1023 511 526 356 672 498 1 348 161 626 661 391 689 442 86 388 222 445 516 399 539 428 455 285 475 324
300 385 477 490 801 385 1019 510 526 355 671 498 1 343 167 626 661 391 689 441 79 388 207 447 455 284 475 323
301 384 478 487 802 384 1015 508 527 355 671 496 1 331 173 629 661 390 689 441 77 386 198 446 516 391 538 414 455 283 474 321
802 384 1013 507 302 383 478 485 527 355 671 494 1 317 178 631 661 389 688 441 515 390 538 415 454 281 474 319
801 382 1010 506 304 381 477 483 527 355 671 492 1 304 181 637 661 388 688 440 515 389 539 415 452 279 472 317
800 381 1007 505 309 382 486 481 526 355 671 490 0 284 181 614 515 388 541 415 660 388 688 440 451 278 470 316
798 380 1002 505 311 381 487 478 526 355 671 489 0 278 186 619 516 387 542 415 660 387 688 441 449 277 468 316
796 380 999 504 312 380 487 476 528 354 670 488 0 298 218 641 517 388 541 416 660 386 689 441 448 276 467 314
794 380 997 502 312 379 488 475 530 354 669 488 3 275 207 620 517 389 541 416 659 385 689 441
793 379 995 501 312 378 488 475 531 354 668 488 3 279 209 617 517 389 542 415 659 386 689 441 447 274 466 312
791 380 995 500 314 378 487 475 532 355 666 489 3 282 214 616 517 390 543 414 659 386 688 441 446 274 465 311
789 381 995 500 532 356 665 488 317 379 487 475 0 296 233 640 517 390 542 413 659 387 688 441 445 273 464 311
787 383 994 500 531 357 664 488 330 385 481 471 2 280 229 619 300 383 357 438 659 387 687 441 517 391 541 413 444 273 463 312
787 385 992 499 530 357 665 489 332 386 481 471 3 277 234 620 295 384 355 439 658 388 687 440 518 392 541 413 443 273 462 312
783 382 979 499 530 359 665 488 334 387 482 471 2 276 240 618 287 384 359 438 658 389 686 440 441 273 460 312 517 392 540 413
782 382 977 498 530 361 665 487 337 388 482 471 2 276 244 619 277 385 352 439 658 390 686 440 441 272 460 311 516 393 540 413
781 384 975 497 530 362 667 485 339 391 483 480 1 276 249 619 270 386 351 438 440 272 459 311 658 390 686 440 515 394 540 413
780 384 973 496 530 362 668 485 340 393 483 479 0 275 252 623 263 386 348 439 440 271 458 311
778 384 971 495 530 363 667 485 340 394 485 478 0 294 260 648
777 384 968 494 531 363 665 485 340 389 484 468 5 305 267 614 246 385 322 439 490 396 517 412
775 383 964 493 532 363 663 485 4 304 264 615 341 388 486 468 239 384 318 441 655 389 684 440 489 396 516 412 427 266 448 312
774 383 961 493 533 363 663 484 345 387 498 471 4 303 265 617 655 389 684 440 226 384 304 441 488 395 517 412 425 260 448 306
772 383 957 492 534 362 664 482 346 387 498 471 5 298 270 620 220 383 301 440 424 258 447 305 485 394 517 411
770 383 954 491 347 386 499 471 534 362 666 480 6 297 276 620 423 256 446 303 483 394 517 411
349 386 501 470 768 383 950 489 7 294 282 619 534 361 666 479 422 254 444 302 482 393 516 410
350 386 503 470 767 383 948 488 8 295 283 616 534 360 666 478 421 252 442 300 482 392 515 409
353 386 505 469 765 382 946 488 9 292 287 616 534 361 666 478 420 252 441 300
356 386 505 468 763 381 942 487 9 292 291 614 533 363 667 477 419 251 440 301 518 390 540 409
359 387 506 468 762 379 938 487 12 293 297 613 530 361 670 473 417 251 438 302
