

422 253 624 435 44 326 167 375 154 319 254 364 1068 310 1126 328 1212 314 1271 343
423 252 625 439 26 323 154 375 153 319 252 365 261 320 312 346
424 251 625 440 25 324 153 375 142 321 237 366 258 324 310 349 0 468 1279 697
424 250 626 440 25 324 150 375 141 321 238 366 257 324 310 349 0 464 1279 697
424 251 626 440 25 327 149 375 140 322 238 367 0 461 1279 695 257 324 310 350
423 252 627 442 25 327 144 375 140 323 238 366 19 411 1275 707 258 323 310 350
423 254 628 445 25 327 140 376 139 324 238 366 257 323 313 350 17 408 1275 706
423 256 629 447 25 326 139 377 139 324 236 366 255 322 314 351 24 405 1268 703
422 255 629 446 23 325 139 378 139 324 236 367 257 318 315 348 30 397 1266 706 1221 321 1279 358
422 254 629 444 21 324 142 379 138 323 234 367 258 319 313 347 1222 321 1279 358 34 399 1267 705
421 253 630 444 21 323 139 379 138 322 234 367 259 319 312 347 0 469 1279 695 1224 323 1279 358
420 251 629 445 21 324 138 378 135 320 232 367 260 318 311 347 0 473 1279 695 1225 323 1279 357
424 229 623 468 9 323 129 379 132 319 231 368 259 318 311 347 0 472 1279 695 1225 324 1279 357
423 229 622 468 7 323 130 380 129 318 230 367 257 317 311 348 0 469 1279 693 1068 308 1128 325
422 229 622 468 6 323 130 379 255 317 312 348 129 318 227 367 0 468 1279 692 1068 308 1129 325 1238 323 1279 359
418 247 627 438 5 324 130 379 252 317 312 348 128 318 227 365 0 466 1279 689 321 301 405 343 1071 308 1127 324
418 248 628 439 5 323 128 379 252 318 311 348 119 324 215 367 0 467 1279 688 319 302 404 343
418 247 628 441 4 322 127 379 254 318 308 348 118 325 214 368 0 466 1279 687 316 303 402 343
422 230 623 466 4 322 124 380 256 318 307 347 117 324 213 369 315 302 403 343 0 466 1279 687 1246 320 1279 364
422 231 623 465 4 322 122 380 313 301 403 344 257 318 306 347 0 467 1279 687 1247 320 1279 365 117 323 212 367
422 231 624 465 4 322 119 380 314 300 404 344 256 318 306 347 1249 319 1279 365 0 469 1279 687 118 321 212 365 738 274 970 365
422 230 624 466 3 322 118 380 315 300 404 345 738 272 971 363 256 318 306 347 1251 318 1279 366 119 321 212 364 0 468 1279 687 1096 310 1142 327 968 314 1017 338
422 227 625 468 2 322 116 379 316 299 404 345 255 318 306 347 738 272 973 362 118 320 212 364 1252 317 1279 366
422 226 625 468 2 322 114 379 315 299 403 346 253 318 307 347 117 319 212 364 735 272 977 361 1253 318 1279 367
422 225 625 469 2 322 111 378 314 298 403 347 253 318 307 347 132 318 232 362 1256 320 1279 368 736 273 976 359
421 225 625 469 2 320 110 379 313 299 402 347 115 319 211 365 253 318 307 347 736 273 975 360
398 242 644 456 1 319 111 379 312 300 402 347 115 319 211 366 254 319 305 347 738 274 970 359
417 249 630 439 1 320 110 380 114 320 209 366 311 301 400 347 254 319 304 346 738 275 970 358 0 468 1279 689
419 249 631 441 0 321 109 380 115 320 208 366 310 300 400 347 253 319 303 346 740 276 969 357
420 250 632 441 0 323 108 380 115 320 206 366 309 300 397 347 252 323 302 350 770 283 940 349
420 252 633 442 0 323 108 380 115 320 206 366 309 298 397 347 252 323 303 350 745 276 967 358
420 253 633 441 0 324 109 380 113 319 204 365 308 299 396 347 745 275 965 356 250 323 303 351
420 255 632 440 0 323 92 380 110 318 203 365 744 275 964 356 307 297 394 346 233 325 294 352 0 469 1279 685
420 256 632 439 0 324 91 380 742 275 962 356 109 317 202 364 306 296 394 345 0 469 1279 685 231 325 298 352
420 256 632 437 108 317 202 365 740 274 962 356 0 326 89 380 307 294 393 345 229 325 300 353 0 470 1279 686
419 255 632 435 738 274 961 356 0 327 87 380 108 318 202 364 307 294 393 346 0 471 1279 686 228 325 300 353
419 254 631 434 0 326 86 381 739 274 960 357 107 318 201 364 0 470 1279 685 229 324 300 354 307 294 392 347
419 254 631 434 0 325 85 382 738 274 958 357 107 317 199 364 229 323 298 354 0 467 1279 683 298 297 380 347
419 254 631 435 0 324 84 383 90 322 193 369 738 274 957 357 229 322 296 355 297 297 381 348 0 467 1279 681
419 253 631 436 90 322 194 369 0 325 81 383 739 273 955 357 295 296 382 348 228 322 295 354 0 468 1279 681
420 253 631 438 90 323 194 369 0 326 78 383 294 295 382 348 741 272 954 358 228 322 294 354 0 471 1279 682
420 252 632 438 89 324 194 369 0 327 75 382 228 322 295 354 292 296 381 349 743 272 954 358 0 473 1279 682 386 314 417 342
420 250 632 438 89 324 193 368 0 327 71 382 228 322 294 354 743 272 955 357 290 296 379 348 0 474 1279 682 385 314 417 342
420 249 632 438 88 323 193 368 286 296 378 348 742 272 954 357 228 322 292 354 0 326 68 382 0 474 1279 679 384 312 417 342
420 247 632 438 87 322 192 369 285 295 377 348 743 272 953 357 0 325 60 384 227 322 290 353 0 475 1279 678 383 311 417 342
424 229 629 468 85 321 191 369 283 294 377 349 741 271 953 357 0 476 1279 676 0 324 58 386 383 311 418 341 227 322 286 352 1086 309 1153 328
424 230 629 467 85 320 190 369 739 272 955 356 281 294 377 349 0 475 1279 677 1085 309 1154 327 384 312 419 340 0 325 58 386 227 322 284 353
424 231 629 466 84 320 188 369 737 272 956 357 0 472 1279 677 280 292 376 349 384 310 420 339 1086 308 1154 327
422 246 633 438 83 319 186 369 738 272 957 357 385 310 420 340 254 289 368 351 1086 308 1154 328 0 468 1279 678 0 325 77 384
422 246 632 434 82 318 185 369 739 272 958 357 1086 308 1157 328 255 287 365 350 384 310 420 340 0 465 1279 679 0 325 78 383
422 247 631 433 82 318 185 370 739 273 958 357 256 287 364 350 1084 307 1154 329 383 310 420 341 0 325 79 383 0 468 1279 680
421 247 629 433 81 318 184 370 739 272 963 359 256 288 364 350 382 311 419 342 0 478 1279 678 0 325 78 382
422 248 629 433 80 317 183 370 740 272 966 360 257 288 364 350 382 311 419 342 0 489 1279 677 0 325 77 383
422 249 628 431 80 317 182 369 740 272 970 363 255 288 363 351 0 495 1279 674 381 311 418 342 0 324 76 382
422 248 628 430 80 318 181 369 254 287 362 351 741 271 969 363 0 492 1279 675 380 310 417 342 0 323 75 382
422 248 629 430 81 317 180 368 252 286 359 351 738 270 969 364 0 486 1279 676 363 313 414 345
422 247 630 430 250 285 358 352 80 317 179 368 736 268 972 365 363 312 415 345 0 482 1279 679 898 283 1017 499
422 247 631 430 59 318 173 373 361 311 416 344 736 267 971 366 250 285 357 352 0 481 1279 681 863 284 985 505
423 247 631 431 58 318 173 373 361 312 414 344 230 281 346 354 857 280 982 508 737 265 974 368 4 326 59 382 0 480 1279 683
423 248 631 432 59 318 172 372 361 311 413 343 228 283 346 354 846 280 967 500 741 266 964 368 2 323 58 383
423 248 632 434 59 318 172 371 226 284 346 355 359 312 412 343 1 321 56 384 823 288 929 487
422 248 632 437 59 317 173 371 226 285 346 356 356 312 413 343 0 320 55 384 818 287 923 476 784 368 948 520
422 248 631 438 227 284 346 356 58 317 174 370 352 312 413 343 0 321 55 383 775 372 936 517 806 288 914 469
422 248 630 439 226 284 345 355 58 317 174 370 348 311 414 343 0 322 55 382 736 363 907 523 800 287 900 471
422 249 629 436 223 284 342 355 57 316 172 370 344 310 414 342 0 319 45 384 768 289 879 477 733 361 896 514
422 250 628 434 220 284 339 355 55 316 172 370 764 286 870 476 337 310 415 346 0 319 44 383 739 264 983 348
421 250 628 431 218 284 337 356 53 316 171 371 760 290 860 468 335 310 413 346 752 266 975 365 0 319 42 383
420 249 627 431 217 284 334 356 52 317 172 371 755 291 846 463 750 266 975 366 333 310 412 346 0 319 41 384
420 249 628 432 51 316 171 371 207 282 325 358 752 293 836 457 749 266 974 368 330 311 397 345
419 247 628 431 202 283 328 358 50 316 170 371 737 288 821 455 748 265 973 370 326 310 395 343
419 248 628 432 199 282 329 358 50 315 171 371 321 308 404 349 749 265 971 371 733 292 817 450
418 249 629 432 196 282 328 358 49 315 169 372 318 308 403 349 747 265 974 371 725 295 808 447 3 325 30 378
194 281 324 359 419 250 630 436 48 315 168 372 314 308 403 350 746 266 977 369 3 325 28 379 718 299 799 443
189 281 321 359 419 248 630 437 48 315 165 374 309 308 402 350 744 266 982 367 722 301 785 430 2 324 26 378
419 246 629 439 186 281 318 360 47 315 166 374 306 307 398 350 719 303 781 428 743 265 983 366 2 324 23 378
419 245 629 438 48 315 164 374 185 282 315 361 303 307 395 350 739 266 984 366 719 294 774 412 1 324 22 377
418 245 629 437 47 316 164 374 177 281 308 364 737 265 984 367 296 307 382 353 0 324 20 377 708 294 760 412 388 314 417 338
419 246 629 437 173 282 309 364 48 316 163 374 291 307 382 352 705 290 758 419 735 265 985 368 0 324 19 377 368 313 404 338 388 315 417 337
421 247 628 435 170 282 306 364 701 290 756 421 48 317 163 374 736 265 986 367 287 308 380 351 367 314 403 338 0 324 19 378 390 316 417 337
422 247 628 435 165 283 301 365 737 266 989 366 47 317 162 374 284 307 377 351 366 315 402 339 696 315 750 422 0 324 19 379
422 247 628 436 160 284 296 365 737 266 991 366 28 317 153 376 282 306 373 351 365 315 403 339 0 324 18 380
423 247 628 436 29 318 152 376 154 279 282 367 738 265 995 365 363 316 402 340 0 324 17 380
423 247 628 437 30 317 151 376 152 278 282 367 740 264 998 366 266 303 359 355 361 316 402 340 0 324 17 379
424 248 628 439 741 263 1000 366 151 278 280 366 261 303 356 355 30 318 148 376 359 316 402 340 0 325 17 377
424 249 629 439 255 302 352 356 742 262 1002 367 148 278 276 365 29 317 146 376 359 316 403 340 679 293 726 409 0 325 16 377 340 311 379 341
425 251 629 439 742 262 1002 368 145 279 273 364 253 301 348 357 29 318 145 377 677 295 723 407 359 316 404 340 336 310 380 341
426 251 629 435 744 263 1002 368 238 298 340 361 28 318 144 378 142 280 271 363 360 315 404 340 675 295 721 406 331 310 382 342
426 252 628 435 744 264 1003 367 234 298 334 361 28 319 142 378 360 315 404 340 672 296 718 403 328 310 382 342 138 282 274 361
427 254 628 436 745 264 1003 366 229 298 328 362 670 300 715 399 359 316 404 341 27 319 142 379
427 256 626 437 744 264 1004 367 669 301 712 397 204 299 320 364 52 284 279 365 357 316 404 341 313 309 364 352 26 319 141 380 0 469 1279 678
427 256 624 441 745 264 1003 367 663 297 709 399 200 299 318 364 52 284 276 364 357 317 404 341 312 311 363 353
427 256 624 441 745 265 1003 367 662 300 706 396 198 299 312 365 58 284 272 363 355 317 406 341 308 312 361 352 23 319 143 382
428 254 624 439 746 266 1003 367 661 302 703 394 200 298 305 365 353 317 407 341 57 283 269 362 306 313 360 352
429 253 624 436 747 266 1002 366 172 297 295 367 660 304 699 392 350 317 409 341 303 314 360 352
431 253 623 433 747 266 1002 366 173 297 289 367 660 306 698 390 350 317 409 341 302 314 360 351
431 253 621 431 745 266 1002 366 349 317 410 341 659 306 696 389 134 295 285 369 300 314 360 350
430 253 619 429 743 266 1002 365 657 305 693 387 138 301 277 372 349 317 410 341 13 278 241 374 299 315 360 349
430 253 618 428 742 266 1003 365 657 304 690 386 141 301 266 372 350 317 411 341 10 279 240 373 4 394 1268 694 298 315 359 349
