

412 374 698 597 804 379 980 491 7 289 446 608 722 384 760 426 322 311 498 400
413 374 697 598 804 379 979 491 7 289 446 608 722 383 760 425 320 311 500 400
414 373 696 598 805 379 978 491 8 289 445 608 722 383 760 425 318 311 500 400
415 372 695 599 805 378 978 491 8 290 444 607 316 311 499 400 722 383 760 425
415 372 695 598 805 378 978 491 8 291 442 607 314 312 500 400 722 383 760 425
416 372 695 598 805 379 978 491 8 292 441 606 721 383 760 425 312 312 501 400
417 372 695 598 805 379 978 491 7 292 441 606 721 383 760 425 310 312 503 399
417 372 695 598 805 379 978 491 7 292 441 607 721 383 760 425 310 312 503 399
418 372 694 598 805 379 978 491 8 292 442 607 721 383 760 425 310 311 503 399
417 372 695 598 805 379 978 491 8 292 442 607 721 383 760 425
415 373 695 598 805 379 978 491 9 291 443 607 721 383 760 425
415 373 695 597 805 379 978 491 10 290 445 607 721 383 760 425
415 373 695 598 805 379 979 491 9 288 444 606 721 383 760 425
415 373 695 598 805 379 979 491 7 289 444 607 722 383 760 425
415 373 696 598 805 380 979 491 6 289 442 607 722 383 760 425
415 372 695 598 805 380 979 491 6 287 441 608 722 383 760 425
414 372 695 598 805 380 979 491 7 282 441 608 722 384 760 425
414 371 695 598 805 380 979 491 8 279 442 609 722 384 759 425
414 371 695 597 805 379 978 491 10 278 443 609 722 384 759 424
414 371 695 598 805 380 978 491 9 280 445 610 723 385 759 424
415 371 694 598 806 380 978 491 7 283 445 609 723 385 759 424
415 371 694 597 806 380 978 491 6 286 443 609 723 385 759 424
414 371 694 597 806 380 978 491 6 284 442 610 723 385 759 424
413 371 695 597 806 379 978 491 7 281 441 612 723 385 759 424
413 370 695 597 806 379 978 491 10 280 441 613 722 385 759 424
413 371 696 597 806 379 978 491 13 282 443 613 722 384 759 424
414 371 696 597 806 379 977 491 15 284 445 613 722 384 759 424
414 371 696 598 806 379 978 491 13 283 445 612 722 384 759 425
414 371 695 599 806 379 978 491 10 282 445 612 722 384 759 425
414 370 695 600 806 379 978 491 6 281 442 613 721 383 760 425 326 309 505 402
413 370 695 600 806 379 978 491 6 278 441 612 721 383 760 425
414 370 695 601 806 379 978 491 5 279 441 611 721 383 760 425
414 371 695 601 806 379 978 491 4 279 440 610 721 383 760 425
415 371 695 601 806 379 977 491 2 283 440 608 721 382 760 425 323 311 499 401
416 372 694 601 806 379 977 491 3 283 439 607 721 383 760 425 323 311 499 401
416 372 694 602 806 379 977 491 6 285 441 607 721 383 760 425 322 311 499 401
416 373 694 602 806 379 977 491 8 285 443 606 721 383 760 425
417 373 694 602 806 379 978 491 7 287 443 606 721 383 760 425
418 373 694 602 806 379 978 491 5 291 442 606 721 383 760 425
418 373 694 603 806 379 978 491 3 292 439 606 721 383 760 425
417 373 695 602 806 379 978 491 2 292 438 606 721 383 760 425
416 373 695 602 806 379 978 491 1 289 438 605 722 383 760 425
416 373 696 602 806 379 978 491 0 287 439 604 722 383 760 425
415 373 696 602 806 379 978 491 0 286 439 604 722 383 760 425
415 373 695 602 806 379 977 491 0 285 439 603 722 383 760 425
415 373 695 601 806 379 977 491 1 284 438 603 722 383 760 425
414 373 695 602 806 379 977 491 1 283 437 603 722 383 760 425
414 373 695 601 806 379 978 491 1 283 437 603 722 383 760 425 325 309 500 402
413 372 695 601 806 379 978 492 0 284 437 603 722 383 760 425 324 310 498 402
413 372 696 601 806 379 978 492 0 284 438 603 722 383 760 425
413 373 696 601 806 379 978 492 0 284 439 603 722 383 760 425
414 373 695 601 806 379 978 492 0 282 442 604 721 383 760 425
414 373 695 600 805 379 979 492 0 282 442 605 721 383 760 426
415 373 695 600 805 379 980 492 1 283 443 606 720 383 760 426
414 373 695 600 805 379 980 492 1 284 443 607 720 383 760 426
414 372 695 600 805 379 979 492 1 285 443 607 720 383 760 426
413 372 695 600 805 379 979 492 1 285 443 607 720 383 760 426
413 372 695 599 805 379 979 492 2 285 443 607 720 383 760 426
413 373 695 599 805 379 979 492 2 284 444 607 720 383 760 426
412 373 695 599 805 379 979 492 3 285 445 609 721 383 760 426
412 373 695 600 805 379 979 492 2 285 446 609 721 383 760 425
412 372 695 600 805 379 979 492 1 286 447 609 720 383 760 425
412 372 695 600 805 379 979 492 1 286 447 608 720 383 760 425
413 372 695 599 805 379 979 492 1 288 447 607 720 383 760 425
413 372 694 599 805 379 979 492 2 287 447 606 720 384 760 425
415 373 694 598 805 379 979 492 3 286 446 606 720 383 760 425
416 373 694 599 805 379 979 492 3 285 445 606 720 383 760 425
416 372 694 599 804 379 979 491 2 284 446 606 720 383 760 426
416 372 694 598 804 380 979 491 2 284 447 606 720 383 760 426
416 371 694 598 804 380 979 491 1 283 447 606 720 383 760 426
415 371 694 598 804 380 979 491 1 283 447 605 720 383 760 426
416 372 695 598 804 380 979 491 1 283 446 606 720 384 760 426
416 372 694 598 804 379 979 491 2 284 446 606 720 384 760 426
416 372 694 599 804 379 978 491 3 286 445 606 720 384 760 426
416 372 694 599 805 379 978 491 4 286 445 606 720 384 760 426
416 373 694 598 805 379 978 491 4 286 445 605 720 384 760 425
416 373 694 598 804 380 978 491 4 287 447 604 720 384 760 425
415 373 695 598 804 380 978 491 4 289 448 603 720 383 760 425
415 373 695 598 804 380 979 491 4 290 448 603 720 383 760 426
415 373 695 598 804 380 979 491 3 289 447 603 720 383 761 425
415 373 695 598 804 379 979 491 3 288 446 604 720 383 761 426
415 373 695 598 804 379 979 491 3 287 445 605 720 382 761 426
415 373 695 598 804 379 979 491 3 286 445 605 720 382 761 426
415 373 695 598 804 379 979 491 3 286 446 605 720 383 761 426
415 373 695 598 804 379 979 491 3 288 446 605 720 382 761 426
415 373 696 598 804 379 979 491 3 288 447 606 720 382 760 426
415 373 695 598 804 379 980 491 2 289 447 605 720 382 760 426
415 373 695 598 804 379 979 491 2 287 448 605 720 382 761 426
415 373 695 598 804 379 979 491 1 287 448 605 720 382 761 426
415 373 695 597 805 380 979 491 1 287 448 604 720 382 761 426
414 373 695 597 805 380 979 491 1 287 448 604 720 382 761 426
413 373 696 597 805 380 979 491 1 287 448 603 721 383 761 426
414 373 696 597 805 380 979 491 1 287 448 604 721 383 760 426
414 373 695 597 805 379 979 491 2 286 448 605 721 383 760 426
414 373 695 597 805 379 979 491 2 287 448 605 721 383 760 426
414 373 695 597 805 379 979 491 1 286 448 605 721 383 760 426
414 373 695 597 805 379 979 491 1 287 447 605 721 383 760 426
415 373 695 597 805 379 979 491 1 287 447 604 721 383 760 426
