

612 308 641 324 535 308 571 331 413 293 495 343 710 306 746 338 588 307 616 324 563 308 593 327 507 308 547 333 1067 274 1183 363 486 307 532 334
614 309 642 325 506 308 549 334 415 294 498 344 589 308 615 326 1085 276 1202 361 562 308 592 330 727 306 767 342 538 308 571 331 716 309 739 335
729 308 770 341 507 308 554 336 560 308 593 332 615 308 640 325 589 308 615 328 636 308 661 324 537 309 570 332
638 309 664 326 614 308 640 327 586 307 615 331 734 309 769 339 534 309 571 335 563 308 595 333 509 308 555 337
533 309 574 336 584 307 614 332 615 307 641 328 638 308 665 326 442 293 522 343 753 309 791 343 737 311 763 337 565 309 595 332
752 310 796 345 584 308 616 334 534 309 578 337 616 307 644 329 661 309 686 326 637 308 663 326 563 310 593 334
586 309 619 334 758 311 798 343 661 309 689 327 560 310 593 335 536 309 580 338 615 308 644 329 636 309 661 327 808 308 835 339
557 310 595 338 662 310 691 327 637 310 661 327 589 310 621 334 779 312 816 347 612 309 642 331 760 312 793 340
774 312 818 349 558 310 599 338 662 311 691 327 610 310 640 333 640 311 664 328 590 311 620 334
778 313 822 349 608 312 641 336 559 311 602 340 641 312 666 330 662 311 689 328 589 312 619 335 684 311 710 328
610 313 643 337 782 313 823 347 560 311 604 341 685 312 712 329 662 311 688 328 586 311 617 336 640 311 666 331
610 313 644 338 584 312 620 339 685 312 714 330 787 315 816 344 663 312 689 330 637 311 666 333 805 314 839 347 562 310 603 342
490 294 572 347 610 314 644 339 803 314 843 349 584 312 624 340 635 312 666 336 685 312 713 330 665 312 693 332 713 315 734 330
407 288 496 350 634 313 669 339 710 314 738 332 608 314 644 340 807 315 848 348 584 313 628 342 685 314 712 331 858 315 888 344 666 313 695 334
411 287 499 351 635 314 672 340 607 315 646 342 711 315 739 333 687 315 712 332 810 317 843 345 584 313 630 343 861 315 890 344 663 313 693 336
607 314 648 343 414 286 504 352 635 315 673 341 710 316 738 334 689 315 716 335 823 317 869 356 660 314 691 338
830 318 874 356 608 315 652 344 658 315 690 340 635 316 672 342 709 316 735 334 738 317 761 332 690 315 718 336
658 316 693 342 737 317 763 334 632 316 670 343 609 314 655 344 709 316 734 335 834 316 872 347
660 316 696 342 632 316 669 344 737 317 765 334 710 316 736 335 843 318 890 357 609 313 655 344
631 315 673 345 846 318 895 356 660 316 697 342 735 317 764 334 713 316 741 336 686 315 716 340
634 315 677 345 684 315 716 341 761 317 785 333 854 318 898 356 658 316 695 342 734 316 761 334 714 314 744 336
684 315 719 342 761 316 788 334 458 289 546 350 634 313 681 345 656 315 693 343 733 314 760 334
685 314 721 342 654 314 694 344 762 315 790 334 734 314 760 335 462 289 548 350 864 318 917 357
868 318 919 357 654 313 697 343 736 315 764 336 687 314 723 342 763 316 791 334 708 313 738 339
874 317 923 357 655 313 699 343 739 315 766 336 707 314 738 341 687 314 722 340 762 316 790 334 787 318 808 332
881 317 926 358 706 314 739 341 657 313 702 342 937 315 960 368 786 317 809 333 740 315 768 337 863 322 879 339 684 314 719 340 760 316 788 334
708 313 742 341 681 313 718 341 785 316 810 333 658 312 704 343 759 316 786 334 864 322 881 339 885 318 926 356 941 317 963 367 739 314 767 338
708 313 745 341 783 315 813 334 682 313 720 342 892 318 940 358 760 315 785 334 736 313 766 338 885 318 912 343 865 321 883 337
894 318 944 357 587 294 669 346 683 314 724 342 783 315 816 334 709 314 746 340 734 313 765 338 761 315 787 334
899 317 947 358 683 315 727 343 783 315 818 335 731 313 763 338 708 315 747 339 763 315 790 335
681 314 728 343 902 317 948 358 730 314 762 339 784 316 817 335 764 316 793 336 708 315 747 340
682 314 730 344 731 314 765 341 907 315 944 348 784 316 813 335 706 315 745 341 810 318 834 334 764 315 793 337
683 312 732 345 810 317 836 334 733 313 768 342 956 315 988 345 909 317 944 345 783 316 810 335
809 316 838 335 700 313 743 345 958 315 991 345 735 312 772 342 609 296 686 347 783 316 809 336 911 318 942 343
700 313 745 345 808 316 839 336 735 313 774 342 959 315 994 346 784 316 811 336 610 297 689 347 916 317 964 358 911 320 939 342
701 313 747 346 807 316 841 336 919 317 967 358 613 297 692 347 785 316 813 336 737 314 774 342
703 314 749 346 922 316 970 358 808 317 842 337 615 296 695 348 786 316 814 337 756 314 787 341 736 315 774 342
926 318 972 358 615 296 699 349 705 316 751 346 808 319 841 337 787 318 815 338 756 316 788 342 736 316 771 342
927 319 973 358 614 297 700 350 706 316 752 346 788 318 816 339 757 317 789 343 810 320 841 338 735 317 769 342 834 321 858 335
613 300 701 353 931 322 973 357 759 318 791 344 522 288 623 356 787 319 816 340 810 321 840 339 706 318 753 345 833 322 858 337 733 319 766 343
523 288 622 357 615 303 700 355 933 323 972 356 760 319 792 344 785 318 815 342 834 323 859 338 705 318 756 346 811 322 839 340 731 320 767 344
525 289 621 358 629 305 709 354 935 325 971 355 833 324 861 340 762 320 793 344 728 320 767 344 784 318 816 343 810 322 837 341
630 306 710 354 936 325 970 355 833 324 862 340 726 321 767 345 762 321 795 344 985 326 1015 352 783 318 816 343 810 323 837 341
941 323 987 362 832 324 863 340 724 320 767 346 783 318 817 344 986 326 1016 352 763 321 796 344 809 322 837 341
941 324 987 363 632 306 712 354 724 320 767 347 831 324 863 340 782 317 816 344 988 327 1016 352 810 322 838 341
942 323 988 362 633 305 711 354 724 319 768 347 831 323 863 341 782 317 817 345 988 326 1017 354 809 322 837 342
945 323 990 362 527 290 618 357 724 319 768 347 833 323 863 341 783 318 817 345 988 326 1017 354 763 320 797 345 809 322 836 342
526 288 618 359 946 323 992 361 726 319 769 346 832 323 863 341 784 318 816 344 809 322 836 342 761 320 797 345 987 325 1019 355
526 289 618 359 947 323 993 361 727 319 770 346 831 323 862 341 784 319 816 344 810 322 838 341 760 320 796 345 987 324 1020 356
946 324 995 360 526 289 618 359 630 304 712 355 830 323 862 341 729 319 771 345 784 319 816 344 810 322 839 341 759 321 796 344
946 324 996 360 526 289 618 358 630 304 712 355 830 323 862 341 729 319 770 345 783 319 816 344 810 322 839 341 760 320 796 344
946 325 996 360 630 303 714 355 526 290 618 358 830 323 862 341 728 319 770 345 783 319 816 344 811 322 839 341 760 320 797 344 1000 324 1032 354
946 326 996 361 629 303 714 354 525 289 618 357 830 323 862 341 728 319 770 346 999 325 1033 354 810 322 838 341 783 319 815 344 761 320 797 344
946 326 995 361 628 303 714 354 525 289 618 357 728 319 770 346 830 323 862 341 998 325 1033 353 810 322 838 341 784 319 815 343 760 320 795 344
946 326 996 361 524 288 620 358 629 302 713 354 728 318 770 346 831 323 862 341 997 325 1033 353 810 322 838 341 760 319 794 345 784 318 815 343
946 326 995 361 608 302 703 358 523 289 622 357 728 318 770 346 996 324 1034 352 831 323 862 340 760 319 792 345 808 321 839 341 784 317 816 343
945 325 995 361 609 302 701 358 761 320 793 344 996 324 1033 352 728 319 767 345 808 322 840 341 831 323 862 340 784 318 816 342
944 325 994 361 609 302 701 357 761 320 793 344 807 322 840 341 728 319 767 344 995 324 1033 352 831 323 862 339 785 319 817 341
943 324 993 361 609 302 701 356 761 320 792 344 807 322 840 341 787 320 818 341 706 318 756 346 730 320 767 344 831 324 861 339
940 323 991 361 706 318 753 347 806 322 842 341 787 320 818 341 759 319 790 344 731 320 768 344 988 325 1018 351
705 318 750 346 939 322 990 360 786 321 817 341 807 323 842 341 758 319 790 343 985 325 1017 352
931 326 976 358 705 319 748 346 982 324 1017 353 785 322 815 341 806 323 842 341 758 319 790 343
930 326 977 360 606 302 691 355 979 324 1017 355 703 319 747 346 784 322 815 341 806 323 840 341 734 320 773 344
926 325 976 361 976 323 1016 356 704 320 745 345 783 321 815 341 734 320 770 344 806 323 838 340 760 320 792 342
922 324 974 362 587 301 676 357 783 321 816 341 706 320 744 345 735 319 767 344 974 323 1013 357 681 317 731 347 762 320 792 342
918 323 972 362 680 318 726 347 782 321 817 341 763 321 793 342 733 319 765 344 708 320 745 345
583 301 670 355 915 322 969 363 678 318 725 347 782 322 816 342 762 321 792 342 710 320 748 345 732 319 765 345
710 319 747 346 783 322 814 341 761 321 791 342 958 323 992 358 680 319 722 346
560 301 653 357 905 323 949 360 709 319 744 346 953 322 991 361 653 317 707 349 759 322 790 342 784 323 813 341
561 302 647 355 651 318 704 349 900 321 949 361 949 321 989 362 708 317 741 346 757 321 791 342
557 302 643 355 651 318 700 348 895 321 946 362 756 322 792 342 946 320 988 363 738 321 768 342 707 318 741 345
736 321 767 342 534 301 631 357 653 319 699 346 757 321 790 342 684 320 722 345
533 301 628 357 734 321 768 342 629 317 682 349 683 319 719 345 657 319 699 345 711 319 743 343 880 324 924 360 758 322 788 341
531 300 621 357 629 317 677 348 732 321 768 342 712 319 743 342 875 323 924 361 659 319 700 345 683 318 717 344
509 301 609 360 710 320 742 342 628 318 674 347 660 319 699 345 732 321 767 342 870 322 922 362
510 300 604 359 708 320 743 341 659 318 694 345 631 318 673 346 606 315 657 349 733 321 764 341
507 297 600 357 603 315 652 350 708 321 743 341 853 325 901 361 636 318 674 346 686 319 718 341 658 317 691 344
601 315 646 349 480 295 583 360 845 324 900 362 708 321 742 340 639 317 675 346 685 319 715 340
480 295 581 358 638 317 672 346 604 316 643 348 709 321 739 339 684 319 715 340 841 324 896 362
477 295 576 357 580 315 627 349 828 324 874 360 684 319 716 340 609 317 645 346 636 316 667 345 662 317 693 342 878 321 921 358 713 321 738 338 810 319 838 343
822 323 872 363 580 317 622 348 459 297 557 357 684 320 715 340 661 318 692 341 613 317 645 346 636 317 667 344 788 321 811 341 558 314 606 349 811 324 844 354
459 295 550 355 554 314 607 350 612 316 643 346 685 320 712 339 637 317 668 342 584 316 622 346 807 324 849 358 661 319 691 340 858 321 898 359 786 318 815 344
551 315 601 350 802 323 853 362 452 295 546 354 333 286 431 360 638 318 668 341 853 319 894 359 609 316 640 345 661 320 693 340 589 316 624 346
433 294 530 356 555 314 599 349 637 317 667 341 609 315 640 343 532 313 583 350 589 315 622 345 799 323 849 363 663 320 691 339
528 314 579 350 560 315 599 347 610 317 641 342 636 319 668 340 779 323 821 359 587 316 618 344 830 319 873 361
412 296 504 355 772 322 825 364 610 318 642 341 505 313 563 350 564 316 598 346 636 320 667 339 587 317 618 344 825 319 870 360
503 314 557 350 407 296 499 354 609 320 642 341 563 316 595 346 588 319 620 342 637 322 663 338 535 316 574 347 759 324 798 358
508 315 552 349 387 296 479 355 588 319 622 342 562 316 593 345 751 323 800 363 610 320 642 340 538 316 573 346 738 324 770 353
511 315 550 347 586 320 620 341 480 314 529 349 562 317 593 343 734 323 774 358 539 315 573 345
363 295 452 351 561 317 593 341 482 316 525 347 585 319 619 340 513 316 549 345 727 322 777 363 539 316 572 344 779 320 822 358
560 317 593 340 455 315 508 347 512 315 546 344 717 317 776 367 485 315 525 345 690 319 713 343 586 320 615 338 540 317 572 341
539 318 572 340 459 316 503 346 512 316 544 343 561 319 592 339 488 316 524 344 688 318 717 344
538 319 570 339 461 316 500 346 514 317 544 341 433 315 479 348 662 319 688 343 489 316 524 343 564 320 590 337
312 294 401 353 513 317 545 340 537 319 568 338 462 315 498 345 406 314 462 349 435 315 475 347 490 316 523 343 677 321 728 362 661 318 691 343
406 315 457 349 303 294 400 353 512 318 544 340 1192 309 1277 438 461 315 495 345 490 317 524 342 438 315 476 346 639 320 664 343 538 320 565 338
409 315 453 348 489 317 523 341 1190 309 1278 438 286 294 382 355 461 315 495 344 616 321 638 341 513 319 543 339 440 315 475 345 384 314 434 348
1167 309 1278 437 408 315 449 347 487 318 521 340 440 315 477 344 612 320 638 342 462 316 495 341 386 315 432 346
1161 305 1277 441 462 317 496 340 355 314 409 348 411 314 450 345 590 320 616 342 486 318 519 339 387 314 429 345 439 315 474 342 622 317 680 365
