

























































447 330 469 370
685 399 851 497 465 332 486 370 724 355 780 475 450 335 469 365
466 334 487 370 691 398 856 498 742 358 800 475 215 287 297 326
469 336 491 370 746 357 803 476 713 398 880 502
719 411 893 517 599 378 701 454 768 362 826 479
727 410 901 519 603 380 702 455 770 357 827 481
734 409 906 520 775 358 830 480
737 408 912 524 776 356 864 497
496 353 515 381 621 379 732 465 794 357 854 484 756 407 933 528
497 354 516 382 757 408 936 532 624 382 734 467 800 358 856 483
760 406 946 536 498 354 517 383 624 382 733 467 803 358 858 480
768 408 958 540 499 353 518 382 636 383 757 469 519 352 537 383 820 358 874 485
776 408 970 545 517 351 537 382 640 382 756 470 824 359 907 503
516 352 537 383 643 382 756 471 798 413 991 549 833 361 914 504
805 413 1004 557 520 353 541 383 649 383 754 470 849 361 905 475
814 413 1021 563 870 364 948 516
844 414 1047 567 880 363 959 519 541 357 563 385 670 395 784 483
846 418 1060 572 545 359 567 386 908 363 988 529 683 396 809 488
859 423 1068 573 917 362 998 531 687 397 812 489 548 360 569 386
928 362 1010 532 693 399 811 492 875 424 1069 567 520 360 540 375
892 431 1115 596 561 364 587 390 521 362 541 377 956 364 1039 536 698 400 808 494
903 429 1128 604 963 365 1046 536 563 368 588 390
974 366 1055 536 910 432 1136 609 308 331 361 364 716 410 901 519
928 433 1165 614 721 410 894 520 981 370 1062 530
941 436 1176 620 568 378 591 404 728 409 895 522 1007 359 1094 547
1023 357 1104 545 570 379 593 405 732 409 892 525 956 440 1185 623
974 443 1212 630 570 381 593 406 735 409 896 528 1034 358 1110 537
973 436 1251 631 572 383 593 406 1060 353 1138 540 739 412 900 532 545 381 563 394
991 438 1265 635 573 385 591 406 583 383 613 408 744 414 906 536 886 418 1038 548 1073 359 1150 528
1038 447 1267 641 762 412 941 543 584 383 613 409 1109 357 1199 582 892 416 1045 548
767 410 940 546 585 383 614 409 1017 436 1277 640 1120 355 1207 587 911 414 1089 552
772 408 949 551 587 384 613 409 919 413 1095 555 1066 469 1274 665 547 382 565 394
780 407 958 555 589 385 613 409 927 414 1105 557 113 274 166 373 1115 388 1277 672
592 386 613 410 803 405 999 561 112 274 165 376 958 414 1132 558 1123 478 1279 679 570 386 585 401 736 409 814 467
807 404 1006 566 594 387 612 410 1158 474 1279 689 962 413 1136 558 569 386 586 401 111 276 162 376 740 409 820 468
812 401 1019 573 596 388 613 410 570 386 587 400 971 411 1147 560 1168 468 1279 698 108 283 159 374
833 401 1071 580 570 386 588 400 597 388 614 410 611 387 635 411 973 410 1157 564 748 409 843 471 210 286 300 317
609 386 637 411 842 396 1063 590 571 386 588 400 752 410 846 470
845 381 1186 604 570 387 590 401 609 387 638 412 758 412 845 469
860 377 1191 610 610 387 639 410 570 387 591 401
874 374 1202 618 611 387 638 410 570 386 591 400
889 388 1182 642 610 385 638 410 570 385 590 398 313 351 393 399
