

1021 391 1279 548 532 431 581 459 826 430 867 457 850 428 933 477
1022 390 1279 549 533 430 577 458 831 429 925 477 579 429 631 458
1022 389 1279 552 828 427 924 478 210 387 348 466 573 428 627 457 533 429 574 457
828 425 920 480 1023 388 1279 554
1031 386 1279 556 828 425 916 480 903 426 1052 505
1043 385 1279 560 826 425 911 480 900 426 1053 504
800 422 903 480 1054 383 1276 565
799 423 901 481 1059 381 1274 567 66 388 287 483
797 423 900 480 62 384 285 479 613 410 747 488 1057 380 1274 566 528 424 581 453
56 380 278 476 797 422 897 479 611 411 745 486 524 423 575 452
798 421 895 478 52 378 273 475 608 410 747 488 968 352 1279 633 879 415 1058 525 522 422 571 451 484 422 520 455
797 421 893 479 52 379 267 478 877 415 1058 521 606 411 745 487 968 338 1279 645 506 422 563 452
795 420 891 479 20 378 238 484 500 421 559 452 876 416 1061 519 577 417 751 521 966 328 1279 654
13 374 226 486 779 417 881 479 876 416 1063 518 571 415 742 522 497 419 550 453 965 320 1277 659 753 424 800 461
9 372 219 488 780 417 880 477 563 413 738 524 876 416 1066 519 964 324 1278 657 748 423 797 459
8 370 217 495 777 416 879 475 557 411 739 526 875 415 1067 521 968 325 1277 658 482 418 536 454 538 413 571 436
6 368 221 501 542 409 724 529 772 416 878 476 479 413 531 446 867 403 1082 503
3 365 224 507 541 407 721 530 738 415 866 477 895 401 1104 501 474 413 527 446
733 414 868 479 541 407 719 530 2 365 221 502 893 401 1107 503 472 412 524 444
737 413 867 478 0 363 181 503 542 407 718 530 894 400 1110 503 460 412 514 443
740 413 865 477 0 358 169 504 542 409 718 528 890 398 1114 504 458 412 513 444
0 354 161 508 745 412 863 475 888 396 1117 506 542 410 717 530 456 413 510 445 725 419 769 457
2 352 157 505 742 411 864 474 882 393 1123 508 544 410 714 529 454 413 504 443 347 217 372 269
741 410 864 473 3 352 154 501 880 391 1128 511 541 409 713 528 451 411 499 441 495 411 525 436
739 409 864 472 4 353 148 495 880 390 1134 512 537 409 710 527 449 409 497 440 494 411 523 434 639 308 663 336
739 408 864 472 531 408 712 529 881 389 1138 512 4 354 143 492 437 410 488 441 636 308 661 335 492 410 520 432
738 407 864 472 528 406 711 532 884 388 1143 513 3 352 122 511 434 410 489 443 635 307 659 335
736 405 865 472 528 402 711 533 2 352 116 516 430 410 488 443 885 387 1143 514 511 406 552 433
1 354 110 519 735 405 867 472 522 393 708 506 427 410 483 444
0 357 92 519 521 391 708 507 425 409 477 443
0 355 87 520 521 401 700 539 919 380 1181 510 424 408 473 442 502 406 545 434 468 408 504 436
889 382 1197 516 0 351 84 520 514 397 699 547 467 407 501 437 736 407 862 475 411 406 461 441
737 405 866 474 892 396 1157 533 509 393 692 552 409 407 463 444 464 407 495 435 695 404 753 456 0 348 77 520 488 410 530 440
503 389 693 556 735 406 867 475 862 394 1224 530 406 407 465 446 484 410 532 441 462 407 490 434 694 410 751 462 362 403 407 444
503 390 692 556 734 407 867 476 862 395 1227 529 404 409 461 446 481 410 531 442 692 412 748 462 459 408 487 434 361 404 405 445
501 391 691 558 731 408 868 480 870 394 1225 531 401 410 457 445 691 414 747 466 478 411 528 442 360 405 400 446 460 409 488 434
732 409 868 482 502 393 689 556 878 394 1224 532 689 415 747 468 399 411 453 445 477 411 524 442
728 411 871 486 492 400 678 548 887 395 1223 534 683 414 755 471 392 406 453 454 475 412 522 440 311 400 392 453
726 412 873 488 493 402 674 543 891 396 1224 535 682 415 756 471 448 413 520 466
723 413 874 490 897 397 1223 537 509 402 680 545 681 417 756 471 385 413 444 464
731 413 872 490 903 396 1226 541 494 407 666 543 380 417 443 457 666 413 745 472
735 411 864 491 494 407 667 549 376 417 441 458 927 394 1270 539 448 414 511 472 673 413 733 474
735 412 863 492 487 406 672 555 444 415 507 467 376 415 438 464 673 413 732 476 291 421 333 462
725 412 867 494 486 405 674 561 676 416 737 476 438 416 506 470 372 415 434 465 289 422 333 463
718 414 878 495 483 405 673 560 676 418 737 476 368 415 430 465 435 416 505 470 287 421 330 464
715 414 881 496 480 405 671 565 676 418 737 475 366 416 428 465 429 416 498 467 284 421 327 464
715 414 882 496 477 403 673 569 666 415 739 475 427 415 497 468 366 416 427 466 569 243 684 434
714 414 885 496 473 402 673 572 664 416 740 473 423 414 494 468 362 415 418 466 930 371 1262 617 565 242 682 434
714 409 885 499 472 403 672 566 418 414 490 469 663 416 741 472 359 415 417 465 936 368 1262 623 562 240 681 434
714 409 885 499 471 403 670 565 414 412 487 469 663 417 741 471 355 416 416 464 943 365 1262 624 559 239 680 435
714 409 885 500 469 404 669 565 412 411 484 468 663 417 740 473 352 415 413 465 555 239 680 435 264 425 306 463
715 408 886 500 467 402 669 571 662 416 740 474 409 409 484 469 348 414 409 464 263 423 302 464
715 407 887 500 465 401 670 574 661 415 741 475 406 408 483 471 346 413 405 464 471 407 491 427
716 406 889 500 464 400 671 578 659 414 741 476 403 408 476 470 344 412 403 463 471 407 492 428
717 405 890 500 465 400 672 576 402 407 476 471 660 413 741 476 352 411 402 445 470 406 492 428 248 409 303 470
717 404 893 499 466 399 672 572 398 405 475 471 660 413 741 476 351 410 401 443 291 409 337 528 468 406 490 428 337 410 394 469
718 403 896 498 467 398 673 573 394 404 474 472 663 413 743 475 335 409 394 470 351 409 399 440 467 406 489 429
719 401 900 498 467 397 673 579 389 403 472 473 664 412 746 475 334 409 395 470 466 407 490 430 351 408 398 438
722 399 903 498 466 397 674 585 386 402 469 474 665 412 748 476 334 409 395 469 465 407 492 430 237 400 324 457
724 398 906 499 466 397 674 585 381 402 468 476 664 412 748 477 333 406 394 455
727 397 909 501 467 397 673 585 376 402 468 477 664 413 749 478 332 405 392 455
727 397 913 502 469 396 673 588 373 403 471 479 664 413 747 478 331 405 389 454
729 398 918 504 471 397 673 590 364 408 458 479 663 414 749 479 329 410 385 471
728 400 922 504 471 398 673 589 358 408 458 482 663 414 751 479 333 410 381 439
726 401 927 505 471 399 673 588 351 407 458 484 663 414 752 481 332 410 380 437
725 401 929 506 471 399 673 587 348 406 459 486 675 416 763 483 331 408 377 434
725 400 932 507 472 398 673 587 345 406 460 487 675 416 765 484
741 397 947 508 473 399 673 587 322 406 449 489 676 417 767 483
744 397 949 510 475 399 674 587 321 404 451 491 678 417 770 485
749 396 953 512 475 398 676 589 678 418 772 487 321 404 450 489
750 395 958 514 475 398 677 591 679 417 773 488 321 403 449 490
748 401 969 521 474 398 677 594 319 402 447 488 680 417 774 487 70 384 92 441
748 401 976 520 317 401 448 489 473 397 677 596 683 416 776 485 543 235 676 434 67 383 91 441
753 393 979 515 313 401 448 488 472 397 677 597 684 415 777 485 543 235 674 435 445 407 470 438
756 392 982 515 473 397 678 595 310 401 448 487 682 415 780 485 543 234 673 434
760 390 988 517 473 396 680 595 697 417 790 484 291 394 450 497 544 230 674 431
761 390 995 517 474 396 684 594 698 417 794 482 281 394 448 495 543 229 674 430 469 412 494 440
775 388 1013 519 473 396 686 592 272 393 446 493 698 416 798 481 469 412 495 440 533 213 689 468
778 388 1015 519 474 396 685 592 263 392 445 493 698 417 800 481 470 412 495 439 531 211 687 473 421 410 450 439
781 388 1022 519 475 396 686 591 260 391 444 494 701 417 801 480 470 412 494 438 420 410 450 440 530 211 687 474
783 387 1030 520 239 392 427 500 475 395 689 590 702 416 804 479 417 411 449 441 470 412 493 437 530 211 688 475
785 387 1039 520 477 396 716 587 232 390 422 502 702 414 806 480 415 412 448 441 469 412 493 437 442 410 467 436
787 387 1046 520 478 396 717 586 225 388 420 507 700 413 809 481 413 413 446 441 469 412 494 437 442 411 467 435
789 386 1056 520 478 399 720 581 215 385 416 507 718 417 821 479 469 412 495 437 414 413 444 440
790 385 1063 520 477 400 723 578 207 383 413 504 720 418 825 478 469 413 496 436 415 413 443 439
805 383 1079 525 475 401 726 577 166 385 397 504 720 417 829 478 470 413 496 437 416 413 442 439 391 413 423 441
808 383 1084 525 474 401 728 580 166 383 393 507 719 415 830 479 469 413 497 438 415 413 442 438 390 413 423 441 31 375 53 434
810 382 1092 527 474 401 731 582 162 381 385 512 714 414 832 480 469 413 497 437 388 412 424 442 415 412 442 437
817 390 1101 533 475 400 734 583 712 412 835 479 162 377 375 513 385 410 422 441 469 413 497 437 415 412 443 436
822 389 1111 535 486 384 747 609 709 412 840 480 383 408 420 440 164 373 367 515 416 411 443 436 469 412 497 436
827 378 1115 531 485 383 750 611 706 411 845 481 383 408 419 439 417 411 443 436 469 412 497 436 162 371 367 512
484 381 751 611 818 381 1130 564 704 411 850 480 383 408 419 440 417 411 442 436 469 411 497 437 87 373 363 512
483 378 752 613 836 387 1149 538 42 382 402 576 705 410 853 482 418 411 441 436 386 408 420 441 468 411 496 436 374 410 403 439
843 377 1153 575 486 372 753 616 417 411 440 436 373 410 404 439 13 380 349 578 707 410 856 484 468 411 495 436 388 409 420 441 472 419 495 457
849 374 1166 581 488 368 756 620 372 410 405 440 730 410 864 487 417 410 440 435 9 371 349 577 468 411 495 436 389 409 421 441
856 371 1178 582 491 368 757 621 732 409 868 486 371 410 406 441 417 409 440 435 6 367 341 580 468 411 495 436
865 370 1185 586 492 370 760 620 734 406 873 487 3 359 329 595 370 409 407 441 417 409 441 436 468 411 495 436
870 368 1189 589 491 370 763 618 729 399 885 501 1 355 314 611 370 409 406 441 416 409 442 436 468 410 494 435 286 401 366 471
