

215 305 361 381 640 304 695 348 731 309 760 329 616 306 643 330 139 337 239 371 7 340 60 369 498 179 523 198
214 306 362 381 639 303 695 349 617 306 643 330 732 309 760 328 139 338 239 371 7 341 60 369 498 179 523 198
214 306 363 380 640 302 694 348 617 306 643 330 731 309 760 328 139 338 239 371 7 341 60 369 498 179 523 198
214 306 363 380 640 302 692 348 731 309 760 329 616 306 643 331 139 338 239 371 7 340 60 369 498 179 523 198
214 306 362 380 642 301 691 347 731 309 760 329 616 306 642 331 140 338 239 371 7 341 59 369 498 179 523 198
214 306 362 380 638 302 684 348 731 309 760 329 615 306 642 332 140 338 239 371 498 179 523 198 7 340 59 369
214 306 362 380 637 301 685 349 730 309 760 329 615 306 641 332 140 338 239 372 6 340 59 369 498 179 523 198
213 306 363 380 637 302 684 348 730 309 760 329 140 338 239 372 615 306 641 333 6 340 59 369 498 179 523 199
214 306 363 381 637 302 683 347 730 309 760 329 140 338 239 372 615 307 640 332 7 340 59 368 498 179 523 199
214 305 363 381 637 302 682 346 730 309 759 329 140 338 239 372 7 341 59 368 498 179 523 199
214 305 363 381 637 301 681 345 730 309 759 329 140 338 239 372 7 341 59 368 498 179 523 199
214 305 363 381 636 301 679 344 730 309 760 329 141 338 238 372 7 341 59 368 498 179 523 199
214 305 363 381 634 302 677 343 730 309 760 329 141 338 238 371 498 179 523 199 7 341 59 368
214 305 363 381 633 303 676 343 730 309 760 329 141 338 238 371 6 341 59 368 498 179 523 199
214 305 363 381 632 304 675 342 730 310 760 329 141 338 238 371 6 340 59 368 498 179 523 199
214 305 363 381 631 304 674 342 730 310 760 329 141 338 238 371 498 179 524 199
214 305 362 381 631 305 673 341 730 310 760 329 140 338 238 371 498 179 524 199
214 306 362 381 629 306 673 341 730 310 759 329 140 338 239 371 498 179 524 199
214 306 362 381 628 306 674 341 730 310 759 329 140 338 239 371 498 179 524 199
214 306 362 381 628 307 673 341 730 310 759 329 140 338 239 371 498 179 524 199
214 306 362 381 628 307 672 341 730 310 760 329 139 338 239 371 498 179 524 199
214 306 363 381 629 307 671 341 730 309 760 329 139 338 240 371 0 405 1257 689 498 179 524 199
215 306 363 381 629 307 671 341 729 309 760 329 157 337 246 373 6 340 60 369 0 406 1257 688
215 306 363 381 629 308 670 341 729 309 760 328 157 337 246 373 6 340 61 369 792 193 818 207 498 180 523 199
216 306 362 381 629 307 669 341 729 309 760 329 157 337 246 373 498 180 523 199 6 340 61 369 792 193 818 207
216 306 362 381 629 308 668 341 729 308 760 329 140 338 239 372 498 180 523 199 791 193 818 208
216 306 362 381 629 307 668 341 729 309 760 329 140 338 239 372 498 180 523 199
216 306 362 381 629 307 667 340 729 309 760 329 141 338 239 372 498 180 523 199
217 306 361 381 629 306 668 340 141 338 239 372 730 309 760 329 498 180 523 199
218 306 361 381 628 306 668 340 141 337 239 372 730 309 760 329 498 180 523 199 791 193 818 208
219 306 360 381 628 306 668 340 141 337 238 372 730 309 760 329 498 180 523 199
218 306 360 381 629 306 668 339 730 309 760 329 141 337 238 372 498 180 522 199
217 306 361 381 629 306 668 339 730 309 760 329 141 337 239 372 6 340 61 369
216 306 362 381 629 306 668 338 730 309 760 329 141 337 239 372 6 340 61 369
216 305 362 381 630 306 667 338 730 309 760 329 140 337 239 372
216 305 363 381 630 307 667 338 730 309 760 328 140 337 239 372
215 305 363 381 630 307 667 338 730 309 760 328 140 337 239 372
215 305 364 381 630 308 667 338 730 309 760 328 140 337 239 372
214 305 364 381 630 308 666 338 730 309 760 328 140 337 239 372
213 305 364 381 631 308 666 339 729 309 760 329 156 336 248 374
212 306 365 381 631 308 665 339 729 309 759 329 156 336 249 374
211 306 365 380 632 308 665 339 729 309 759 329 156 336 248 374 792 193 817 207
211 306 365 380 632 307 665 338 729 309 759 329 156 336 248 373 792 193 817 207
211 306 365 380 632 307 665 338 729 309 759 329 141 337 238 372 792 193 817 207
211 306 365 380 631 307 665 338 728 309 759 329 141 337 237 372 792 193 817 207
211 306 365 380 631 307 665 338 728 309 759 329 142 337 237 372 792 193 817 207
212 306 365 381 631 307 665 338 728 309 759 329 157 337 246 373 792 193 817 207
213 306 364 381 632 308 665 338 728 309 759 329 158 337 245 373 792 193 817 207
213 305 364 381 633 308 665 337 728 309 759 329 157 337 246 373 792 193 817 207
214 305 364 381 634 309 665 337 728 309 759 329 157 337 245 373 792 193 817 207
214 305 364 381 634 309 665 337 728 309 759 329 157 337 245 373 792 193 817 207
215 305 363 381 634 309 665 337 728 309 759 329 157 337 245 373 792 193 817 207
215 305 363 381 634 309 665 337 728 308 759 329 142 337 237 372 792 193 817 207
215 305 363 381 635 309 665 337 728 309 759 329 142 337 238 372 792 192 818 207
214 305 364 381 635 309 665 337 728 309 759 329 157 336 245 374 792 193 818 207
214 305 364 382 636 309 665 337 157 336 246 374 728 309 759 330 792 193 818 207
215 305 363 382 635 309 665 337 157 336 246 374 728 309 760 330 792 193 818 207
215 305 363 382 635 309 665 337 157 336 245 374 728 309 760 330
214 305 364 382 634 309 665 337 727 309 760 330 157 336 245 373
213 305 365 382 634 309 664 336 727 309 759 330 157 336 245 373
211 305 366 382 635 310 663 336 727 309 759 330 157 337 245 373
211 305 366 382 635 310 663 336 727 309 759 330 157 337 245 373
211 305 366 382 635 310 662 335 727 309 759 330 157 337 245 373
212 305 365 382 635 310 662 335 727 309 759 330 157 337 245 373
212 305 365 382 727 309 759 330 157 337 245 373
212 305 365 382 728 309 759 330 157 337 245 373
212 305 365 382 728 309 759 330 157 337 245 373
212 305 365 382 728 309 759 330 157 337 245 373
213 305 364 382 728 309 759 330 142 337 237 371
213 305 364 382 728 309 759 330 142 337 237 371
213 305 364 382 727 309 759 330 157 336 245 374
213 305 364 382 728 309 759 330 143 336 237 372
214 305 364 382 728 308 759 330 143 336 236 372
214 305 364 382 728 308 759 329 144 336 236 372
213 305 364 382 728 308 759 329 144 336 235 372
213 305 364 382 728 309 759 329 638 309 665 332 144 336 235 372
212 306 364 381 637 309 666 332 728 309 759 329 144 336 235 372
212 306 364 381 636 309 667 332 728 309 759 329 144 336 235 372
212 306 364 381 636 309 667 332 728 309 759 329 144 336 235 372
211 306 364 381 637 309 667 333 728 309 759 329 144 336 235 372 9 341 60 369
210 306 364 381 728 309 759 329 637 309 667 333 1106 288 1279 553 144 336 235 372 8 341 60 369
211 306 364 381 1096 272 1279 529 637 309 666 333 728 309 759 329 144 336 236 372 8 341 60 369
211 306 364 381 1067 287 1279 550 637 309 667 333 728 309 759 329 144 336 236 372 8 341 60 369
212 306 364 381 1060 289 1279 549 637 309 668 333 728 309 759 329 144 336 236 372
212 306 364 381 1052 289 1279 550 636 308 669 333 728 309 759 329 144 336 236 372
213 305 363 381 1044 289 1277 550 635 308 669 332 727 308 759 329 143 336 236 371 792 193 817 206
214 305 363 381 1033 297 1279 505 635 307 669 332 727 308 759 329 143 336 236 371 792 193 817 206
214 305 363 381 1024 297 1278 506 634 307 669 332 727 308 759 329 143 336 237 371 8 340 60 369 792 193 817 206
1014 313 1279 519 214 305 363 381 634 308 670 332 727 308 759 329 142 336 237 371 792 193 817 206
998 314 1279 519 214 305 363 381 635 308 670 332 727 309 759 329 143 337 237 371 9 340 60 369 792 193 817 206
985 313 1279 520 213 306 364 381 635 308 669 332 727 309 759 329 143 337 237 371 792 193 817 206
969 297 1269 507 213 306 364 380 636 308 669 332 727 309 759 329 142 337 237 371 9 340 59 369 792 193 817 206
957 296 1266 507 212 306 365 380 636 309 668 332 727 309 759 329 142 337 237 371
945 298 1264 505 211 306 365 380 636 309 668 332 727 309 759 329 142 337 237 371
939 301 1264 503 211 306 365 380 636 309 669 332 726 309 759 329 142 337 237 372
927 302 1264 501 210 306 365 380 636 309 669 331 726 309 759 329 142 337 237 371
916 302 1267 498 210 306 365 380 636 309 669 331 726 309 759 329 141 337 237 371
889 303 1262 497 210 306 365 380 636 309 669 331 726 309 759 329 141 337 237 371
