

185 346 289 399 680 337 714 364 0 367 78 432
180 343 288 400 680 335 712 362 0 366 77 433
173 340 289 401
166 338 288 401
158 340 274 402
151 341 271 405 682 333 715 362
144 343 268 409
133 345 248 413
125 351 252 422
117 353 249 424
114 356 243 426 574 282 594 304
95 356 223 429 574 282 594 303
91 356 219 430 574 281 594 303
71 355 205 432 575 282 593 303
67 355 201 434
69 357 192 432
212 354 264 385
13 358 161 445 211 348 300 384 574 280 594 303
207 348 299 385 574 280 594 304 14 358 152 443 1007 325 1031 381
573 281 593 304 204 348 299 384
573 281 592 304 194 350 281 388
188 350 281 387 1 354 129 442 572 282 591 304
571 282 590 304 2 354 122 437
570 281 589 303
689 334 713 378
690 334 714 377
691 333 716 377 566 264 587 292
693 333 718 377 566 264 586 292
695 333 721 378 566 264 586 292
696 333 724 378 566 264 586 292
696 333 725 379 565 264 586 292
564 263 586 292 115 353 209 401 697 334 725 377
564 262 585 291 109 352 212 402
563 262 584 290 103 351 215 403 701 335 731 376
563 262 584 289 92 355 181 404 702 334 731 377 861 348 982 405
563 261 584 290 85 354 181 405
563 261 584 291
563 262 584 293 711 342 737 387
712 343 738 388 563 263 584 293 911 361 1030 427
713 346 740 389 564 263 584 293 915 362 1033 429
715 347 743 388 564 263 584 292 932 365 1055 432 43 360 128 415
718 347 747 387 565 263 585 291 939 366 1056 434 34 359 129 416
566 263 585 290 720 345 749 387
566 262 586 289 257 342 310 369
566 261 586 289 729 340 758 387 255 344 310 369
566 261 587 290 731 341 760 388 253 344 308 369
733 344 761 388 566 261 587 290
735 345 763 389 566 261 587 290
738 346 766 390 567 262 587 290
740 345 771 391 567 263 587 290
567 263 587 290
567 263 586 290
567 263 586 289 37 355 136 422
567 263 586 289 750 345 782 393 36 355 132 423
567 263 586 288 751 345 784 395 211 344 268 379
567 263 586 288 754 347 787 397 206 344 265 380
757 349 791 398 567 263 587 289 201 344 262 382
759 350 795 400 567 263 587 289 196 345 258 383
761 350 800 402 567 264 587 289 0 364 84 428
568 264 588 289 0 365 81 426
568 263 588 289
766 334 813 400 568 262 589 289
767 334 815 401 568 262 589 289
770 336 819 403 568 262 589 289
774 339 824 403 568 262 589 289
778 340 830 403 568 262 589 289
781 340 833 403 569 262 589 289 209 344 264 380
783 341 834 402 568 261 589 288 203 343 261 382
789 337 845 403 568 260 589 286 197 342 258 382 119 349 206 399
792 337 848 403 567 259 588 285 115 347 204 398
567 259 588 284
567 260 588 285 178 344 243 384
568 262 588 287 312 337 355 363 174 346 239 384
806 358 857 421 568 263 588 288 310 339 354 365
310 340 353 366 568 263 588 289
310 340 351 366 569 263 588 289 813 358 870 424
816 360 873 427 569 263 588 289 308 340 349 366
820 362 876 429 569 263 588 289 305 340 347 367
823 363 878 430 569 263 588 289 303 341 347 367
827 366 880 432 569 263 588 289 305 340 345 367
570 264 587 289 289 339 336 368
570 264 587 289 287 340 333 368
285 341 333 368 569 264 587 288 794 262 813 294
283 340 331 367 569 263 586 287
568 261 585 285 279 339 328 365 734 342 765 365
567 260 585 282 735 342 766 365 277 337 327 363 141 343 228 400
734 342 767 365 568 260 585 281 275 336 327 362
112 340 208 405 568 259 585 280 264 338 310 364 736 341 768 365
874 381 929 449 107 340 204 404 261 338 310 363 568 258 585 280
85 339 193 406 259 338 310 363 886 383 944 454 568 257 586 280
885 385 947 456 84 338 191 407 259 338 309 363 568 257 586 280
888 384 951 458 258 338 307 364 80 340 186 410 568 258 585 280
889 387 962 460 257 338 306 365 568 259 586 280 41 345 177 412
893 384 969 465 254 337 304 366 568 259 586 281 49 347 164 413
903 377 980 469 567 259 586 282 252 337 302 366 25 347 146 414
907 375 988 473 566 258 586 281 252 338 300 366
566 257 585 281 239 340 287 368 2 355 117 426
566 257 585 281 0 357 110 430 927 398 1008 483 239 339 286 368
