

217 338 426 467 400 325 506 402 554 336 602 376
208 336 420 471 398 326 504 403 554 336 602 376
199 335 415 474 396 326 503 403 554 336 602 376 491 331 522 360
192 333 413 477 394 327 502 404 555 336 602 377 490 332 522 361 517 212 539 228
393 328 502 404 178 341 422 483 551 341 605 382 489 333 521 361 517 211 539 226
169 338 407 488 393 329 500 406 550 342 606 382 516 210 538 225 488 333 520 362 399 267 412 286
163 339 403 488 392 328 499 407 550 343 607 382 516 209 537 224 397 266 410 287 487 333 519 362 422 270 431 286
153 338 396 490 392 327 498 408 550 344 608 381 396 266 408 288 486 334 518 362 516 208 535 224 422 270 431 286
141 339 391 491 385 328 492 407 549 343 608 382 486 334 518 363 395 266 407 288 422 269 431 286
132 339 387 492 384 328 490 406 549 343 609 382 486 334 517 363 394 265 406 288
382 327 490 406 123 339 386 495 549 342 609 382 485 333 517 363
382 326 491 407 119 338 384 498 549 342 609 382 485 332 517 362
380 323 492 407 95 334 369 508 550 341 609 383 484 330 516 361 511 196 537 210
378 321 492 407 83 336 365 509 555 334 606 381 484 330 516 360 510 194 536 209
377 319 491 407 51 339 375 523 557 337 603 377 484 329 516 359 508 193 534 208 374 258 387 281
375 320 490 408 47 337 371 526 555 335 607 380 484 329 517 360 508 190 534 205 372 257 384 279
372 321 488 410 37 335 374 534 553 340 611 384 484 330 517 361 507 187 533 201
368 322 486 412 18 333 348 538 553 340 612 384 483 332 518 362
366 323 485 413 10 333 347 546 553 341 612 384 483 333 517 362 310 334 355 358 419 260 429 278
6 336 335 548 365 322 484 413 554 341 612 384 482 334 517 363
0 338 320 550 362 320 483 414 557 335 612 389 481 334 516 363
0 340 305 553 359 319 481 414 557 334 612 389 363 187 388 213 474 336 503 365
0 337 299 557 352 320 476 414 557 334 613 390 235 319 328 373 473 335 503 365 495 168 531 184 360 185 385 209
0 338 293 567 349 320 475 416 557 335 614 389 471 333 505 366 212 320 306 370 494 165 531 180
0 338 286 576 346 320 475 417 558 335 615 389 469 332 506 367 206 320 303 368 348 179 372 206 493 160 530 176 0 547 1279 691
0 339 281 582 344 320 475 418 558 335 615 389 183 321 290 368 468 332 507 367 344 178 372 205 0 551 1279 689 329 235 345 261 492 158 529 173
0 339 280 581 344 320 475 418 558 335 615 389 182 321 286 370 467 332 507 367 0 552 1279 690 342 178 372 204 329 235 344 261
0 339 267 583 340 319 475 418 559 335 615 389 466 332 508 367 176 318 288 371 0 551 1279 689 325 234 339 260
0 338 255 584 336 318 475 418 559 335 615 389 465 332 509 367 131 317 231 372 320 232 334 259 0 550 1279 688 486 147 526 164
327 319 477 417 0 330 234 605 560 335 615 388 463 332 509 367 112 317 211 371 483 141 525 159
326 318 478 417 0 329 231 607 560 335 615 387 463 332 508 367 109 317 203 372 481 139 525 156 323 162 355 193
322 319 479 417 0 332 220 608 560 335 616 387 462 332 508 366 89 316 185 371 317 158 351 189 480 134 525 152
319 319 479 418 0 335 214 607 559 335 616 387 461 332 509 366 16 317 152 377 477 125 524 143
317 319 479 418 0 338 207 607 559 335 616 387 21 317 142 381 461 331 510 365 476 122 523 141 514 334 537 353 550 262 559 273
315 318 479 420 0 315 188 581 559 335 617 388 27 321 133 379 461 331 510 366 473 118 522 138 276 214 293 247 514 334 537 353 550 262 560 272
313 319 480 423 0 331 178 608 558 335 618 389 462 332 512 368 8 322 113 381 473 113 521 133 271 213 287 246
308 315 473 431 1 340 163 604 558 335 619 390 462 333 513 370 8 326 102 382
307 316 473 434 0 328 79 384 0 349 153 604 558 335 620 391 461 334 512 371 461 99 514 119 252 207 272 242
306 316 471 436 558 336 620 391 457 94 514 116 460 334 512 371 0 378 140 591 1 327 63 384 246 205 266 239
304 316 469 436 557 336 621 393 454 87 513 110 459 336 511 372 0 386 132 592
302 316 467 436 560 339 624 393 0 397 122 593 459 337 511 374 450 82 511 105 227 202 245 238
301 315 465 436 560 340 624 393 0 402 113 591 459 338 510 375 450 74 509 97 222 201 240 234
298 315 466 438 560 339 624 394 445 68 508 91 0 400 109 590 459 338 509 374 217 201 236 232 0 540 1279 698
294 314 466 440 560 339 625 393 459 337 510 374 0 398 85 589 450 61 502 85
288 313 466 441 560 338 625 393 458 337 511 373 0 382 72 598 435 41 488 65
283 312 466 442 561 337 626 393 458 338 511 372 173 177 193 214 425 31 493 60
279 311 466 443 561 337 626 392 456 338 511 371 420 17 492 46
276 311 465 444 561 337 627 392 456 337 511 370 416 10 489 38 514 339 544 362
273 312 465 446 561 337 627 392 455 337 513 369 513 339 545 363 127 159 148 201
269 312 466 447 561 337 628 392 453 337 516 370 513 339 545 364 121 159 142 201
266 312 467 447 561 338 628 392 451 337 519 370 176 322 198 360 107 155 129 200 0 548 1279 690 551 248 567 259
261 312 467 448 562 338 628 393 450 337 520 371 0 547 1279 691 552 248 567 259 102 157 122 197
258 312 467 449 562 338 628 394 452 337 519 371 0 546 1279 692 515 337 546 362 552 248 567 259
253 312 467 450 563 339 629 395 453 337 519 371 0 545 1279 693 516 336 547 362
252 312 466 450 562 339 629 395 454 337 519 371 0 545 1279 694 516 336 546 362
251 312 465 449 562 340 629 395 454 337 519 371 0 545 1279 694 516 337 547 363
249 311 465 451 562 340 629 395 453 336 520 371 516 336 548 362 0 545 1279 694
247 310 465 452 563 339 629 394 451 335 520 370 516 335 548 362
245 310 465 455 563 337 629 395 451 335 520 369 517 335 549 361
244 309 463 456 563 335 629 394 451 334 520 368 517 335 549 361
242 309 463 458 564 334 630 394 453 333 520 367 517 334 550 361
239 308 463 459 565 332 631 395 453 332 521 366 516 333 552 362
236 307 465 458 565 332 631 395 452 332 521 366 516 333 552 362
233 306 466 458 565 332 631 394 453 331 521 365 517 333 552 362
232 305 467 459 565 332 631 394 473 330 520 367 518 333 551 361
231 305 466 460 565 332 632 394 472 330 520 367 519 333 550 359
223 307 455 461 565 332 632 394 472 330 520 367 520 333 550 359
223 306 454 463 565 332 633 395 472 330 521 368 521 332 548 358
222 306 453 464 565 333 633 396 472 331 522 369 521 332 546 357
220 306 452 464 565 334 634 396 472 331 524 369 521 332 546 357
219 307 453 464 565 335 635 397 473 331 524 369 520 332 548 359
217 307 455 466 565 336 636 397 473 331 523 370 519 332 550 361
215 308 457 468 565 337 637 397 473 331 523 371 519 331 551 362
213 308 457 470 565 337 638 398 473 331 523 371 519 331 550 360
212 308 456 470 566 335 638 397 473 330 524 370 520 331 548 358
210 307 453 470 567 333 638 396 473 328 525 368
206 306 452 468 567 331 638 394 471 327 527 366
199 304 449 467 568 330 638 392 470 325 527 364
195 302 447 467 566 328 639 385 469 325 527 363
194 302 445 468 566 328 640 385 471 325 527 363
195 303 445 469 569 330 639 393 472 326 528 364 131 316 233 380
196 305 444 471 569 331 640 394 473 327 527 365 100 318 221 385
197 307 444 473 569 334 641 396 474 328 526 366 94 320 218 385
196 310 442 474 568 336 642 397 474 330 525 369
194 313 442 475 567 339 643 398 473 332 524 372 4 332 116 403
192 315 442 475 567 341 643 398 472 333 525 375 0 326 86 410
190 315 442 476 567 342 643 399 472 333 526 375 0 326 82 410
187 314 442 478 567 342 643 399 472 333 526 374
186 312 441 481 567 341 644 399 473 333 525 373
185 311 440 482 567 340 645 399 474 332 524 371
184 310 441 484 567 339 645 398 475 331 525 370
180 310 444 484 567 337 645 398 475 331 525 369 518 270 526 282
150 308 480 483 568 336 646 398 474 331 525 368
146 308 480 481 568 335 647 398 474 331 525 368 535 199 568 215
146 308 477 481 568 335 646 398 474 331 525 367 533 198 568 214
145 309 474 481 568 336 646 398 474 330 525 367 531 196 568 212
147 310 472 482 567 337 646 398 474 330 525 367 530 195 567 210 363 167 404 185
145 313 474 481 567 337 646 399 474 330 526 368 359 165 403 184 529 193 566 208
