

1 303 275 588 554 338 649 415 464 343 528 381 309 343 346 368
1 300 273 591 554 339 649 416 464 344 529 381 292 342 333 371
1 297 272 592 555 341 649 416 463 344 530 381 289 342 333 371 410 339 458 358
2 295 269 593 556 342 649 417 463 344 530 382 287 343 332 371 407 340 457 360
557 342 649 418 2 295 267 593 463 343 530 382 404 340 454 362 281 343 330 371
558 342 649 418 1 296 265 593 463 342 530 383 402 341 452 362 266 347 310 377 277 343 328 370
0 296 264 593 558 343 649 418 462 341 531 383 262 346 310 379 398 341 451 363
0 295 262 593 558 343 649 418 461 342 532 383 256 346 309 380 438 164 484 180
0 274 262 606 558 344 649 418 461 342 531 383 253 347 306 380 381 341 440 363 444 266 465 282
1 293 261 594 559 344 649 418 462 343 531 383 237 350 287 381 380 342 436 364 443 266 464 281 495 272 513 284
0 273 263 605 559 344 649 418 463 343 531 383 380 342 432 365 229 350 288 382 495 272 512 285 443 265 464 281
2 295 258 593 559 344 650 418 462 343 531 383 377 342 427 365 213 346 294 385 495 271 511 285
0 272 261 606 559 344 650 418 462 343 531 383 375 342 423 364 198 348 281 387 495 270 510 284
560 344 650 418 0 271 260 607 193 347 276 387 461 342 531 383 359 341 414 365 495 269 510 284 715 336 744 357
559 343 650 418 0 271 260 607 356 341 409 365 462 341 530 383 190 345 270 387 416 138 459 154 556 275 566 286 494 269 509 282
559 341 650 416 0 272 260 607 352 340 403 364 555 273 566 284 495 267 509 280
558 339 651 415 0 271 259 606 469 332 525 380 335 339 390 366 406 122 453 140 555 272 565 284 495 265 509 279
559 336 651 413 0 268 259 604 328 337 389 366 400 115 450 136 468 331 525 378 554 270 565 282
559 335 650 412 0 267 259 603 322 336 383 366 468 331 524 378 399 110 446 131 554 269 565 281
559 336 650 412 0 265 260 602 468 331 524 378 325 337 375 364 553 269 564 281
558 338 650 413 0 264 261 604 300 336 365 366 467 332 524 379 553 270 564 282 380 97 434 119
0 264 259 605 559 341 649 414 468 332 525 381 297 339 356 367 374 92 431 115 552 272 564 283
0 266 258 607 559 344 649 416 461 342 531 382 281 339 345 370 371 88 428 111 552 273 564 284 478 263 494 281
0 267 256 607 560 346 649 415 461 342 532 384 277 341 338 371 552 275 564 285 477 264 494 281
0 268 254 608 560 347 648 415 463 342 532 384 552 274 563 285 359 71 410 94 475 266 492 282
0 269 252 608 559 349 649 423 348 63 411 88 463 341 532 385 551 274 563 285 476 265 492 282 390 341 425 363
0 269 250 607 560 347 648 415 462 341 532 384 550 274 563 285 389 341 423 363 346 57 406 82 475 264 491 280
560 346 648 416 0 268 249 606 462 342 532 383 549 272 562 283 187 336 282 375 387 340 420 361
560 346 647 415 0 266 248 604 468 332 525 381 550 269 562 281 168 333 258 376
560 344 647 413 0 265 249 603 467 332 524 379 165 335 250 376 550 267 561 279
1 265 249 604 559 343 647 412 466 333 523 379 549 266 560 278 158 335 247 375 735 335 764 356
3 264 247 606 559 342 647 411 466 333 523 379 548 265 560 277 736 335 765 356
2 263 247 611 558 342 647 411 466 333 523 379 547 265 559 277 736 335 766 355 470 258 485 273
1 262 246 615 558 343 646 412 466 333 523 380 546 265 559 278 340 338 376 361 737 336 766 355
0 263 246 616 558 343 645 414 466 332 524 380 545 265 558 278 336 340 372 362
1 265 244 615 558 343 645 416 467 332 524 381 545 265 557 278
557 342 645 417 3 266 241 615 462 342 530 382 544 265 556 278 306 340 353 367
556 342 645 417 4 267 239 614 461 342 531 382 543 264 555 277 455 259 468 275
555 341 645 416 5 267 237 616 461 342 529 382 543 263 555 276 282 338 333 370 455 259 468 274
553 340 645 415 5 268 235 614 463 342 527 382 453 258 467 274 542 261 554 274
4 268 235 613 552 338 644 414 464 342 525 382 452 258 465 273 541 259 553 273
4 270 234 613 552 336 643 413 464 341 524 381 450 258 464 273 540 257 552 271
2 269 233 616 551 336 642 412 464 342 523 381 448 257 463 272 539 256 551 270 743 334 775 355
2 269 231 617 551 335 642 411 475 339 520 372 447 257 462 272 535 334 565 359
2 269 228 616 551 334 642 410 474 338 521 373 535 334 565 359
2 268 226 615 551 334 642 410 1115 337 1268 512 472 338 522 374 145 330 231 376 749 331 792 358 534 334 565 360
3 269 224 614 550 334 642 411 1095 333 1252 521 142 329 221 378 471 338 522 374 750 331 792 359
3 270 223 613 550 335 642 412 1086 333 1245 525 470 338 523 374 753 332 793 360
3 271 223 612 550 336 641 413 1091 330 1224 537 471 338 524 375 755 334 794 360
550 336 641 414 1 270 225 612 1083 329 1213 537 471 339 524 375 757 335 795 361
549 337 640 415 0 269 226 612 1080 329 1206 537 464 341 524 381 758 335 797 361 0 551 1279 691
0 268 226 612 549 338 640 414 1056 331 1184 543 463 342 525 381 759 335 799 362 0 551 1279 689
0 268 225 611 548 338 640 414 1050 332 1180 543 459 340 522 382 760 334 801 362 0 551 1279 688
0 269 224 610 548 338 640 413 1042 333 1171 542 459 341 521 382 762 334 803 362 0 550 1279 688
0 269 224 609 547 338 640 412 1034 332 1164 546 459 340 521 382 763 334 803 361 0 550 1279 687
0 269 223 609 547 337 639 412 460 340 520 382 1028 331 1154 548 0 550 1279 687 766 332 820 361
0 266 223 610 547 335 638 411 1007 327 1136 557 460 340 521 382 0 550 1279 687 766 331 821 361 528 249 547 264
0 265 221 612 547 333 637 410 1003 323 1128 554 470 339 522 375 766 330 822 359 528 248 546 263
0 265 220 614 547 332 637 408 997 322 1122 553 470 338 522 374 766 330 823 359
0 267 219 613 547 332 638 408 988 319 1114 550 460 335 517 378 769 330 824 359
0 269 217 613 546 333 638 408 983 319 1107 548 460 336 516 378 773 331 825 360 526 245 541 260 0 552 1279 684
0 271 216 612 546 335 638 409 457 339 522 384 966 318 1085 543 777 332 827 361 525 246 541 260
0 272 214 611 546 336 638 410 457 338 522 385 964 317 1081 541 778 333 829 362
0 274 212 609 546 339 637 412 458 339 521 386 957 322 1074 534 778 334 832 362
1 276 210 607 546 342 637 414 458 341 520 387 950 328 1066 528 777 335 834 364 933 423 1084 563 520 247 538 264
2 279 209 606 547 344 637 416 942 333 1059 529 459 344 519 387 519 248 536 264 778 336 834 365
1 278 209 605 547 345 637 417 459 344 519 388 936 334 1052 531 517 248 536 264
1 278 209 604 547 345 636 416 459 344 519 388 918 335 1035 529
0 277 209 604 547 345 636 417 458 343 519 388 913 335 1030 521
0 279 208 604 546 344 637 416 908 336 1023 515 458 342 520 387 792 338 853 369 513 243 534 261
0 279 209 605 546 343 637 417 457 342 520 387 905 337 1017 512 793 337 857 368 512 241 533 259
0 279 209 604 543 344 634 415 899 336 1011 510 457 342 520 386 793 334 904 378 511 239 532 256
0 279 209 605 543 343 634 415 457 342 520 386 895 335 1003 511 796 334 900 379 510 237 531 253
0 278 210 606 543 343 634 415 456 342 520 386 892 335 995 509 798 334 894 378 509 235 530 251
0 276 210 608 543 343 634 415 455 342 520 385 800 334 889 379 891 333 989 510 305 327 397 372 398 342 425 361 509 234 530 250
0 274 209 609 543 343 634 415 456 343 520 385 883 327 973 479 802 334 888 377 396 343 425 362
0 274 209 610 543 343 635 415 456 343 520 385 878 327 970 479 804 334 890 375 395 344 425 363 876 416 978 522
0 275 209 610 545 342 638 417 457 343 519 385 873 329 966 478 247 315 370 377 806 335 893 373 872 417 973 520 393 345 425 363 848 184 886 269
0 276 209 610 545 342 638 416 456 343 520 385 866 344 965 494 807 335 896 373 164 294 376 384 852 183 890 269 394 345 424 362 235 176 281 215
0 277 208 610 545 342 638 415 456 343 520 385 860 350 960 494 857 181 896 266 158 295 366 384 819 332 920 376 393 345 423 362
2 277 206 609 545 342 638 415 457 343 519 385 854 352 955 494 822 332 919 376 861 178 900 265 127 294 337 389 393 345 422 362 499 223 524 245
3 281 206 605 542 344 635 412 457 344 518 386 114 293 331 388 851 330 950 470 852 414 948 518 825 331 920 376 497 222 523 245 392 345 422 362 866 175 913 267
4 286 206 604 541 344 635 411 458 345 516 386 110 291 322 388 848 332 945 468 851 415 946 517 827 331 919 376 392 346 421 362 496 221 521 245
4 290 207 602 541 344 635 412 459 346 516 386 848 416 942 516 847 333 942 465 390 346 421 363 51 279 306 392 830 330 919 376 494 220 519 243
3 291 209 600 544 344 639 415 459 346 516 386 846 417 939 514 846 333 939 464 388 347 421 364 49 278 289 394
3 292 211 598 544 343 639 415 459 346 517 385 845 417 935 513 845 332 937 465 49 278 275 392 387 346 421 365
3 290 215 600 541 344 636 413 459 345 517 385 839 329 924 473 836 404 927 496 7 265 271 397 387 347 419 365
1 288 216 604 544 343 640 417 460 344 517 385 835 332 921 471 833 404 924 496 6 264 252 396 387 347 419 364
0 287 214 605 543 343 640 417 831 405 919 495 461 344 517 385 832 335 918 469 387 347 419 364 5 260 229 396
0 288 211 604 544 342 640 418 829 404 916 495 461 343 517 386 828 336 914 468 387 346 419 365
0 287 209 604 545 342 639 418 828 402 913 496 462 343 516 386 386 346 419 365 838 334 907 458
0 285 212 604 545 342 640 418 826 400 911 499 462 343 516 386 385 345 418 365 832 333 913 416 372 347 405 365
0 281 216 605 545 342 640 418 823 401 908 501 463 344 516 386 823 334 912 466 386 345 418 365 371 347 405 366
0 278 220 605 545 342 641 419 821 400 906 499 820 334 910 466 463 344 516 386 371 347 404 366 884 326 1005 384 388 345 419 365 0 553 1279 691
0 278 221 606 545 341 641 419 820 334 906 467 820 402 906 496 884 326 1009 385 462 345 516 386 388 344 422 366 371 348 404 366
545 341 641 420 0 282 221 605 818 334 903 468 888 326 1009 386 468 346 525 384 368 348 404 367
545 341 642 421 0 286 221 604 817 333 900 469 893 326 1005 385 466 346 527 384
0 287 221 603 546 341 642 421 902 324 1036 389 814 333 899 470 465 346 527 384
