

542 317 568 344
543 317 569 343
542 317 569 343
542 317 568 343
542 317 568 343
541 317 567 343
540 318 567 344
541 319 567 344
542 319 568 344
545 327 568 348
546 327 569 348
549 329 571 349
560 328 580 349 553 330 571 349
560 327 584 351
562 327 587 351
566 330 590 352
570 332 592 352
572 334 594 353
573 334 595 354
575 335 596 355
576 336 596 354 586 333 604 352
586 332 606 353
586 332 607 354
586 332 607 355 577 337 594 353
586 333 607 355
586 332 607 356
587 333 608 356
587 334 608 356
588 335 607 356
588 335 607 356
588 335 607 356
588 335 606 355
575 338 594 357 589 336 605 355
575 337 595 357
574 338 594 358
573 338 594 358
574 340 594 358
574 340 594 358
575 341 594 358 589 339 605 357
589 339 606 357
590 340 607 358
591 340 609 358
592 339 610 358
592 339 611 358
592 340 611 358
591 340 610 357
590 339 607 356
589 339 604 355 576 341 591 355
575 340 593 355
576 340 593 355
575 339 594 355
588 338 603 353 576 339 593 354
576 338 593 354
575 338 592 353
573 336 591 353
569 334 589 352 6 412 1264 707
566 333 586 352 9 410 1268 708
563 332 583 352
561 333 580 352
561 333 579 351
561 335 578 351 551 335 570 351
550 335 570 351
550 335 569 351
549 335 569 352
549 334 570 352
549 335 570 352
549 335 571 353
550 335 570 352

561 335 578 351 550 336 569 352
562 335 578 351 550 336 568 352
562 336 578 352
564 337 580 353
565 337 581 354
566 337 583 354
566 338 583 356 698 345 759 384
566 339 583 358 699 346 760 384
567 340 584 359
567 339 585 360
569 340 589 360 706 346 790 390
571 342 591 361 710 345 790 390
573 343 594 361 713 345 792 389
574 344 594 361 716 343 794 389 35 406 1246 711 780 360 825 396
587 341 604 359 575 343 594 360 31 408 1250 709 718 343 796 390
588 340 604 358 575 342 594 358 25 410 1259 710
588 339 604 357 575 340 593 358 21 410 1271 711
575 339 593 358 20 407 1276 714 589 340 602 356
574 339 593 358 17 406 1279 713
573 338 592 358
571 337 591 357
570 336 590 357
568 335 588 356
567 335 586 356
566 336 584 355
565 337 581 354
565 338 578 354 551 339 566 354
551 337 566 354
550 337 566 355 876 377 923 418
