

833 301 1271 663 648 345 703 404 620 352 666 443 541 352 579 373 574 293 584 306 519 314 528 327 746 352 759 382 11 326 237 461 578 245 595 263 763 350 776 386
844 298 1277 666 647 346 703 404 618 384 667 451 540 352 579 374 573 293 583 305 746 353 759 382 518 314 528 327 763 350 776 386 577 245 595 263
855 297 1279 667 647 346 703 405 540 351 578 374 618 383 666 450 572 293 583 306 489 359 517 383 577 244 595 263 746 353 759 382
860 298 1279 672 648 346 702 405 539 351 577 375 572 293 582 306 490 359 517 384 619 383 666 450 577 244 595 263 508 316 519 330 556 352 592 373
866 298 1279 672 649 346 702 406 539 351 577 375 571 293 582 306 615 383 660 452 492 360 517 384 577 243 594 262 508 316 519 330
876 295 1278 674 649 346 703 407 538 351 576 375 570 293 582 306 615 383 661 452 492 360 518 385 508 316 518 329 577 241 593 261 762 352 775 389 612 335 660 417
894 287 1279 683 648 346 703 408 537 351 577 375 570 293 582 306 615 384 661 452 493 360 518 385 508 316 518 329 761 352 776 389 576 240 593 261
912 284 1272 686 647 346 704 408 537 351 576 375 570 292 581 305 619 385 666 451 761 351 776 389 507 316 517 329
928 287 1269 689 647 346 705 408 536 350 576 374 570 292 581 305 614 386 661 451 762 352 776 389 496 360 517 384 507 315 517 328 802 353 849 433
944 296 1271 684 646 347 706 408 535 350 576 374 614 386 661 450 569 292 580 305 496 360 519 384 506 314 517 328 761 353 776 390 804 352 850 433
646 347 706 408 961 306 1273 674 533 350 576 375 613 386 661 450 568 292 579 304 506 313 516 328 497 359 520 384 763 353 777 390 796 358 810 390 573 236 590 258
646 349 706 408 613 387 660 451 533 351 574 374 505 313 516 328 568 292 579 305 498 358 520 385 977 310 1273 648 609 336 657 419 763 353 777 391 796 359 813 392 573 236 589 258
647 349 706 409 613 387 660 451 533 352 572 374 504 313 515 328 568 293 578 305 500 357 520 386 609 334 656 420 764 354 778 391 572 236 588 256
647 350 706 410 612 388 660 450 533 352 570 374 567 294 578 306 503 313 514 327 501 357 521 386 608 333 656 420 764 353 779 392
646 350 707 411 611 388 660 451 533 352 570 375 567 294 578 306 502 313 514 328 502 357 522 386 766 353 781 393 607 333 656 421 570 234 587 251
645 350 707 412 611 388 659 452 532 352 570 375 566 294 577 307 502 313 513 328 606 334 655 423 767 353 782 393 502 359 523 387
645 350 706 412 609 389 658 454 604 335 654 424 534 353 569 374 767 354 783 394 565 295 576 307 501 314 512 329 511 357 535 386 503 360 522 387
605 344 656 440 645 350 706 413 511 358 536 389 537 354 566 373 767 355 782 394 500 315 511 329 565 295 575 308 609 396 646 449
604 343 656 441 645 350 706 413 511 358 535 390 539 355 565 373 767 356 782 395 500 316 510 330 564 296 575 308 607 397 644 450
603 343 655 441 645 349 706 414 510 358 536 391 540 355 566 373 499 316 510 330 767 357 783 395 564 296 574 308 606 398 643 451 845 376 947 449
602 343 654 441 645 349 707 415 511 358 536 390 499 316 509 330 541 355 565 372 768 357 783 395 845 375 953 452 563 296 574 308 605 398 644 451 565 231 585 248 562 357 589 371
601 343 653 441 646 353 709 420 511 358 538 389 498 316 507 330 541 355 566 372 769 357 784 395 847 375 959 453 563 295 574 308 561 357 588 371 605 399 644 451 565 230 585 248
600 342 653 442 645 352 710 420 510 359 540 389 497 317 506 330 543 356 565 372 769 357 785 396 561 357 588 372 563 295 574 308 868 374 967 453
599 340 653 444 640 351 711 425 512 359 541 389 543 357 564 374 496 318 505 330 562 358 588 374 769 358 786 397 490 359 532 382 869 375 972 455 563 295 574 308
597 339 653 445 639 351 711 426 515 359 544 389 542 358 563 376 561 359 590 376 496 317 504 330 487 358 533 382 769 358 785 398 786 358 807 400 563 295 574 308
596 338 652 445 637 351 711 427 483 357 534 383 541 358 563 378 495 317 504 329 560 359 591 377 519 359 546 390 785 357 806 402 769 358 785 397 558 293 568 308
595 338 651 445 637 351 711 427 481 357 530 381 539 358 563 380 494 316 503 329 785 355 805 402 559 358 591 377 522 360 548 390 558 293 568 308 768 357 784 396
594 337 649 446 636 350 712 428 479 356 527 379 538 359 563 382 494 317 502 329 557 292 567 307 786 355 805 403 561 358 589 375
593 337 648 446 635 351 713 428 477 355 524 377 787 355 807 403 557 292 567 306 493 318 502 329 562 358 589 374 897 375 1002 466
592 337 647 446 634 351 714 428 536 359 563 388 477 355 523 376 557 291 567 305 493 318 502 329 788 355 808 404 565 358 589 374 467 357 502 377
634 350 715 428 592 337 647 445 535 358 566 389 474 354 522 375 557 289 567 303 789 354 810 404 493 316 501 327
634 349 716 428 592 337 646 444 536 357 569 387 461 353 508 375 557 287 567 301 791 352 810 403 492 315 501 325 889 366 1035 480
634 348 716 427 586 340 638 442 538 355 572 386 457 351 510 374 556 284 567 299 791 349 811 402 899 365 1044 479 493 312 501 322
633 343 717 418 584 341 638 441 540 354 573 385 793 345 813 400 555 282 567 298 455 350 507 372 906 364 1049 481
634 341 717 420 584 345 638 440 543 353 575 383 793 343 813 397 921 365 1066 478 453 347 503 366 516 347 545 361 555 282 565 297 554 275 565 291
632 336 718 419 580 328 636 425 586 380 634 447 451 344 503 365 795 339 815 395 516 343 546 359 553 274 564 289 546 352 576 381 927 365 1076 478
630 332 719 418 577 324 634 425 448 341 502 364 517 340 545 357 553 272 564 287 583 379 633 445 795 339 814 392 541 340 565 357 830 354 859 386
627 330 720 416 574 321 632 425 446 339 500 363 517 337 546 356 551 270 563 285 541 339 565 357 580 379 631 444 831 353 860 384 797 338 814 389 552 199 570 215
627 329 720 415 573 320 631 424 517 336 546 354 435 337 488 361 551 269 562 284 541 338 565 355 833 352 860 383 578 378 629 444 552 198 570 214
627 330 721 417 570 319 629 425 431 337 488 361 515 335 546 355 550 269 562 284 542 337 565 355 575 378 627 445 834 352 861 384 551 196 570 213
627 330 721 418 567 318 628 425 428 337 486 360 513 334 545 356 550 268 561 283 543 336 566 354 573 379 626 445 833 352 862 385 984 364 1133 485 550 194 570 212
626 330 722 421 566 318 627 427 425 337 483 361 512 335 545 358 549 268 561 284 572 379 625 445 544 337 566 355 810 341 834 390 834 353 863 386 994 367 1143 491 549 193 571 211
625 329 723 422 566 318 626 428 421 337 481 361 511 335 546 358 549 268 560 284 543 336 565 355 810 339 834 390 571 379 624 445 834 353 864 387 549 192 571 211
624 330 724 423 565 321 625 429 511 337 547 359 809 337 834 392 547 268 560 284 421 338 477 361 542 338 565 356 570 380 622 445 548 192 571 211
623 331 725 424 511 339 548 361 562 322 615 429 809 336 833 396 546 269 559 285 409 338 465 361 542 339 565 357 569 380 620 445 547 192 570 212
622 332 727 424 560 323 614 430 511 342 547 363 405 341 464 365 810 335 832 398 545 270 558 287 564 380 610 449 543 342 564 359
622 333 727 424 559 321 613 432 402 343 461 367 511 343 548 365 562 381 609 450 812 336 833 399 545 271 558 288 542 342 562 360 543 193 569 213
619 334 729 424 556 321 611 432 511 344 548 366 559 381 607 450 396 344 457 369 813 338 836 400 545 271 558 289 542 344 561 361 541 193 569 212
617 334 730 426 554 322 607 432 510 345 547 366 555 381 604 450 815 340 838 401 544 271 557 289 393 345 454 369 539 192 569 211
614 334 731 427 551 324 603 430 552 381 601 450 510 346 546 366 380 344 446 370 543 271 556 288 815 342 838 401 537 191 568 210
612 334 732 428 550 324 602 429 550 381 601 450 509 345 545 366 380 344 444 369 816 342 838 400 543 270 556 288 536 190 568 209
611 334 735 428 546 322 600 430 548 380 599 451 378 344 439 369 509 345 545 366 817 342 837 399 535 188 568 207 542 270 555 287
609 333 737 429 543 317 599 434 546 379 597 451 375 343 433 368 508 344 546 366 534 185 568 205 818 342 836 398 542 269 555 287 467 298 476 314
607 333 739 429 539 314 597 437 544 379 595 451 509 343 545 365 371 343 429 368 533 182 568 203 541 269 554 287 818 342 835 396 466 298 475 313
606 333 741 429 539 313 596 436 509 342 544 365 543 378 594 451 532 179 569 202 540 268 554 287 370 343 425 366 466 298 475 313 818 343 833 392
606 333 743 429 537 314 590 436 539 378 586 450 507 342 542 364 530 177 570 204 357 341 417 364 539 269 553 287 835 342 856 399 466 297 475 313
607 332 746 430 535 313 590 436 538 378 585 450 354 341 413 364 507 343 539 363 538 269 553 287 835 339 856 401 528 175 570 205 466 297 476 313
607 332 748 430 533 313 590 436 535 380 584 450 352 342 408 365 493 343 532 367 835 336 857 404 538 268 552 286
608 332 748 430 531 314 588 435 532 379 582 449 351 343 403 366 493 343 531 367 836 335 859 404 528 174 570 195 538 268 552 286
606 332 750 429 527 315 586 433 528 379 580 449 493 343 531 366 837 337 861 403 352 343 399 366 526 173 570 193 510 344 537 363
605 333 751 428 524 315 584 431 526 379 578 448 492 342 531 365 525 171 571 191 839 338 862 403 333 338 387 365 457 298 468 312
605 324 746 436 523 316 582 430 524 380 577 449 492 342 530 365 522 170 571 189 331 337 384 364 838 331 869 410 457 297 467 312 530 267 541 287
604 325 747 437 522 316 581 430 523 381 576 449 490 341 529 365 522 168 571 188 458 296 467 311 840 331 871 410 530 267 541 288 330 338 380 364
602 326 749 437 520 318 579 432 521 381 574 449 490 342 527 366 522 167 570 187 456 296 466 312 530 267 541 288 840 332 874 410
602 327 751 439 517 319 577 432 520 381 573 449 490 343 525 366 521 166 569 186 455 297 466 312 530 267 542 288 595 339 616 358
603 327 752 442 516 321 575 432 519 381 572 449 490 344 524 366 521 165 568 185 454 298 465 313 595 340 617 360 858 337 881 403 529 267 542 287
604 327 754 444 515 320 574 432 519 380 571 449 490 345 523 367 455 297 465 312 521 164 568 184 852 334 886 412 595 340 617 361 529 267 542 287
603 326 756 445 510 322 568 431 489 345 522 367 454 296 464 312 854 332 890 410 522 163 567 182 595 340 616 361 518 380 571 449 529 267 541 286 319 340 347 390
602 326 758 444 508 318 569 434 488 344 521 366 454 296 463 311 512 381 562 449 857 332 894 410 522 161 566 181 595 339 616 360 528 267 540 286
601 326 760 443 506 317 569 434 510 381 561 448 520 160 553 179 488 344 519 366 453 296 463 311 860 331 896 411 595 338 615 359 528 267 540 285
601 326 762 443 505 317 568 434 509 381 562 447 520 159 554 178 488 344 519 366 863 331 899 413 527 267 540 285 453 296 463 311 594 338 615 359
601 326 765 445 504 318 566 433 507 382 560 448 527 267 540 286 520 158 553 177 487 344 519 366 452 296 462 311 594 339 616 359 862 332 902 412
600 326 767 446 504 319 564 433 505 382 559 447 873 334 908 415 527 268 540 286 519 157 554 177 452 296 462 311 487 344 519 366 594 339 617 360
598 326 770 449 875 334 910 419 503 320 562 432 504 382 557 448 527 268 541 286 519 156 554 177 452 296 462 311 486 344 519 366 595 340 617 360
596 325 772 450 878 335 912 422 503 320 561 432 503 382 556 448 527 268 541 286 451 296 461 311 519 155 554 177 486 344 518 367 595 340 617 360
603 327 788 456 883 334 916 423 502 322 559 428 502 381 556 448 527 267 541 286 451 296 461 311 595 341 617 360 519 154 554 176 486 344 518 366
603 327 791 457 886 333 920 424 502 323 558 426 502 381 555 447 527 267 540 285 450 297 461 311 594 341 616 360 487 344 518 366
603 326 793 458 889 333 922 426 501 324 557 424 502 381 555 446 527 267 540 284 450 297 460 311 552 341 571 362 594 340 615 360 518 149 550 170 487 344 518 366
604 325 795 459 501 323 557 425 502 380 554 447 527 267 539 284 450 297 461 311 889 334 924 423 552 341 571 363 518 148 551 170 594 340 615 359 486 344 519 366
604 323 799 460 899 332 935 426 501 323 557 425 502 380 554 447 517 146 552 168 527 266 539 283 449 297 460 311 594 340 616 360 485 344 519 366
605 322 804 462 903 332 939 426 501 359 557 442 517 144 552 166 595 340 617 360 527 265 539 283 449 296 460 311 485 343 519 366
605 322 809 462 907 332 943 426 501 358 557 442 516 142 552 164 595 341 617 361 527 265 539 282 449 296 459 311 485 343 519 367
605 322 811 463 911 331 946 426 501 358 557 442 595 341 616 361 516 141 553 164 527 264 539 282 449 296 459 311 485 343 519 367
605 322 815 464 501 357 557 442 913 331 948 426 515 140 552 163 528 265 540 283 553 342 570 362 595 343 615 361 449 297 459 311 485 344 519 367
607 321 819 463 502 357 558 442 514 140 552 162 528 265 540 283 922 331 957 426 553 342 571 361 448 297 458 311 485 345 520 367 595 343 615 361
608 321 822 463 924 331 959 429 502 357 559 442 514 138 552 161 529 265 541 283 486 345 521 367 553 343 571 361 448 296 458 311 596 343 615 361
607 320 825 465 928 331 962 429 502 358 560 442 514 137 553 160 529 264 541 284 486 344 521 367 595 343 615 361 448 296 458 311
607 320 828 468 932 329 967 429 503 358 561 442 514 136 552 158 486 344 521 367 529 264 541 283 596 343 616 361 448 295 457 310
608 320 831 473 937 327 971 430 504 357 563 442 514 134 552 157 487 344 520 366 529 264 541 282 596 342 616 361 564 340 578 357 448 296 457 310
610 319 833 474 505 353 565 443 513 134 552 156 940 326 973 430 488 345 520 366 529 264 541 281 564 340 579 357 597 342 616 360 448 296 457 310
611 319 835 476 946 327 979 433 513 133 553 156 529 263 541 281 489 345 520 366 564 340 579 358 448 297 457 311 597 342 616 359
609 318 840 477 949 326 983 435 507 348 567 446 513 132 553 155 489 345 520 366 565 340 579 358 528 263 541 280 448 296 457 310 597 342 615 360
607 317 844 481 953 326 989 436 508 349 567 446 514 130 550 154 489 344 519 366 565 339 579 359 527 262 540 280 448 295 457 309 598 342 615 360
608 315 849 513 957 325 995 434 509 352 567 445 515 129 548 154 490 343 519 365 527 261 540 279 449 294 458 309 599 343 615 360 1159 370 1269 416
610 314 852 514 959 325 999 433 517 349 571 447 490 343 520 365 527 261 540 279 449 293 458 308 515 128 546 154 598 344 615 360 1161 370 1268 415
610 313 855 516 517 351 572 447 489 343 521 366 528 260 540 278 961 327 1001 428 449 294 458 307 598 345 614 360 514 127 546 154
627 311 862 524 967 327 1011 433 517 352 574 447 487 343 521 366 528 259 540 278 450 293 458 307 597 346 613 360
626 307 864 528 970 327 1015 435 520 379 573 451 486 343 522 367 528 259 541 277 511 302 584 449 450 293 459 307 307 325 359 382 597 346 612 360 513 122 545 145 1169 374 1218 406
