

1099 342 1134 435 940 345 958 394 574 240 591 259 852 348 878 385 1020 341 1039 394 973 308 989 330 1029 343 1047 392 645 323 653 334
1099 341 1134 435 940 345 958 394 574 240 591 259 1019 340 1038 394 852 348 878 385 973 307 989 330 645 323 653 334
1099 340 1133 436 1018 339 1038 394 574 240 590 258 941 345 958 394 973 307 989 330 851 348 877 385 645 323 653 334 413 329 434 376
1099 340 1132 436 1018 339 1038 394 573 240 590 258 940 346 958 394 973 307 989 330 845 345 870 384 412 329 435 377 646 323 653 334 1036 344 1052 389 702 320 711 329
1099 339 1132 436 1017 339 1037 393 573 240 589 258 941 346 958 394 845 344 869 384 972 307 989 330 412 329 434 378 646 323 653 334 1037 344 1053 389 702 320 711 329 962 349 979 390
1098 339 1132 437 1017 339 1037 394 940 346 958 394 973 307 989 330 573 240 589 258 844 345 869 384 1038 344 1054 389 412 329 434 377 646 323 654 334 962 349 979 390 702 319 711 329
1098 339 1133 437 1017 340 1037 393 941 345 959 395 973 307 989 330 573 240 589 257 844 345 868 384 1039 344 1055 389 646 323 654 334 962 349 979 390 412 329 435 376 702 320 711 329
1098 340 1133 436 940 344 959 394 1017 341 1036 393 973 307 989 330 572 240 589 257 646 323 654 334 1040 344 1055 388 845 345 868 383 412 328 435 377 963 349 979 390 702 319 711 328
1098 340 1132 436 940 344 959 395 973 307 989 331 1017 341 1036 393 572 240 589 257 412 328 435 377 845 345 868 383 646 323 653 334 1040 344 1055 388 963 348 979 390 702 319 711 328
1098 338 1131 437 940 343 959 395 973 307 989 331 573 240 590 257 1017 341 1035 393 412 327 434 377 646 323 654 334 844 345 868 382 702 319 711 328 1041 346 1056 388
1097 337 1131 438 940 343 959 395 973 307 989 331 573 240 590 257 1018 342 1036 392 412 327 434 377 646 323 654 334 844 345 867 382 702 320 710 329
1098 337 1130 438 972 307 989 331 940 342 959 395 574 240 590 258 413 326 434 376 646 323 653 334 843 345 866 383 1018 341 1036 393
1098 337 1130 438 972 306 989 330 940 342 959 394 574 239 590 258 841 345 865 384 413 326 434 376 1017 340 1036 393 646 323 653 334
1098 336 1129 438 972 307 989 331 574 240 590 259 839 346 863 385 940 344 958 394 1017 339 1037 394
1098 337 1129 437 972 307 989 331 838 346 862 385 940 343 958 394 574 240 590 259 1017 338 1037 394
1098 337 1129 437 972 308 989 331 837 346 861 385 574 240 591 259 940 343 958 394 1017 338 1038 395
1098 338 1129 436 972 307 989 331 836 346 860 386 940 343 958 394 574 240 590 258 1187 358 1204 400 1017 338 1038 394 1055 346 1071 385
1098 337 1129 437 835 346 860 386 972 307 989 330 1055 347 1072 387 574 240 591 258 940 344 958 395 1017 339 1038 395
1098 338 1130 437 835 346 859 386 972 307 989 330 1056 347 1072 386 940 344 958 395 574 240 590 258 1185 358 1202 399 1017 340 1038 394 646 323 654 334 702 319 711 329
1098 338 1130 436 834 346 858 385 1057 348 1073 385 972 307 989 330 574 240 590 258 940 344 958 394 1184 358 1201 400 647 323 654 334 702 319 711 329
1097 338 1130 436 833 346 857 385 972 307 989 330 1058 348 1073 386 574 240 590 258 941 345 958 394 1183 358 1201 399 703 319 711 329 646 323 654 334
1097 338 1129 436 1059 349 1074 386 833 346 857 384 972 308 989 331 574 240 591 258 1182 358 1200 400 703 320 711 329 647 324 654 334
1097 338 1129 436 1060 349 1076 387 574 240 591 258 972 307 989 330 832 346 857 384 646 324 654 334
1098 339 1130 435 1061 349 1078 388 574 240 591 258 972 307 989 330 830 346 856 383 646 324 653 334
1098 339 1130 435 1063 348 1079 388 574 240 590 258 972 307 989 330 940 345 958 394
1098 339 1130 435 1064 348 1081 388 574 240 591 257 972 308 989 330 686 340 715 357 1018 340 1037 395 940 345 958 394
1098 339 1129 436 1065 348 1082 388 574 240 590 257 685 341 716 358 973 308 989 330 412 327 435 375 1018 340 1037 395 940 347 958 394
1098 339 1129 436 574 239 590 257 1066 349 1082 387 686 341 716 357 973 308 989 330 412 327 435 374 941 346 958 394
1098 339 1130 436 685 342 717 359 574 240 590 257 1067 350 1083 388 973 308 989 330 941 346 958 394 412 327 435 374 703 319 711 327
1098 339 1130 435 685 342 717 359 574 239 590 257 1067 350 1085 387 973 308 989 330 940 344 959 394 703 318 711 327
1099 340 1130 435 684 343 718 360 574 240 591 257 1068 351 1085 388 973 308 989 330 703 318 711 327 940 344 958 394
1099 340 1130 435 684 342 718 360 574 239 590 257 972 307 989 330 1069 351 1086 388 940 344 958 394 412 327 435 374
1099 341 1129 435 683 341 719 360 574 240 590 257 819 344 846 386 972 308 989 330 1069 353 1086 389 940 344 958 394 412 327 435 374 1018 341 1037 395
819 343 845 387 1099 341 1131 435 574 239 590 257 940 343 958 394 973 307 989 330 1018 340 1037 396 1183 357 1205 403 412 327 435 374 1070 352 1087 389 645 324 652 334
818 342 845 387 1099 341 1131 435 574 240 590 257 940 343 958 394 1018 339 1037 396 973 307 989 330 1180 358 1202 402 645 324 652 334
817 341 843 387 1099 340 1132 436 574 240 590 258 940 343 958 394 1018 339 1037 396 412 326 435 374 973 307 988 329 645 324 652 334
816 342 842 387 1098 340 1132 435 574 240 590 258 940 343 958 394 972 308 988 330 413 327 435 374 645 324 652 334 1018 339 1037 395
815 342 840 387 1097 340 1132 434 573 241 590 258 684 340 718 359 412 327 435 375 940 343 958 394 972 308 988 330 1079 348 1096 391 718 339 733 365 1018 339 1037 396
814 343 839 387 1096 341 1132 433 972 308 988 331 684 340 719 359 573 240 590 257 940 343 959 394 413 328 435 375 1079 348 1096 390 718 339 733 365
814 343 838 386 1095 342 1132 432 940 344 959 394 574 240 590 257 972 308 988 330 685 340 718 359 413 328 435 375 1079 348 1097 391 718 339 733 366
813 344 837 386 685 340 718 359 972 308 988 331 574 240 590 257 1095 342 1132 432 941 345 958 394 1079 348 1097 391 718 339 733 366 413 328 435 375 1159 356 1182 398
574 240 590 257 812 343 836 386 972 308 988 330 686 341 716 358 1095 343 1132 432 941 345 958 394 719 340 734 366 1162 357 1182 396 1133 355 1156 398 1080 349 1098 390 414 328 434 375
686 342 716 359 574 241 591 257 972 308 988 330 811 343 835 386 1164 357 1182 395 1095 343 1134 433 719 340 734 365 1082 349 1099 390 942 347 958 394 414 328 435 376 1131 353 1152 395
1095 342 1133 433 574 240 590 257 686 341 717 358 973 307 988 330 1165 357 1182 395 810 344 834 385 941 345 958 393 414 328 435 376
1094 340 1133 435 686 341 718 359 574 240 591 257 973 307 988 329 809 346 833 384 1165 358 1182 395 941 346 958 393 1018 341 1037 396 414 329 434 375
574 240 590 258 1094 339 1131 436 686 340 718 358 973 307 988 329 941 344 958 393 415 330 434 375
574 240 590 258 686 341 718 359 1095 338 1131 437 973 307 988 329 1085 349 1103 396 941 345 958 393 415 330 434 374 980 307 997 327
685 341 718 359 574 240 590 258 1083 350 1102 398 973 307 988 329 1096 339 1130 436 941 345 958 393 414 329 435 375 980 307 997 328
685 341 718 359 574 240 590 258 1097 339 1131 436 973 307 988 329 805 347 830 384 942 345 958 393 1082 352 1100 397 980 307 997 328
684 341 718 360 1097 339 1131 437 575 240 590 258 1062 354 1085 401 973 307 988 329 804 347 830 385 942 344 958 393
1057 352 1080 400 1097 338 1131 437 575 240 590 258 686 341 717 359 973 307 988 330 942 342 959 393 803 347 830 385 646 324 652 334
1096 338 1130 436 686 342 717 358 575 241 591 258 941 343 959 393 802 346 829 385 973 307 988 329 1053 353 1075 397 414 329 435 375 1161 358 1177 391
1096 339 1130 436 575 240 591 258 687 341 716 357 941 342 959 393 802 345 829 384 973 307 988 329 1032 350 1055 398 413 329 435 374
1096 339 1131 436 574 241 591 258 687 341 715 357 1028 349 1054 398 941 343 958 393 802 345 828 384 973 307 988 329 1158 359 1177 394
1096 340 1131 435 575 240 590 258 941 343 958 393 1016 345 1041 398 801 345 828 384 973 307 988 329 414 329 435 374
1013 345 1038 398 1097 342 1130 434 574 240 590 258 942 343 959 393 973 307 988 329 802 344 828 385 415 329 435 374 979 307 997 328
1010 345 1035 398 1097 342 1129 434 574 240 590 258 973 307 988 329 942 344 959 394 414 328 435 375 979 307 997 328
574 240 590 258 973 307 988 329 414 327 435 375 1097 343 1130 432 1011 345 1034 395 942 344 960 394 985 348 1008 398 979 306 997 328 962 347 979 395
973 307 988 329 982 349 1005 398 574 240 591 257 687 340 714 357 962 348 981 397 413 327 435 376 943 345 960 395 799 343 820 385 1015 343 1035 393 1097 343 1129 432 979 306 997 328
961 349 980 397 941 344 960 397 973 307 988 329 575 240 591 258 413 326 435 375 799 343 819 385 980 349 1001 397 980 306 997 329
940 346 960 398 575 240 591 258 960 351 980 396 972 307 988 330 798 344 818 386 413 327 435 375 1018 342 1037 394
938 346 960 399 575 241 591 259 797 344 818 386 972 308 988 331 413 326 435 376 1097 343 1126 433 979 308 997 330 1018 343 1037 396
936 347 961 398 685 340 716 358 575 241 591 259 797 344 818 386 972 307 989 331 413 326 435 376 1096 342 1126 435 979 307 997 329
936 346 960 396 575 240 590 259 1096 342 1125 434 796 344 817 386 413 326 435 376 973 307 989 330 743 342 759 371
575 240 590 258 795 344 817 386 973 306 989 330 910 352 933 396 937 347 959 394 1096 342 1124 433 414 327 434 376 743 342 760 371 1154 355 1172 391
795 343 816 387 574 240 590 258 907 349 931 395 972 307 988 330 743 341 761 371 1096 342 1124 434 414 328 435 376 941 347 959 393 1154 354 1172 391
889 349 913 395 794 343 815 387 574 240 590 258 972 307 988 330 942 346 960 394 414 328 435 376 1095 342 1124 435 743 342 761 371 1154 355 1172 391
574 240 590 258 973 307 988 330 414 327 435 376 885 348 909 395 1095 341 1124 435 943 346 959 394 794 344 814 387
973 307 988 330 574 240 590 258 414 327 435 376 1094 342 1124 434 867 350 888 393
973 307 988 331 574 240 590 258 859 345 884 395 414 327 435 375 1094 342 1124 433
574 240 590 258 973 308 988 331 1093 342 1125 434 414 327 435 376
575 240 590 258 1085 344 1123 435 973 307 988 331 414 327 434 376 793 342 813 389
1083 344 1124 436 792 340 813 393 575 240 591 258 414 327 434 376 973 307 989 330 819 342 841 394
1083 343 1124 436 792 341 815 395 813 338 838 395 575 240 591 258 414 327 434 375 973 307 989 329
1082 343 1124 436 791 342 814 394 574 241 591 258 414 327 434 375 973 307 989 329 943 349 959 393
1081 343 1124 437 788 344 814 394 574 240 590 258 413 327 434 376 973 307 989 329
1081 343 1123 438 786 344 811 393 574 240 591 257 413 326 434 377 972 307 989 329 717 340 731 362 268 338 292 371 764 347 786 391
1081 343 1121 437 786 345 810 391 760 342 786 393 574 240 591 257 414 326 434 377 972 307 989 329 717 340 731 364 269 338 293 371
1082 342 1121 437 787 344 809 389 574 240 591 257 414 325 434 376 972 307 989 330 756 343 784 393 717 340 730 364 270 337 295 371
1081 342 1119 439 788 342 809 388 574 240 591 258 739 343 767 392 414 326 434 376 972 308 989 330
1080 343 1117 438 787 341 808 387 574 240 591 258 414 326 434 375 973 308 989 330 716 346 740 388 1135 350 1153 389
1079 344 1116 439 712 346 738 390 787 341 808 387 574 240 591 258 1135 350 1151 389 973 308 989 330 414 326 434 375 1019 342 1038 396
1079 343 1116 437 1134 350 1151 388 786 341 808 387 574 240 591 258 692 351 716 389 709 349 735 390 973 307 989 330 414 327 434 375 943 347 960 393
1079 342 1116 438 687 351 714 390 786 343 808 387 1134 351 1150 388 573 241 591 258 973 307 989 330 415 327 434 375 307 257 326 271 943 347 959 393
1079 342 1116 437 1134 351 1150 388 574 240 591 258 667 353 693 390 785 343 808 387 973 307 988 330 415 328 434 375 684 353 711 388 942 346 960 393 307 256 326 271 645 323 653 334
1078 343 1116 438 660 353 691 391 573 240 590 258 785 344 807 386 1134 352 1151 388 973 307 988 331 414 327 434 377 716 341 731 363 306 257 326 271 942 348 959 393 1018 341 1038 395
1078 344 1116 437 1134 351 1151 388 573 240 590 258 657 354 688 391 973 307 988 330 414 327 434 377 785 345 807 386 716 340 731 364 942 347 959 393
1077 343 1116 437 1135 351 1151 389 573 240 590 258 414 327 435 376 973 307 988 330 785 340 809 370 716 340 731 364 942 348 959 393
1077 342 1116 437 1134 350 1150 390 573 240 590 258 973 306 988 330 786 339 809 371 414 328 434 375 297 336 319 368 942 346 959 392
1077 342 1115 437 611 350 643 390 1134 351 1150 390 572 240 590 258 973 306 988 330 414 328 434 375 786 340 808 370 298 336 320 368 942 347 959 392 307 257 325 271
1077 342 1115 436 973 306 988 330 572 240 589 258 1134 351 1150 390 608 350 638 389 688 342 715 357 786 340 807 369 414 328 434 376 942 347 959 392 299 337 320 367 307 257 325 271
1076 342 1113 435 572 240 589 258 973 306 988 330 1133 351 1150 389 414 328 434 376 942 346 959 392 785 340 807 369 307 257 325 271 645 324 652 334
1076 342 1113 435 572 240 589 258 973 307 989 330 1133 352 1150 389 414 328 434 377 942 347 958 392 785 340 806 370 315 340 334 371 307 257 325 271
1077 341 1112 435 563 352 597 389 1133 352 1150 390 573 241 589 259 973 306 989 330 316 340 336 372 414 329 433 376 784 340 806 371 942 346 959 392 307 257 325 271
1076 341 1113 436 1134 352 1151 390 973 307 988 330 572 241 589 259 686 343 717 359 318 340 337 372 414 329 433 377 942 347 959 392 307 256 325 271
1076 341 1113 436 973 306 988 330 573 241 590 259 1134 351 1150 388 686 343 717 358 320 340 339 372 414 329 433 376 942 347 959 392
1076 341 1113 437 973 307 988 330 573 241 590 258 687 343 716 358 322 340 341 371 414 329 433 376 1135 351 1150 387 942 348 959 393 1018 341 1037 394
1076 341 1113 437 574 240 590 258 516 349 546 388 973 306 988 329 324 340 344 371 414 329 433 376 942 347 959 393 645 324 652 334 1135 350 1150 386
