

841 309 1273 637 224 272 817 644 755 267 980 463 665 274 750 320 614 226 624 239
842 309 1274 637 224 272 816 644 755 267 981 463 665 274 750 320 614 226 624 239
842 310 1273 636 225 272 817 644 755 267 981 464 665 274 750 320 614 226 625 239
843 309 1272 635 226 272 817 645 757 266 982 464 665 274 751 321 614 226 625 238
843 308 1270 633 226 272 817 645 758 266 982 465 665 274 751 321 614 226 625 238
844 307 1269 630 227 272 817 646 758 266 982 465 666 274 751 321 615 226 625 238
843 307 1270 630 226 271 818 646 758 266 982 465 666 274 751 321 615 226 625 238
842 307 1270 630 225 271 819 646 758 266 982 465 666 273 751 322 615 226 625 238
842 307 1271 630 225 270 819 646 757 266 982 465 666 273 751 322 615 226 625 238
843 307 1270 631 225 271 820 646 758 266 982 465 666 273 751 322 614 226 625 238
843 308 1270 632 225 271 820 647 758 266 982 465 666 273 751 322 614 226 625 238
843 307 1271 632 224 272 820 647 758 266 982 465 665 273 751 322 0 303 75 380 614 226 625 239
843 307 1271 633 225 272 819 646 758 265 982 465 665 273 751 321 0 303 74 380 614 226 624 239
843 307 1271 633 225 272 819 645 758 265 981 466 665 273 752 322 0 303 71 380 614 226 624 239
843 307 1271 634 225 272 819 645 758 265 982 465 665 273 752 321 0 303 64 379 614 226 624 239
843 307 1271 634 224 272 820 645 759 266 982 465 664 274 752 321 0 303 63 379 614 226 625 239
844 308 1270 634 224 272 820 645 759 266 982 465 665 273 751 321 614 226 625 239
845 308 1270 633 224 271 819 645 759 267 982 464 665 273 751 322 614 226 625 238
845 309 1269 631 224 271 818 646 758 267 982 464 665 272 751 322 614 226 625 238
845 308 1269 630 224 270 818 646 759 267 982 464 665 272 751 322 615 226 625 238
845 308 1270 630 225 270 818 647 759 267 982 464 665 272 752 322 615 226 625 238
845 308 1270 630 225 269 818 647 759 267 982 465 666 272 752 322 615 226 625 238
846 307 1269 630 226 269 818 648 758 267 983 465 666 272 752 322 615 226 625 238
846 307 1269 631 226 269 817 648 758 267 984 465 666 272 752 322 615 226 625 238
846 307 1269 632 226 269 817 647 758 267 984 466 666 272 752 322 615 226 625 239
846 307 1269 634 226 269 817 647 759 267 983 466 666 272 752 322 615 226 625 239
845 307 1270 634 226 269 816 647 759 266 983 466 666 272 752 322 615 226 625 239
844 306 1270 634 226 268 816 648 759 266 983 466 666 273 752 322 614 226 625 239
844 305 1270 633 225 268 817 649 759 266 983 466 666 273 751 322 614 226 625 239
844 305 1271 633 225 268 818 650 759 265 984 465 666 272 751 322 614 226 625 238
844 306 1272 635 225 267 819 649 758 265 984 465 667 272 751 322 614 226 625 238
844 306 1272 637 225 267 819 648 759 265 984 465 667 272 752 322 614 226 625 238
845 307 1271 638 226 268 819 647 759 265 985 465 667 272 752 322 614 226 625 238
845 307 1271 638 227 268 819 647 759 265 985 465 667 273 751 321 614 226 625 238
845 308 1271 638 227 268 818 647 759 265 984 465 666 273 751 321 614 226 624 238
844 309 1271 639 227 268 818 647 759 265 984 465 666 273 751 321 614 226 624 238
845 310 1271 640 228 268 817 648 759 265 984 466 666 273 751 321 614 226 624 238
845 310 1271 640 227 268 817 647 759 264 984 466 666 273 751 321 614 226 624 238
845 310 1270 641 228 267 816 647 759 264 984 466 666 273 751 321 614 226 624 238
845 308 1270 639 228 267 815 646 759 265 983 466 665 273 751 321 3 189 122 559 614 226 625 238
845 307 1269 637 228 266 814 646 758 265 983 465 5 155 136 539 665 273 752 321 614 226 625 238
845 306 1270 635 228 266 813 645 758 266 982 465 8 147 154 539 665 273 751 321 614 226 625 238
845 305 1270 635 228 267 814 646 758 267 982 465 7 142 165 535 665 273 751 321 614 226 625 238
845 304 1270 636 227 267 814 646 758 267 982 465 27 158 184 519 665 273 751 321 614 226 625 238
845 304 1271 637 227 267 814 645 758 267 982 465 25 156 195 514 665 272 751 322 614 226 625 238
845 304 1271 637 227 267 814 645 758 267 982 465 665 272 751 322 19 160 207 508 614 226 625 238
844 304 1271 637 228 267 814 644 758 267 982 465 666 272 750 322 614 226 625 238
843 304 1271 637 226 266 815 644 758 267 982 465 666 272 751 322 614 226 625 238
843 304 1271 637 757 267 982 465 225 264 816 644 666 272 751 322 614 226 625 238
843 304 1271 636 757 267 982 465 224 263 816 644 666 272 751 322 614 226 625 238
844 304 1272 636 758 267 982 464 228 262 814 644 666 272 750 323 614 226 625 238
844 304 1271 636 758 267 982 464 232 264 814 643 665 272 751 323 614 226 625 238
844 305 1272 637 759 267 983 464 239 265 815 642 666 272 751 323 614 226 625 238
845 305 1271 637 758 267 984 464 241 265 816 641 666 273 751 322 0 115 298 539 614 226 625 238
845 306 1271 637 757 266 984 464 243 266 815 641 0 117 299 537 667 273 750 322 614 226 625 238
844 306 1272 636 757 265 983 465 239 266 816 644 1 121 300 536 667 273 751 322 614 226 625 238
844 306 1272 636 757 265 983 466 234 266 816 646 3 125 300 532 667 272 751 323 614 226 625 238
842 306 1273 636 758 264 982 466 228 265 817 649 4 129 300 526 666 272 751 323 614 226 625 238
842 305 1273 636 758 265 982 465 223 265 817 651 5 134 302 522 666 272 751 323 614 226 624 238
842 305 1273 636 758 266 982 465 221 265 818 651 6 141 306 515 666 273 750 323 614 226 625 238
842 305 1273 637 757 266 982 464 220 266 819 649 11 147 307 508 667 273 750 323 614 226 625 238
842 305 1274 637 757 267 982 464 220 266 819 647 17 152 312 499 667 273 750 322 614 226 625 238
842 305 1274 638 757 266 982 464 219 266 819 648 23 155 319 493 667 273 750 322 614 226 625 238
843 305 1273 637 757 265 982 465 219 267 819 649 29 160 327 487 667 273 750 322 614 226 625 238
843 305 1272 637 757 265 982 466 216 268 820 650 36 163 334 482 666 273 750 321 614 226 625 238
842 306 1272 638 758 264 982 466 215 268 821 651 56 171 352 472 665 274 750 321 614 226 625 238
841 306 1271 638 64 172 354 469 758 265 982 467 214 268 822 651 665 274 750 321 614 226 625 238
842 306 1271 637 758 265 982 467 73 174 361 466 215 269 821 652 665 273 750 322 614 226 625 238
842 306 1271 636 758 264 982 467 214 269 822 654 81 177 370 463 664 273 750 322 614 225 625 238
842 306 1271 636 758 264 983 467 216 269 821 655 89 180 377 461 664 273 751 322 615 225 625 238
842 306 1272 636 758 264 983 467 217 269 820 656 90 173 386 426 663 273 751 322 614 225 625 238
843 306 1271 637 221 269 818 655 758 264 983 467 102 179 392 419 663 273 750 322 614 225 625 238
843 306 1271 637 224 268 816 654 758 264 983 467 116 183 399 415 663 274 751 321 614 225 625 238
843 306 1271 637 227 268 814 654 759 264 983 468 151 192 371 449 663 274 750 321 614 225 624 238
843 307 1272 637 226 268 814 654 759 264 983 468 156 195 374 445 663 274 750 321 614 225 624 238
842 307 1272 637 227 268 814 655 759 264 983 467 163 196 378 442 664 274 750 321 614 225 625 238
843 308 1273 637 229 268 815 656 760 265 983 467 171 198 382 438 665 274 750 321 614 225 625 238
843 308 1272 637 231 267 815 657 760 265 983 466 179 198 385 436 666 273 750 321 614 225 625 238
844 307 1272 637 231 267 815 656 760 265 983 466 185 201 385 433 667 273 749 321 614 225 625 238
844 307 1272 636 230 268 815 654 759 265 983 466 191 202 384 432 667 273 749 321 614 225 625 238
843 308 1272 635 229 268 814 652 759 265 983 465 196 208 402 430 614 225 624 238 667 274 749 321
843 309 1272 635 227 267 814 651 759 266 983 465 202 202 402 404 614 225 624 238 667 274 749 321
843 309 1273 634 226 266 814 650 759 266 983 464 206 203 403 401 667 274 749 321 614 225 624 238
843 309 1274 634 226 265 815 649 758 266 983 464 213 203 405 398 667 274 749 320 614 225 624 238
843 309 1273 634 226 264 816 649 758 266 983 464 219 203 406 391 614 225 624 238 667 274 748 320
843 309 1273 634 226 264 816 650 758 266 983 464 225 206 409 389 614 225 624 238
843 309 1273 635 225 264 817 651 759 266 982 465 613 225 624 238 231 209 410 383
843 309 1273 635 226 264 816 651 759 266 982 464 614 225 625 238 667 274 749 321 238 212 414 385
842 310 1272 635 228 265 815 652 759 267 982 464 667 274 749 322 614 225 625 238
841 310 1272 635 230 265 813 652 759 266 982 464 667 273 750 322 614 225 625 238
840 309 1271 635 229 265 813 652 759 266 983 464 667 273 749 322 614 225 625 238
840 308 1271 635 228 265 813 651 763 258 981 450 668 273 749 321 614 226 625 238
840 306 1271 636 228 264 814 652 763 258 982 450 668 273 749 321 614 226 625 238
840 306 1271 636 226 264 815 651 763 258 982 450 668 273 750 321 614 226 625 238
840 306 1270 636 225 264 815 651 763 258 982 450 668 273 750 322 614 226 625 239
840 307 1270 637 226 264 815 651 760 266 982 464 668 273 750 322 614 226 625 239
841 307 1270 638 227 263 816 650 760 266 982 464 668 273 750 322 614 226 625 239
840 308 1270 638 228 262 816 651 759 266 982 464 668 273 750 321 614 226 625 239
