

18 357 544 686 752 380 853 465 1038 366 1195 469 1160 387 1279 567 1036 369 1073 472
20 360 526 689 503 342 756 534 747 380 848 466 1032 365 1191 471 1033 372 1069 473 1158 342 1279 539
23 360 504 690 475 339 746 541 1026 366 1187 472 1156 332 1279 544 742 379 844 465 1027 373 1066 472
21 357 488 690 466 337 746 538 730 379 830 467 1021 365 1182 473 1155 321 1279 550 1022 373 1062 471
19 355 478 688 460 335 746 538 724 379 825 466 1018 367 1179 474 1154 317 1279 551
14 353 477 688 1014 368 1174 475 440 340 722 550 1140 294 1279 578 719 380 820 466
7 349 471 691 706 380 806 470 1010 368 1172 477 433 336 718 551 1136 294 1279 579 1002 374 1041 477
3 345 459 693 700 380 803 469 426 335 712 554 993 372 1159 473 1132 293 1279 579
1 342 442 693 422 332 705 557 693 381 799 468 986 372 1160 473 1128 292 1279 579 985 376 1023 477
0 341 430 692 417 332 696 562 980 373 1158 474 1124 290 1279 580 681 383 783 470 980 378 1019 479
0 341 423 691 401 331 684 562 674 382 778 471 978 373 1154 476 1120 287 1279 583 973 379 1014 480
0 343 415 690 381 331 672 561 972 372 1146 479 1114 285 1279 590 667 381 773 471 969 377 1013 480
0 340 379 691 365 333 661 560 965 371 1141 482 653 381 755 474 1109 283 1279 597 951 376 997 483
7 340 367 690 358 335 658 559 1104 283 1279 602 955 371 1137 485 646 381 749 473 943 375 992 485
10 342 358 689 355 335 656 561 1100 283 1279 603 951 372 1138 488 633 383 733 474
13 352 346 687 1097 284 1279 602 923 378 1117 485 624 383 729 474 317 340 632 573 926 380 974 495
17 355 336 690 1095 281 1279 606 923 380 1113 486 920 380 968 498 304 339 626 574 603 393 712 481
19 356 323 695 920 380 1112 489 1092 278 1279 611 600 390 707 483 284 338 618 578 906 382 954 498
22 347 312 700 1071 281 1279 607 918 379 1108 492 903 384 950 500 593 390 704 483 272 337 609 581
21 346 299 699 912 381 1101 493 1068 277 1279 609 896 385 944 502 252 336 603 586 578 393 684 482
0 345 265 700 904 382 1094 493 1065 274 1279 612 153 337 577 589 573 391 677 484 893 385 941 503
894 382 1092 495 0 347 250 695 164 342 569 592 1061 271 1279 615 879 387 927 502 555 394 660 484
889 382 1092 497 3 347 238 694 146 344 566 600 1059 270 1279 616 552 392 656 485 875 387 922 503
877 384 1071 498 129 342 559 610 1055 269 1279 618 4 312 220 685 545 391 652 484 871 386 918 503
875 383 1065 499 119 338 551 613 1053 267 1279 620 855 387 901 501 528 392 637 483
870 381 1056 501 118 337 544 612 521 391 633 484 850 387 896 503 1051 263 1279 623
862 380 1052 502 121 335 544 608 1050 261 1279 623 516 394 631 484 846 384 892 505
852 382 1048 505 498 396 614 483 1047 258 1279 625 116 343 543 603 2 372 156 688 846 384 891 504
847 384 1046 506 490 395 610 484 1047 290 1278 660 831 387 874 499
843 383 1045 507 484 394 607 484 825 388 869 500 1045 292 1277 658
841 383 1045 507 473 397 594 483 1044 293 1276 658 820 387 867 502
468 397 588 484 839 385 1045 507 1044 291 1274 662 809 391 852 498
821 387 1027 505 1042 291 1274 665 461 398 584 485 803 391 848 498
447 399 565 487 817 388 1026 506 1042 291 1274 667 796 391 844 500
443 399 560 490 813 387 1026 507 1039 289 1274 670 792 391 843 501
806 387 1024 509 438 400 558 491 1038 285 1275 675 780 394 829 500
804 385 1019 514 1036 281 1277 679 774 392 825 503 424 402 544 492 739 370 854 418
415 402 542 493 797 383 1015 520 1036 278 1278 682 768 392 821 506
792 382 1010 522 410 400 539 493 1037 278 1278 684 766 391 820 509 718 370 835 419
790 382 1004 520 393 402 521 495 1039 276 1277 685 755 394 806 505 716 369 833 419
1043 274 1276 687 789 382 999 518 388 400 516 496 751 394 802 504
1046 272 1276 688 748 393 798 503 789 382 996 516 366 404 507 497
1049 272 1276 691 746 392 796 504 774 383 981 517 364 403 505 496
1051 270 1276 694 772 382 982 520 360 403 500 495 744 391 793 505
1055 272 1277 694 769 382 983 522 357 401 498 494 744 391 791 506
767 380 983 525 1056 276 1279 694 353 399 494 492 734 392 780 502
768 389 982 537 340 396 497 495 732 391 779 500 1059 289 1279 685
763 375 980 530 729 389 776 499 344 396 475 491 1063 297 1279 680
762 374 978 530 726 386 774 500 344 394 471 490 1067 306 1279 671
761 373 979 530 723 386 771 501 343 392 467 489
760 371 980 531 722 384 769 503 343 391 465 490 613 359 636 390
757 370 980 532 721 383 767 505 341 391 462 489 613 358 634 389
755 369 980 533 721 381 766 508 341 393 458 489
754 367 982 535 720 380 764 509
754 365 985 537 713 382 758 506
751 363 988 537 711 382 757 505
749 364 991 536 709 382 756 502
745 364 993 535 708 381 755 500
744 362 994 535 706 380 753 497
743 361 996 536 705 379 752 497
744 359 1000 538 703 370 752 491
743 358 1005 540 702 370 751 491
743 356 1008 541 701 369 752 492
701 367 752 491 744 355 1009 543
702 365 754 491 739 356 1020 551
746 361 1039 553 704 364 755 491
745 358 1042 553 705 365 756 492
748 359 1045 555 706 365 758 495
750 362 1051 558 706 364 761 497
754 366 1056 562 707 363 763 498
753 366 1063 561 715 363 769 499
756 361 1077 564 717 362 770 498 131 377 410 518
758 357 1094 566 718 362 772 496 130 379 406 519
759 354 1107 571 721 363 774 492 128 381 402 520 543 347 565 363
761 354 1114 574 722 363 775 489 129 379 399 521
764 358 1124 576 724 363 777 488 132 379 395 522
766 359 1133 578 726 363 779 489 138 377 391 523
768 359 1147 578 730 362 781 491 139 377 389 523
770 356 1157 580 733 362 782 491 140 377 386 523
772 357 1168 585 136 378 384 522 736 362 781 490
741 360 791 497 788 353 1210 599 135 378 380 523
741 360 792 495 790 356 1224 603 133 378 376 525
741 360 794 493 135 378 372 527 793 354 1242 602
741 361 797 491 134 382 372 543 804 353 1257 607
742 359 800 493 811 343 1270 615 116 384 357 545
743 357 803 493 817 338 1275 617 115 382 355 549
815 328 1279 617 744 357 805 492
742 349 813 505 824 326 1276 617 113 379 356 556
745 347 816 506 835 320 1271 623 111 380 354 560
747 344 819 509 849 321 1265 616 110 382 352 561
756 345 828 511 854 323 1266 607 106 386 348 563 639 345 722 409
756 346 831 512 107 388 346 565 859 327 1268 597 442 353 467 370
757 349 834 512 101 389 343 568 863 332 1268 600 442 353 467 370
759 352 837 510 441 353 466 370
763 353 839 508 61 383 347 591 439 353 465 370
33 382 330 600 769 351 843 506 438 353 464 370 538 347 564 366
30 382 329 602 775 348 848 504 537 345 565 366
27 386 328 603 780 341 854 507 537 345 565 365
