

561 478 805 653 320 451 408 617 519 497 553 538 464 461 505 534 468 498 498 540 110 465 156 493
560 478 805 653 320 451 408 618 519 497 553 538 463 461 504 534 468 499 498 540 110 465 156 493
560 478 806 652 320 451 408 618 519 497 553 538 463 461 504 534 468 499 498 540 110 465 156 493
560 478 806 652 320 450 407 618 519 497 553 538 463 461 504 534 468 498 498 540 111 465 156 493
560 478 806 652 320 450 408 619 519 497 553 538 468 498 498 539 463 461 504 534 111 465 156 493
560 478 806 653 320 450 407 619 519 497 553 538 468 498 498 540 462 461 504 533 111 465 156 493
560 478 806 653 320 450 408 620 519 497 553 538 468 498 498 539 111 465 156 493 462 461 504 533
560 478 806 653 320 450 408 620 519 498 553 538 468 499 498 539 111 465 156 493 462 461 504 533
560 478 806 653 320 450 408 620 519 498 553 538 468 499 498 539 110 465 157 493 462 461 504 533
560 478 806 653 320 450 408 619 519 497 553 538 468 499 498 539 110 465 157 494 462 461 504 533
560 478 806 653 320 451 408 619 520 497 553 538 468 498 498 539 110 464 157 494 462 461 504 533
560 478 806 653 320 451 407 617 520 497 553 538 468 498 498 539 111 465 156 494 462 461 505 533
560 478 806 653 320 451 407 616 520 496 553 538 468 497 498 539 111 465 156 493 462 461 505 533
560 478 806 653 320 451 407 615 520 496 553 539 468 497 498 539 111 465 155 493 463 462 505 533
560 478 806 653 320 451 407 616 520 496 553 539 468 497 498 539 111 465 156 493 462 462 505 533
560 478 806 653 320 451 407 617 520 496 553 539 469 498 498 539 111 465 156 493 463 462 505 533
560 478 805 653 320 451 408 617 520 496 553 538 469 498 498 539 112 465 156 493 463 462 505 533
560 478 805 653 320 450 408 618 520 497 553 538 469 498 498 539 112 465 156 493 463 462 505 533 392 482 419 503
560 478 805 654 320 450 408 619 520 496 553 538 469 498 498 539 112 465 155 493 462 463 505 533 392 483 419 503
560 478 806 654 320 450 408 619 520 496 553 538 469 498 498 539 112 465 155 493 462 462 505 533 392 483 419 503
560 478 806 654 320 451 408 619 520 496 553 539 469 498 498 539 112 465 155 493 462 462 505 533
559 478 806 654 320 451 408 618 520 496 553 539 469 498 498 539 111 465 155 493 462 461 505 533 512 464 554 535
560 478 806 654 320 451 408 618 520 497 553 539 469 498 498 539 111 465 155 493 462 461 505 533 512 463 554 536 390 482 419 503
560 478 806 654 320 450 408 618 521 497 553 539 469 498 498 539 111 465 155 493 462 460 505 533 512 463 554 536
560 479 806 654 321 450 407 618 521 497 553 539 469 497 498 539 111 465 155 493 462 460 505 533 512 464 554 536
560 479 806 654 321 450 407 618 521 497 553 539 468 498 498 539 111 465 155 493 462 461 505 533
560 479 806 654 321 450 407 619 520 497 553 539 468 498 498 539 111 465 155 493 462 461 505 533
560 479 806 654 321 450 407 619 520 497 553 539 468 498 498 539 111 465 156 493 462 461 505 533 388 483 416 504
560 478 806 654 321 450 407 618 520 497 553 539 469 498 498 538 111 465 156 493 462 461 505 532 389 483 415 503
560 478 805 654 321 450 407 618 520 497 553 539 469 497 498 538 111 465 156 493 462 460 505 532 390 483 415 503
560 478 805 655 321 450 407 617 520 497 553 539 469 497 498 538 110 465 156 493 462 460 505 533 390 483 415 503
560 478 805 655 321 450 406 616 520 496 552 539 468 496 498 538 110 465 156 493 462 460 505 532
560 478 805 655 321 450 406 615 520 496 552 539 468 496 498 539 110 465 156 493 462 460 505 532
560 479 805 654 320 450 406 614 520 496 552 539 468 495 499 539 110 465 156 493 462 460 505 532
560 479 805 654 320 451 406 613 520 496 552 539 468 496 499 539 110 465 156 493 462 460 505 532 583 440 591 450
561 479 804 654 320 451 406 613 520 495 552 539 468 496 499 539 110 465 156 493 462 460 505 532
561 479 804 654 320 451 406 613 520 495 552 539 468 495 499 540 463 460 505 532 110 465 156 493
561 478 805 654 320 451 407 613 468 495 499 540 520 495 552 539 463 460 505 532 111 465 157 493
561 478 805 654 320 451 407 613 468 494 499 540 520 495 552 539 463 460 504 533 111 465 156 493
560 478 805 654 320 451 407 614 469 495 499 540 520 495 552 539 464 460 504 533 110 465 157 493
560 479 805 654 320 451 407 614 468 495 499 540 520 495 553 539 464 460 504 533 110 465 157 493 583 440 591 450
560 479 805 653 321 451 408 614 468 496 499 540 520 495 553 539 464 460 505 533 110 465 157 494 583 440 591 450
560 479 806 653 321 451 408 615 468 495 499 540 520 495 553 539 110 465 157 494 464 460 505 532 583 440 591 450
560 479 805 653 321 451 408 616 468 495 499 540 520 495 553 539 110 465 157 494 464 461 504 532
560 479 806 653 321 451 408 615 468 495 499 540 520 495 553 538 110 465 157 494 464 460 504 532
560 479 805 653 322 451 409 615 468 496 499 539 520 494 553 538 465 459 504 533 110 465 158 494
560 479 805 653 322 451 408 615 468 496 499 539 465 459 504 533 520 494 553 538 110 465 158 494
560 479 805 654 322 451 408 614 469 497 499 539 465 458 504 533 520 494 553 538 110 465 158 494
560 479 805 654 322 451 409 613 469 497 499 539 465 458 504 533 520 494 553 539 110 465 157 493
560 479 805 654 322 452 408 613 465 458 505 534 469 498 500 539 520 495 553 539 110 465 158 493
560 479 805 654 322 452 409 614 464 459 505 534 469 498 500 539 520 495 553 539 109 465 158 493 392 483 417 501 583 441 591 451
561 478 805 654 322 452 409 614 464 459 506 533 469 498 500 539 519 495 553 539 109 465 158 493 392 483 417 501 583 441 591 451
561 478 805 654 322 452 409 615 469 498 500 540 464 459 506 533 519 495 553 539 110 465 159 494 583 441 591 451
561 478 804 654 322 452 409 615 469 498 500 539 464 459 506 533 519 495 553 539 110 465 159 494 583 441 591 451
561 478 805 654 322 451 408 614 469 498 500 539 465 459 505 533 519 494 553 539 110 465 160 494 583 441 591 451
561 478 805 654 321 451 408 614 469 499 500 539 465 459 505 533 519 494 553 539 110 465 160 494 583 441 591 451
561 478 805 654 321 451 407 614 470 499 499 539 466 460 505 534 519 494 553 539 110 465 160 494 583 441 591 451
560 478 806 654 321 451 407 614 470 499 500 539 466 460 505 534 519 495 553 539 110 465 160 494
560 479 806 654 321 451 407 614 470 500 499 539 466 461 505 534 519 495 553 538 110 465 160 494
559 480 807 653 321 452 408 615 466 461 505 534 519 495 553 538 470 500 499 539 110 465 160 494
559 480 807 653 321 452 408 616 466 461 505 535 520 496 552 537 110 465 160 494 470 501 498 539
560 480 806 652 321 452 408 616 466 461 505 535 520 496 552 537 110 465 160 494 471 501 498 539
560 480 806 651 321 452 407 616 465 461 505 536 520 496 553 537 109 465 160 494 471 500 498 539
560 480 806 651 321 452 407 615 465 462 505 535 519 496 553 537 109 465 160 494 471 499 498 539
560 480 806 651 320 452 407 614 465 462 505 535 519 495 553 537 470 499 499 539 109 465 159 494
560 481 806 651 320 452 407 613 470 498 499 540 519 496 553 537 465 462 505 535 109 465 159 494
560 481 806 651 320 453 406 612 470 498 499 540 520 496 553 537 465 462 505 535 109 465 159 494 392 484 416 502
560 481 806 652 320 453 406 612 519 496 554 537 470 498 499 540 465 462 505 534 110 465 159 494 392 484 416 502
560 481 806 652 320 453 406 612 519 496 554 537 470 498 499 540 110 465 159 495 465 462 505 534 392 484 416 502
560 481 806 652 320 453 406 611 519 496 553 537 470 498 499 540 109 465 160 495 465 462 505 534 271 479 292 506 392 484 415 502
560 480 805 652 319 453 406 610 470 499 498 540 518 497 553 537 109 465 159 494 465 462 504 534 269 480 291 507 393 484 415 502
560 480 805 652 320 453 406 610 469 499 498 540 518 497 553 538 109 464 159 494 465 463 504 533 266 480 289 507 393 484 415 502
560 480 806 653 320 453 406 611 469 498 499 540 519 496 553 538 109 464 159 494 464 463 504 534 393 484 415 503
560 480 806 653 320 453 406 611 469 498 499 540 519 496 553 538 108 464 159 494 464 462 504 534 394 484 415 503
560 480 806 653 320 453 406 611 470 498 499 539 520 496 553 538 109 464 158 494 464 462 504 534 394 485 414 502
560 480 806 653 320 453 405 611 469 497 499 539 520 496 553 538 109 464 157 494 463 462 504 533 246 481 273 508 395 485 414 502
560 480 806 654 321 453 406 611 469 496 499 540 108 464 157 494 520 497 553 538 463 463 504 533 244 480 270 508 395 484 413 502
560 480 806 653 321 453 405 611 469 496 499 540 241 479 268 509 108 464 156 494 519 497 553 538 463 463 504 533
560 481 806 653 321 453 405 612 469 496 499 540 108 464 157 494 238 479 267 509 519 497 553 538 462 463 504 533 395 484 413 501 508 468 555 534
560 481 806 653 321 452 405 611 469 497 499 539 108 464 157 495 518 497 553 538 236 479 266 508 462 463 505 533 395 484 413 501 192 471 212 504 508 468 556 534
559 482 806 653 321 452 405 611 469 497 499 539 108 464 158 495 518 497 553 538 462 463 504 533 508 467 556 534
559 482 806 653 321 452 405 611 108 464 158 495 469 497 498 539 222 479 253 509 518 497 553 538 508 466 556 534 462 464 504 533
559 482 806 653 320 453 405 610 108 464 157 495 469 498 498 539 219 479 252 509 517 497 553 538 462 463 504 533 508 466 557 534
560 481 806 653 320 453 405 610 469 498 498 539 518 496 553 538 108 465 156 495 217 479 251 508 463 463 504 533 509 467 558 534
560 481 805 653 320 453 405 610 469 498 498 539 518 497 552 538 108 464 155 494 463 462 504 534 218 477 251 506
560 481 805 654 320 452 406 611 469 498 497 538 519 497 551 537 198 479 224 509 463 462 503 534 109 464 154 494
560 481 805 654 320 452 406 611 470 499 497 538 519 498 551 537 195 478 221 510 463 462 503 534 109 464 153 494
560 481 805 654 320 452 406 612 470 499 497 538 520 497 551 537 463 462 503 534 190 477 221 510 110 464 153 494
560 481 805 653 320 452 406 612 520 497 551 537 470 499 498 538 463 462 503 534
560 481 805 652 320 453 406 611 520 497 551 537 470 499 498 537 464 462 503 534
560 481 806 652 320 453 406 611 519 497 551 537 470 499 498 537 174 479 200 510 464 462 504 534
560 481 806 652 320 453 405 611 519 497 551 537 470 499 498 537 169 478 197 510 464 463 504 534 199 477 230 503 392 484 415 502
560 481 805 652 320 453 405 611 519 497 551 537 470 499 498 537 464 463 503 534 198 476 228 502 166 475 195 510 391 484 415 502
560 481 806 651 320 453 405 611 470 500 498 537 519 497 551 537 196 476 226 502 464 463 503 534 149 475 179 510 391 483 415 502
560 481 805 651 320 453 404 611 470 500 498 538 520 497 551 537 194 475 223 502 463 463 503 534 145 473 177 511 392 483 415 501
560 480 805 651 320 453 404 609 470 500 498 538 519 497 551 537 193 474 221 503 272 480 297 507 464 462 503 534 392 483 416 501
560 480 805 652 320 453 404 608 470 500 498 538 519 497 551 537 269 479 294 507 192 474 219 503 464 462 503 534 393 483 416 501
560 480 805 651 320 453 405 607 266 478 292 508 519 497 551 537 470 501 498 538 190 473 217 503 119 471 152 512 464 462 502 534
