

364 371 453 420 759 361 801 442 763 403 797 449 510 382 550 409 438 378 480 413
356 372 454 423 761 403 793 445 507 384 547 412 758 364 799 440 632 360 641 372
347 371 461 424 759 401 788 441 676 387 714 409 506 384 545 412 631 360 640 373
337 370 433 424 630 358 639 371 757 400 785 438 486 384 530 412 507 383 543 411
328 370 431 424 629 358 638 372 485 384 530 412 786 374 843 409 435 379 480 415
627 359 636 374 484 385 529 414 325 372 427 425 434 380 478 417 785 374 845 411 410 381 453 418
312 375 410 428 483 387 528 417 405 382 455 424 625 361 635 377 435 383 475 419 785 378 848 415 461 388 499 417
303 375 407 431 482 389 528 420 623 362 634 379 403 383 454 425 436 385 475 421 460 390 504 420 779 378 852 423
294 373 408 431 481 388 526 420 621 362 633 379 778 379 853 425 457 390 508 421 437 386 474 422 403 383 455 425
278 372 389 433 777 378 855 424 481 386 525 420 620 360 632 377 371 380 446 425 456 388 509 420 436 385 474 422
272 368 386 432 778 375 857 423 482 383 523 418 368 379 441 422 619 358 630 374 456 385 507 418 434 383 474 421
252 369 365 435 782 373 860 423 455 383 509 419 616 357 629 374 432 383 474 421 361 378 441 422 413 381 453 420
241 366 366 436 781 372 864 422 342 378 422 425 456 382 508 419 411 381 454 420 481 381 520 418 614 355 627 373 432 383 476 420
217 364 349 436 784 370 868 423 334 377 419 425 454 380 508 418 407 381 453 421
784 368 871 422 212 360 345 433 318 371 408 424 455 378 506 414 404 378 454 418
186 359 330 434 801 366 883 424 311 372 404 424 455 376 505 414 406 378 454 417
801 367 887 425 303 375 404 428 164 362 308 438 455 379 500 418
801 367 891 428 283 376 384 433 139 363 313 448 413 381 494 425
803 368 894 431 134 364 285 445 274 378 383 433 410 382 490 427
804 367 899 431 252 381 366 440 87 371 274 456 409 381 488 428
72 371 265 456 822 368 911 434 245 382 364 441 393 383 479 428 782 375 823 423 318 387 403 435
821 365 917 433 227 383 340 444 40 370 237 463 390 384 480 430 316 387 398 435
821 363 921 433 29 368 228 463 311 387 394 435 222 384 336 443 387 384 476 430
823 363 927 435 200 384 317 448 15 364 218 465 384 388 472 432 294 387 380 438 791 369 847 424
824 365 933 439 286 389 378 441 793 372 849 427 0 364 178 470 650 398 700 426 386 389 467 434 174 385 297 451
841 365 943 445 0 364 162 474 167 386 293 455 794 375 852 431 649 397 702 427 387 391 464 438 277 391 377 445 341 391 422 440
840 365 950 446 148 388 275 459 0 366 146 478 262 393 356 449 648 396 704 429 785 372 859 434 401 394 461 439 340 393 419 442
840 365 960 447 648 396 703 430 794 374 852 434 249 394 360 450 0 365 126 477 397 394 457 441 120 388 255 461 336 394 423 444
837 364 970 448 112 387 251 465 231 393 339 454 648 395 703 432 318 394 400 445 368 391 450 444 794 373 853 435 0 358 84 484 594 367 608 378 757 396 791 427
853 371 983 452 90 389 233 467 648 397 702 433 221 395 339 458 368 392 448 446 312 396 400 448 0 359 77 485 804 366 884 441 594 368 607 379 756 398 791 429
852 371 990 454 648 400 702 436 206 396 318 460 367 394 445 448 306 398 399 452 84 396 226 474 803 365 886 444 0 362 59 484 594 369 606 380 755 400 791 432
856 371 995 458 44 393 218 479 195 405 319 467 648 404 700 439 363 398 441 451 292 400 380 456 806 376 886 446 757 403 793 436 594 372 605 382
29 392 206 479 867 372 1011 465 807 376 889 448 285 400 380 458 175 403 296 470 339 398 431 453 759 403 794 437 592 372 604 383
868 365 1020 464 807 375 892 449 341 396 426 451 164 397 294 464 277 397 382 456 2 390 180 477 760 403 797 437 590 371 604 382
871 362 1031 463 0 385 170 473 142 391 277 462 339 389 422 446 645 400 699 436 262 394 362 452 804 366 895 443 759 399 797 433 102 379 168 410
875 351 1045 459 0 377 153 473 334 385 418 442 254 390 359 448 827 362 915 442 644 396 700 434 137 388 274 458 799 371 850 433
878 350 1061 458 0 375 134 472 116 384 251 457 827 359 919 439 246 385 359 448 331 381 414 440 800 367 851 430 699 312 711 322
896 348 1084 463 0 370 122 473 229 384 343 449 312 379 408 442 107 385 249 457 842 355 947 443 699 310 712 321 530 401 576 428 771 384 815 425 805 362 892 433
896 347 1096 464 90 384 234 460 225 384 343 449 307 380 406 443 0 366 111 473 844 356 947 448 527 402 576 431 699 311 713 322 806 364 889 434 773 386 816 426
903 347 1120 480 848 358 948 451 219 383 342 449 78 383 235 458 304 379 404 443 0 372 86 466 817 368 873 437 773 390 819 432 495 403 576 439
55 377 216 457 203 381 324 447 848 360 951 451 303 379 402 442 777 390 824 432 490 403 575 439 911 347 1133 483 822 370 877 438 0 372 66 466 710 309 734 321 595 352 606 362
932 342 1173 490 865 358 976 454 30 380 217 458 196 379 326 446 302 372 401 439 485 401 574 437 782 391 828 431 712 308 733 320 597 351 608 361 0 374 57 468 827 370 881 437
939 341 1192 494 19 377 207 459 866 357 983 455 189 379 325 447 301 371 399 439 480 402 572 437 0 376 38 471 716 308 733 320 600 350 610 361 830 364 911 441 786 392 828 431
184 380 322 450 10 376 203 460 300 372 397 439 882 358 1006 453 719 308 734 320 966 343 1229 501 841 366 903 443 793 392 845 433 476 401 571 437 602 351 612 362 0 368 29 477
971 342 1249 505 0 374 181 462 170 379 308 453 281 376 396 445 889 354 1029 458 794 394 851 434 847 366 908 445 722 308 736 320 455 404 552 440 603 351 614 362
163 379 307 452 0 372 177 462 897 353 1039 459 983 344 1263 506 280 377 393 445 799 394 855 434 854 361 936 448 440 401 531 437
158 377 305 450 902 351 1047 459 281 369 391 440 0 369 169 461 991 338 1279 527 857 362 936 448 801 393 858 434 432 399 528 436
1009 343 1278 518 277 366 388 440 920 346 1068 464 0 357 158 453 139 373 293 449 863 362 940 448 423 397 525 434 807 392 857 433
1027 341 1277 524 924 345 1082 464 273 364 385 441 130 373 293 448 0 356 149 453 875 360 963 450 812 387 873 435 409 397 508 429
926 345 1100 463 1048 338 1276 530 269 363 385 443 878 360 966 450 122 374 289 449 0 355 131 452 811 387 880 437 403 395 503 430 617 346 631 356 743 301 758 313
1062 334 1279 534 930 344 1111 464 254 363 379 446 883 360 970 450 103 371 279 452 0 354 124 451 814 387 884 436 382 395 488 429 618 345 632 356 745 300 760 312
250 363 376 445 1075 332 1276 533 97 373 278 450 954 339 1136 471 894 359 991 452 818 387 889 437 0 349 121 451 619 345 632 355 375 385 479 426 23 346 139 397
953 342 1154 484 898 359 996 453 1093 332 1279 538 247 362 372 443 87 373 276 450 0 355 87 453 826 388 888 437 11 341 122 398 620 344 633 355
959 340 1169 487 1101 332 1279 536 902 358 1001 454 80 361 264 449 242 360 367 442 0 355 81 452 10 338 118 399 830 390 897 437 361 381 452 427 621 344 633 355
964 341 1175 488 74 360 257 451 1110 337 1279 535 910 358 1019 455 234 360 376 442 830 389 897 438 8 337 113 399 0 354 63 452 622 344 633 354 361 380 446 428 749 297 764 307
915 360 1021 463 977 341 1202 494 1141 337 1276 538 61 367 260 457 831 389 898 441 226 363 387 441 621 343 633 354 5 336 107 403 0 348 63 453 766 404 782 428
679 383 759 445 977 342 1214 496 917 361 1027 465 1151 344 1277 537 831 390 898 442 32 356 229 454 221 365 392 439 619 343 631 354 764 404 781 429
20 362 228 462 981 343 1222 498 675 384 759 445 919 361 1032 467 830 391 899 443 1166 369 1277 558 206 362 360 442 617 342 630 353 0 336 84 411 312 377 398 430 748 294 762 306
987 341 1232 502 10 363 220 462 673 384 759 446 920 362 1035 467 829 392 900 444 1193 372 1279 559 203 362 359 443 0 337 79 410 614 342 629 353 315 376 392 427 747 294 761 305
995 342 1237 507 667 387 751 447 829 393 899 445 8 363 209 464 928 353 1065 474 194 362 329 446 1209 368 1277 568 612 342 629 353 745 293 761 305
664 387 751 448 1001 342 1244 511 928 353 1067 474 830 394 899 446 0 361 179 464 188 361 323 448 601 343 616 355
928 354 1072 475 661 387 750 449 995 336 1279 523 829 395 899 447 0 359 170 466 166 361 307 451 600 343 615 356
930 354 1076 475 660 387 749 451 1000 333 1279 525 827 395 900 448 159 360 304 452 0 360 163 466 599 343 613 356 290 382 329 414
931 353 1084 478 658 386 747 452 1014 332 1279 527 825 395 900 449 130 358 301 453 0 360 155 467 598 344 611 356
930 352 1095 482 656 385 745 453 1028 332 1278 529 824 396 901 449 119 364 293 459 596 344 610 355 2 359 141 468 644 408 661 424 736 289 762 303
928 351 1109 487 653 386 744 454 1041 333 1277 530 824 398 901 449 95 364 275 460 594 343 608 354 0 359 122 467 642 409 659 425 733 288 760 302
928 351 1120 489 1048 331 1278 533 824 399 901 450 90 362 268 461 1 341 109 466 592 343 607 354 746 413 766 440 642 410 658 426 733 288 760 302
647 385 743 458 943 349 1136 494 1061 305 1277 558 823 399 902 451 82 357 259 455 2 360 108 469 589 343 605 354 731 287 760 300
944 346 1144 495 644 384 742 458 1067 303 1279 559 822 398 903 450 71 358 251 454 0 369 88 465 731 285 760 299 587 342 604 352
947 344 1157 496 642 383 741 459 1091 303 1279 565 822 398 904 450 38 356 233 455 730 284 759 298 0 369 64 467 578 341 592 353
951 346 1170 497 1093 304 1279 567 641 384 742 461 822 399 904 452 31 363 228 463 731 284 758 299 0 367 61 470 578 341 592 354 725 286 742 299
956 348 1181 501 1101 309 1279 570 822 401 904 456 640 386 742 464 20 362 220 465 577 345 591 357 723 287 743 300
1116 312 1279 574 821 400 906 459 959 348 1188 505 12 362 211 467 636 391 736 463 575 347 591 359 723 287 743 300
821 400 907 460 634 390 736 465 972 345 1212 514 1133 312 1279 580 5 361 204 469 574 346 590 358 722 285 744 299
973 341 1221 515 821 399 910 459 633 389 737 466 1 361 184 469 1146 307 1279 582 573 343 590 356 721 283 744 298
975 339 1234 516 823 399 913 459 630 388 737 466 0 359 174 471 1159 367 1279 577 571 342 589 355 721 282 744 297
629 388 737 467 824 397 916 459 978 338 1249 517 0 358 164 472 570 341 588 354 1199 361 1279 588
628 389 735 467 825 396 917 461 0 358 156 475 986 340 1267 531 1208 369 1279 583 569 341 585 354
627 389 736 467 826 395 919 460 0 358 150 475 995 339 1279 531 568 340 585 353 1227 356 1279 595
827 395 922 457 625 387 737 467 1006 338 1279 534 0 356 139 474 567 337 583 350
829 395 924 453 624 385 739 467 1018 336 1279 535 3 356 127 471 566 334 584 347 718 267 742 283
622 382 740 468 831 394 926 452 1029 331 1279 540 0 345 115 457 746 406 767 440 719 264 741 280 566 331 583 345
620 379 740 467 832 392 927 450 1035 327 1279 540 0 342 108 457 746 404 767 439 719 262 741 277
616 376 741 468 833 391 929 448 1058 299 1273 552 746 403 768 438 0 341 89 467 719 258 741 275 567 326 584 338
613 374 744 468 1067 297 1274 552 839 389 939 448 747 402 768 438 719 256 742 273
1075 294 1274 555 609 373 746 469 838 387 941 447 747 402 768 437
839 385 943 447 610 365 745 474 1095 292 1277 555
609 364 745 475 841 384 945 446 1106 291 1276 556 720 246 738 264 562 320 581 332 553 321 568 334
608 362 746 476 843 382 949 446 1118 290 1277 556 719 243 736 259 552 318 568 332 562 317 581 329 137 366 188 391
605 362 746 478 846 381 953 446 1134 287 1279 567 42 377 82 400 719 240 737 256 551 317 569 331 561 315 580 328 350 426 371 476
604 362 747 480 847 381 957 447 1152 320 1275 551 719 239 737 256 551 317 568 331 38 378 78 400 342 428 364 479
602 361 746 484 849 380 960 448 1165 333 1276 552 719 237 738 254 549 316 568 330
600 360 748 487 851 379 961 449 1198 342 1279 554 547 316 569 329 719 236 738 253 16 374 61 402
597 359 748 492 856 375 973 452 1212 363 1276 572 13 372 62 403 545 315 570 328 277 444 299 494 720 235 739 251
596 359 751 494 857 374 977 453 11 373 58 403 1228 357 1276 584 752 398 779 437 271 441 292 500 545 315 569 327
593 358 752 496 861 375 982 452 10 373 54 405 754 397 781 438 545 315 569 327
590 358 756 498 864 375 987 453 9 374 50 406 755 397 782 439 546 315 568 327
867 375 991 453 585 357 759 501 756 395 784 439 547 314 567 327 8 374 47 407 3 367 27 408
