

572 272 642 325 918 281 995 422 759 285 802 353 301 281 362 319 1054 253 1274 449 923 353 1005 451 547 282 566 299 816 298 842 337
572 272 642 326 924 279 1004 427 760 285 804 354 479 280 493 304 300 280 359 319 929 353 1009 453 1072 252 1273 450 546 281 566 299
573 273 643 326 931 278 1011 428 477 280 491 304 761 285 807 355 301 280 356 318 931 368 1018 460 1080 253 1272 450 545 280 567 299
575 273 644 326 475 280 490 304 762 284 808 358 939 293 1017 447 1098 250 1279 453 306 279 351 317 543 280 569 299
575 272 644 326 953 269 1032 440 474 281 488 305 766 281 812 358 1118 270 1279 464 541 280 572 300 946 363 1039 472 275 279 350 322 686 280 711 296
578 273 640 325 959 269 1040 439 471 282 486 306 767 280 812 359 273 279 346 324 950 363 1048 479 538 280 573 301 834 301 862 344 686 280 712 297
579 274 641 325 966 270 1051 437 769 278 814 359 469 283 485 308 270 280 342 325 535 279 574 302 960 355 1054 484 1160 274 1266 473 686 280 713 297
580 275 642 326 771 279 817 358 974 271 1060 436 268 281 339 325 466 283 483 308 532 279 573 303 972 366 1068 484 687 280 713 297
580 276 643 327 977 286 1071 461 772 279 819 358 266 282 335 326 531 279 573 303 464 283 481 309 687 281 714 297
774 280 821 357 580 276 643 327 263 281 333 326 991 272 1089 470 531 280 573 303 456 285 472 308 902 288 950 359 688 281 715 297
775 281 823 356 998 274 1097 469 577 275 646 328 453 286 470 310 253 282 329 328 531 280 571 303 776 318 818 366 905 287 952 359 202 266 221 319 689 281 716 297
777 281 825 356 1009 276 1111 465 580 273 644 326 450 285 467 311 251 282 325 327 991 362 1126 495 778 319 821 366 531 280 570 303 919 289 968 364 198 264 217 320 516 281 549 303
779 281 828 356 580 272 644 325 445 284 464 311 246 280 320 327 1020 274 1122 466 511 279 555 303 922 288 972 364 780 318 823 367 1000 364 1139 502 532 280 567 303 196 263 216 319
441 283 461 311 781 280 829 357 581 270 645 324 241 279 316 326 506 276 558 303 1039 273 1148 473 1026 366 1165 512 928 289 977 364 182 260 202 320
1048 273 1156 472 783 279 829 359 581 269 645 324 503 273 559 304 438 282 460 312 237 278 315 327 1034 368 1177 519 178 259 199 322 942 289 995 369 687 274 722 292
583 271 651 325 500 272 555 305 785 277 830 361 1061 278 1167 474 223 278 307 331 173 265 195 321 427 282 446 308 945 291 999 368 1043 367 1190 520 830 299 858 339
582 270 651 324 497 271 554 306 786 274 830 363 423 282 444 311 220 279 305 332 833 299 861 341 1094 275 1196 485 1068 366 1236 529 366 273 398 292
1100 273 1212 485 419 282 440 313 581 269 651 323 494 272 552 307 215 277 301 331 1081 374 1252 559 788 275 844 363 836 299 866 342 364 274 396 292
581 268 652 323 415 283 436 314 211 278 296 330 790 274 842 364 1111 274 1223 487 493 273 551 307 839 299 869 343 363 274 395 292 1089 373 1260 563
581 268 652 323 793 274 843 363 483 273 539 308 1118 295 1269 569 209 276 293 329 364 275 393 291
796 274 845 363 581 268 652 323 478 272 539 309 191 277 281 334 398 282 420 313 1128 289 1276 577 364 275 391 291 799 321 840 373
798 274 847 362 393 282 416 316 581 269 652 322 183 275 278 334 474 271 536 309 1143 285 1279 586 802 321 842 374 707 273 740 293 394 303 415 324
800 275 848 362 582 270 652 322 180 276 274 334 388 281 412 317 471 271 532 310 1152 285 1279 587 804 322 845 375 707 273 740 292
584 272 653 325 803 273 852 365 163 275 264 339
586 274 655 327 151 285 262 344 806 273 856 369 368 282 391 316
587 275 658 329 450 265 521 322 810 266 869 373 135 288 243 348 346 280 373 316 351 299 377 336 710 279 740 296
130 287 240 349 588 275 660 330 812 267 870 372 445 267 515 323 345 300 374 338 344 280 371 320 709 279 741 297
589 273 661 330 815 268 872 372 125 286 235 350 439 267 510 322 344 281 368 315 342 301 365 336 649 123 684 142 708 278 742 296 521 283 544 298
590 272 662 330 109 286 220 352 819 270 875 371 835 310 953 376 649 120 685 139 320 304 347 340
102 286 217 353 426 266 501 325 591 270 664 329 828 309 964 382 823 270 878 370 343 281 366 303 649 117 686 136 311 300 343 344 517 283 544 299 707 277 742 297
421 267 501 326 96 287 213 354 591 270 666 330 829 310 969 385 340 281 366 303 826 269 881 372 649 115 687 134 516 282 544 300 298 302 327 345 707 277 742 297
413 268 496 328 83 287 193 357 593 270 668 331 650 114 689 132 549 281 570 306 340 283 365 303 707 277 742 298 516 281 542 300 835 313 966 385 834 265 896 382 294 303 320 341
75 288 190 359 595 271 669 332 405 269 492 331 548 281 569 309 651 112 691 129 835 267 897 383 708 278 743 298 325 284 351 305 517 282 540 301 894 312 1000 378
393 271 480 337 58 289 178 364 598 272 670 333 838 270 899 383 547 281 567 311 652 109 693 126 324 284 352 305 708 280 743 300 893 312 1006 384 841 332 896 401
49 290 181 367 841 271 902 384 545 282 566 312 234 281 281 363 324 285 351 306 653 107 695 125 471 283 494 303 889 313 1012 388 708 281 742 301 519 284 538 301 491 284 513 302 844 333 899 404
380 271 472 341 44 289 173 368 600 272 672 333 544 282 565 312 846 272 907 384 323 285 350 306 470 282 493 301 876 300 1040 401 708 280 742 302 492 283 514 301
600 272 674 334 24 289 156 370 322 285 348 306 542 282 564 311 361 278 459 349 708 280 742 301 469 282 493 299 656 100 696 119 845 276 920 401 493 282 517 300 937 306 1051 391 182 307 235 378
354 265 457 348 12 288 154 371 604 275 679 333 657 96 698 116 861 277 923 405 319 283 347 306 940 304 1058 397 708 279 743 301 494 282 517 299 468 281 492 297 180 305 228 381 759 280 794 297
340 270 455 355 605 274 678 332 9 287 146 371 861 275 936 403 658 93 701 113 868 335 929 415 316 281 347 305 940 296 1082 406 538 283 559 312 709 279 743 300 466 281 492 297 156 302 209 384
324 267 445 359 2 287 128 374 607 275 680 332 868 276 944 404 660 89 704 109 536 283 558 313 709 279 746 300 466 282 491 297 314 281 343 307 875 334 931 415 942 295 1093 408
311 266 444 362 610 275 683 332 877 278 953 406 662 86 706 106 535 282 558 313 466 282 493 298 710 279 747 302 3 286 119 373 971 312 1125 419 890 347 949 428
290 268 439 367 611 276 687 333 886 280 962 410 985 314 1136 419 467 281 495 300 896 345 957 433 710 280 750 304 669 81 714 104 122 274 145 323 252 275 269 321
275 270 433 369 612 276 690 334 893 280 967 412 993 316 1148 422 21 277 112 410 711 281 750 305 467 281 497 301 121 273 143 328 910 345 970 438 667 79 718 103 759 282 793 303 251 276 267 320
250 267 415 378 614 278 693 334 906 281 982 420 520 281 548 314 711 281 750 306 916 348 978 442 1023 317 1177 433 671 73 720 97 467 282 496 302 690 285 712 303 759 283 791 304
229 264 408 388 914 277 992 426 617 278 695 334 520 280 546 315 672 70 724 94 711 282 747 306 467 282 495 302 691 285 714 304 936 352 995 445 1038 320 1186 439 760 283 790 304 100 275 122 330 808 285 836 307
207 261 403 396 924 274 1005 431 620 277 698 334 519 280 545 315 674 65 729 89 0 283 68 380 940 355 1005 449 712 283 744 306 98 272 119 333 468 281 494 301 809 285 839 307 734 283 764 305 693 285 715 305 74 282 93 328 760 284 789 304
172 260 382 401 932 274 1014 432 518 279 544 314 0 279 61 381 675 60 734 85 628 278 704 332 712 283 742 305 810 285 840 307 735 283 764 305 96 271 116 330 762 283 791 303 468 280 494 301 74 280 94 329 947 358 1009 448
631 278 707 332 517 279 543 313 953 302 1038 450 0 276 41 380 733 282 765 305 810 285 842 305 713 282 741 303 155 259 373 404 763 283 792 303 679 56 733 81 467 279 495 300 75 278 94 325 56 280 75 326 98 276 116 321
635 279 711 331 957 277 1044 429 516 278 542 312 70 252 378 436 732 281 765 304 811 285 843 304 713 282 740 302 764 283 792 302 693 45 744 70 976 365 1062 464 466 278 496 299 52 281 72 326 783 284 812 302
968 276 1060 430 638 280 716 330 514 278 543 312 22 255 329 452 691 39 750 68 730 280 766 305 811 286 844 303 714 282 740 301 763 283 792 302 982 362 1068 471
6 252 304 474 641 281 719 330 512 278 542 313 692 35 753 63 976 275 1070 430 730 281 765 305 297 281 325 305 1000 363 1086 474 812 286 845 303 714 283 740 302 780 283 812 302 764 283 792 302 465 278 498 300
643 279 722 331 1001 292 1101 457 0 252 265 496 292 281 324 305 510 279 542 312 730 281 767 306 695 30 755 59 610 280 651 300 780 283 812 303 812 286 845 304 465 278 498 300 824 283 859 306 715 284 740 303 762 283 792 303
1010 287 1117 461 646 277 723 331 730 282 768 307 2 234 227 547 289 280 323 305 611 280 652 300 824 283 863 307 780 284 813 304 465 279 496 301
655 278 729 331 1 233 161 558 731 282 771 308 288 280 322 305 826 285 866 308 1041 284 1142 468 611 281 651 301 781 284 815 305 700 14 760 47
657 279 733 332 1050 281 1154 472 732 282 772 308 828 286 867 309 288 281 321 305 496 282 522 313 780 285 817 306 700 8 784 43 2 217 137 569 611 282 651 300 1038 368 1176 505
660 279 739 333 733 282 774 309 829 287 872 310 495 283 521 314 288 283 321 307 781 285 819 306 1063 284 1167 474 630 282 663 299 703 4 789 38 612 282 649 300
664 279 744 333 829 287 875 310 735 283 776 310 493 283 519 315 782 285 820 307 631 282 665 299 288 285 320 308 1096 286 1199 483 612 282 647 299 1073 378 1254 565
668 279 747 332 1104 287 1216 487 831 287 878 310 491 283 517 315 736 284 776 310 632 281 666 299 1073 374 1268 573 784 286 821 306 611 282 647 300
671 279 749 333 832 288 879 311 489 282 515 316 1106 377 1279 576 631 281 666 299 271 284 304 310 738 285 775 310 785 286 821 306 148 273 170 334 1111 291 1228 492 610 281 649 300 51 285 71 341
833 288 880 310 1148 290 1258 496 676 281 757 330 267 284 303 310 487 282 514 314 752 283 790 309 786 287 821 306 629 281 666 299 740 286 773 311 610 281 652 300 1122 382 1279 574
678 281 760 332 834 288 878 310 263 283 302 309 755 283 790 309 785 286 819 306 630 281 667 299 610 282 650 299 126 275 147 332
682 281 764 332 835 288 875 308 758 282 791 308 260 282 299 308 470 278 499 313 785 285 818 306 631 281 668 299 665 285 690 300 22 282 43 344
684 280 768 331 759 282 791 308 847 287 889 310 259 280 295 307 467 277 499 312 632 280 668 299 785 285 818 306 666 284 693 300 810 287 837 305
687 280 770 330 846 287 892 311 759 281 792 308 463 277 496 312 631 280 667 298 666 284 694 300 784 285 820 306 260 279 293 306 807 286 837 305 485 279 523 305
844 288 895 312 690 280 774 329 760 281 793 308 247 278 282 308 631 280 667 298 783 285 821 307 666 284 695 300 805 286 837 306 836 288 872 308 679 282 710 301 610 281 646 298
844 288 897 312 243 277 282 308 699 280 784 327 632 280 667 298 680 283 712 301 783 285 822 307 760 281 792 307 610 280 645 298 666 284 693 300 804 286 837 306
701 280 784 329 847 289 897 311 240 277 280 308 681 282 715 301 783 285 820 306 633 280 667 298 609 279 644 298
703 284 785 343 847 291 899 312 682 282 718 301 235 278 278 310 783 286 819 307 634 281 667 298 444 279 473 313 608 280 645 299 476 280 531 306 882 290 912 309
707 285 789 346 847 292 898 315 684 283 719 302 235 280 275 311 782 287 819 309 606 281 649 301 440 280 471 314 476 282 531 308 634 283 667 300 883 292 915 312 807 290 837 308
711 287 794 348 846 295 897 318 684 286 720 305 604 283 652 303 437 282 468 316 240 282 273 313 479 284 529 309 783 289 818 311 220 282 256 312 884 295 917 315 635 285 666 302 806 292 837 311
712 288 798 349 216 283 256 313 846 296 896 319 684 288 719 307 600 284 656 305 273 284 293 303 247 284 272 313 885 296 918 317 481 285 528 310 783 290 818 312 805 294 837 313 633 287 667 304 664 290 690 305
715 288 801 349 211 283 254 315 845 296 896 319 601 284 655 306 683 288 720 308 273 283 293 302 249 283 270 312 885 296 920 317 458 285 499 311 483 285 524 310
724 288 807 347 844 295 895 318 210 283 250 315 271 281 293 300 683 287 720 308 602 284 654 305 884 296 920 317 458 284 501 309
726 289 806 345 845 294 893 317 267 279 291 298 682 285 720 306 604 283 650 303 213 282 247 315 884 294 921 316 438 282 471 309 461 283 499 307 663 287 692 303 321 282 339 294 712 287 736 306
727 286 808 344 846 292 891 315 191 282 234 313 605 281 649 301 680 283 719 304 884 293 922 314 435 281 473 309 663 284 695 301 265 279 289 297 712 285 737 304 804 289 835 309 461 282 499 306
844 287 891 312 728 284 811 343 190 281 228 313 884 289 923 311 605 279 648 299 431 279 474 308 680 280 719 301 661 281 698 299
730 275 814 333 842 284 892 309 883 286 924 309 246 271 273 292
729 273 815 333 241 270 271 292 171 278 205 313 881 284 925 308 831 283 881 307 657 272 704 294 600 272 643 294 423 211 436 236
729 274 816 333 170 277 202 316 239 271 270 292 832 285 878 308 365 270 393 314 880 285 924 308 656 272 703 295 580 271 630 292 418 211 432 236 172 158 200 178
729 275 817 333 831 287 876 310 171 279 197 316 880 286 923 309 245 273 269 291 578 272 629 292 655 276 698 298
734 282 820 345 830 289 873 312 880 289 920 310 149 279 175 317 345 274 369 316 655 278 697 299 222 278 252 297 580 278 627 298
735 284 823 347 216 279 250 299 827 291 872 315 146 279 174 319 879 292 918 313 653 281 696 302 580 281 626 301 339 277 363 317 387 280 430 309 716 278 766 309 139 161 177 181 637 283 673 301
731 288 826 347 213 281 246 302 826 294 870 317 651 284 696 305 878 295 917 315 384 282 429 309 578 285 626 304 325 282 345 316 125 279 149 321 124 300 150 336 636 285 676 304 553 283 605 304 708 284 758 313
730 294 828 351 215 286 244 306 118 297 150 337 648 289 701 310 320 283 342 318 549 287 609 308 576 290 626 309 827 301 870 326 201 285 229 306 275 286 291 299 384 286 426 310 706 288 761 317
732 297 828 354 196 289 230 312 826 303 868 330 549 291 610 312 273 290 290 304 632 294 680 313 878 306 912 325 221 291 244 310 578 294 623 313 707 299 756 329
191 293 228 316 734 300 828 358 294 296 322 341 826 306 865 332 702 298 760 333 550 295 608 316 880 309 911 327 629 297 680 317 862 309 891 328 273 294 288 308
187 295 226 318 733 299 829 358 827 307 864 333 699 297 760 335 551 296 607 317 862 310 892 329 290 300 315 340 882 310 910 328 628 299 679 317
829 307 863 332 745 304 834 357 696 297 759 335 190 295 222 317 551 296 604 318 882 310 912 328 862 310 891 329 82 297 136 337 532 295 579 317 626 298 677 317 175 296 206 317
746 303 835 358 830 307 863 332 170 293 207 317 692 297 758 335 882 309 913 327 526 293 584 315 861 309 890 328 624 297 676 317 418 272 541 334 924 317 961 346
747 302 835 357 165 290 205 314 832 306 864 329 55 295 117 334 523 291 588 313 881 307 914 326 684 290 762 335 607 295 657 314 922 314 965 347 859 307 889 326 335 291 383 315 412 270 538 331 382 290 424 311
748 299 836 354 162 287 200 311 523 288 586 309 242 301 270 336 243 282 271 323 684 286 762 327 608 291 655 311 921 309 966 346 331 288 380 314 833 303 863 327 52 294 108 332 880 304 915 324 628 292 673 311 857 304 890 324
750 294 838 350 526 284 582 306 683 283 758 325 606 286 652 307 165 285 196 306 920 305 968 344 149 286 180 306 38 286 92 325 657 290 688 311 323 204 339 234 881 298 915 316 855 297 891 316
752 291 841 347 146 283 180 304 30 282 89 327 680 279 757 323 882 295 914 316 920 302 970 342 605 283 651 304 529 282 576 303 855 295 890 316 835 294 864 315 507 281 552 303 313 281 357 305
755 288 841 348 141 281 177 304 669 276 748 321 919 301 971 342 307 279 356 304 603 281 650 304 882 295 911 315 856 295 889 315 837 293 863 313 529 280 572 301 503 279 555 302 357 280 399 299 564 282 597 300
757 288 842 348 666 277 748 322 11 284 69 326 919 302 973 343 198 283 222 320 140 281 171 303 503 279 559 302 199 301 222 330 836 292 863 313 601 281 651 304 857 295 890 315 880 295 909 315 304 279 352 303 296 188 317 228 530 281 570 301 584 282 626 302 563 283 596 300
759 289 842 349 663 278 745 324 9 284 60 327 196 285 220 314 919 303 974 344 856 295 891 317 123 283 156 304 505 282 557 304 836 293 864 314 603 283 649 305 143 284 168 303 487 280 526 302 583 282 628 303 340 281 379 300 560 284 595 301
760 291 843 350 119 283 153 306 659 281 740 325 917 302 976 351 196 287 219 309 505 283 553 305 582 284 629 305 855 296 892 318 286 282 331 303 482 281 527 303 336 281 374 300 10 283 50 325 835 294 867 317 148 285 169 306 604 284 650 306 559 285 593 303
759 294 845 351 916 306 978 353 656 284 740 327 117 284 147 307 0 279 34 328 583 286 629 307 197 286 218 305 477 282 531 306 505 285 548 306 281 282 326 302 560 287 593 304 606 287 650 307 334 283 368 301 539 286 573 305
