

678 386 933 538 416 339 619 537 871 348 1274 648 465 68 601 101 935 398 955 445 386 384 428 407
677 386 933 538 416 339 619 537 870 348 1274 648 465 68 601 101 935 398 955 445 387 384 428 407
676 386 933 538 416 338 619 537 870 348 1274 648 465 68 601 101 935 398 955 445 387 384 428 407
675 386 933 538 416 338 619 537 870 348 1274 647 465 68 601 101 935 398 955 445 387 384 428 407 369 388 397 407
675 387 933 537 416 338 619 537 870 348 1274 647 465 68 601 101 935 398 955 444 387 384 428 407 369 388 397 407
675 387 933 536 416 338 619 537 870 349 1274 647 465 68 601 101 935 398 955 444 387 384 428 407 369 388 396 407
674 388 932 536 416 338 619 537 870 349 1274 646 465 68 601 101 387 384 428 407 934 398 955 444 369 388 396 407
673 387 931 536 416 338 618 537 870 349 1274 646 465 68 600 101 387 384 428 407 934 398 954 444 369 388 396 407
672 388 930 536 416 338 618 537 870 349 1274 646 465 68 600 101 387 384 428 407 369 388 397 407 934 398 954 444
672 388 930 536 416 337 618 537 870 349 1274 645 465 68 601 101 388 384 428 407 369 387 397 407 934 398 954 444
670 388 929 535 416 338 618 537 870 350 1274 645 465 68 601 101 387 384 428 407 369 387 397 407 934 398 954 443
671 390 927 534 416 338 618 538 870 350 1274 645 465 68 601 101 387 383 428 407 934 398 954 443 369 387 397 407
671 391 925 533 416 338 618 538 870 350 1274 644 465 68 601 101 387 383 429 407 934 398 954 443 885 405 905 434
671 391 924 533 416 338 618 538 870 351 1273 643 465 68 601 101 387 384 428 407 933 397 954 443 884 405 906 435
670 391 923 533 416 338 618 537 870 351 1273 643 465 68 601 101 388 384 428 407 933 397 953 443 885 404 907 435
671 391 922 533 417 338 618 537 870 352 1273 643 465 68 601 101 388 384 428 407 932 397 953 443
653 387 913 534 417 338 617 537 869 352 1274 642 465 68 601 101 932 396 953 443 388 384 428 407
652 386 913 534 417 338 617 537 868 353 1274 640 465 68 601 101 932 396 952 443 389 384 428 407
652 386 913 535 417 338 617 538 867 353 1274 640 465 69 601 101 932 396 952 443 388 384 428 407
652 386 911 535 417 338 617 538 866 353 1274 640 465 69 601 101 931 396 952 443 388 384 428 407 887 402 908 437
652 386 910 535 417 338 617 538 865 352 1275 640 465 69 601 101 931 396 952 443 389 384 428 407 887 402 908 438
655 384 900 523 417 338 616 538 865 352 1275 640 465 69 601 101 930 396 952 443 887 402 907 438 389 384 427 407
653 385 898 522 417 338 616 538 865 352 1275 640 465 69 601 101 929 397 952 443 888 403 907 439 389 385 427 407 986 385 1026 464
653 385 894 520 417 338 616 537 866 353 1274 640 464 69 602 101 888 404 907 439 984 386 1024 464 929 397 952 444 389 385 427 407
652 385 890 519 417 338 616 537 868 353 1273 640 464 69 602 102 888 406 907 440 928 398 951 445 389 386 427 408 980 387 1021 463
650 385 887 518 418 338 615 537 870 353 1272 641 464 69 602 102 887 407 907 440 388 386 426 408 928 399 951 444
649 385 885 517 418 337 615 537 871 353 1271 641 464 69 602 102 887 407 907 441 389 387 426 408
648 385 881 517 418 337 615 537 464 68 602 102 871 352 1271 642 887 407 907 441 388 387 426 408 970 378 1011 460
648 384 876 516 418 336 615 537 464 68 602 102 873 352 1271 641 886 407 906 441 388 387 427 408
648 384 872 517 418 336 614 537 465 68 602 101 874 351 1271 643 387 386 428 408 886 407 906 441 952 386 1001 462
648 383 869 517 418 336 614 537 465 68 602 101 874 352 1271 642 387 386 428 408 886 407 906 441 947 391 998 463
646 384 865 516 418 336 613 536 466 67 601 101 873 353 1271 641 386 385 428 408 887 407 907 441
645 384 860 515 418 336 613 536 466 67 601 100 873 355 1271 638 385 385 429 408
644 385 855 514 419 335 612 536 467 66 600 100 871 356 1271 636 384 385 429 408 917 412 973 467
643 386 853 513 418 335 611 536 467 66 600 100 871 357 1271 635 914 412 969 467 384 385 429 408 863 402 883 447
642 387 851 511 419 334 610 536 467 66 600 100 872 357 1271 635 383 385 429 408 862 402 883 447 887 407 906 440
640 387 851 511 419 334 609 536 467 66 600 100 872 356 1271 636 383 384 429 408 887 407 907 441 861 402 883 446 912 402 937 441
638 387 850 510 419 334 608 535 467 65 601 99 873 357 1270 636 383 385 429 408 886 407 907 441 904 422 947 468 912 401 939 444 861 402 883 445 819 394 841 433
636 387 850 510 419 333 608 534 466 65 601 99 873 357 1270 636 384 385 428 407 819 394 841 435 885 406 906 442 911 400 941 445 899 409 951 469 861 402 884 445
638 387 848 509 420 333 607 533 466 65 600 98 873 358 1271 636 384 385 427 407 895 409 948 469 819 394 841 436 862 402 885 447 910 400 940 443 884 405 906 443
633 385 832 507 419 333 606 533 465 64 600 98 873 358 1271 635 862 402 886 450 385 385 427 407 818 395 840 438 910 399 940 443 884 403 907 445 893 409 947 468
634 384 830 506 420 333 605 533 465 63 600 97 872 358 1272 634 862 401 885 451 911 398 940 442 818 395 839 441 385 385 427 407 885 400 910 445 299 111 382 177
634 384 829 505 420 332 605 532 465 63 600 96 871 359 1273 632 860 401 884 451 817 395 839 444 912 398 941 442 385 385 427 407 885 399 911 444 299 111 382 177
634 384 828 504 420 332 604 532 465 62 600 96 870 360 1274 633 816 395 839 447 858 400 883 448 299 110 382 177 385 385 427 407 911 399 942 442
633 384 826 504 420 331 603 532 464 62 600 95 869 361 1276 633 815 397 839 447 298 110 381 177 386 386 426 407 911 400 942 443 858 400 885 445
632 385 822 504 420 332 603 532 464 62 600 95 867 362 1277 634 814 398 838 447 298 110 381 177 387 386 425 407 910 401 942 443
631 384 819 503 420 332 602 532 465 62 601 95 866 363 1277 633 812 399 838 447 297 110 381 176 388 387 424 407 910 402 941 443
629 385 814 503 421 333 601 532 865 362 1276 635 465 61 600 94 297 110 381 175 811 400 838 447 388 387 424 407 910 402 940 443 858 400 888 441 883 402 909 440
628 385 810 502 421 333 599 531 864 361 1276 635 466 61 600 94 297 110 382 174 810 401 837 447 388 387 424 407 909 402 938 443 884 403 908 441 858 400 887 442 905 420 939 459
626 385 805 501 421 333 597 530 861 360 1276 636 466 60 600 93 297 110 382 173 388 387 425 407 809 402 837 447 907 403 936 443 906 421 939 459 884 403 908 442 858 401 887 443
625 385 802 500 421 334 596 531 857 361 1275 633 465 59 601 92 297 109 382 173 387 387 425 408
624 386 797 498 420 334 596 531 464 58 602 91 851 363 1275 630 296 108 381 173 387 386 425 408
623 386 794 497 420 334 595 531 463 58 603 91 846 367 1275 624 295 108 381 174 386 386 425 407
621 387 790 495 420 334 594 530 463 58 603 90 843 371 1276 618 294 107 380 174 386 386 425 407 863 405 886 445 905 404 932 441
621 387 788 494 420 334 594 530 463 57 603 89 842 375 1276 612 294 107 379 174 386 387 425 407 863 405 885 444 904 403 932 442
620 387 785 492 421 335 593 530 464 56 604 89 838 377 1278 609 294 107 380 174 386 386 425 407 862 405 885 444 903 402 932 441 810 403 838 444 806 419 845 459
619 387 782 491 421 336 593 529 463 56 604 88 828 375 1279 670 862 405 884 444 386 386 425 407 294 106 380 174 810 403 838 445 903 402 932 441
423 337 593 528 618 387 779 490 463 55 605 88 823 374 1279 672 862 404 884 444 811 403 837 444 386 386 424 407 294 105 380 175
423 337 593 527 619 387 778 489 463 55 605 88 820 375 1279 671 863 406 883 444 812 404 836 442 788 405 811 442 387 386 425 407 904 402 932 441
618 387 776 488 423 337 592 526 463 54 605 87 814 373 1279 671 863 406 883 443 788 405 813 444 814 405 836 442 387 386 425 407
617 386 774 488 424 336 590 525 462 53 606 85 810 372 1279 672 787 404 814 445 862 407 883 443 387 385 425 407 293 99 382 171
617 386 772 487 424 336 589 523 461 53 606 84 808 372 1277 674 786 403 814 445 292 98 382 170 387 385 425 407
618 386 771 486 424 335 587 521 808 373 1272 674 461 52 607 83 786 403 812 444 290 98 382 169 864 407 882 441 812 405 835 444 387 385 426 407
618 386 770 485 424 336 585 519 804 373 1271 673 461 52 607 83 787 403 813 444 812 406 835 444 864 407 882 442 289 98 382 168 387 385 426 407
617 386 770 484 424 336 584 518 799 373 1268 669 461 52 607 82 812 407 834 443 864 407 882 441 287 97 382 167 387 385 426 408
608 385 763 486 425 337 582 516 793 373 1267 666 460 51 607 82 812 407 834 444 286 97 382 166 386 385 425 408
608 385 762 486 790 373 1263 662 425 338 582 516 459 51 607 82 285 96 383 166 387 385 425 408
784 374 1262 659 609 384 759 487 426 340 581 515 458 51 607 81 812 407 835 445 387 386 425 408 284 95 382 165 306 183 346 279
778 374 1260 657 608 384 757 488 426 341 580 513 458 51 607 80 386 388 424 409 282 94 382 164 306 182 345 279
770 374 1260 657 427 343 579 512 610 390 757 484 456 46 606 78 763 404 786 443 790 405 813 444 386 389 424 410 281 92 381 163
766 375 1261 657 609 391 754 484 427 344 577 512 457 44 605 79 764 404 786 443 790 406 813 443 280 91 381 162 386 389 425 410 371 392 400 409
762 375 1263 657 610 391 751 483 427 345 576 513 458 41 605 79 790 406 814 444 280 90 379 161 764 404 786 442 385 390 425 411 371 393 399 410
610 391 749 483 760 374 1262 656 427 345 575 512 458 39 606 79 790 406 815 443 279 89 378 160 764 404 786 442 386 390 424 411 372 393 398 410
609 392 747 483 757 372 1262 657 427 345 575 511 458 36 606 77 790 406 814 442 279 88 377 158 763 404 786 441 387 391 423 410 373 394 398 410
609 391 746 483 755 372 1262 658 427 345 574 510 458 35 608 75 764 405 785 440 790 406 811 441 278 87 377 156 386 390 423 410 372 394 398 410
427 346 573 509 750 371 1262 658 609 391 745 482 458 32 608 72 763 406 785 439 387 390 423 410 276 87 375 153 789 406 811 441
427 345 572 508 746 377 1269 623 609 391 744 481 457 29 609 68 762 406 784 438 788 406 811 441 275 86 374 150 387 389 422 409
739 378 1269 620 427 345 572 506 608 391 742 481 457 27 610 64 761 405 784 437 787 405 811 441 388 388 421 407 274 85 373 148
738 375 1267 620 427 341 572 505 608 390 741 480 456 25 610 62 387 387 421 406 788 403 810 438 273 84 373 148
740 376 1261 613 426 340 572 503 607 387 736 474 455 24 610 59 387 386 421 405 1178 394 1201 435
426 338 571 500 742 374 1254 610 606 387 734 473 457 18 606 56 388 384 421 405 269 73 360 144
425 338 569 498 743 374 1249 606 607 386 732 472 457 17 608 54 267 71 361 142 388 384 420 404
729 375 1219 605 425 338 567 497 457 16 610 51 608 386 729 472 265 69 361 140 782 394 809 432 388 384 420 405
732 374 1209 606 426 339 566 496 610 387 727 471 458 14 611 48 263 67 362 138 389 384 421 406
731 372 1204 606 426 339 565 495 611 388 724 472 458 11 611 45 390 385 422 407 263 65 362 135
727 372 1203 606 427 340 564 496 595 388 723 470 460 9 612 42 390 385 422 407 262 64 362 133
722 372 1208 606 427 339 563 496 596 388 722 470 462 6 611 40 388 384 422 407 759 399 789 429
717 372 1200 605 422 345 557 489 596 388 721 470 463 4 610 37 388 384 422 407 758 400 790 428 738 400 763 430 716 401 741 429
716 370 1187 603 422 345 556 489 597 388 720 470 463 3 610 36 388 384 423 407 758 400 790 428 738 400 764 430
716 368 1174 602 423 345 555 488 596 388 719 471 388 384 423 407 1150 390 1192 466 758 400 790 427 464 2 608 34
715 368 1167 602 595 387 718 471 423 345 554 488 388 384 423 408 1149 390 1191 467 756 399 789 428 495 0 609 27
715 367 1160 601 594 387 717 470 423 346 554 488 1148 391 1191 468 388 384 422 408 738 400 766 431 754 399 788 428 499 0 610 24
713 367 1155 599 594 387 715 470 423 347 553 488 1148 391 1191 469 388 384 422 408 738 400 768 431 753 399 787 428
713 366 1146 597 594 387 713 470 423 347 553 488 1147 390 1191 469 389 385 422 407 739 400 768 431 754 398 786 429
713 366 1141 596 594 387 712 471 422 347 553 488 1147 390 1192 470 389 385 421 407
712 366 1132 594 594 388 710 471 422 348 553 489 1147 390 1192 470 389 385 421 407 739 400 766 430
711 368 1130 590 595 388 709 471 422 349 552 489 1144 402 1196 478 387 386 421 408 739 400 764 430
709 370 1126 587 594 389 708 471 422 350 551 491 1145 402 1197 478 385 387 421 409
