

1129 447 1279 623 178 310 200 340 672 330 698 358
1129 448 1279 624 177 311 199 340 671 330 698 359
1129 450 1279 623 176 311 198 340 670 329 698 359
1129 452 1279 623 176 312 197 340 670 329 697 358
1129 453 1279 622 175 312 197 339 670 329 697 357
1129 453 1279 623 175 312 196 339 669 329 697 358
1128 452 1279 623 175 313 196 340 669 329 698 359
1128 451 1279 625 175 313 197 340 669 330 698 360
1128 451 1279 625 176 315 197 342 669 332 698 361
1129 452 1279 625 669 335 697 362 177 316 197 343
1129 452 1279 625 669 336 696 362
1129 452 1279 625 670 337 696 362
670 337 695 362
670 338 696 363
670 338 696 364 179 317 199 343
671 340 697 366 762 233 798 262 179 317 200 343
762 235 798 264 671 341 697 367 179 316 201 343
180 316 201 343 762 235 798 265
180 315 202 343
182 316 203 344
679 338 709 368
680 339 710 369
681 340 711 369
682 340 712 369
682 339 714 370
1157 443 1271 633 683 338 716 370
684 339 717 370 1157 442 1273 634
1157 440 1274 636 685 340 718 370
1157 438 1274 638 685 340 718 370
1156 438 1274 640 686 341 718 370
1157 439 1272 640 686 341 718 370
1158 442 1271 637 686 338 718 368
686 335 719 365 1158 445 1269 633 194 315 213 342
1158 448 1269 630 686 332 719 363 192 313 212 341
1158 448 1269 630 685 332 719 363 192 313 212 341
1159 447 1269 631 685 334 717 363 193 315 213 342
686 337 716 364 1160 445 1270 631
685 338 716 364 1159 445 1271 631
684 337 716 364 1158 444 1271 630
1157 443 1271 627 683 335 717 363
1156 442 1271 625 682 333 716 361 190 316 211 343
1156 442 1271 624 682 331 716 360 189 315 211 343
1156 442 1271 624 682 331 715 359 189 315 211 343
1157 443 1271 624 682 331 715 359 189 315 211 343
1158 443 1270 624 683 331 715 360 189 315 210 342
1158 443 1270 624 683 332 716 360 189 315 210 342 71 430 104 453
1158 443 1270 623 683 332 716 360 190 315 210 342 71 430 104 453
1157 445 1270 622 682 331 715 359 189 315 210 343 71 431 105 453
1157 446 1269 621 681 331 714 358 189 315 210 343 645 398 761 456
1156 446 1269 621 188 314 210 343 681 330 713 357 644 398 762 455
1156 444 1269 621 188 314 210 343 681 330 712 357 643 398 763 455
1156 443 1269 621 188 313 210 343 681 329 712 357 642 399 765 455
188 313 209 343 641 398 765 456 680 329 712 357
641 397 765 456 187 313 209 343 680 329 712 358
679 329 710 357 188 314 208 342 642 397 763 455
679 329 710 356
680 328 709 354
682 326 710 352 188 306 209 336
189 303 209 335
686 317 717 343 192 301 211 333
686 316 717 341 780 207 818 237
687 314 717 340 782 207 820 236 1212 379 1277 605
687 313 717 339 783 206 821 236
686 312 717 338 783 204 822 235
687 311 717 338 784 203 822 234
687 311 716 338 784 203 822 234
689 313 715 338 785 203 822 235
689 313 716 339
689 312 717 339 196 293 214 316
689 310 718 339 196 290 214 314
689 308 717 336 196 287 214 313
197 283 215 310 691 305 718 332
1135 362 1279 633 198 279 215 307 692 302 718 329
1134 362 1279 634 199 277 216 304
1132 361 1279 635 793 189 823 218
1131 360 1279 638 792 189 823 219
1125 375 1279 663
1124 380 1279 662 687 303 716 332 192 279 211 307
1123 383 1279 659 684 306 714 335
1121 387 1279 656 681 309 712 337
1119 389 1279 652 682 311 711 337
1116 427 1279 627 669 314 696 339
1115 365 1278 626 667 311 694 338
1113 363 1277 625 663 309 692 337
1110 363 1275 624 660 308 689 337
1108 366 1273 621 656 309 687 338 152 303 173 333
1107 368 1271 620 654 309 686 338 150 305 170 335
653 308 686 338 149 303 169 333
1101 394 1275 642 653 308 686 337 149 301 167 331
1100 430 1278 626 653 308 687 337 149 298 167 329
1101 435 1277 628 653 309 686 339 148 298 166 330
1101 440 1276 631 1145 381 1238 597 652 310 686 340
1100 440 1276 634 1142 381 1236 592 652 311 686 340
1087 389 1262 658 645 313 677 342
1084 389 1262 657 645 315 675 344
1080 389 1259 657
1076 392 1256 656
1063 437 1264 632 1114 383 1213 589
