

404 353 453 376 43 350 83 374 319 348 396 379 156 351 208 377 606 350 654 379
404 353 452 376 43 351 83 374 319 348 396 380 157 351 208 377 606 350 654 379
404 353 452 376 43 351 83 374 319 348 396 379 158 351 208 377 606 350 655 379
404 353 452 376 44 351 83 374 319 348 395 379 157 351 208 377 605 350 655 379
403 353 452 376 44 351 83 374 319 348 395 379 157 351 208 377 605 350 655 379
403 353 452 376 319 348 395 379 44 351 83 374 158 351 208 377 604 351 655 379
403 353 452 376 319 348 394 379 44 351 83 374 158 351 208 377 604 351 655 379
403 353 453 377 319 348 395 379 44 351 83 374 157 351 208 377 604 351 654 379
403 353 453 377 157 351 208 377 319 348 395 379 44 351 83 374 605 350 654 379
403 354 453 377 156 351 209 377 324 349 427 378 44 351 83 374 605 350 654 380
403 354 453 377 324 349 428 378 156 351 209 377 44 351 83 374 605 350 654 380
403 354 453 377 156 351 209 377 44 351 83 374 324 349 427 377 605 350 654 380
404 354 453 376 44 351 83 374 157 351 208 377 318 348 395 379 605 350 654 380
404 354 452 376 43 351 83 374 318 348 395 379 157 351 208 377 605 350 654 380
404 354 452 376 44 351 83 374 318 348 395 379 157 351 208 377 604 350 655 380
404 354 452 376 44 351 83 374 319 348 395 379 156 351 208 377 604 350 654 380
404 354 452 376 43 351 83 374 319 348 395 379 156 351 208 377 604 351 654 380
404 354 452 376 43 351 83 374 320 349 395 379 156 351 208 377 604 351 654 380
404 354 452 376 43 351 83 375 324 349 428 377 156 351 208 377 604 352 654 380
404 354 452 376 44 351 83 375 324 349 429 377 156 351 208 377 605 352 654 380
404 354 452 376 44 351 83 375 320 349 395 379 156 351 208 378 605 352 654 380
404 353 452 376 44 351 83 375 320 349 395 379 156 351 208 378 605 352 654 380
404 353 452 376 43 350 83 375 320 348 395 379 605 351 655 380 155 351 208 378
404 353 452 376 320 348 395 379 43 350 82 375 605 351 654 380 155 351 208 378
403 353 452 376 320 348 395 379 43 350 83 375 605 351 654 380 155 351 208 378
403 353 452 376 319 348 395 380 42 350 82 375 605 351 655 380 155 351 208 377
403 353 452 376 319 348 395 380 42 350 82 375 605 351 655 380 155 351 208 377
403 353 452 376 319 348 395 380 43 350 82 375 605 351 655 380 155 351 208 378
404 353 452 376 319 348 396 380 43 351 82 374 155 351 208 378 605 351 655 379
404 353 452 377 319 348 396 379 43 351 82 374 155 351 208 378 605 350 655 379
403 354 452 377 319 348 395 380 43 351 82 374 155 351 208 378 604 351 654 380
403 354 452 377 319 348 395 380 43 351 82 375 155 351 208 378 604 351 654 380
403 354 452 376 43 351 81 375 319 349 395 380 155 351 208 378 603 351 654 380
403 354 452 376 43 351 81 375 319 349 395 380 155 351 208 378 603 351 655 380
404 354 452 376 43 351 81 375 155 351 208 378 319 348 395 380 604 351 655 380
404 354 452 376 43 351 81 375 319 348 395 380 155 351 208 378 604 351 655 380
404 354 452 376 43 350 82 375 319 348 395 380 156 351 208 378 605 351 655 379
404 354 452 376 43 350 82 375 319 348 395 380 155 351 209 378 606 351 655 379
404 354 452 376 43 350 82 375 319 349 395 379 155 351 208 378 606 351 654 379
404 354 452 376 42 350 82 375 319 349 395 379 155 351 208 378 606 351 654 379
404 353 452 376 42 350 82 375 319 349 395 379 154 351 208 378 606 351 655 379
404 353 452 377 42 351 82 375 319 349 395 379 153 351 208 378 607 351 655 379
403 353 452 377 42 351 82 375 319 349 395 379 153 351 209 378 606 351 655 379
404 353 452 377 42 350 82 375 319 349 395 379 154 351 209 378 606 350 654 379
404 354 452 377 42 350 82 375 319 348 395 379 154 351 209 378 606 350 654 379
404 354 452 376 42 350 82 375 319 348 395 379 154 351 209 378 606 350 654 380
404 353 452 376 42 350 82 375 319 348 395 379 155 351 208 378 606 351 654 380
404 353 452 377 42 350 82 375 319 348 395 379 155 351 208 378 605 352 655 380
403 353 452 377 319 348 395 379 42 350 82 375 605 352 654 380 155 351 208 378
403 353 452 377 319 348 395 380 42 350 82 375 605 352 654 380 155 351 208 378
403 353 452 377 319 348 395 380 42 350 83 375 605 351 655 380 154 351 208 378
403 353 452 377 319 348 395 380 42 351 82 375 154 351 208 378 604 351 655 380
403 354 452 377 43 351 82 375 319 348 395 380 155 351 208 378 604 351 655 380
403 354 452 377 43 351 82 375 319 348 395 380 155 351 208 378 604 351 655 380
403 354 452 377 43 351 82 375 319 348 395 380 154 351 209 378 604 351 655 380
403 353 452 377 43 350 82 375 319 348 395 380 154 351 209 378 605 351 655 380
402 353 452 377 43 350 82 375 319 348 395 380 153 351 209 378 605 351 655 380
402 353 452 377 43 350 82 375 319 348 395 380 152 350 209 378 604 351 655 380
402 353 452 377 43 350 82 375 319 349 395 380 152 350 209 378 604 351 655 380
403 353 452 377 319 348 395 380 43 350 82 375 152 351 209 378 604 352 655 380
403 353 452 377 43 350 82 375 319 348 395 380 153 351 209 378 605 352 655 380
403 353 452 377 319 348 395 380 42 350 83 375 153 351 209 378 605 352 654 380
403 353 452 377 318 348 395 380 42 350 82 375 153 351 209 378 605 352 654 380
403 353 452 377 43 350 82 375 318 348 396 380 605 352 654 380 154 351 209 378
403 354 452 377 43 350 82 375 318 348 396 380 605 352 654 380 154 351 209 378
403 354 452 377 43 351 82 375 318 348 396 380 606 352 653 380 154 351 208 378
403 354 452 377 319 348 395 380 43 350 82 375 607 352 653 380 154 351 208 378
403 354 452 377 319 348 395 380 43 350 82 375 154 351 208 378 607 352 652 380
403 354 452 377 319 348 395 380 43 351 82 375 154 351 208 378 606 352 653 380
403 354 452 377 320 348 395 380 43 351 82 375 154 351 208 378 606 352 654 380
404 354 452 377 320 348 395 380 43 351 82 375 153 351 208 378 606 352 654 380
404 354 452 377 43 351 82 375 320 348 395 380 154 351 209 378 606 352 654 380
404 354 452 377 42 350 82 375 320 348 395 379 154 350 209 378 606 352 653 380
405 354 451 376 42 350 82 375 320 348 395 379 153 350 209 379 606 352 653 380
405 353 451 376 42 350 82 375 319 348 396 379 154 350 209 378 606 352 653 380
404 354 451 376 42 350 82 375 319 348 395 379 154 351 209 378 606 352 653 380
404 354 451 377 319 349 395 379 42 351 82 375 154 351 209 378 606 352 653 380
404 354 452 377 319 349 395 379 43 351 82 375 155 351 209 378 607 352 652 380
404 353 452 377 43 351 82 375 319 348 395 380 154 351 209 378 607 352 653 380
404 353 452 377 43 350 83 375 319 348 396 380 607 351 653 380 153 351 209 378
403 353 452 377 43 350 84 375 319 348 397 380 607 350 653 380 153 350 209 378
404 353 452 377 43 350 84 375 319 348 396 380 607 351 653 380 153 350 209 378
404 353 452 376 44 350 84 375 319 348 396 379 606 351 654 380 153 351 209 378
404 353 452 376 319 348 396 379 43 350 83 375 605 351 654 380 153 351 209 378
403 353 452 377 43 350 83 375 319 348 396 379 605 351 654 380 152 351 209 378
403 354 452 377 43 350 83 375 320 348 395 379 604 351 654 380 152 351 209 378
403 354 452 377 43 350 83 375 320 348 395 379 605 351 654 380 151 350 210 379
402 354 452 377 43 350 83 375 320 348 395 379 605 351 654 380 151 351 210 378
402 354 452 377 43 350 84 375 320 348 395 379 605 351 654 380 152 351 209 378
402 354 452 377 43 350 84 375 320 348 395 380 605 351 654 380 152 351 209 378
402 354 452 377 43 350 84 375 320 348 396 380 605 351 654 380 153 351 209 378
402 354 452 377 43 350 83 375 320 348 396 380 606 351 654 380 153 351 209 378
402 354 452 377 43 350 83 375 320 348 396 379 606 351 654 380 153 351 209 378
402 354 452 377 43 350 83 376 319 348 396 380 605 351 654 380 153 351 210 378
403 354 452 377 43 350 83 376 319 348 396 379 605 351 654 380 153 351 210 378
403 354 452 377 43 350 83 376 320 348 395 379 605 351 654 380 153 351 209 378
403 354 452 377 43 350 83 376 320 348 395 379 605 351 653 380 154 351 209 378
403 354 452 377 44 350 83 376 320 348 396 379 605 351 654 380 126 347 208 379
