

645 295 699 336 814 325 837 360 744 312 760 329 815 311 834 346 717 310 734 325
644 295 698 337 815 325 836 361 745 312 760 330 816 310 834 347 717 310 734 325 698 308 711 325
816 326 836 361 746 314 760 332 717 310 734 326 817 311 834 347
815 326 836 361 769 317 779 334 816 311 834 345
815 326 837 362 769 315 779 332 815 309 835 346
816 325 838 362 769 313 779 329 816 309 836 346
769 313 779 329 818 325 839 361
632 280 691 335 769 313 779 329 818 324 840 362 817 308 838 349
631 280 691 336 818 325 841 364 769 314 779 331 817 306 839 350
630 281 690 336 817 325 842 366 769 315 779 332
629 280 689 334 817 324 843 367 769 313 779 330
626 278 688 332 769 310 779 328 819 325 844 367
624 277 685 330 769 308 779 326 688 288 711 315
621 277 683 331 768 309 779 326 826 324 853 367 688 288 710 315
618 277 680 331 827 325 854 367 828 302 854 350
615 276 678 332 829 328 855 369 830 301 856 351 670 282 698 318
611 272 682 328 831 327 858 369 670 280 698 317 832 301 859 349 711 293 734 312
608 269 681 325 833 325 862 368 670 277 698 316 712 292 735 310 829 288 866 362
603 265 672 325 833 323 864 368 831 285 868 361 669 275 697 314 769 305 781 323 791 306 804 325 713 290 735 309
599 266 671 328 835 324 866 371 666 275 698 316 833 287 870 362 768 306 782 324 791 307 803 326 713 292 734 309
595 267 670 330 837 327 869 374 664 276 698 318 767 306 782 326 835 288 874 364 791 308 804 328 712 292 733 309
590 269 668 333 661 277 698 320 838 328 870 375 767 307 783 327 793 309 804 328 818 309 832 331 837 290 878 364 711 293 733 310
588 269 666 335 661 278 698 321 765 306 783 328 794 309 806 329 818 310 832 332 840 328 867 372 712 293 733 310 836 291 880 365
584 268 664 333 660 276 697 320 766 306 781 327 794 309 806 328 846 290 886 367 712 291 735 309
580 265 662 330 659 274 697 318 850 287 889 369 713 289 736 308
576 262 661 326 854 284 893 368 659 270 695 315 713 285 737 306
573 260 662 326 857 283 897 371 658 270 695 315 712 285 736 306 766 293 780 320
563 260 658 328 657 271 695 316 712 285 736 307 855 296 901 392
558 259 658 330 646 261 699 319 712 285 735 307 867 293 914 392 693 285 708 307
554 258 656 330 872 291 918 394 646 260 699 320 714 286 734 305 696 284 710 306
551 256 655 329 877 290 924 395 646 259 699 319 715 285 733 304
546 252 654 328 766 291 778 318 646 251 698 315 794 291 807 320
541 248 652 331 765 290 779 318 893 289 944 396 793 291 807 321 698 280 713 303
537 245 650 335 899 290 952 400 765 290 780 319 642 261 697 318 697 281 712 305 715 284 733 302
531 246 643 336 765 290 781 319 641 261 698 318 695 281 712 305 904 273 977 422 716 283 734 302
523 243 645 335 912 269 980 426 765 287 782 316 694 279 710 303
512 232 648 333 921 265 988 423 638 252 698 312 765 285 782 313 793 288 810 318
500 233 648 334 930 263 998 420 634 252 689 312 765 285 782 313 793 287 810 319 940 350 993 433
492 235 646 335 938 263 1009 421 765 287 782 314 632 253 688 313 945 347 1001 441 792 288 809 320 689 276 708 303
483 235 644 338 766 287 784 315 629 252 688 315 689 276 709 304 791 288 809 321 956 265 1035 420
472 234 641 340 967 264 1047 426 627 258 687 317 766 288 785 317 689 277 710 306
460 230 639 341 977 260 1064 431 765 285 784 316 623 249 685 317 689 276 710 305 792 289 808 319
447 226 625 344 765 283 783 314 622 246 684 315 811 287 833 320 792 288 808 317 997 261 1089 436 1004 348 1090 493 687 267 712 295
433 222 625 346 1009 256 1106 443 618 245 682 317 763 282 782 315 810 287 832 320 1016 351 1107 502 792 288 811 317 685 266 712 296
417 218 620 351 612 244 691 317 763 283 782 317 811 287 833 322 792 288 813 320 684 266 712 297
397 215 616 356 1055 250 1164 495 611 244 691 319 763 284 783 319 809 287 834 325 791 288 814 321 1063 380 1162 546
375 210 599 359 611 243 690 319 764 282 783 317 810 287 835 325 791 288 812 320 1091 263 1197 492 1095 385 1200 555
355 203 600 364 609 242 689 320 764 283 785 319 811 287 836 326 790 287 811 321 1107 264 1206 502 1112 384 1210 568
331 199 597 368 606 241 688 321 764 285 786 321 788 288 813 322 812 288 836 325 672 272 694 311
290 195 601 383 594 237 676 327 765 286 787 322 787 288 813 324 741 285 757 300 671 271 694 312 817 299 835 329 547 240 602 319 685 279 706 305
266 189 589 385 593 237 677 327 765 286 787 322 741 285 757 299 788 288 811 323 670 270 695 312 817 300 835 329 545 240 600 319
240 183 586 387 590 237 677 327 766 285 787 321 517 227 597 326 789 287 811 322 741 284 757 299 669 268 694 313 813 289 835 324
188 178 562 396 585 237 677 327 510 225 594 332 766 285 789 323 788 287 812 322 740 285 758 301 668 269 694 314 813 288 834 325
149 172 561 406 581 237 677 327 493 222 582 338 766 286 790 323 738 285 759 302 667 270 694 315 813 288 833 325 838 299 852 329
109 166 551 416 577 251 672 327 488 222 581 340 737 285 761 302 766 285 791 323 666 272 694 315 813 287 833 325 838 299 852 330
573 250 668 329 468 220 568 347 59 163 490 424 737 285 763 303 664 272 693 315 766 286 791 321 837 300 853 331
23 148 496 442 569 248 667 331 436 223 573 347 663 272 692 316 736 286 764 304 767 287 791 321 814 301 833 330 837 301 853 333
0 135 484 458 555 247 657 336 662 273 691 317 407 222 559 348 814 301 834 333 734 287 765 305 769 299 789 331 837 302 854 336
0 125 461 472 549 245 657 338 398 224 556 350 661 276 690 319 768 298 791 333 813 303 835 334 733 288 766 307 837 303 855 338
7 88 437 507 385 223 549 351 542 242 656 340 812 304 836 336 766 296 793 335 659 277 689 320 838 303 856 339 731 287 766 307
367 222 546 354 537 239 656 343 765 295 794 337 10 73 413 516 657 278 689 321 810 304 838 337 839 303 857 340 730 288 766 307
0 66 357 620 518 235 655 340 331 219 533 355 765 296 794 337 656 277 688 321 809 306 839 338 840 302 859 340 728 288 768 307
317 214 528 359 516 236 653 342 0 49 332 651 656 277 688 321 765 297 793 337 838 302 860 342
299 207 520 361 508 233 654 341 765 297 794 338 656 278 687 322 839 304 860 343 0 44 293 665 634 267 684 326
498 232 652 341 268 203 494 362 766 298 793 338 657 279 686 321 838 305 858 343 3 85 165 590 633 265 682 325
251 195 489 365 484 230 649 342 4 147 147 609 766 298 794 338 658 280 686 321 839 305 858 343 815 308 838 337 631 266 681 325
232 192 483 365 477 229 644 345 767 298 794 338 658 278 686 321 839 304 858 343 630 265 680 324 815 307 838 336 5 138 127 626
187 182 492 375 470 224 639 346 629 265 681 323 839 304 859 343 657 277 687 320 816 306 836 336
151 179 482 370 464 221 636 346 628 264 680 323 840 304 859 343 657 276 687 320
456 218 638 348 104 175 455 379 627 264 680 323 841 306 860 343 657 277 687 321 784 291 807 342 948 314 994 341
80 171 447 382 445 218 629 350 627 265 680 326 784 290 807 344 842 308 860 345 658 277 688 324
45 163 430 388 435 215 628 355 627 266 681 328 785 289 809 346 658 277 689 326 841 309 861 346
424 210 625 358 20 154 415 396 628 265 682 330 786 287 812 347 838 308 860 347 659 275 690 326
411 204 621 361 7 143 402 406 629 264 683 331 787 288 815 347 836 306 860 348 660 274 690 325 862 304 883 355 609 262 654 339
399 197 619 365 6 127 362 429 630 264 685 333 788 288 816 347 836 305 859 349 607 262 654 340 863 304 884 355 662 274 692 324
9 118 338 437 387 193 618 368 630 263 686 335 785 285 825 355 838 303 861 350 603 262 653 343 864 303 886 357
11 115 312 438 360 190 603 371 631 263 686 336 786 285 827 356 599 261 653 344 839 302 863 351 866 303 887 356
344 177 621 382 10 109 287 437 632 262 686 335 595 259 652 345 841 301 864 351 787 284 829 355 866 302 887 356
329 176 622 383 0 103 259 454 632 261 687 333 593 258 649 343 787 283 829 353 841 302 864 350 865 301 886 353 885 316 909 365
300 170 621 389 631 260 689 335 580 254 642 349 0 104 229 458 798 283 836 357 885 316 908 365 862 301 883 352
269 163 616 394 630 261 689 336 4 105 150 467 575 254 640 349 799 283 838 357 886 317 909 363
239 158 610 399 628 263 689 337 801 282 840 358 565 254 649 352 692 275 768 317 5 114 122 467 888 318 911 363 856 302 882 352
221 154 601 400 628 263 689 336 562 253 647 352 803 283 841 356 691 274 767 317 857 301 885 352 889 303 912 355
177 148 580 405 626 262 690 338 558 252 646 354 805 283 843 358 858 298 887 353 689 273 763 316 892 303 915 354
150 138 578 416 624 262 690 340 553 252 646 356 806 284 845 360 862 297 889 352 687 273 758 316 910 321 934 368 894 303 916 351
112 131 572 427 616 260 691 341 547 251 646 358 685 277 756 313 807 284 846 362 863 297 890 353 909 321 934 366
74 131 570 436 615 259 691 343 532 250 636 361 684 277 755 314 807 285 846 362 864 298 892 353 826 283 858 366 909 321 934 365
613 256 691 342 47 64 578 465 518 240 626 363 827 281 861 362 686 274 751 312 864 299 893 352 909 303 934 353 806 283 848 358
10 64 538 471 490 236 637 358 609 252 690 340 827 279 864 357 912 301 937 353 871 287 911 357 789 222 804 237
0 54 534 491 476 232 636 358 604 250 690 338 914 298 940 354 871 284 913 355 829 277 866 355 789 221 804 236 680 263 735 301
0 47 521 517 467 234 638 361 601 251 690 339 873 286 915 356 916 300 942 355 808 276 850 353 832 277 868 358 789 222 804 237 943 298 993 381 677 255 736 306
0 33 499 548 439 235 625 368 599 253 689 339 809 275 849 356 875 287 916 359 947 295 999 386 836 276 869 362 679 266 730 310 789 223 804 238 917 302 943 352
3 22 477 570 429 234 621 371 598 253 687 340 809 274 850 356 878 287 918 359 837 277 871 363 679 266 723 309 789 223 805 238 951 296 1003 387 921 294 961 364
10 18 443 640 417 231 615 376 587 252 685 347 810 273 850 356 880 287 920 360 921 292 957 364 840 276 872 363 680 267 718 308 789 222 805 237 962 296 1016 390
404 229 609 382 10 21 426 647 586 251 685 347 810 272 850 356 883 285 921 360 841 276 874 365 922 292 958 364 679 268 714 307 790 222 804 237 965 295 1018 392
583 250 685 348 372 225 595 386 6 16 419 653 812 274 850 355 884 286 924 361 847 274 882 365 925 293 963 363 972 295 1023 395 789 221 803 237 681 271 710 304
352 222 598 390 580 248 686 351 0 1 360 665 849 275 883 367 813 275 851 355 885 286 927 363 977 294 1028 399 928 296 970 362 951 302 986 330 790 221 804 238
330 221 598 391 0 0 340 590 574 247 686 353 851 276 886 368 813 276 852 356 885 287 930 365 932 298 976 362 986 295 1039 403 951 303 988 332 265 234 355 294 789 221 805 237
