

339 259 433 334 70 254 162 297 689 275 717 289
332 256 428 336 517 282 544 298 690 275 718 289 469 283 497 298
326 253 424 337 517 281 543 298 690 275 719 289 468 281 497 297 109 263 155 289
311 253 408 339 517 280 542 297 107 263 151 287 691 274 719 288 708 273 732 287
304 250 402 341 200 253 271 304
194 252 265 304 288 252 391 341 38 254 129 293 466 275 497 291 512 272 544 292 86 261 135 287
283 253 385 343 465 274 499 292 33 254 127 293 511 272 545 293
275 253 380 343 178 249 252 303 464 273 499 293 511 272 546 293 23 254 109 294
258 254 367 345 173 250 245 303 463 273 498 292 20 254 106 294 513 272 544 293
250 250 362 347 463 272 496 293 165 251 241 303 16 253 102 294 513 272 542 292
153 250 227 303 243 247 358 346 462 273 495 292
224 251 344 349 146 251 221 304 460 273 496 293
194 250 340 353 646 164 666 185 743 231 753 250 493 271 523 292 30 260 87 286 459 274 496 292
181 246 331 355 126 248 188 302 743 231 753 250 9 260 73 290 645 163 666 183 492 271 524 293
160 247 315 354 9 260 71 289 645 162 666 182 490 271 524 293 124 248 182 302
146 247 306 355 6 257 65 286 107 246 166 302 490 271 522 293 646 159 665 180 535 271 569 294
128 243 298 354 489 270 521 293 9 256 59 282 533 271 566 294 441 274 473 292 646 157 664 180
96 248 266 357 488 270 519 294 440 273 473 293 532 271 564 294
82 245 257 359 487 269 520 294 438 272 472 293 533 271 564 293
485 268 519 294 436 271 472 293
31 242 218 363 483 267 520 293 433 270 472 292
17 252 202 374 482 266 520 292 143 230 231 316 431 268 474 291
150 227 218 321 4 239 176 367 481 265 521 291 429 266 473 291
3 254 160 377 118 226 204 317 416 266 456 289 463 263 505 289 642 136 660 161
414 263 458 288 464 262 506 289 4 252 143 382 642 132 660 157
91 218 174 315 412 260 458 288 5 222 112 376 463 260 507 288
410 258 458 288 463 260 509 288 68 214 159 317 6 220 107 369
407 258 457 288 462 261 507 288
406 259 454 287 459 260 505 288 512 259 548 284 709 262 736 277
456 259 502 288 406 258 453 286 509 258 547 285
453 257 502 287 507 257 547 284 407 256 452 284
451 254 501 285 505 255 546 282 406 253 452 283 390 256 433 282
502 253 545 279 451 252 498 283 387 255 433 282
439 253 484 283 500 252 543 279 383 253 433 281
439 253 484 284 381 252 432 282 498 251 542 279 47 237 81 265
436 252 485 284 489 252 537 281 381 250 431 283 43 240 75 265
432 250 484 284 488 252 536 282 379 249 431 283
428 249 483 284 486 252 532 283 378 249 429 282
426 249 481 284 482 252 528 283 354 251 414 283
427 249 478 282 478 250 524 281 350 249 411 282
474 248 521 280 411 249 458 280
410 247 456 280 338 248 385 278 352 242 408 273 472 247 519 281
407 245 453 281 464 248 508 279 335 239 415 277
459 249 504 279 324 239 402 277 404 241 456 275
320 238 398 278 455 249 499 278 388 238 469 279
313 238 396 278 384 238 465 279
371 238 454 280 306 238 395 278
297 238 376 279 366 238 449 280
289 238 373 280 361 238 445 280
282 236 371 282 355 240 441 284
272 237 355 281 346 238 430 287
265 235 351 283 340 239 426 286
255 234 352 285 335 240 422 286 685 245 721 263
244 235 334 285 320 240 407 287 686 245 721 263 708 248 735 263
235 238 330 287 314 242 404 289 687 247 717 263 710 249 734 263
306 242 406 291 225 238 331 287 686 247 713 262 711 249 734 263
209 239 310 288 291 242 379 291 687 248 711 262
201 238 306 288 283 241 379 292
190 238 286 288 278 241 380 291
180 237 286 289 261 241 358 291
173 237 285 289 252 240 360 291 360 242 445 285
157 237 262 289 251 240 356 293 356 242 442 286
150 236 260 290 228 241 341 296 344 242 429 288
139 237 269 292 336 242 432 290 226 241 337 297
122 238 253 293 326 244 436 293 226 242 332 297
189 241 322 299 114 239 254 294 311 243 406 293 659 241 695 262
196 241 315 300 307 242 403 293 108 240 214 293
169 240 302 302 301 241 402 294 106 241 215 294
169 241 295 304 287 241 384 296 63 242 158 297
142 241 276 305 279 242 386 296 56 240 161 299
136 241 274 305 274 242 387 295 37 245 132 298
106 240 261 307 278 245 382 293
84 240 240 310 251 246 364 293 14 243 109 302
77 242 240 313 8 240 115 305 227 247 344 296
52 240 227 313 228 245 342 295 6 240 111 306
24 239 221 318 228 243 338 297 0 242 80 306
15 239 209 320 192 243 322 300
6 238 171 320 193 242 315 302 321 236 402 291
173 242 297 304 0 237 170 325 317 235 396 292
0 239 135 323 308 237 394 293 168 242 292 305
0 240 123 323 144 242 272 307 291 239 384 296
284 239 378 297 140 243 270 308 5 241 114 322 69 246 161 301
115 243 257 309 1 238 86 323 69 245 154 301 277 236 376 296
123 239 248 308 263 233 355 296 15 238 112 313 61 245 154 302 686 243 716 261
127 235 236 305 15 235 111 307 686 239 715 258
239 223 335 288 98 229 219 304 15 233 107 301 339 241 376 262 685 237 715 255
234 223 328 290 61 230 209 305 335 243 373 263 10 232 107 302 686 237 714 255
72 233 198 304 3 236 60 304
204 228 308 303 16 235 157 313
186 228 295 306 14 237 161 318
181 230 289 307 0 236 169 326 686 255 717 274 656 245 690 265
14 237 150 316 654 245 693 266
151 228 267 307
146 227 259 306 5 235 116 313 686 243 716 261
121 225 248 307 686 242 717 261
687 241 717 260 0 236 84 314
96 223 216 309 687 241 717 259 42 249 81 282
70 219 201 311 688 240 717 258 38 248 75 281
