

3 99 170 491 659 179 749 263 724 155 819 338 723 254 814 382 242 140 365 217 816 204 851 299 471 179 492 220 1128 311 1212 389
658 181 750 268 3 100 173 493 728 156 816 344 724 261 814 388 816 207 850 300 473 177 493 226 814 268 845 312
4 127 174 534 657 182 751 275 726 171 819 373 734 262 805 388 812 268 844 316 815 209 849 301 473 176 492 230
656 182 751 279 4 136 174 528 728 170 820 376 734 263 805 391 217 153 349 230 811 267 843 318 471 179 491 230 814 210 847 298
655 183 752 278 4 142 173 528 729 172 824 376 735 262 807 392 469 180 490 229 811 267 842 318
655 183 753 276 4 141 174 530 730 172 828 379 468 179 490 229 737 263 809 392
655 182 755 275 3 142 175 531 731 175 832 380 468 177 490 229 741 264 814 391
655 183 759 276 3 144 176 533 745 181 840 371 468 178 489 229 198 153 327 230
2 145 176 534 655 184 761 274 749 181 841 374 468 178 489 229 195 152 327 231
662 182 772 278 2 147 174 536 754 182 843 376 192 151 327 233 467 178 489 229 532 203 569 235
663 182 771 275 2 149 173 538 753 158 847 340 759 250 841 390 190 151 324 234 466 178 487 227 864 225 885 265
654 183 761 271 2 150 168 541 753 159 848 337 758 250 842 393 463 181 486 228 865 225 885 265
653 183 759 273 5 171 160 584 752 158 847 337 758 251 841 395 901 250 982 313 1215 326 1274 416 513 204 545 237 636 203 670 241
651 184 758 277 4 180 154 590 750 160 846 336 757 252 841 399 1216 326 1276 416 901 249 983 314 629 202 668 244 512 206 544 241
648 184 755 279 3 187 148 595 748 160 844 339 756 252 839 399 1219 326 1278 416 900 247 982 313 150 182 269 255 858 212 882 252
641 183 753 279 1 191 138 602 746 176 842 374 1222 321 1279 417 887 244 969 308
3 207 123 647 634 182 753 278 732 166 830 330 1224 298 1277 399 736 258 827 402 884 242 969 308 840 210 860 248 599 196 650 250
621 185 740 279 3 211 111 652 727 165 827 333 731 257 827 401 881 241 970 310 1228 298 1278 399 838 212 860 249 581 199 637 252
619 185 740 280 723 162 823 337 728 257 824 401 3 219 104 649 576 201 635 253 395 199 418 254 879 242 969 311 250 213 362 280 94 183 228 280
615 184 735 280 717 162 819 337 723 258 819 401 562 199 633 253 1 220 89 647 877 241 968 313 392 203 417 254 251 216 356 279
614 181 728 281 713 161 816 336 718 259 813 401 1 228 77 627 878 241 966 313 548 198 622 253 374 200 396 253 819 212 838 248
607 182 712 282 711 161 815 337 544 198 619 255 714 261 809 401 1 234 69 620 368 197 393 258 879 240 966 315 820 211 840 250
606 181 712 282 537 196 616 254 711 159 816 339 712 259 809 402 1 241 59 618 364 196 389 257 820 210 840 250 880 240 967 316 45 198 180 286
604 181 713 282 530 195 615 254 712 162 817 338 711 262 809 404 1 256 47 606 362 196 387 256 880 240 968 317 820 212 840 249
603 179 714 278 712 162 817 337 523 192 616 252 712 261 809 404 819 210 840 248 207 210 311 275 350 190 375 251 469 208 498 240 812 225 833 262 0 262 36 603 881 240 967 316
603 177 714 277 511 191 609 254 712 163 817 335 712 262 808 402 345 187 373 251 416 206 452 248 819 210 839 248 812 224 833 262 215 210 306 272 896 253 988 328
603 175 715 274 504 187 609 253 713 161 817 335 714 258 805 399 341 185 370 249 414 205 451 247 818 209 838 247 853 232 882 270 811 223 833 261 895 253 992 328
602 175 717 276 495 186 608 254 714 160 816 338 715 261 805 400 337 186 366 249 411 206 449 248 817 211 838 247 896 254 994 330 810 223 832 261
601 174 716 277 713 159 815 338 715 262 804 401 478 184 596 255 816 210 838 247 410 207 447 246 898 255 994 331 809 223 831 261 326 188 350 247
598 175 716 277 465 180 598 257 712 159 814 338 713 263 803 401 321 183 349 250 816 210 837 247 392 205 428 247 901 256 993 332 810 223 831 261
593 174 715 277 459 179 592 258 711 157 813 341 711 261 801 402 317 183 344 251 815 208 837 248 391 205 424 247
586 174 716 280 442 183 571 260 708 157 811 343 710 264 798 403 815 209 836 248 902 260 989 339
580 173 716 283 708 162 807 378 433 183 570 261 1132 282 1165 363 814 208 836 249 902 261 990 343 294 184 320 252 717 274 781 409
576 172 712 276 410 183 556 263 706 164 805 376 284 180 317 255 715 273 779 409 903 262 991 344 814 209 835 248 1142 283 1179 366 790 222 815 269
574 172 713 275 705 163 804 377 383 176 559 269 1145 285 1183 370 904 259 991 345 714 273 779 409 271 180 309 252 813 208 835 248 790 221 814 268
567 165 703 274 704 157 804 342 705 265 793 402 368 172 551 268 905 256 990 345 812 206 834 246 266 180 302 251 875 241 923 319
566 163 706 273 704 157 805 342 705 265 793 401 355 168 551 269 811 205 834 246 904 253 989 344 261 169 294 246 875 240 924 318
327 163 523 272 564 161 708 271 705 157 806 340 704 261 794 399 247 166 281 243 811 204 835 246 874 239 924 318
312 160 518 274 561 160 711 272 706 158 808 342 705 262 795 399 245 164 279 244 927 260 1070 383 1180 304 1219 392
560 158 711 272 709 157 811 342 707 261 797 398 241 160 275 241 292 159 519 273 932 261 1077 383 895 253 950 333 121 188 201 259
558 156 713 272 711 157 814 340 263 154 488 277 708 261 799 397 936 262 1084 385 237 157 269 239 895 252 952 336
558 155 713 273 243 152 482 279 715 155 816 341 710 262 801 397 942 265 1093 391 218 153 254 236 2 180 126 269 898 253 955 341
555 155 717 274 716 154 817 339 219 144 486 270 711 260 803 397 946 264 1095 397 899 252 957 345 213 151 251 239
552 153 720 276 186 147 462 284 717 157 818 339 714 261 806 399 965 266 1137 414 812 205 837 250
562 152 724 265 719 160 820 334 717 261 810 401 166 146 455 285 972 266 1143 424 525 186 570 221
117 146 429 287 559 150 727 266 722 161 825 333 720 262 814 402 981 289 1147 445
558 149 729 267 725 160 830 335 75 144 427 295 723 259 819 402 986 286 1151 451 926 270 1016 371
39 140 417 302 556 147 731 268 729 158 833 339 728 257 824 403 1011 290 1190 463 836 202 860 245 895 238 944 314
554 147 733 269 742 158 842 332 733 255 827 402 19 136 406 311 1017 288 1201 468 836 200 862 246 895 239 946 312
0 136 359 324 552 146 735 270 743 155 845 335 736 254 828 403 1024 289 1205 472 397 179 424 219 835 198 863 246 897 238 950 312 955 255 1052 389
0 134 334 335 539 143 728 270 746 154 849 336 737 254 828 402 1051 295 1252 484 395 178 421 219 917 238 970 318
0 134 298 345 543 147 743 287 748 157 852 335 745 252 839 400 391 180 417 222 1061 297 1256 483 971 265 1137 410 916 237 969 319 732 194 766 244
532 144 733 290 0 134 264 353 750 155 853 332 746 252 840 398 974 265 1139 414 389 181 413 222 734 194 765 244 1072 295 1270 552 718 195 748 250 916 235 969 319
528 144 733 293 750 154 852 330 2 143 236 341 747 253 841 398 1112 296 1279 576 980 262 1142 418 734 195 766 244 717 196 749 251 388 184 412 223 945 256 999 341
524 142 732 295 750 151 852 333 748 253 840 399 1129 328 1279 643 1006 266 1197 430 372 184 400 228 0 135 220 416 945 253 999 343 709 186 751 253 737 193 766 244
519 141 728 296 749 151 851 335 747 251 839 401 1009 283 1208 459 706 186 749 252 944 252 998 345 1144 327 1279 650 368 182 392 230 923 252 973 336
514 140 722 297 750 150 850 335 747 250 838 400 704 187 747 250 1054 281 1241 465 945 251 998 344 916 230 969 323 958 230 1050 365
506 140 714 296 750 149 847 333 746 246 837 398 1049 279 1256 477 701 187 745 247 915 230 970 322 959 228 1052 365 109 209 213 273 349 183 375 229 41 178 89 276 946 251 997 341
500 140 710 296 749 148 845 330 747 245 836 397 1052 283 1263 483 958 229 1051 365 111 212 205 274 698 186 743 246 342 185 370 227 914 229 970 320 36 179 82 281 1004 252 1102 411
491 140 708 299 748 149 841 330 736 248 830 401 957 231 1051 367 85 215 182 280 1056 250 1261 517 1006 253 1103 411 913 228 971 323
472 142 690 304 746 154 839 329 734 252 830 403 957 233 1051 369 678 188 729 258 1005 256 1105 413
465 144 687 311 744 159 837 330 731 256 831 406 672 193 726 263 964 258 1058 390 1003 262 1105 414 906 251 989 341 715 200 745 247 31 234 139 300
458 149 684 317 731 264 830 410 742 162 839 332 669 196 723 267 1001 267 1105 417 964 261 1058 397 713 205 745 249 11 233 115 307 906 251 989 348
450 150 681 320 732 268 830 412 742 163 839 334 10 232 111 309 668 195 723 269 964 264 1057 403 713 206 744 249 1000 269 1107 421 911 250 975 353 1127 332 1279 633 1047 296 1156 462
442 150 680 324 734 271 830 414 743 163 840 334 668 206 721 273 11 234 101 310 963 265 1057 405 1128 329 1279 638 712 208 743 249 912 250 977 355 1044 295 1161 458 996 268 1108 424 836 206 854 247
431 144 678 325 735 264 830 411 741 160 840 336 2 234 80 311 666 193 722 267 1138 323 1279 642 711 203 742 246 1031 292 1181 460 966 263 1059 405 910 250 994 352 982 267 1140 419
423 137 678 324 740 157 841 335 735 259 829 408 651 188 713 267 707 200 743 244 2 230 60 313 921 266 1017 367 1032 288 1190 459 968 258 1063 403 1143 316 1279 651
403 133 663 323 735 151 833 344 648 185 710 263 735 255 827 405 707 199 741 241 922 266 1019 367 1063 294 1241 473 1 229 57 316 964 255 1064 398
392 129 662 320 734 148 832 343 645 180 708 260 735 253 825 401 706 197 740 238 1058 295 1253 477 931 233 1082 370
371 133 669 322 734 147 833 346 642 178 707 261 735 254 826 402 706 197 740 238 941 253 1083 387 1021 294 1195 462 1115 301 1279 560
364 129 665 322 734 146 833 348 640 177 707 261 734 255 826 404 941 255 1084 393 704 196 740 239 1126 305 1279 571 1027 300 1192 470
356 127 661 324 736 148 832 349 735 258 827 407 639 178 705 263 705 197 741 241 953 258 1061 404 1133 337 1279 614 1030 302 1190 470
348 123 655 325 734 256 827 407 736 148 832 349 638 178 703 263 704 196 739 241 955 260 1062 412 1126 334 1279 621 692 192 722 245
340 121 653 327 735 148 833 351 734 255 827 406 624 175 699 265 703 196 740 241 194 200 223 242 1115 334 1279 631 972 261 1141 430 691 190 722 246 878 242 962 312
332 118 641 327 741 153 841 347 735 254 827 406 623 174 698 265 1110 336 1279 634 702 196 741 241 982 287 1138 454 879 244 964 313 690 191 723 245
319 116 643 329 741 154 841 345 736 253 827 406 622 174 698 264 1122 336 1279 639 701 196 741 240 881 243 964 315 981 288 1147 466 689 192 723 244
303 114 643 331 741 154 841 344 621 176 697 263 737 252 828 408 702 196 740 239 1012 288 1195 481 688 192 723 243 1141 330 1279 646 882 242 965 316 957 269 1061 405
283 113 641 333 741 154 842 345 620 178 697 263 737 252 829 409 703 196 740 240 686 193 724 243 1013 292 1201 483 898 256 989 325
270 106 635 339 617 178 695 264 739 153 843 347 738 252 829 410 686 192 725 243 899 257 992 327 703 196 740 240 975 298 1131 442
243 71 636 330 614 177 695 264 739 153 844 346 738 252 829 411 982 297 1133 449 685 190 727 244 902 257 992 330 703 195 740 240
226 60 632 343 611 174 693 264 739 153 845 344 738 252 829 411 990 300 1144 458 686 189 729 243 903 254 996 335 1120 337 1278 627
208 52 627 354 607 175 693 263 741 154 846 341 737 253 830 411 681 189 733 241 1011 300 1181 475 904 253 995 340 1131 335 1279 637
602 174 693 263 743 155 846 338 738 255 831 411 680 189 734 241 913 255 1023 350 1018 304 1193 483
186 66 620 378 598 176 693 264 744 156 847 336 743 255 840 410 679 190 734 242 1044 335 1268 529 916 272 1035 360
594 175 692 265 746 155 847 335 744 254 841 411 678 190 735 242 934 271 1053 368 1066 384 1268 564
138 59 610 384 586 176 687 269 747 155 848 333 744 255 841 412 676 190 735 243 927 265 1066 377 1107 347 1279 617 884 247 955 315 738 201 761 234
584 174 688 267 119 59 604 386 748 154 849 334 745 255 842 411 930 264 1076 381 675 188 735 242 1127 346 1279 631 887 246 959 316
85 35 605 419 580 173 688 268 746 259 842 413 934 267 1089 387 749 156 850 331 674 187 735 243 892 256 964 324
57 35 597 425 573 171 689 269 747 260 843 415 749 156 850 329 940 270 1100 393 673 186 735 244 893 257 967 326
30 35 594 434 544 167 690 274 747 263 845 418 671 186 735 247 750 157 852 327 944 273 1108 399 898 258 985 333 738 201 762 234
16 33 591 445 538 166 688 275 747 262 846 420 957 283 1130 412 670 187 735 248 750 155 853 329 900 260 985 333 737 201 762 235
3 20 564 465 533 164 686 275 747 261 846 419 669 186 734 247 749 154 855 331 962 280 1143 420 902 260 987 334
4 16 557 482 530 161 683 275 747 258 846 418 666 182 735 249 749 152 856 334 971 293 1161 441 904 260 992 336 734 191 759 221
4 11 549 503 527 160 681 274 747 256 846 415 750 151 858 335 665 180 733 248 907 259 996 337 976 292 1173 452 733 191 759 222
9 8 541 522 525 161 680 273 747 252 847 413 749 149 860 337 996 292 1207 466 662 178 728 241 913 256 1021 345 732 191 760 223
12 1 531 555 517 160 680 271 662 179 732 238 749 147 861 341 748 251 848 411 916 255 1026 347 1007 301 1217 474 744 227 771 270
14 0 519 583 513 161 679 270 660 179 730 237 750 146 863 342 748 251 849 410 919 255 1027 348 742 226 771 269 1048 332 1256 507
17 0 506 660 495 158 675 272 659 180 729 238 751 147 864 341 748 254 850 412 1048 337 1273 519 740 226 770 270 934 270 1053 363
