

717 84 739 112
717 85 740 115
717 88 742 119
716 90 742 123
714 92 740 125
713 92 739 125
386 527 903 707 712 92 738 123 1029 194 1187 298
711 90 738 120 382 521 898 711 1038 192 1194 300
379 518 894 714 709 85 738 115
376 515 892 717 708 80 737 112
370 518 906 716 707 76 737 110
709 78 739 112
710 81 741 115
710 85 743 118 1168 197 1269 247
708 85 744 119 1169 200 1271 246
704 82 742 116 1177 198 1272 244
1195 195 1276 243 701 76 739 114
1199 192 1276 240 698 65 737 104
1203 192 1277 242 697 65 736 102
1206 193 1277 245 696 65 736 99
1247 197 1277 250
1247 199 1278 248 691 62 728 94
1253 205 1278 244 691 62 727 92
691 62 728 93 1253 209 1278 246
691 63 728 94
689 64 727 96
686 64 723 96



1212 180 1277 265

804 187 832 208 688 209 718 240
683 210 713 243 803 190 831 210

370 544 936 709
372 544 940 711 805 208 834 233
804 207 834 233 662 231 698 267
657 227 692 264
804 192 832 217
803 188 830 211
801 184 830 207 634 209 676 246
800 182 831 205




786 203 819 227
782 203 816 227
779 203 812 226



876 564 1119 691
765 206 799 234
764 210 799 240
763 213 797 244
761 213 795 244
760 212 793 241
757 209 789 238
754 206 786 234
751 203 784 231

740 190 772 221

738 203 773 233
737 203 774 236
735 203 771 235
733 184 767 218
729 180 765 212
726 177 762 210
713 180 750 211
709 182 747 215
828 554 1098 685 705 184 743 217
825 555 1096 685
823 555 1097 686





837 562 1107 699 683 209 724 243
840 564 1107 698 681 210 727 246
680 211 728 248
680 211 728 250 866 568 1117 683


656 217 728 270 854 205 893 233
654 221 729 276 856 206 898 236
645 225 725 285 858 207 903 238
642 226 726 289
636 231 722 295 891 568 1146 700
627 230 722 296 895 559 1149 697
618 227 723 299 921 557 1162 678
591 220 719 297 914 554 1167 677
539 205 710 307
522 213 704 316
467 209 684 332
