

391 345 548 633 775 289 976 602 1143 250 1246 508 567 310 693 539 806 491 1003 698 1160 391 1260 537 421 509 551 689 749 310 851 531 953 269 1043 402 975 371 1073 482 822 282 872 372 702 287 805 491 1 324 37 361 83 310 143 343 45 315 88 347
393 338 551 636 798 276 1003 607 1153 243 1259 509 580 409 726 563 440 522 557 708 811 494 1016 692 966 262 1056 400 1167 387 1268 541 753 293 859 499 571 311 691 533 57 310 109 344 0 318 59 358 995 366 1091 476 824 276 874 370 708 281 806 485 102 308 166 338
395 337 556 637 803 273 1012 608 1165 236 1267 509 439 521 562 711 590 406 736 566 783 460 1070 701 63 310 112 342 755 285 865 502 1009 350 1107 482 595 293 709 491 4 318 67 357 708 270 808 416 977 255 1066 401 127 306 187 334 80 305 134 338 724 350 809 517
400 338 562 639 812 274 1019 606 439 520 568 716 599 404 748 570 1178 230 1272 510 599 285 718 496 793 459 1087 703 122 301 196 334 1019 347 1120 483 79 307 132 340 757 276 868 502 717 267 820 415 997 252 1099 405 1208 350 1275 544 870 262 920 351 729 352 817 514
404 341 567 642 444 524 574 719 1204 227 1276 516 602 292 747 561 841 267 1051 616 804 461 1099 707 85 310 136 344 1008 234 1102 374 23 317 93 360 873 260 924 369 799 287 904 499 130 302 195 336 1041 326 1141 472 723 268 828 414 759 346 858 528
424 343 594 640 442 532 597 719 850 301 1064 641 87 312 141 347 630 406 790 579 31 320 90 358 1216 227 1276 528 150 303 211 335 599 291 754 566 803 284 910 492 861 525 1077 712 1011 253 1114 410
437 340 609 641 154 300 214 334 870 302 1153 625 470 541 588 719 897 533 1126 716 671 441 839 595 105 309 156 343 662 320 777 538 1107 348 1201 493
470 339 640 640 691 438 844 600 484 543 640 719 901 290 1127 661 700 318 824 541 938 545 1156 719 1116 352 1215 491 135 305 182 336 0 397 171 644 162 302 207 331 184 297 230 331 972 266 1020 370
480 341 651 634 933 283 1168 668 495 549 649 719 942 550 1172 719 702 295 848 567 17 441 222 629 719 444 872 597 859 341 963 536 1121 254 1210 409 1147 352 1242 489 994 263 1042 373 132 305 186 338 971 266 1023 370 186 297 233 331 253 290 310 320
488 336 665 634 940 284 1183 669 729 442 882 597 502 551 657 719 945 557 1188 719 1160 350 1256 489 739 317 862 541 33 450 230 621 866 349 961 533 856 257 964 412 133 303 183 339 994 261 1045 375 234 286 283 320 258 285 314 317
491 335 674 630 957 301 1237 665 740 441 895 597 506 551 662 717 745 314 870 541 1025 254 1072 354 267 278 353 315 232 284 284 319 147 295 224 336 865 255 972 409 107 439 313 600 942 565 1203 719 156 348 268 541
493 336 676 631 962 301 1248 668 750 440 905 604 744 296 895 570 518 549 677 716 287 277 371 313 230 284 287 322 946 302 1058 547 119 440 324 603 164 345 283 532 165 294 241 337 895 253 1004 413 1024 256 1071 350 1043 255 1090 379
508 343 685 638 967 307 1258 667 517 556 681 716 764 446 929 617 754 299 899 572 931 284 1076 566 902 260 1007 411 1047 259 1095 378 170 297 248 340 289 278 377 317 257 286 306 320
508 347 690 647 974 348 1264 712 767 446 936 629 518 562 684 717 770 298 929 580 314 284 398 321 932 283 1083 570 1070 262 1116 378 189 300 268 342 258 344 377 531 212 435 432 597 257 290 313 324 910 266 1016 410
502 350 701 695 772 447 943 639 978 345 1269 712 776 298 929 579 195 301 272 344 518 566 691 719 1071 264 1120 379 936 285 1094 575 298 342 420 531 245 431 470 597 278 290 329 325 319 283 405 322
503 351 706 700 780 446 949 644 780 299 935 578 984 319 1268 642 275 293 335 331 980 291 1124 579 337 284 421 322 271 436 469 590 311 340 431 527 206 305 268 341 523 610 694 719 1092 264 1141 376
501 353 709 703 1036 304 1273 675 787 446 955 648 784 298 942 576 982 289 1129 582 216 299 293 341 282 294 338 331 1095 262 1144 375 325 414 520 564 344 281 426 321 306 288 353 324 363 332 476 522 946 260 1056 414
499 357 709 707 1045 306 1273 674 219 297 297 342 797 477 959 654 297 286 354 326 788 297 948 573 342 416 526 565 988 287 1134 586 401 334 516 515 950 259 1060 410 348 278 430 320 1102 260 1148 371 953 389 1046 574
499 360 705 709 356 405 553 558 1049 310 1274 674 297 285 355 324 220 295 299 339 989 285 1135 590 797 476 960 656 789 296 949 571 405 316 518 479 951 257 1061 410 1110 257 1164 376 355 279 442 317 954 388 1047 573
498 365 702 711 298 283 359 321 1056 320 1274 663 991 284 1140 598 794 295 951 573 1114 258 1166 375 222 293 302 336 797 476 961 660 357 277 445 313 386 407 550 549 954 257 1065 410 418 312 529 477
496 368 702 713 301 280 363 317 799 293 952 577 1057 359 1279 694 992 282 1144 604 1119 259 1169 375 808 401 983 669 363 274 449 309 959 257 1072 412 457 308 565 470 237 289 314 327
493 371 704 711 804 292 953 583 1025 291 1166 604 304 278 369 315 238 288 314 327 1058 366 1279 693 810 478 982 675 1124 260 1173 372 470 300 577 471 368 272 453 307 457 406 557 542 963 259 1078 413
490 369 705 710 240 287 317 326 805 292 954 584 1027 289 1168 608 811 480 981 680 1058 370 1279 691 307 277 371 314 965 263 1081 416 1136 262 1188 376 371 271 456 308 469 406 555 543
470 370 696 705 242 286 320 326 804 293 955 585 316 274 383 312 1029 289 1170 610 811 485 981 686 1058 372 1279 689 380 274 466 307 1138 265 1188 380 967 268 1080 416
467 372 694 702 243 285 322 326 803 293 955 585 316 274 383 311 1032 287 1172 613 810 488 980 692 1061 379 1279 686 381 274 467 306 571 298 680 473 1141 267 1187 384
461 373 692 703 316 274 385 311 244 284 324 325 1033 284 1173 616 593 296 717 478 803 291 955 587 810 490 980 696 1064 382 1279 686 1143 268 1188 384 396 275 472 306
456 374 691 705 317 274 388 310 247 284 326 324 1034 280 1175 621 606 292 726 473 803 291 956 586 811 491 980 696 1065 447 1278 710 1145 266 1189 383 396 274 472 306
455 377 686 706 1035 297 1177 644 321 277 392 313 814 293 977 577 812 492 982 696 249 285 328 327 387 274 473 307 1147 267 1193 383 1066 449 1279 711 622 292 732 468 596 371 756 514
456 381 686 707 1038 300 1182 646 817 296 982 576 657 296 770 461 814 493 989 692 389 275 478 310 262 287 340 329 329 281 392 316 1067 451 1279 711 627 372 790 509 1149 270 1196 384 993 278 1110 481
456 383 686 707 1039 302 1189 648 823 300 987 575 268 291 342 332 639 375 803 509 817 495 997 687 404 277 493 310 344 279 406 316 1068 451 1279 710 996 279 1114 481 672 295 778 459
457 383 688 707 1040 306 1196 649 345 282 412 319 828 302 990 577 701 300 814 463 273 291 350 334 408 278 496 312 663 371 836 498 1000 281 1118 481 1163 273 1214 388 821 501 1001 683 1102 447 1279 708
438 404 704 705 1038 313 1199 654 276 299 353 341 715 306 823 464 828 310 990 577 681 374 843 503 1002 288 1118 476 1166 287 1215 405 822 530 991 710 1104 446 1279 709
439 418 696 707 1039 319 1199 656 824 331 988 620 278 306 353 349 1003 298 1117 468 725 313 830 468 350 303 411 339 1167 296 1215 406 818 534 992 714 715 423 830 516
436 430 689 710 1039 323 1196 660 349 307 414 345 822 341 985 615 750 319 851 470 276 315 351 358 725 417 825 528 1167 307 1214 431 411 303 500 340 1003 306 1114 461 812 536 994 719
433 433 687 710 1040 327 1193 658 822 342 983 617 274 317 349 360 349 310 411 347 754 320 853 469 1164 308 1213 435 732 417 827 528 410 307 496 343 810 537 994 719 1001 308 1111 462
430 439 687 711 1041 331 1189 657 820 347 980 620 1162 311 1214 435 763 326 858 468 996 321 1114 532 270 325 347 367 744 419 850 531 810 546 993 719 988 432 1093 631
428 444 689 710 1042 335 1186 656 809 380 985 686 994 328 1111 529 1162 314 1214 434 759 413 858 542 264 344 347 393 812 555 993 719 987 433 1093 629 1069 531 1271 713
429 450 694 711 1046 350 1184 693 267 351 343 392 773 440 867 540 809 390 985 686 341 344 407 382 994 333 1109 526 1162 317 1214 434 778 354 874 509 1068 533 1271 712 987 433 1093 629 814 559 995 717
440 450 701 710 1044 353 1191 694 1001 331 1117 526 819 395 994 682 263 352 351 393 351 348 407 381 775 446 872 535 1167 320 1217 433
481 452 766 711 1075 364 1235 692 1005 340 1110 521
520 447 784 712
586 443 863 710 1145 357 1279 702 478 324 578 360 548 324 650 356
624 440 883 707 481 323 574 360 571 322 638 355
675 444 945 707 558 320 646 357
704 447 957 710 578 321 669 357
737 443 956 719 578 325 671 362 671 322 726 355
741 453 954 719 587 330 671 369 663 325 736 362 732 324 819 359
739 465 952 719 589 346 676 390
740 495 952 719 593 354 677 396 738 349 826 391 672 355 738 391
730 512 957 719 739 357 822 397 590 370 678 408 672 371 733 402
726 511 929 719 585 373 671 410 664 369 735 405 733 362 818 400
708 516 924 719 669 371 730 405 581 375 672 409
690 523 921 718 527 377 627 412 622 374 676 406 1167 398 1225 496
666 521 871 719 1166 390 1224 502 527 377 622 411 623 374 677 406 676 372 769 404
653 524 864 719 507 378 596 413 1160 389 1217 502 594 372 656 408
635 530 866 717 1144 385 1203 501 504 376 596 410 575 373 633 407
602 514 874 719
575 507 861 719
557 477 848 708
531 455 793 704
505 428 774 703 1085 321 1246 647 878 291 1042 589
493 383 731 711 1083 315 1244 641 867 297 1034 576 380 279 432 310 283 282 384 326 405 277 455 308
480 378 723 711 1076 270 1233 622 838 287 1003 588 285 280 374 320 378 273 430 306 355 274 409 307 997 252 1047 346
434 372 712 702 1032 262 1188 613 824 280 997 587 827 493 1004 674 358 273 403 303
433 353 687 707 1031 257 1187 609 814 485 993 675 301 265 357 295 217 273 303 319 792 249 952 538 355 253 448 291 942 232 996 319 615 405 682 498
418 341 679 706 1026 252 1175 599 783 252 946 533 220 271 298 315 784 473 963 669 298 257 357 297 355 251 445 286 612 401 683 501 939 227 992 318 965 338 1061 538
400 340 657 706 1020 250 1169 598 767 262 947 590 338 250 426 289 924 225 976 319 280 260 341 300 774 471 957 670 951 217 1075 438 1059 386 1279 689 213 271 295 313 955 335 1054 541
390 340 654 706 993 244 1146 602 761 401 952 672 193 276 273 320 763 249 937 537 1057 376 1279 693 275 261 334 300 943 221 1066 436 331 254 421 292 916 229 970 320 262 271 309 306
382 342 649 705 994 239 1140 606 745 251 907 541 755 395 947 674 190 280 266 322 318 258 403 298 254 269 318 308 1060 312 1279 658 905 231 956 319 936 224 1059 436
382 344 645 706 994 239 1138 610 251 272 317 309 743 254 906 539 754 395 944 676 189 283 263 325 316 262 400 300 904 234 953 318 1060 312 1278 658 928 341 1024 527 934 227 1056 435
386 349 644 707 996 240 1139 614 253 275 317 312 741 262 908 594 755 393 945 680 190 285 263 327 1055 372 1279 690 905 236 953 320 316 264 403 301 934 231 1056 435
393 352 647 709 997 245 1143 617 746 265 909 598 757 393 947 683 194 286 267 329 259 278 317 314 1056 377 1279 688 937 235 1059 435 318 269 406 306 908 245 955 350
402 356 650 710 996 249 1148 617 760 394 954 683 274 275 334 312 1057 378 1279 689 941 239 1062 432 919 250 968 345 750 269 910 599 196 286 275 329 333 271 419 304
411 360 652 711 1019 261 1163 611 768 270 941 603 767 445 957 693 278 277 340 314 1059 379 1279 691 948 243 1068 428 927 251 974 344 340 271 425 306 215 286 291 327 952 365 1051 589
429 368 671 711 1023 266 1167 617 777 275 944 599 775 444 962 700 1061 384 1279 690 300 280 354 316 953 247 1073 425 220 294 294 336 957 370 1056 592 1118 244 1172 358
437 380 675 710 781 307 958 645 1030 297 1174 644 1063 379 1279 689 942 275 992 370 963 378 1064 590 959 258 1073 422
423 405 698 707 1038 304 1177 650 785 313 957 643 948 283 994 370 962 273 1081 492 1102 444 1279 707 233 326 321 371 968 387 1069 583
435 418 699 711 1042 311 1181 656 305 326 368 363 790 324 957 635 239 335 313 374 954 299 999 391 964 285 1083 487 1103 446 1279 706 176 347 195 380
440 423 699 713 1041 311 1183 657 791 326 957 635 309 331 369 368 241 336 315 377 956 303 1001 392 807 533 981 718 964 291 1081 479 177 349 197 382 1104 446 1279 703
443 428 698 716 1041 315 1185 659 793 333 958 634 377 329 465 364 242 343 316 384 957 309 1002 393 323 331 377 369 806 535 982 719
444 432 696 717 1038 316 1184 661 794 340 958 632 243 347 319 387 378 334 465 369 958 313 1002 395 324 335 378 372 632 488 706 588 806 538 984 717
446 435 697 717 1036 319 1184 662 797 343 957 632 245 349 322 390 958 315 1003 396 380 337 466 372 319 341 382 381 634 489 707 588 988 312 1104 534 807 540 985 716
450 431 699 715 1035 317 1185 660 799 337 956 636 249 346 324 389 326 337 382 373 383 334 468 369 959 311 1003 396 810 535 988 714
451 423 704 713 1038 317 1188 655 325 333 387 369 810 330 981 637 386 329 472 363 965 304 1008 396 250 343 327 385 813 533 989 710 993 298 1106 478
454 416 708 712 1041 316 1191 650 325 328 390 364 814 326 983 641 389 324 475 357 966 298 1009 397 995 293 1111 476 260 336 336 375 816 530 991 705
454 412 710 710 1041 314 1193 647 325 324 394 361 260 334 337 372 815 323 984 642 996 289 1115 478 966 294 1011 399 392 321 477 354 815 495 1002 691
455 410 710 709 1042 311 1194 646 325 322 393 359 816 322 984 643 260 332 337 370 996 287 1115 481 966 292 1012 400 817 493 1002 691
454 405 711 709 1042 306 1194 647 325 320 393 357 817 322 984 639 261 328 337 367 997 284 1115 481 394 312 478 349 967 288 1011 370 818 493 1004 689
454 402 712 708 1043 303 1194 646 262 325 337 363 818 321 985 635 393 308 480 346 999 280 1116 483 967 285 1011 369 328 319 385 355 820 493 1006 689
470 391 693 708 1044 300 1195 645 263 321 337 360 394 304 481 342 819 321 988 630 332 311 396 350 967 283 1011 366 1000 277 1116 483 183 334 200 372 821 493 1010 689
476 386 718 714 1045 300 1196 645 332 310 397 348 263 319 337 358 824 305 984 581 394 301 482 340 967 281 1012 366 1002 275 1116 484 182 331 200 371 657 451 728 553 821 493 1011 691 995 387 1093 574
475 385 720 714 1045 299 1197 645 825 304 987 578 332 308 397 347 264 318 337 357 396 299 482 338 966 279 1013 367 182 331 200 369 1002 273 1117 484 658 451 729 552 821 494 1011 692
476 385 720 713 1045 299 1198 645 827 302 990 576 334 307 395 346 265 317 338 357 966 278 1013 368 403 301 489 336 660 451 730 552 1002 271 1119 484 182 329 201 367 823 494 1011 692
476 385 721 713 1045 298 1197 645 828 302 994 578 403 300 490 335 335 307 394 345 266 316 339 357 966 277 1013 368 661 452 732 551 1003 271 1120 484 826 494 1010 694 182 329 201 366
477 385 720 713 1045 298 1197 647 828 302 994 581 402 301 490 336 345 303 402 342 266 317 340 357 966 278 1014 368 827 493 1011 695 662 453 733 552 1004 272 1120 483
477 384 719 715 1044 298 1196 649 827 305 992 585 266 319 341 359 343 305 403 345 965 281 1013 366 402 303 490 339 825 492 1012 696 1003 276 1119 482
477 384 718 716 1044 299 1197 651 264 321 340 361 822 320 993 631 962 283 1013 366 343 308 402 348 824 492 1011 694 1002 278 1117 482
475 382 719 718 1043 297 1195 653 262 323 338 363 820 322 991 634 957 285 1005 366 332 313 396 352 1000 280 1115 483 822 491 1009 693
