

750 224 790 255 899 228 996 306 269 213 402 297
750 225 792 257 925 229 1016 311 268 213 402 299
752 227 793 258 927 231 1021 314
753 228 795 260 263 226 399 301 945 235 1039 316
754 230 796 261 262 226 395 303 946 234 1046 320
753 230 795 261 944 233 1053 324 237 228 382 303 883 235 965 308
753 230 796 261 964 234 1070 329 238 226 378 304 903 234 987 314 45 213 1217 682
755 230 798 261 239 224 375 306 965 233 1074 330 905 234 989 315 869 242 921 302
758 230 800 261 241 222 374 309 986 241 1105 335 870 244 922 302 925 232 1017 322
760 229 802 261 237 221 375 309 989 233 1104 331 926 231 1016 323 872 243 925 301
758 228 801 259 1006 241 1128 337 238 223 369 306 926 230 1017 321 873 243 927 301 47 214 1211 679
759 227 804 259 1008 244 1132 340 948 230 1043 327 45 214 1209 680
758 228 802 258 212 221 353 310 947 230 1044 328 1015 229 1180 343 43 217 1207 678 895 243 950 308
758 227 801 258 1021 232 1189 352 177 218 346 316 946 231 1046 328 896 243 953 309 43 222 1207 679
757 227 800 258 1025 231 1195 355 173 217 341 317 39 220 1210 686 948 232 1044 327 897 242 954 308
756 225 800 257 134 219 323 316 1023 229 1196 356 34 216 1217 694 761 215 794 237 917 238 974 311 446 222 464 265 970 228 1067 329
139 222 314 319 759 223 801 255 761 215 797 239 27 211 1226 702 1067 226 1243 365 942 235 1001 316 445 223 464 266 973 228 1067 326 1008 222 1104 352 920 239 976 308
139 223 303 321 1120 225 1275 370 761 214 801 242 26 207 1226 706 394 226 415 270 444 223 464 266 1021 224 1182 354 422 221 442 268 975 226 1065 325 942 234 1001 314
134 227 298 326 1127 226 1277 371 25 201 1228 711 774 215 809 241 395 226 415 271 1027 225 1183 353 444 223 464 268 423 221 443 270 997 227 1094 329 943 235 1002 311
124 227 291 327 396 223 417 271 22 197 1224 708 763 212 800 237 1157 217 1279 374 1031 222 1186 351 952 226 1042 320 421 221 441 270 995 225 1095 329
83 227 270 334 762 212 800 238 398 222 417 271 19 196 1226 708 420 221 441 270 1070 220 1245 368 953 227 1042 318 444 222 464 265 1019 227 1120 331
76 225 260 331 375 219 395 271 19 200 1221 705 398 219 418 269 761 210 803 239 1117 218 1273 375 974 223 1067 325
65 225 255 336 1121 218 1274 376 372 221 393 272 396 219 416 270 772 212 811 244 22 202 1219 706 417 219 439 268 996 224 1093 329 1059 217 1156 352
23 221 240 348 768 210 815 247 1152 214 1272 380 369 220 392 272 22 204 1218 704 396 218 416 269 999 223 1092 327 1060 216 1158 351
20 221 221 349 768 207 815 244 1150 214 1269 380 18 203 1222 702 369 219 391 271 1060 215 1158 351
12 219 205 351 767 204 816 243 14 197 1224 703 347 223 371 272 1151 214 1264 377 1032 217 1185 345
0 221 184 352 767 204 815 243 343 220 365 274 15 195 1229 703 1150 213 1267 377 1060 213 1158 349
0 220 166 355 344 218 365 273 17 200 1230 702 1152 211 1270 377 772 205 813 241 1061 212 1158 349 1099 214 1205 361 973 222 1066 319
0 220 149 360 1123 213 1273 372 344 216 367 274 17 204 1231 697 771 205 813 243 974 223 1068 319 1063 212 1158 348
2 215 136 359 1151 211 1270 375 322 220 344 275 12 204 1231 694 775 204 818 242 1103 215 1203 358 345 213 368 272 1020 218 1118 327 1063 211 1157 345
3 209 117 364 766 199 824 249 1153 210 1273 377 320 221 343 276 1018 219 1118 328 343 214 365 272 9 203 1230 692 1102 215 1200 355
767 197 826 247 1152 211 1273 378 0 204 80 367 1062 210 1159 343 5 205 1231 690 1021 220 1117 328 1102 214 1202 356
767 198 826 248 0 204 67 370 1153 212 1271 379 302 221 323 276 340 214 360 270 1060 211 1158 345 1102 215 1203 358
768 198 828 248 1151 215 1268 378 295 221 316 277 992 225 1095 325 1058 214 1156 346 874 154 913 255 193 242 278 294
767 200 827 248 1155 218 1269 376 994 226 1095 327 874 155 913 255
768 201 829 249 990 230 1099 323 1122 220 1274 370 163 240 258 295
769 202 831 249 1120 219 1273 370 988 230 1099 321
770 202 831 249 1121 220 1274 369 987 229 1098 319 1042 257 1151 337
769 200 831 249 1154 216 1269 377 996 228 1095 320
772 198 834 250 1162 249 1266 387 1023 217 1190 337
770 196 843 251 1163 251 1267 386 1033 218 1189 335 456 231 496 253
771 194 845 251 1140 255 1273 382 1049 249 1143 338
771 194 845 251 1165 251 1271 388 1069 215 1251 352
779 196 855 252 1078 211 1257 356 1167 247 1273 391
781 199 855 252 1110 209 1272 369
783 200 858 253 1115 212 1272 370
782 200 859 254 1099 199 1276 301 1160 246 1272 393
783 201 861 257 1102 200 1277 299 1167 249 1272 394 25 220 1234 700
1111 200 1278 298 788 202 865 257 26 223 1242 695
1120 201 1279 299 791 204 868 258
1132 201 1279 301 799 214 878 265 792 204 817 226
1153 207 1279 298 799 217 881 268 791 204 817 229
801 219 883 271 1162 227 1279 308 792 205 818 231
803 220 885 273 1174 232 1278 311 792 205 818 232
803 219 886 273 1192 235 1279 313 791 206 818 232
802 220 888 274 789 206 818 233 1200 239 1278 316 689 191 705 205
802 222 892 275 789 207 819 233 1219 239 1279 321
806 222 897 276 792 207 819 232 690 192 706 205
811 222 902 276 804 207 839 232 695 191 711 204
810 219 905 275 807 206 838 230 694 188 709 201
808 217 906 274 807 205 838 229 795 206 819 228
815 219 923 275 807 205 839 230
815 216 928 275 806 203 841 231
819 213 935 275 809 201 844 232 808 193 842 217
821 209 937 274 806 190 844 217
835 210 949 274 806 189 845 217 810 203 845 234
835 209 954 275 806 188 846 218 810 203 844 234
833 209 956 279 810 189 844 217
832 209 958 281 809 191 842 218
834 209 960 283
837 210 966 285 810 201 847 230
850 211 984 290 811 192 845 219
851 208 989 292 809 192 846 218
847 204 996 293 807 190 847 221
847 204 998 294 804 191 846 221
843 199 1000 293 802 191 847 223
844 202 1006 294 801 191 847 223
862 207 1025 302 804 192 846 223
863 205 1031 305 802 192 846 224
871 203 1048 308 807 195 848 234 14 193 1222 703
873 200 1061 311 806 194 850 236 822 195 872 254
888 196 1088 319 807 195 851 237 867 198 930 295 820 194 870 254 14 199 1226 706
888 200 1094 328 805 195 852 239 852 193 941 289 10 195 1225 707 821 195 870 257
889 198 1109 332 803 196 853 239 851 192 942 290 3 193 1222 705
890 195 1128 336 852 191 944 289 804 197 855 240 0 192 1227 704
891 194 1149 338 852 191 946 288 801 195 863 242 0 193 1227 698
913 196 1175 348 854 192 947 287 813 195 870 248 0 193 1225 695
915 193 1194 353 872 195 969 297 0 193 1221 691 799 192 866 240
923 192 1210 359 870 192 972 296 804 192 878 242 0 193 1221 688
948 175 1240 379 870 191 975 295 806 191 881 241 0 192 1225 687
949 176 1257 386 807 190 880 240 868 190 976 293 0 193 1226 687
963 179 1271 397 808 189 883 241 867 188 977 292 0 193 1225 688
977 179 1279 407 880 182 1025 303 805 185 887 233 934 191 1089 339 0 196 1223 689
994 178 1279 419 932 187 1090 324 807 183 891 233 879 179 1020 302 5 194 1222 690
998 171 1279 427 933 185 1091 327 876 176 1019 302 805 183 889 232 11 195 1220 688
880 173 1030 301 805 179 892 231 1034 147 1277 443 937 191 1095 340 11 194 1221 686 511 174 554 206
889 170 1045 298 1049 140 1279 452 970 182 1153 350 807 177 897 230 11 195 1226 686 511 174 554 206
897 168 1056 296 1066 138 1279 456 822 174 913 233 990 176 1197 360 8 194 1229 690 807 178 836 221
