

744 393 1053 539 639 390 680 462 539 393 587 458 216 402 240 434 61 404 140 441 490 404 529 423 265 409 307 432 548 425 588 462
747 393 1058 540 639 390 680 463 539 393 587 457 216 403 240 433 490 404 528 423 61 404 140 441 542 426 582 461 263 409 305 432
751 392 1061 541 639 390 680 463 540 393 586 456 216 404 241 433 542 426 582 460 491 404 527 423 61 404 140 441 263 409 306 433 0 578 1127 707
753 392 1063 541 639 390 680 463 540 392 585 455 542 426 581 459 491 404 527 423 55 403 135 442 262 408 306 432 0 578 1126 707
756 393 1064 542 639 391 680 463 541 392 585 455 56 403 135 442 542 426 580 459 491 404 526 423 0 579 1122 707
757 394 1068 542 639 391 680 463 541 392 584 455 55 403 134 442 543 425 580 459 491 404 526 423 0 578 1118 707
759 394 1072 542 640 391 680 463 541 392 585 454 543 425 580 459 55 402 134 442 492 404 526 423 7 578 1114 707
759 393 1080 542 641 391 681 463 541 392 584 454 543 425 580 459 54 401 133 442 492 404 526 423 4 577 1117 706
737 397 1102 564 641 391 681 463 541 392 584 453 54 401 132 441 543 424 580 458 492 403 526 423 2 577 1118 705
738 398 1109 566 541 391 583 453 642 391 681 463 52 402 131 440 544 424 579 458 491 403 526 423 3 577 1119 705
742 399 1114 568 541 391 583 453 51 403 130 440 643 425 681 472 544 423 579 457 492 403 525 422 5 577 1120 705 655 393 679 444
744 399 1123 569 541 392 584 453 49 403 129 440 644 425 680 472 544 423 579 457 492 403 525 422 654 393 680 445 6 578 1119 706
745 401 1135 569 541 392 584 452 47 402 128 440 544 423 579 457 644 425 680 472 654 393 680 447 491 403 524 422 3 578 1124 707
747 400 1148 567 542 397 580 449 544 423 578 456 45 401 128 439 645 425 680 471 654 394 680 448
750 401 1156 566 542 397 580 448 544 424 578 456 42 401 126 439 654 393 680 449 650 427 682 471
755 399 1163 569 542 397 580 448 544 424 576 456 41 402 124 440 650 428 682 470 654 393 681 449
760 400 1170 574 541 396 579 448 543 425 575 456 40 401 121 440 650 429 683 471 655 393 682 449 492 402 524 422 0 581 1143 706
765 400 1179 579 540 396 578 448 542 425 574 457 651 429 684 471 39 400 120 441 655 392 682 449 491 403 525 422 0 583 1149 705 239 366 294 435
769 399 1182 582 38 399 119 442 651 429 684 472 539 390 581 452 542 426 574 457 654 392 682 449 491 403 525 423 238 365 295 435 0 584 1149 706
786 395 1201 590 37 399 119 443 652 429 685 473 541 427 574 457 540 396 578 450 655 393 682 449 492 405 524 424
788 397 1213 595 36 399 118 443 652 429 685 473 541 427 574 457 541 397 577 450 655 393 683 449 492 405 522 425 214 369 303 435
790 398 1231 598 541 398 577 450 541 428 573 457 653 430 686 473 36 399 118 443 656 393 684 449 493 406 520 425 213 371 302 435
792 396 1244 603 541 399 576 449 541 428 572 457 654 430 687 472 35 398 118 443 656 393 685 450 213 370 301 435 509 408 537 426
795 395 1254 604 540 399 576 448 655 430 687 472 541 427 572 456 29 400 111 443 656 393 685 449 213 370 300 435
797 394 1261 604 540 399 575 448 28 400 110 442 655 430 688 472 541 427 571 455 657 394 686 448 212 369 299 435
799 394 1264 602 26 400 109 442 539 399 574 447 656 430 689 472 541 427 570 455 658 394 687 448 193 372 280 437
801 393 1264 602 23 399 107 441 539 399 572 447 657 430 690 472 541 427 569 455 659 393 688 450 193 370 280 436
819 398 1259 632 20 399 104 441 539 400 571 447 659 429 691 472 541 427 569 455 661 393 690 450 194 368 281 437 493 405 521 425
824 397 1266 636 17 400 101 442 538 399 571 447 660 429 693 472 540 427 568 455 662 394 690 450 492 405 521 425 207 363 298 434
829 397 1272 637 15 400 98 442 538 399 570 447 539 427 567 455 661 428 694 472 663 394 692 450 492 405 521 425 210 370 267 436
834 395 1277 640 14 400 97 444 537 399 569 447 539 428 567 455 662 427 694 473 664 395 692 451 493 405 521 425 208 370 264 437
13 400 95 445 839 394 1279 642 537 399 568 447 538 429 567 455 662 427 696 473 664 395 693 451 493 406 522 426 204 371 261 439
12 399 94 446 536 399 568 447 843 392 1279 647 538 429 567 455 662 426 697 473 664 395 693 450 493 406 523 426 200 371 258 440
10 399 92 446 536 399 567 447 537 429 567 455 663 426 699 473 848 391 1279 654 664 395 694 449 493 407 524 427
535 399 566 447 9 399 92 446 663 427 700 473 537 429 567 455 664 396 695 448 493 407 524 427 852 390 1279 660
535 398 566 447 7 402 86 445 664 427 700 473 536 428 566 455 665 395 696 448 493 407 523 427 863 386 1278 666
6 402 84 445 534 398 564 446 664 428 701 473 665 395 696 448 914 384 1273 667 535 429 565 455 492 407 523 426 269 409 298 428
4 401 81 444 533 397 563 446 919 379 1271 668 665 428 701 473 666 395 697 449 492 407 523 426 534 430 564 455 269 409 299 427
2 399 79 445 533 397 562 446 925 378 1270 667 665 427 702 473 666 395 697 448 492 407 524 426 532 430 563 455 269 409 300 426 323 414 350 433
1 398 76 446 532 398 562 446 666 427 703 473 937 374 1270 670 666 396 697 448 492 407 524 427 530 429 562 454 268 409 300 426
1 397 75 446 532 399 561 445 666 426 704 473 492 407 524 427 667 396 697 448 954 371 1272 672 267 408 300 426 529 428 561 453 322 415 350 435
0 396 73 447 532 399 560 444 667 426 704 472 492 407 523 427 264 407 300 426 667 397 697 448 973 371 1273 674 321 415 349 435 529 428 559 452
0 395 72 447 532 399 559 443 664 392 704 464 261 407 302 426 492 407 522 426 988 374 1274 674 321 415 349 436 218 415 254 438 139 371 227 440
0 395 71 447 665 391 705 464 532 399 559 443 492 407 521 426 260 406 302 426 216 415 254 438 135 370 227 440 1000 381 1273 673 674 430 707 471
0 395 70 448 666 391 705 464 491 407 520 426 523 403 550 440 674 430 708 473 261 406 302 425 132 367 228 441 216 416 253 438 0 575 1128 706
666 391 706 464 0 394 69 448 524 402 551 441 491 406 520 425 674 430 709 474 123 368 212 443 263 406 301 424 216 416 252 437 0 576 1138 705
119 367 211 444 0 396 60 447 492 406 520 425 675 429 709 474 524 402 551 440 666 390 707 465 265 406 299 424 0 577 1148 706 217 416 251 437
116 365 208 445 0 395 56 448 675 429 710 475 523 402 550 440 492 406 518 425 672 391 709 465 265 406 300 424 218 415 248 437 0 577 1151 706
112 364 206 446 522 401 549 441 0 395 54 449 675 428 711 476 492 406 518 425 264 406 301 425 220 415 246 436 666 391 708 466 0 580 1150 707 447 403 469 420
110 364 203 445 522 401 548 442 672 391 710 466 0 395 51 449 263 406 302 425 492 406 517 426 221 414 246 435 0 581 1273 701 447 404 469 420
521 400 548 442 673 390 710 467 109 363 202 444 262 405 302 425 0 390 46 453 221 412 246 434 492 406 517 425 0 585 1279 702 447 404 469 420
520 401 548 442 673 390 710 467 677 429 713 476 0 391 44 452 261 404 302 424 106 362 204 444 219 410 246 433 492 406 517 425 0 583 1158 706 447 404 468 420
673 390 711 466 519 402 548 441 677 429 714 476 261 404 302 424 0 390 43 451 493 405 517 424 218 409 245 432 0 582 1160 707 94 364 182 442 447 405 467 419
678 429 715 476 674 390 712 466 0 391 37 449 518 404 547 440 260 403 301 424 493 406 517 424 215 408 244 431 0 583 1166 708 87 361 181 443 447 406 465 419
679 429 716 476 0 390 32 450 674 390 713 466 518 405 547 440 260 403 301 424 213 407 243 430 493 406 516 423 0 585 1164 709 84 358 180 445 446 406 464 419
0 390 28 450 675 390 715 466 517 404 545 440 681 429 717 475 259 402 301 424 79 358 183 446 0 585 1157 710 446 407 464 420 211 406 241 428
516 403 543 441 675 390 715 466 0 391 24 450 682 429 718 475 257 402 301 424 551 408 603 437 68 360 157 444 445 407 464 420 0 582 1153 711 199 408 232 431
515 402 542 441 676 390 716 465 0 392 21 449 683 430 719 475 256 402 302 424 549 407 604 437 196 406 230 431 63 360 154 445 0 581 1152 710 446 406 464 420
515 402 542 441 683 430 720 475 676 390 716 465 0 393 19 448 255 402 302 424 548 407 605 437 193 406 227 431 58 358 155 447 0 581 1154 710 446 406 464 420 292 409 326 432
515 402 542 439 683 430 720 475 676 390 717 465 0 395 15 446 256 402 303 425 549 407 606 437 189 406 223 430 0 583 1155 710
682 430 720 475 514 403 542 438 677 389 718 465 549 407 607 436 0 398 11 446 258 403 304 427 0 584 1158 712
681 429 719 475 514 403 541 437 678 389 719 466 549 407 607 435 262 404 306 428 37 321 210 447
514 403 541 438 681 429 719 475 549 407 607 435 32 318 206 449 263 404 308 429
514 403 541 438 23 315 202 449 681 428 720 475 550 407 608 436 261 405 310 431
15 311 204 450 513 403 542 437 681 428 721 475 678 389 720 466 259 405 312 433 551 407 610 436 419 246 456 261
9 309 210 450 513 403 542 437 681 429 722 475 678 389 720 465 259 406 315 435 418 244 455 260
7 307 214 453 513 404 541 437 681 429 722 475 678 389 721 465 258 406 314 436 417 243 455 260
513 405 541 437 678 390 721 465 255 407 312 437 1 312 172 453 416 243 454 259
678 390 722 466 513 406 540 438 252 408 310 438 0 312 164 454 542 409 569 431 417 242 454 259 1049 416 1086 441 0 581 1157 711 256 214 303 239
677 390 721 467 250 408 308 438 514 407 540 438 1049 417 1087 442 0 313 158 454 542 410 570 432 418 241 454 258 0 581 1168 713 134 409 172 438 254 214 302 238
677 390 721 467 249 408 309 438 514 407 540 438 1050 417 1087 442 0 313 157 454 542 410 570 432 418 241 454 258 0 581 1170 713 134 409 172 438 254 214 302 238
677 390 721 467 249 408 309 438 514 407 540 438 1049 417 1087 442 0 313 157 454 542 410 570 432 418 241 454 258 134 409 172 438 0 581 1170 713 254 214 302 238
677 390 721 467 249 408 309 438 514 407 539 437 1050 417 1087 442 0 313 157 453 542 410 571 432 418 241 454 258 0 581 1171 713 134 409 172 438 254 214 302 238
677 390 722 467 513 407 539 438 249 408 309 438 1050 417 1087 442 0 313 158 454 542 410 571 432 417 241 454 258 0 582 1170 714 134 409 172 438 254 214 302 238
677 390 722 466 513 407 539 438 250 409 310 438 1050 417 1087 442 0 312 159 454 541 410 571 431 417 241 454 258 0 583 1168 714 134 409 172 439 254 214 302 238
677 390 722 466 513 407 539 438 250 409 310 438 0 312 160 454 1050 417 1086 442 417 241 454 258 541 410 571 431 0 584 1166 715 134 409 172 439 516 430 538 448 254 214 302 238
677 390 722 466 513 407 539 438 250 409 310 438 0 312 160 454 1050 417 1086 442 417 241 454 258 541 410 571 431 0 583 1166 715 134 409 172 439 516 430 538 448 254 214 302 238
677 390 722 466 513 407 539 438 250 409 310 438 0 313 160 454 1050 417 1086 442 417 241 454 258 541 410 571 431 0 583 1166 715 134 409 172 439 516 430 538 448 254 214 302 238
677 390 722 466 513 407 539 438 251 409 310 438 0 313 160 454 1050 417 1086 442 417 241 454 258 541 410 571 431 0 583 1165 715 134 409 172 439 516 430 538 448 254 214 302 238
677 390 722 466 513 407 539 438 251 409 310 438 0 313 160 454 1050 417 1086 442 417 241 454 258 541 410 571 431 0 583 1164 715 134 409 172 439 516 430 538 448 254 214 302 238
677 390 722 466 513 407 539 438 251 409 310 438 0 313 160 454 1050 417 1087 442 417 241 454 258 541 410 571 431 0 583 1164 715 134 409 172 439 516 430 538 448 254 214 302 238
677 390 722 466 513 407 539 438 251 409 310 438 0 313 160 454 1049 417 1087 442 417 241 454 258 541 410 571 431 0 583 1164 715 134 409 172 439 516 430 538 448 254 214 302 238
677 390 722 466 513 407 539 438 251 409 310 438 0 313 160 454 1050 417 1086 442 417 241 454 258 541 410 571 431 0 583 1165 715 134 409 172 439 516 430 538 448 254 214 302 238
677 390 722 466 513 406 539 438 251 409 310 438 0 313 160 454 1050 417 1086 442 417 241 454 258 542 410 571 431 0 583 1165 715 134 409 172 439 516 430 537 448 254 214 302 238
677 390 722 466 513 406 539 438 251 409 310 438 0 313 160 454 1050 417 1086 442 417 241 454 258 542 410 571 431 0 583 1165 715 134 409 172 439 516 430 537 448 254 214 302 238
677 390 722 466 513 406 539 438 251 409 310 438 0 313 160 454 1050 417 1086 442 417 241 454 258 542 410 571 431 0 583 1165 715 134 409 172 439 516 430 537 448 254 214 302 238
677 390 722 466 513 406 539 438 251 409 310 438 0 313 161 454 1050 417 1086 442 417 241 454 258 542 410 571 431 0 583 1165 715 134 409 172 439 516 430 537 448 254 214 302 238
677 390 722 466 513 406 539 438 251 409 310 438 0 313 160 454 1050 417 1086 442 417 241 454 258 542 410 571 431 0 583 1165 715 134 409 172 439 516 430 537 448 254 214 302 238
677 390 722 466 513 406 539 438 251 409 310 438 0 313 160 454 1050 417 1086 442 417 241 454 258 542 410 571 431 0 583 1165 715 134 409 172 439 516 430 537 448 254 214 302 238
677 390 722 466 513 406 539 438 251 409 310 438 0 313 160 454 1050 417 1086 442 417 241 454 258 542 410 571 431 0 583 1166 715 134 409 172 439 516 430 537 448 254 214 302 238
677 390 722 466 513 406 539 438 250 409 310 438 0 313 160 454 1050 417 1086 442 417 241 454 258 542 410 571 431 0 583 1166 715 134 409 172 439 516 430 537 448 254 214 302 238
677 390 722 466 513 406 539 438 250 409 310 438 0 313 160 454 1050 417 1086 442 417 241 454 258 542 410 571 431 0 583 1166 715 134 409 172 439 516 430 537 448 254 214 302 238
677 390 722 466 513 406 539 438 250 409 310 438 0 313 160 454 1050 417 1086 442 417 241 454 258 542 410 571 431 0 583 1166 715 134 409 172 439 516 430 537 448 254 214 302 238
677 390 722 466 513 406 539 438 250 409 310 438 0 313 160 454 1050 417 1086 442 417 241 454 258 542 410 571 431 0 583 1166 715 134 409 172 439 516 430 537 448 254 214 302 238
677 390 722 466 513 406 539 438 250 409 310 438 0 313 160 454 1049 417 1086 442 417 241 454 258 542 410 571 431 0 583 1166 715 134 409 172 439 516 430 537 448 254 214 302 238
677 390 722 466 513 406 539 438 250 409 310 438 0 313 160 454 1050 417 1086 442 417 241 454 258 542 410 571 431 0 583 1166 715 134 409 172 439 516 430 537 448 254 214 302 238
677 390 721 467 513 407 539 439 249 409 307 440 0 310 155 454 416 240 453 258 541 410 571 431 1052 417 1092 443 514 429 537 448 578 411 618 437 683 439 722 483 0 584 1160 714
677 390 721 467 513 407 539 440 247 410 304 443 415 239 453 257 541 410 570 431 683 440 723 483 1 307 149 454 577 412 620 438 513 429 536 449 1068 412 1111 440
