






































305 330 412 393 0 565 1270 711 620 232 633 247
292 328 412 395 0 565 1274 712 619 231 633 246 785 318 815 338
272 329 393 397 689 319 710 335 0 569 1279 708
688 319 710 334 175 325 365 414 0 573 1266 705
688 319 710 333 175 324 348 419 617 224 634 240
131 325 313 424 689 320 710 334 617 223 635 239
99 325 328 424 689 321 710 334 615 222 635 237
689 322 710 336 613 221 636 236
0 335 172 464 613 221 636 236
614 222 636 237 575 318 590 332


714 349 736 380 613 229 633 245
715 349 736 380
716 353 737 385
715 356 738 387
715 358 740 390 830 356 868 382 692 359 715 374
832 353 872 379 716 355 741 388 612 223 638 243
719 355 743 391 836 355 875 380 612 219 639 239
720 352 744 390 614 214 639 232 848 354 884 379
849 355 891 383 719 355 743 388 613 211 640 230
854 356 895 386 614 208 641 227 564 354 596 376
858 360 900 388 715 360 741 383 614 206 643 227 566 355 596 375 695 360 714 374
715 360 740 382 565 355 596 374 695 360 715 375 862 361 900 389
733 356 757 393 869 358 916 388 716 357 739 377 615 190 644 214 565 352 594 372
873 355 921 387 735 356 758 392 616 183 644 207
736 355 758 390 879 352 926 384 566 345 593 364 0 582 1254 709
736 353 761 389 884 353 927 384 567 346 593 364 0 579 1248 706
737 351 764 390 893 352 943 386 568 346 593 364
897 348 949 385 737 349 765 389 568 345 593 363
740 349 767 389 568 342 594 361 903 346 952 384 19 576 1227 708
741 350 768 389 567 342 594 362 920 348 965 386 10 576 1236 707
919 345 977 387 744 348 770 388 566 339 594 360 9 577 1240 706
924 345 982 388 744 346 771 388 566 338 594 360 24 581 1229 709 711 345 738 361
565 338 593 359 745 344 772 389 942 347 992 387 26 579 1230 710 711 345 738 361
744 349 772 390 942 350 1003 392 566 342 592 362 25 585 1232 710
949 346 1010 394 743 349 772 388 565 343 590 363
754 350 779 395 955 345 1027 397 564 345 589 363
958 343 1033 396 754 348 780 395 563 345 588 363
756 351 782 397 556 350 589 372 976 346 1056 397
982 346 1058 399 757 351 783 398 556 351 589 372
759 352 785 397 556 351 589 372 985 346 1065 399
1003 344 1084 398 759 349 787 395 559 343 589 363
761 348 788 394 559 342 587 362 1005 343 1096 398 712 346 738 361
1022 343 1116 400 761 346 789 395 558 342 586 362 711 346 738 361
763 347 790 396 1046 345 1135 403 710 347 738 363 558 345 585 363
764 348 793 399 1047 347 1144 407 710 348 736 363
1063 347 1172 410 765 348 795 398 544 352 577 374 770 376 795 407
764 347 796 398 1086 346 1194 412 543 351 577 373 771 377 796 407
1087 345 1202 412 765 347 796 397 543 352 576 373
543 345 573 364 1110 343 1224 409 712 344 737 360
541 342 572 363 713 340 737 357 1132 341 1255 405
776 345 805 394 539 340 571 362 1150 336 1277 406 713 337 735 354 375 353 395 382
1153 335 1279 405 778 345 808 393 538 341 570 362 366 353 390 385 714 339 736 354
781 347 812 393 536 342 569 363 1166 334 1279 404
785 346 816 395 535 343 569 364 760 341 787 364 1199 337 1279 403
787 345 819 398 789 371 817 406 761 342 788 365
788 371 819 411 784 339 823 407
786 342 826 410 763 353 787 375 450 355 468 380
786 344 829 411 763 354 788 376 446 355 466 380 718 354 737 369 738 354 760 371
763 354 789 376 785 345 832 412 718 354 738 369 246 373 274 413 736 354 760 371
