

723 393 1002 531 639 388 680 461 71 399 151 440 223 403 242 429 534 403 575 426 447 295 473 309 291 404 324 420 651 425 683 465
723 393 1004 531 639 388 680 461 71 399 151 440 223 403 242 429 534 403 576 426 447 295 473 309 291 404 323 419 651 425 683 465
723 393 1005 531 639 389 680 460 71 399 151 439 223 404 242 429 533 403 576 426 447 295 473 309 292 403 322 419 651 425 682 465
723 393 1004 531 639 389 680 460 71 399 151 439 223 403 242 429 534 403 576 426 447 295 473 309 292 403 321 419 651 425 682 465
724 393 1003 531 639 388 680 460 71 399 151 439 223 404 242 428 534 403 576 426 447 295 473 309 292 403 321 419 651 425 682 465
725 393 1001 531 639 388 680 460 71 399 152 439 223 404 242 428 534 403 576 426 447 295 473 309 292 403 321 419 493 404 523 419 651 425 682 465
725 393 1001 531 639 388 680 460 72 402 150 438 223 404 242 428 534 403 576 426 447 295 473 309 292 404 321 419 493 404 523 419 651 425 682 465
725 393 1000 531 639 388 680 460 72 402 150 438 223 403 243 428 534 403 576 426 447 295 473 309 292 404 321 419 493 404 523 419
725 393 1002 531 639 388 680 460 72 402 150 438 223 403 243 428 534 403 575 426 447 294 473 309 292 404 321 419 493 404 522 419
725 393 1003 532 639 388 680 460 71 399 152 439 223 403 243 429 534 403 575 426 446 294 473 309 292 404 320 419 494 404 522 419
724 392 1005 532 639 388 680 461 71 399 152 439 223 403 243 429 534 403 576 426 446 294 473 308 292 404 320 419
723 392 1005 532 639 388 679 461 70 399 152 439 223 403 243 429 533 403 576 426 446 294 473 308 292 403 321 419
722 392 1005 531 639 388 679 461 70 399 152 440 223 403 243 429 533 403 576 426 446 294 473 308 291 403 322 420
722 393 1004 531 639 388 679 461 70 399 151 440 223 403 243 429 533 403 576 426 446 294 473 308 290 403 325 420
722 393 1004 531 639 388 679 461 70 399 152 440 222 403 243 429 533 403 577 426 446 294 473 309 289 403 326 420
722 393 1004 531 639 388 679 461 70 399 152 440 222 403 243 429 533 403 577 426 446 294 473 309 289 403 328 420
722 392 1004 532 639 388 679 461 73 402 149 437 222 403 243 430 534 403 577 426 446 294 473 309 289 403 328 420
721 392 1004 532 639 388 679 461 72 402 149 437 222 403 244 430 534 403 577 426 446 294 473 308 289 403 330 421
721 392 1004 532 639 388 679 461 72 402 150 437 222 403 244 430 534 403 577 426 446 294 473 308 288 403 331 421
722 392 1004 532 639 388 679 461 72 402 150 437 222 403 244 430 534 403 576 426 446 294 474 308 287 402 332 421
723 392 1003 532 639 388 679 461 72 402 150 437 222 403 244 430 534 403 576 426 446 294 474 308 287 402 333 422
723 392 1003 532 639 388 679 461 72 402 150 437 222 403 244 430 534 403 576 426 446 294 474 309 288 402 332 421
723 392 1003 532 639 388 679 461 72 402 150 437 222 403 243 430 534 403 576 426 446 294 474 309 288 403 331 421
722 392 1004 532 639 388 679 461 72 402 150 437 222 403 243 430 534 404 576 427 446 294 474 308 288 403 332 421
724 392 1007 532 639 388 679 461 71 399 152 439 222 403 243 430 534 404 576 427 446 294 474 308 1056 250 1271 628 288 402 332 421
725 391 1009 533 1046 248 1266 631 639 388 679 461 71 399 152 439 222 402 244 429 534 404 577 427 445 294 474 308 288 402 333 421
726 390 1010 533 639 388 679 461 1051 246 1263 631 222 402 243 430 70 399 152 439 534 404 577 427 446 294 473 308 289 402 331 421
725 390 1003 533 639 388 679 461 998 256 1227 617 222 402 243 430 70 399 152 439 534 404 577 427 1124 240 1277 632 446 294 473 308 288 402 331 421 651 426 682 465
728 385 985 524 639 388 679 461 222 402 244 430 70 399 152 439 1000 256 1215 615 534 404 577 427 287 402 331 421 446 294 473 308 651 426 682 465
727 385 971 523 639 388 679 461 70 399 152 439 222 402 244 430 918 272 1105 601 1003 257 1207 617 534 404 577 426 286 402 333 422 446 294 473 307
729 385 959 522 639 388 679 461 70 399 152 439 222 402 244 430 909 275 1097 604 534 404 577 426 285 402 334 422 446 294 473 307 994 260 1194 683
720 387 938 517 639 388 679 461 70 399 152 439 222 402 244 430 900 278 1102 663 534 404 577 426 285 401 335 422 446 294 473 307
723 388 923 516 639 388 679 461 861 287 1070 650 70 399 152 439 222 402 244 430 534 404 578 426 285 401 337 422 446 294 473 307
726 388 907 514 851 287 1069 646 639 388 679 461 70 399 152 439 222 402 244 430 534 404 577 426 285 401 337 422 446 294 473 307
725 387 894 510 639 388 679 461 70 399 152 439 222 402 244 430 853 293 1049 640 534 404 577 426 285 401 336 422 446 294 473 307
724 381 885 507 639 388 679 461 815 304 1008 633 222 402 244 430 72 402 150 437 534 404 577 427 446 294 472 307 285 401 335 422
639 388 679 461 809 304 996 635 73 402 150 437 222 402 244 429 722 373 877 505 534 404 577 427 285 401 335 422 446 294 472 307
780 307 962 631 639 388 679 461 73 402 150 437 222 401 244 429 534 404 577 427 284 401 335 422 446 294 472 307 729 398 830 500 492 404 523 419
775 314 950 623 639 388 679 461 73 402 150 437 222 402 244 429 534 404 577 427 284 400 337 422 446 294 472 307
639 388 679 462 73 402 150 437 222 401 244 429 772 320 934 617 534 404 577 427 284 400 337 422 446 294 472 307
639 388 679 462 740 325 897 606 73 402 150 437 222 401 244 429 534 404 577 426 446 294 473 308 285 400 336 423
733 317 882 582 639 388 679 462 73 401 150 437 222 401 244 430 534 403 577 426 445 294 473 308 285 400 334 423 735 463 884 618
639 388 679 462 741 327 863 561 73 401 150 437 221 401 244 430 535 403 577 426 446 294 473 308 730 466 870 612
640 388 679 463 71 399 152 439 221 401 244 430 535 403 577 426 700 318 843 580 446 294 473 308 703 464 843 604 822 378 1004 511
640 388 678 463 703 332 819 559 71 399 152 439 221 401 244 430 814 380 1002 514 694 459 832 597 535 404 577 426 446 294 473 308 284 400 333 423
690 330 811 564 801 381 1001 520 640 388 678 464 71 399 152 439 221 401 244 430 535 404 578 426 446 294 473 308 684 454 818 592 284 400 332 423
684 331 807 560 791 379 1001 524 640 388 678 464 71 399 152 439 222 402 244 430 535 404 578 426 446 294 473 308 284 400 333 423
768 382 989 523 667 335 783 550 70 399 152 439 222 401 244 430 639 387 677 464 535 404 578 426 446 294 473 308 284 401 332 423
762 382 992 525 662 337 775 548 70 399 152 439 223 401 243 430 534 404 577 426 446 294 473 308 639 387 677 465 670 470 776 568
744 388 1003 536 656 341 763 548 70 399 151 439 223 401 243 430 534 404 577 426 445 294 473 308 655 470 756 565
737 388 1004 536 651 346 757 545 71 399 151 439 223 402 243 430 534 404 577 426 445 294 473 307 651 471 750 559 283 402 331 423
733 389 1004 535 644 347 751 537 71 399 152 439 223 402 242 430 534 404 576 426 445 294 473 307
729 389 1004 534 628 348 731 526 71 399 152 439 223 402 242 430 535 404 576 426 446 294 473 307 634 449 727 542
727 390 1005 534 626 345 725 521 629 449 720 540 71 399 152 439 223 403 242 429 535 405 575 426 446 294 473 307
726 390 1005 534 624 346 718 518 71 398 151 439 222 403 242 429 626 452 714 535 536 405 575 426
726 390 1005 534 620 348 711 516 71 398 151 439 222 402 242 430 536 405 575 425 615 456 702 531
725 390 1005 533 617 351 705 514 222 402 242 430 71 398 151 439 613 455 697 528 536 405 575 425
726 391 1006 533 614 355 697 511 222 402 242 430 71 398 151 439 610 454 689 526 535 405 575 425
727 391 1006 533 611 357 692 508 222 402 242 430 71 399 152 439 607 452 684 524 535 404 575 425
727 391 1007 533 607 359 689 503 221 402 242 430 71 398 151 439 603 436 684 515 534 404 575 425
727 391 1007 532 605 359 687 500 221 402 242 430 71 398 151 439 597 438 676 512 534 404 574 426
727 392 1007 532 595 438 676 509 221 401 242 430 71 398 151 439 603 360 686 497 534 404 574 426
726 392 1006 532 592 437 674 507 221 401 242 430 71 398 151 439 602 369 669 477 534 404 575 426
726 392 1006 532 588 436 671 503 70 398 151 440 221 402 242 430 600 369 666 477 535 404 576 426
727 393 1007 531 585 434 668 501 599 367 661 479 70 398 151 440 221 403 243 430 492 404 524 420
727 393 1007 531 596 366 657 480 69 399 151 440 584 432 666 499 222 403 243 429 492 404 525 420
726 393 1006 531 593 366 654 479 69 399 151 440 222 403 243 429 584 432 664 498 492 404 525 420 639 386 681 463
725 392 1005 532 591 369 651 477 69 399 152 440 222 403 243 429 639 387 681 464 492 404 525 420 583 436 639 499
724 392 1004 532 69 400 152 440 639 388 681 464 582 371 642 482 583 436 637 497 221 402 243 429 492 404 525 420
724 392 1004 532 581 372 642 481 582 435 636 496 68 400 152 440 638 388 681 464 221 402 244 429 492 404 526 419
724 392 1004 532 580 374 639 478 68 400 152 440 636 388 680 464 580 433 634 494 221 403 244 429 492 404 526 419 654 427 682 464
724 391 1004 532 579 376 634 474 68 400 152 440 635 389 679 464 221 403 245 429 578 432 631 493 492 404 526 419 653 426 682 465
724 391 1005 533 577 377 631 471 68 400 152 440 634 389 679 464 653 425 682 466 576 431 628 492 492 404 527 419
724 390 1006 533 576 378 628 470 67 400 152 440 635 389 679 464 652 424 682 466 492 403 527 419 532 402 579 424 574 431 626 491
724 390 1006 534 574 378 627 470 636 390 679 464 67 400 152 440 222 403 251 428 492 403 528 419 652 425 682 466 532 402 579 424
723 390 1006 534 573 379 623 469 637 390 679 463 67 400 152 440 222 403 251 428 491 403 528 419 652 425 682 467 532 402 578 425
723 390 1006 534 571 379 621 469 638 389 679 463 67 401 151 440 222 403 250 428 491 403 528 419 572 429 621 478 652 425 682 467 531 402 577 425
724 390 1007 534 570 380 618 469 639 389 680 463 67 401 151 440 491 403 529 419 652 425 682 467
725 390 1007 534 570 380 617 469 639 389 680 463 66 402 151 440 491 403 529 419 652 425 682 468 529 402 574 426
726 390 1009 534 640 389 680 463 561 382 614 472 66 402 151 441 491 403 528 420 652 425 682 468 571 428 617 476 529 402 571 425
727 389 1010 535 561 382 613 472 640 388 680 463 491 403 527 420 67 402 151 441 651 426 682 468 529 402 569 424
730 389 1010 536 559 384 611 471 641 389 680 463 492 403 526 420 68 403 151 442 529 402 567 424
731 389 1009 536 558 385 609 469 641 389 680 463 492 404 525 420
732 389 1008 537 557 385 606 467 641 389 680 463 492 405 524 421 67 404 151 442 559 429 603 475
731 390 1008 536 556 385 604 467 641 389 680 463 490 405 525 422 66 404 150 442 557 431 600 474
730 390 1009 536 554 385 602 466 641 389 679 464 65 404 150 442 490 404 526 422 222 404 245 431 555 431 598 473
730 391 1011 536 553 386 601 465 641 389 679 464 64 404 149 442 221 404 245 431 490 404 526 422 554 431 597 472
731 391 1014 536 552 387 599 464 641 389 679 464 64 404 148 442 220 404 246 431 552 429 595 472 490 404 525 422
732 391 1016 536 551 386 597 463 640 389 679 464 64 404 146 442 220 404 245 431 551 429 594 471 490 404 525 422
733 391 1018 536 640 389 679 463 550 385 595 462 550 428 593 470 64 403 145 442 219 404 245 431 491 405 525 422
735 391 1019 536 640 389 679 463 549 384 594 462 549 428 593 470 63 403 144 442 219 404 244 431 490 404 526 423
736 390 1021 537 639 389 679 463 549 384 593 462 63 404 143 442 220 404 243 431 490 405 526 423
737 390 1024 538 639 389 679 463 548 385 592 463 220 404 242 431 63 404 143 441 490 404 527 423
736 390 1027 538 639 390 680 463 548 386 591 464 63 404 143 442 219 404 242 431 490 404 526 423 270 410 306 431 0 571 1116 708
735 390 1028 538 639 390 680 463 547 387 591 464 62 404 143 441 218 404 242 431 490 404 527 423 270 409 307 431
732 395 1051 535 639 390 680 463 547 388 590 464 62 404 142 442 217 402 242 432 490 404 527 423 268 409 307 431 0 572 1122 708
737 394 1050 536 640 390 680 463 546 388 590 463 62 404 141 441 216 402 241 433 490 404 527 423 267 408 306 432 0 573 1124 708
741 393 1051 537 640 390 680 463 539 393 587 459 215 402 241 434 62 404 141 441 490 404 527 423 548 426 588 463 266 408 306 432 0 574 1127 708
