

0 396 68 449 666 391 705 465 523 402 551 440 492 406 518 425 674 430 708 473 123 369 211 442 265 406 299 423 217 415 251 437 0 577 1124 707
0 395 67 449 523 402 550 440 666 391 706 465 492 406 518 424 122 368 210 443 675 430 709 474 216 415 250 437 265 406 298 423 0 577 1134 706
0 396 60 447 119 367 210 443 523 402 550 440 492 406 517 424 676 430 709 474 666 390 706 465 217 415 249 437 266 406 298 423 0 577 1143 707 244 409 271 426
116 365 210 445 0 395 58 448 522 401 549 440 676 429 710 475 492 406 517 424 672 391 709 465 555 408 600 435 266 406 298 423 218 415 248 437 0 579 1147 707 244 408 270 426
113 366 207 445 0 394 55 449 522 401 549 440 675 428 711 476 671 391 710 465 492 406 517 424 265 406 299 424 554 408 600 436 219 414 247 436 0 580 1151 707
111 366 205 445 522 400 548 441 0 394 53 449 675 428 711 476 263 406 301 425 553 408 601 436 220 413 247 435 680 393 709 448 0 580 1267 700
521 400 547 442 109 365 204 445 672 391 710 466 0 394 52 449 263 406 302 425 221 413 247 435 552 408 602 436 0 580 1279 701
520 401 547 442 673 391 710 467 108 363 202 444 263 405 301 424 0 390 46 453 221 412 246 434 550 408 602 435 493 406 516 424 0 583 1279 702
673 390 711 467 519 402 547 441 106 362 204 444 0 390 45 452 678 429 712 476 263 405 301 424 220 411 246 433 550 408 602 435 493 406 516 424 0 585 1279 702 195 415 229 439
673 390 711 467 519 403 547 439 0 390 44 451 678 429 713 476 95 365 185 443 263 404 301 424 219 409 246 432 493 406 516 423 550 408 602 435 0 582 1156 707
674 390 712 467 678 429 714 476 519 404 547 438 262 404 301 424 0 392 38 448 218 408 245 432 91 364 184 442 552 408 601 435 494 406 516 423 0 581 1166 708 448 406 466 419
674 390 713 466 679 429 715 476 0 391 34 449 518 404 546 438 261 403 301 424 215 408 244 431 88 363 180 443 553 409 601 435 0 582 1167 709 447 406 465 419 494 407 516 423
675 390 714 466 0 391 29 449 681 429 717 475 517 404 545 439 260 403 301 424 553 409 602 436 83 361 180 444 213 407 242 430 446 407 464 419 0 583 1163 709
516 404 543 440 0 391 24 449 676 390 715 466 258 403 301 424 683 430 718 475 552 408 603 436 70 361 160 445 446 407 464 420 0 583 1156 710 201 408 231 432 211 407 241 427
516 403 543 441 676 390 715 466 0 392 22 448 257 402 301 424 683 429 718 475 550 407 604 436 67 360 157 445 199 408 231 432 447 407 464 420 0 582 1150 710
516 403 543 441 676 390 716 466 683 429 719 475 0 392 20 448 256 402 302 424 548 406 607 437 61 360 157 445 196 407 230 431 447 408 464 420 0 581 1149 711
515 403 543 440 683 430 720 475 676 390 717 466 255 402 304 425 0 395 16 447 546 406 608 437 191 407 228 432 55 357 159 447 0 580 1150 711 447 408 464 420 493 406 515 422
682 430 720 475 515 403 542 439 676 390 718 466 256 402 306 426 0 397 13 445 546 406 609 436 187 406 223 431 0 581 1155 712
681 430 720 475 515 403 542 438 676 390 718 466 548 406 608 436 259 403 307 426 0 400 11 445 185 406 220 430 0 583 1157 711
514 403 542 438 681 430 721 475 677 389 719 466 550 407 608 436 261 404 307 427 35 320 206 447
515 404 542 437 681 429 721 475 678 389 719 466 550 407 608 436 262 405 307 429 27 316 203 447
514 404 542 437 681 429 722 475 19 313 199 449 678 389 720 466 551 408 609 437 261 405 309 431
514 403 542 438 13 310 202 449 681 429 722 475 679 389 720 466 260 406 310 432 551 407 610 437 418 245 456 261
9 308 206 452 514 404 542 438 681 429 722 475 678 389 720 466 258 406 313 434 418 244 455 260
4 312 177 451 513 405 541 438 678 390 721 466 256 406 311 436 417 243 455 259
514 406 540 438 678 390 722 466 253 407 310 437 2 313 168 453 542 409 567 431 417 242 455 259 684 439 722 482
678 390 722 466 514 407 540 438 251 408 309 437 1048 416 1085 442 542 410 569 431 0 314 162 452 417 242 455 258 684 439 722 482 448 409 467 424 0 581 1167 712 255 214 303 239
678 390 722 466 514 407 539 438 249 409 309 438 1049 417 1087 442 542 411 569 431 417 242 454 259 135 410 173 438 0 315 159 453 0 581 1175 713 683 440 722 482 254 214 302 239 448 410 466 424 515 430 537 447
678 390 722 466 514 407 539 438 249 409 309 438 1049 417 1087 442 542 411 570 431 417 242 454 259 0 314 159 453 135 409 173 438 0 581 1178 714 683 440 722 482 448 410 466 424 254 214 302 239 515 430 537 447
678 390 722 466 514 407 539 438 249 409 309 438 1049 417 1087 442 542 411 570 431 417 242 454 259 0 314 158 453 134 410 173 439 0 581 1178 714 683 440 722 482 515 430 537 447 448 410 466 424 254 214 302 239
678 390 722 466 513 407 539 438 249 409 309 438 1049 417 1087 442 542 411 570 431 417 242 454 259 0 314 159 453 134 410 173 439 0 581 1177 714 683 440 722 482 515 430 537 447 448 410 466 424 254 214 302 239
677 390 722 466 513 406 539 438 250 409 309 438 1049 417 1087 442 0 313 159 453 417 242 454 259 542 411 570 431 0 581 1173 714 135 410 173 438 683 440 723 482 447 410 466 424 515 430 537 448 254 214 302 239
677 390 722 466 513 406 539 439 250 409 309 438 1049 417 1087 442 0 313 160 453 417 242 454 259 542 410 571 431 0 582 1169 714 135 410 173 438 447 409 466 423 515 430 537 448 254 214 302 238 683 440 723 482
677 390 722 466 513 406 539 439 251 409 309 438 1049 417 1087 442 0 312 161 453 417 242 454 259 542 410 571 431 0 582 1166 714 447 408 467 422 136 410 173 438 515 430 537 448 254 214 302 238
677 390 722 466 513 406 539 439 251 409 309 438 1049 417 1087 442 0 312 161 453 417 242 454 259 542 410 571 431 0 582 1166 714 447 408 467 422 136 410 173 438 515 430 537 448 254 214 302 238
677 390 722 466 513 406 539 439 251 409 309 438 1049 417 1087 442 0 312 161 453 417 242 454 259 542 410 571 431 0 582 1166 714 447 408 466 422 136 410 173 438 515 430 537 448 254 214 302 238
677 390 722 466 513 406 539 439 251 409 309 438 1049 417 1087 442 0 312 161 453 417 242 454 259 542 410 571 431 0 582 1165 714 447 408 466 422 136 410 173 438 515 430 537 448 254 214 302 238
677 390 722 466 513 406 539 439 251 409 309 438 1049 417 1087 442 0 312 161 453 417 242 454 259 541 410 571 431 0 582 1166 714 447 408 466 422 136 410 173 438 515 430 537 448 254 214 302 238
677 390 722 466 513 406 539 439 251 409 309 438 1049 417 1087 442 0 312 161 453 417 242 454 259 541 410 571 431 0 582 1166 714 447 408 466 422 136 410 173 438 515 430 537 448 254 214 302 238
677 389 722 466 513 406 539 439 251 409 309 438 1049 417 1087 442 0 312 161 453 417 242 454 259 541 410 571 431 0 582 1166 714 447 408 466 422 136 410 173 438 515 430 537 448 254 214 302 238
677 389 722 466 513 406 539 439 251 409 309 438 1049 417 1087 442 0 312 161 453 417 242 454 259 541 410 571 431 447 408 466 422 0 582 1165 714 136 410 173 438 254 214 302 238 515 430 537 448
677 389 722 466 513 406 539 439 251 409 309 438 1049 417 1087 442 0 312 161 453 417 242 454 259 541 410 571 431 447 408 466 422 0 583 1165 714 136 410 173 438 515 430 537 448 254 214 302 238
677 389 722 466 513 405 539 439 251 409 309 438 1049 417 1087 442 0 312 161 453 417 242 454 259 541 410 571 431 0 583 1166 714 447 408 466 422 136 410 173 438 254 214 302 238 515 430 537 448
677 389 722 466 513 405 539 439 251 409 309 438 1049 417 1087 442 0 312 161 453 417 242 454 259 541 410 571 431 0 583 1166 714 447 408 466 422 136 410 173 438 254 214 302 238 515 430 537 448
677 390 722 466 513 405 539 439 251 409 309 438 1049 417 1087 442 0 312 161 453 417 242 454 259 541 410 571 431 0 583 1166 714 447 408 466 422 136 410 173 438 254 214 302 238 515 430 537 448
677 390 722 466 513 405 539 439 251 409 309 438 1049 417 1087 442 0 312 161 453 417 242 454 259 541 410 571 431 447 408 467 422 0 583 1166 714 136 410 173 438 254 214 302 238 515 430 537 448
677 390 722 466 513 405 539 439 251 409 309 438 1049 417 1087 442 0 312 161 453 417 242 454 259 541 410 571 431 447 408 467 422 0 583 1166 714 136 410 173 438 254 214 302 238 515 430 537 448
677 390 722 466 513 405 539 439 251 409 309 438 1049 417 1087 442 0 312 161 453 417 242 454 259 541 410 571 431 447 408 467 422 0 583 1166 714 136 410 173 438 254 214 302 238 515 430 537 448
677 390 722 466 513 405 539 439 251 409 309 438 1049 417 1087 442 0 312 161 453 417 242 454 259 541 410 571 431 447 408 467 422 0 583 1165 714 136 410 173 438 254 214 302 238 515 430 537 448
677 390 722 466 513 405 539 439 251 409 309 438 1049 417 1087 442 0 312 160 453 417 242 454 259 541 410 571 431 447 408 467 422 0 583 1165 714 136 410 173 438 254 214 302 238 515 430 537 448
677 390 722 466 513 405 539 439 251 409 309 438 1049 417 1087 442 0 312 160 453 417 242 454 259 541 410 571 431 0 583 1165 714 447 408 467 422 136 410 173 438 254 214 302 238 515 430 537 448
677 390 722 466 513 405 539 439 251 409 309 438 1049 417 1087 442 0 312 160 453 417 242 454 259 541 410 571 431 447 408 467 422 0 583 1165 714 136 410 173 438 254 214 302 238 515 430 537 448
677 390 722 466 513 405 539 439 251 409 309 438 1049 417 1087 442 0 312 160 453 417 242 454 259 541 410 571 431 0 583 1165 714 447 408 467 422 136 410 173 438 254 214 302 238 515 430 537 448
677 390 722 466 513 405 539 439 251 409 309 438 1049 417 1087 442 0 312 160 453 417 242 454 259 541 410 571 431 0 583 1165 714 447 408 467 422 136 410 173 438 254 214 302 238 515 430 537 448
677 390 721 466 513 406 539 440 249 409 307 440 416 241 453 258 541 410 570 431 0 310 154 453 1051 417 1092 443 579 411 618 437 514 429 536 449 447 409 467 423 682 440 723 483 0 584 1162 714
677 390 721 467 247 410 305 442 513 407 539 441 415 240 453 257 541 411 569 432 682 440 723 483 578 411 620 437 512 429 535 449 1069 412 1111 439 120 412 154 442 2 309 149 454
677 390 721 468 1064 413 1119 441 245 411 302 444 512 407 539 442 118 411 153 442 414 239 452 256 682 440 723 484 540 411 568 432 577 411 622 437 511 428 535 450 154 403 201 432
677 390 721 468 1064 413 1119 441 245 411 302 444 512 407 539 442 118 411 153 442 414 239 452 257 682 440 723 484 540 411 569 432 577 412 622 437 511 428 535 450 154 403 201 432
677 390 721 468 1064 413 1119 441 245 411 302 444 512 407 539 442 118 411 153 442 414 239 452 257 682 440 723 484 540 411 569 432 577 412 622 437 511 428 535 450 154 403 201 432
677 390 721 468 1064 413 1118 441 245 411 302 444 512 407 539 442 118 411 153 442 414 239 452 256 682 440 723 484 540 411 569 432 577 412 622 437 511 428 535 450 154 403 201 432
677 390 721 468 1064 413 1119 441 244 411 302 444 512 407 539 442 118 411 153 442 414 239 452 256 682 440 723 484 540 411 569 432 511 428 535 450 577 412 622 437 154 403 201 432
677 390 721 468 1064 413 1119 441 244 411 302 444 512 407 539 442 118 411 153 442 414 239 452 257 682 440 723 484 540 411 569 432 511 428 535 450 577 412 622 437 154 403 201 432
677 390 721 468 1064 413 1119 441 244 411 302 444 512 407 539 442 118 411 153 442 414 239 452 257 682 440 723 484 540 411 569 432 511 428 535 450 577 412 622 437 154 403 201 432
677 390 721 468 244 411 302 444 1065 413 1119 441 512 407 539 442 118 411 153 442 414 239 452 257 682 440 723 484 540 411 569 432 511 428 535 450 577 412 622 437 154 403 201 432
677 390 721 468 245 411 302 444 1065 413 1118 441 512 407 539 442 118 411 153 442 414 239 452 257 682 440 723 484 540 411 569 432 511 428 535 450 577 412 622 437 154 403 200 432
677 390 721 468 245 411 302 444 1065 413 1118 441 512 407 539 442 118 411 153 442 414 239 452 256 682 440 723 484 540 411 569 432 511 428 535 450 577 411 622 437 154 403 200 432
675 405 722 479 245 411 302 444 513 408 539 442 1067 413 1119 441 115 411 150 442 414 239 452 256 540 411 569 432 577 411 622 438 511 428 534 450 154 402 201 431
675 404 722 480 513 409 539 440 413 237 452 255 540 412 569 433 577 412 623 439 152 402 202 431 246 411 301 444 1070 415 1123 441 448 409 468 425 113 412 146 441 512 428 535 450
675 403 722 481 232 410 298 446 412 236 452 253 576 413 624 441 538 413 569 434 150 402 205 431 448 409 468 425 1068 423 1121 453 93 413 133 443
675 402 722 483 227 412 298 447 538 414 570 436 88 412 130 442 576 415 626 442 147 403 206 432 411 235 453 252 447 410 468 425 1069 424 1127 457 681 444 722 488
675 402 721 483 222 408 302 452 537 415 569 437 680 446 722 490 147 403 206 432 1072 420 1154 460 84 412 124 441 575 415 626 443 411 235 454 251 447 409 468 425 462 407 486 426
675 403 721 485 537 416 571 438 219 408 300 453 1074 422 1156 460 680 447 722 493 148 405 204 433 575 419 630 451 3 415 78 460 411 234 454 250
675 403 721 486 1084 423 1152 460 537 417 571 439 680 449 722 494 575 419 631 453 150 406 203 434 216 412 295 458 410 233 454 250
674 404 720 486 576 419 633 453 1087 424 1153 461 538 418 572 439 513 412 539 445 679 450 722 495 410 231 453 249 150 408 203 436 1168 418 1219 488 210 417 270 457 295 416 317 430
673 404 720 487 576 420 633 454 679 451 722 495 514 424 537 453 1095 421 1179 458 205 418 269 458 539 419 570 439 142 409 197 437 409 229 453 249 1175 413 1268 491 293 417 317 431
671 404 719 487 574 421 634 455 1098 421 1182 458 514 424 537 454 678 451 722 495 196 416 277 461 539 420 570 439 140 411 197 439 1179 414 1265 486 408 224 449 243
670 404 719 487 1101 421 1187 458 573 421 636 455 513 412 540 447 407 221 448 241 677 451 721 495 138 411 197 440 1195 411 1277 491 539 419 571 440 188 418 276 461 374 419 398 436
669 403 718 487 1208 412 1274 493 406 218 448 238 513 410 539 447 1105 419 1190 458 676 450 720 494 540 417 573 439 138 410 193 439 577 419 635 455 170 417 251 463 4 412 56 450
669 403 718 487 1216 412 1277 490 513 408 538 446 404 215 449 234 1108 419 1193 459 541 416 574 439 676 449 720 494 137 408 190 438 514 427 534 451 602 422 642 451 165 416 246 461 2 408 32 451
668 402 718 487 514 407 538 443 541 414 572 436 2 405 26 449 1115 421 1179 459 1220 411 1276 484 676 447 720 492 1196 415 1244 446 402 210 449 230
667 403 718 486 515 406 538 440 1122 418 1205 454 1244 412 1278 491 542 412 571 434 136 400 231 456 598 412 645 443 1197 418 1243 454 675 445 720 490 561 411 594 437 139 215 185 234 1219 412 1266 443
129 396 232 457 667 403 718 485 516 405 538 437 542 410 570 432 1128 416 1210 454 406 195 447 215 598 408 647 444 561 408 595 434 1215 412 1270 444 135 211 183 229
123 395 230 458 666 404 717 484 516 405 538 436 543 409 570 431 404 192 448 212 1132 416 1215 455 598 406 648 444 562 407 595 433 1213 411 1276 445 0 586 1129 710
109 396 215 461 666 403 717 485 517 405 539 435 544 409 570 431 562 406 595 433 400 188 449 209 600 405 650 444 1213 410 1278 446 1144 412 1233 451 0 588 1131 710
99 395 212 464 665 402 717 485 518 405 539 435 1149 411 1234 451 545 409 570 431 1216 408 1279 447 563 406 595 433 398 184 449 205 602 405 652 443 0 588 1136 710
79 395 199 466 663 396 710 485 519 405 540 435 1155 410 1234 451 1219 408 1279 448 563 405 594 432 546 410 569 430 397 181 448 202 603 405 654 443 0 589 1138 711 243 405 283 425
66 394 199 466 663 396 709 485 519 405 540 435 1159 408 1237 451 1222 407 1279 449 563 405 594 431 546 410 569 430 583 398 666 448 242 404 285 426 0 590 1142 712
662 399 710 484 519 405 540 435 240 404 288 426 545 409 570 430 563 405 593 431 50 395 177 466 582 398 668 448 1171 405 1257 449 1244 405 1279 447 0 590 1141 712 387 171 436 194
662 399 709 484 519 404 540 434 1175 404 1257 447 544 407 572 429 237 404 290 426 581 398 669 447 41 401 174 471 1245 404 1279 446 384 168 437 191 562 405 592 432 0 589 1135 713
11 400 160 473 661 401 709 483 519 403 541 434 1178 402 1261 446 234 404 291 426 381 164 436 187 1248 402 1279 445 582 397 670 447 562 404 594 432 544 406 571 429 131 398 195 428 0 589 1133 713
659 402 708 482 519 402 541 434 233 403 289 425 379 161 436 184 562 403 596 433 1251 402 1279 444 127 398 193 428 582 395 669 447 3 398 132 475 1181 402 1264 446 0 589 1128 713 545 407 569 428
0 393 125 479 657 404 707 482 519 401 541 434 235 401 285 423 562 402 596 433 584 395 668 446 124 396 191 427 1255 404 1279 444 1197 399 1274 448 378 155 431 182 0 590 1128 712
656 405 705 482 519 401 541 433 236 401 283 422 562 402 594 433 1199 402 1274 449 0 382 113 477 581 400 619 439 586 395 668 446 123 395 190 426 376 145 432 168 0 589 1126 710
655 406 704 483 520 400 542 432 0 381 86 478 1203 405 1276 450 373 141 432 163 237 400 282 421 561 402 592 432 583 400 619 439 322 395 350 415 587 395 668 446 0 591 1133 711
520 401 542 432 655 405 703 483 371 137 433 159 236 401 281 421 562 403 592 433 1213 407 1276 450 583 401 618 439 0 381 68 476 322 395 350 415 0 591 1135 711
520 402 543 433 654 404 704 483 562 404 594 433 235 401 283 422 367 131 435 157 1220 407 1277 453 584 403 619 439 321 394 352 416 3 382 60 471 109 394 173 426 0 594 1137 711
521 403 544 433 653 402 703 484 562 406 595 434 233 401 284 423 585 404 620 439 1225 406 1278 454 106 394 173 426 367 401 408 422 372 122 434 147 19 598 1205 707
522 404 544 434 652 399 703 485 563 407 596 434 232 401 286 425 371 118 433 144 586 405 622 440 1242 407 1278 453 106 395 171 426 321 399 354 423 17 599 1205 708
