

164 437 345 551 604 470 712 551 358 470 460 529 0 370 171 574 840 483 860 517 789 329 813 362 688 483 727 517 308 387 324 421
605 470 712 551 158 438 345 552 356 470 461 530 0 372 160 574 841 483 861 517 790 329 813 360 688 483 727 517 305 387 321 421 636 341 678 356
608 470 712 551 139 435 334 558 351 471 461 530 0 373 149 572 842 484 862 518 792 328 812 358 702 482 739 517 302 386 318 421 517 482 541 503 365 335 411 351
128 436 331 559 609 471 712 551 347 472 462 530 0 364 133 576 701 483 739 517 792 327 812 356 298 385 316 422 360 335 410 350 842 485 863 517 516 482 542 503
118 435 324 561 609 472 712 551 343 473 462 532 0 360 124 578 701 483 740 518 794 327 813 356 296 383 314 424 357 335 409 349
110 436 317 561 609 473 712 551 340 474 462 533 701 484 740 519 0 359 112 578 294 384 311 424 795 327 815 355 357 334 407 349 636 338 680 352
101 436 313 561 609 472 713 552 337 474 461 535 701 483 742 520 0 349 90 586 292 384 308 424 512 484 540 506 636 337 681 351 357 334 404 347 796 327 816 354
610 472 713 553 93 436 313 561 334 473 461 536 0 350 80 588 702 483 743 520 636 336 681 349 512 483 540 507
610 471 714 554 77 435 304 565 333 472 461 537 701 483 745 520 1 360 71 586 635 334 681 348 510 483 540 507
71 434 300 566 610 471 714 555 326 471 447 536 700 483 747 520 1 368 63 578 635 333 682 346 510 482 540 508
62 433 295 567 610 471 714 556 326 471 446 537 699 483 748 521 634 331 683 345
49 432 286 568 610 471 715 558 323 472 444 537 700 481 750 521 442 476 519 524
38 430 279 569 610 470 715 558 320 472 444 537 701 480 752 522 442 476 519 524 631 324 680 340
613 469 718 559 315 472 443 537 18 426 267 572 701 475 756 526 442 477 519 524 631 322 679 339
13 423 267 576 613 469 718 558 312 471 443 538 703 476 758 525 631 319 679 337 442 477 519 525
7 422 258 577 613 469 719 557 309 471 442 539 705 475 760 525 442 478 519 525 632 317 679 335 254 370 272 415 812 474 834 517
3 422 247 577 614 469 718 556 307 470 439 539 443 478 519 525 707 473 761 524 631 314 681 333 814 474 836 519 249 369 267 415
0 421 235 577 614 469 718 555 300 468 428 540 442 478 521 525 630 312 682 331 708 473 761 524 244 368 262 414 815 475 838 520
0 421 229 577 299 468 429 540 614 469 718 554 441 477 521 525 629 310 684 328 722 477 766 521 309 310 366 326 838 476 858 512
296 468 429 541 0 416 222 580 614 469 719 555 440 477 521 525 722 477 767 521 627 307 686 325 783 478 804 518 232 367 249 413 836 476 859 515
291 468 430 541 614 469 721 556 0 412 215 583 439 476 521 526 722 478 768 521 784 478 805 519 625 304 688 323 227 365 246 413
287 468 430 542 613 470 722 557 0 407 198 585 438 476 521 527 716 476 770 528 785 479 806 520 221 364 240 413
283 468 429 543 614 470 722 557 0 407 192 587 436 474 524 528 717 476 771 529 624 298 683 317 786 480 807 520
278 473 425 544 614 472 722 558 0 405 182 587 434 474 526 529 624 294 682 315 725 482 770 520 787 479 807 522 839 476 866 522
614 473 722 559 275 472 422 545 0 400 172 586 433 473 527 529 623 292 682 312 726 484 772 519 787 479 808 523 841 475 868 523 782 371 801 423
614 472 723 560 269 470 413 548 0 397 162 584 432 473 526 529 622 289 682 310 728 484 775 521 784 369 803 423 842 474 868 524 198 353 218 408
613 472 722 560 267 470 413 549 0 397 155 584 431 474 525 530 621 287 684 308 729 484 777 522 786 368 806 422 862 478 884 519
261 470 412 549 614 472 722 560 0 393 137 587 619 284 686 305 430 474 523 530 731 484 780 523 788 365 808 422 860 476 884 522
255 469 409 549 614 474 723 560 0 395 126 588 428 476 521 530 618 280 688 302 789 363 811 422 734 485 781 523 258 286 314 304 850 469 889 538
615 475 723 560 250 469 407 550 0 398 113 588 428 477 518 530 791 361 814 422 616 278 689 299 853 466 892 540 746 483 790 521 253 283 309 301
615 476 724 560 248 469 404 550 0 403 105 586 428 477 517 530 791 359 816 423 746 484 789 521 856 465 895 541 620 272 683 293 822 479 864 515
614 477 725 561 236 467 409 554 0 409 88 586 620 268 682 290 427 477 516 531 749 485 789 521 793 357 818 424 823 479 867 515 858 463 900 542
614 478 726 562 231 467 407 555 1 437 82 595 619 263 683 287 427 477 515 531 750 486 791 521 795 355 820 423
614 478 728 563 228 466 405 557 617 259 684 283 426 475 515 532 0 444 71 594 872 469 915 557 752 492 793 526 228 266 281 287 829 483 873 516
224 466 403 556 615 480 729 564 616 257 686 280 1 460 56 587 876 468 919 558 419 475 507 533 753 492 797 527 830 484 876 516 226 263 277 284 804 349 827 407
220 465 398 556 615 481 731 562 881 468 924 558 420 474 507 533 755 485 800 522 807 345 831 410 616 255 688 276 832 485 875 515 711 481 746 510
216 465 396 555 617 482 732 560 419 473 507 533 757 484 803 523 811 342 835 411 884 467 927 558 852 484 889 513 621 244 683 266
212 464 394 555 618 482 734 558 419 473 509 533 893 465 941 561 760 485 803 521 618 238 683 262 808 334 841 417 852 483 893 513
209 463 394 556 620 481 734 559 418 472 510 532 898 465 948 561 603 233 692 259 810 331 844 414 852 483 894 514 762 485 803 519
214 453 386 554 621 480 735 560 417 470 509 530 852 481 898 514 770 481 814 518 813 326 848 410 902 467 954 560 601 228 695 255
623 478 738 562 212 453 386 553 416 468 508 529 919 453 968 552 771 480 814 517 852 480 900 513 601 214 692 245 823 322 856 408
195 454 384 553 625 476 740 562 920 462 978 563 414 468 506 528 772 480 814 517 599 209 691 238 849 477 905 514 825 320 858 405
192 453 384 553 627 476 742 561 413 467 507 527 826 314 861 397 773 480 815 516 924 462 983 563 598 204 692 233 850 476 905 514
188 453 380 553 628 476 743 560 412 465 507 527 831 310 865 397 775 481 816 517 937 456 998 568 853 477 904 513 880 481 913 512 596 200 696 231
184 452 376 554 629 475 743 559 836 303 870 396 410 464 507 528 778 481 819 517 942 458 1006 568 881 482 913 512 596 187 691 217
177 452 372 554 631 474 743 558 840 297 874 395 409 464 507 528 781 482 823 520 594 180 692 210 962 456 1024 572 882 484 915 512
173 451 369 554 635 473 747 559 407 464 507 528 967 454 1029 573 846 294 881 392 593 178 694 204 783 482 825 520
169 451 365 555 637 473 748 561 850 290 885 391 407 463 506 528 283 453 385 528 593 164 693 196
637 475 750 562 155 458 362 560 854 285 891 392 405 462 507 528 282 456 385 528 593 157 693 189 981 444 1067 589
639 477 753 561 148 458 360 561 857 273 897 389 281 458 383 528 403 463 507 528 1001 445 1089 590 585 149 687 184
640 479 755 559 144 458 359 561 279 459 383 527 401 464 507 528 860 269 901 388 1014 444 1100 590 805 479 846 549 582 138 688 173
642 480 757 558 135 448 341 558 279 459 381 527 871 263 913 382 399 465 505 529 807 478 848 552 578 130 689 166
130 447 341 559 644 480 757 557 877 255 920 380 279 458 380 526 398 464 504 529 808 477 850 553 573 110 690 149
124 445 340 559 645 480 759 555 279 456 380 526 882 242 926 370 396 463 503 528 808 475 849 553 1069 427 1160 570 568 104 691 140
118 445 338 559 646 479 761 555 395 462 504 528 279 456 380 524 807 475 848 552 891 236 935 370 1075 424 1169 566 565 89 690 126
114 445 331 558 647 478 764 557 392 464 504 526 278 456 381 524 896 228 943 366 807 474 847 552 562 82 690 118
109 445 327 558 649 476 767 559 279 456 383 523 381 463 493 527 806 474 849 552 901 226 952 359 559 56 695 100 1152 416 1251 560
102 445 322 558 652 474 769 559 278 456 383 524 379 463 491 526 805 474 850 552 915 202 967 355 1162 415 1263 556 836 480 870 517 555 48 695 92
96 446 320 557 660 472 773 560 277 456 381 524 377 464 491 526 805 474 850 553 921 195 974 350 835 480 873 517 554 32 696 76
90 445 319 557 661 473 777 559 277 456 382 524 805 473 851 554 375 463 494 526 834 480 875 517 924 189 994 349 551 26 696 68
77 445 305 558 662 474 780 557 276 456 385 522 804 473 852 554 375 463 497 526 935 162 1005 332 847 480 884 517
74 443 306 559 665 474 784 556 276 454 390 520 803 472 853 555 374 461 499 526 847 479 886 517 957 152 1025 327
70 442 305 560 667 473 787 556 276 453 392 519 964 140 1032 319 804 471 853 556 848 477 887 516 375 460 498 525 911 484 941 510
63 440 301 560 669 472 792 558 848 476 890 515 278 452 391 519 374 458 497 525 804 471 854 557 974 129 1047 315
55 439 295 560 670 471 796 559 847 475 893 514 373 455 498 525 279 453 389 518 804 472 854 557 922 478 962 509 1005 92 1082 295
49 437 287 560 671 469 798 560 1013 79 1089 287 846 475 896 513 803 474 855 556 924 478 965 510 371 453 499 525
45 436 283 560 672 469 799 559 845 475 898 513 802 475 855 555 925 480 963 509 1022 65 1105 278 373 451 498 525 966 480 982 513
38 435 279 561 683 469 801 560 846 474 900 512 802 477 855 555 927 482 962 509 966 480 984 512 374 452 495 524 1018 36 1108 256
32 434 279 561 683 470 805 560 847 472 902 512 279 444 387 515 375 455 493 523 965 480 983 512 929 481 963 509 802 476 854 555 1058 20 1157 246
27 434 279 561 685 470 807 559 279 445 384 515 848 470 905 512 372 455 494 523 929 481 967 509 806 457 856 549 966 481 982 510 1065 17 1162 228
26 434 278 560 686 470 810 558 849 469 907 513 1093 1 1212 204 805 456 856 550 929 480 970 508 369 453 495 523 985 481 1002 509
13 432 268 561 688 469 813 557 804 453 856 552 850 468 910 511 985 480 1001 508 930 480 971 507 1099 5 1213 188
10 429 269 561 689 467 816 556 850 466 912 510 802 451 856 550 272 443 483 519 986 478 1002 507 1155 6 1267 163
7 426 268 561 690 465 821 554 849 464 914 508 273 441 483 516 802 450 854 546 988 475 1004 505
5 423 266 560 697 461 846 558 270 439 483 513 801 448 852 543 851 464 913 506 988 472 1004 503
4 419 261 558 704 454 836 542 266 433 484 509 804 445 852 540
4 416 252 555 704 449 838 540 261 427 483 506 852 452 912 493 805 442 854 538 990 462 1007 491
3 413 245 553 705 444 841 538 808 435 854 517 865 451 915 489 992 459 1008 486 260 422 483 501
1 411 242 550 689 439 867 532 863 449 917 487 806 432 854 516 345 429 475 500 993 456 1009 483
0 409 242 549 863 447 918 485 689 437 869 530 341 429 473 498 805 429 855 518 993 455 1010 480
0 408 239 548 865 447 919 484 690 438 870 532 339 427 472 498 804 427 857 520 995 454 1011 481 239 443 277 468
0 408 238 550 868 448 920 485 688 441 872 533 337 427 469 499 995 456 1011 482 805 428 858 518
0 409 235 551 870 450 919 487 688 444 872 535 338 427 467 500 995 458 1012 485 804 430 858 515
2 414 235 553 870 455 919 492 687 448 874 538 292 423 464 505 992 461 1012 489 216 453 258 475
3 419 235 556 870 459 917 496 293 427 461 509 718 455 834 534 210 456 260 482 804 445 859 545
2 424 235 559 870 467 916 505 290 429 459 514 704 467 885 560
3 427 236 561 869 468 917 506 290 431 456 516 705 469 883 562
3 428 234 561 868 468 917 506 289 432 454 516 714 468 843 558
2 428 234 561 869 466 918 506 288 434 452 515 713 468 844 558
3 429 233 561 870 465 918 505 287 440 462 518 719 470 873 561
3 430 233 562 871 465 917 505 721 471 874 560 282 430 448 513
6 428 232 561 873 465 917 504 724 470 870 559 277 430 446 512
7 427 231 561 874 465 917 504 724 466 832 532 276 443 442 513
7 426 231 560 726 466 832 534 872 461 919 500 269 444 447 511
6 427 233 559 727 466 833 535 875 466 918 503 269 444 447 511
6 428 235 558 729 467 833 535 875 467 919 502 274 443 446 512
7 430 237 557 730 468 831 535 875 468 919 504 301 443 449 515 935 395 953 408
9 430 239 556 874 469 921 505 726 467 836 556 303 442 447 516
