

640 389 675 466 439 385 482 413 516 390 541 408
641 389 676 465 516 390 541 408 439 385 481 413
641 388 676 465 516 390 541 408
642 387 676 466 515 389 542 408 438 384 482 413
436 384 482 413 643 387 676 467 516 389 542 409
644 387 677 468 517 388 543 410 434 384 481 413
645 387 677 468 517 388 543 411 433 385 478 413 585 387 611 409
517 386 543 410 644 388 678 467 235 388 338 459 431 386 476 413 585 386 612 409
517 385 544 410 645 387 677 467 232 388 341 462 429 387 478 413 586 386 613 409
516 385 546 411 226 388 343 465 424 386 480 413 645 388 678 466 587 386 614 408
517 385 547 411 219 385 346 469 423 386 481 414 80 375 256 499 645 387 678 467 589 386 614 407
26 371 227 514 208 391 349 486 517 386 548 411 421 386 482 415 649 386 685 464
15 374 222 518 191 385 345 486 517 386 548 412 420 387 483 416 650 387 684 464
7 374 217 527 182 386 343 488 517 386 550 413 419 388 485 417 650 387 684 465
7 373 213 529 173 386 340 490 517 387 551 414 418 388 485 417 652 387 685 467
0 373 191 530 170 384 336 490 518 388 551 414 653 387 685 470 420 389 483 418
0 372 189 532 156 386 323 492 518 389 552 413 653 386 686 469 421 390 480 418 538 386 562 405 465 386 496 409 718 395 735 437
0 372 186 532 152 389 322 492 517 389 553 413 654 385 685 469 535 386 563 406 464 387 495 411 408 391 460 417
147 388 322 491 0 373 182 528 517 390 553 413 655 386 686 468 463 388 495 411 535 386 563 406 406 391 462 417
140 386 321 491 0 373 170 525 656 385 688 468 516 390 552 413 536 386 564 407 462 388 495 412 405 391 463 417
132 385 320 492 0 371 160 526 658 385 690 468 514 390 553 413 463 388 495 411 536 386 565 407 404 390 464 417
121 386 316 493 0 368 151 530 659 384 692 466 514 390 552 413 537 386 565 407 401 389 467 417 464 387 497 410
113 387 311 495 1 360 131 540 664 387 691 450 537 385 565 408 515 390 550 412 466 386 499 409 399 389 467 417
106 388 305 494 0 359 125 540 665 387 693 451 537 386 566 408 516 390 548 412 466 386 501 409 387 387 481 418
103 390 303 495 0 360 117 538 662 385 698 463 537 386 566 409 466 386 501 410 385 388 480 419 516 391 548 412
79 392 290 499 0 363 88 538 663 387 699 464 537 387 567 409 466 386 502 411
69 395 288 501 0 371 82 561 664 387 700 464 538 388 567 410 466 386 503 412
57 396 283 504 0 377 73 557 664 388 700 465 380 393 470 438 540 388 568 410 466 388 503 413
48 397 281 507 664 389 700 465 0 381 66 554 381 394 466 440 542 389 568 410 465 389 503 415
41 401 276 528 370 395 457 433 664 390 701 464 465 388 504 415
33 403 276 528 367 396 457 434 668 392 698 444
11 396 262 536 362 397 457 433 227 396 305 431 669 392 698 443
8 395 254 540 359 397 454 431 227 394 304 431 670 391 698 445
7 394 246 542 356 397 450 429 670 387 712 460 227 393 304 431 536 388 572 413
2 394 239 544 355 396 446 428 670 384 711 458 533 387 572 415 464 389 505 413 222 392 305 431
0 393 232 546 353 394 444 429 670 384 711 456 213 386 307 424 533 386 571 415 515 390 547 415 779 393 811 441
0 390 224 550 208 385 309 424 671 382 710 454 514 389 551 415 461 388 503 412 352 389 443 422 533 385 571 415 782 391 813 440
0 386 216 555 206 385 308 424 342 388 437 422 671 381 710 455 514 387 553 415 459 386 503 411
0 386 198 561 204 386 308 423 338 389 437 422 671 379 710 456 458 385 505 411 512 386 554 416
0 388 193 560 334 390 437 422 203 386 305 424 670 377 711 457 457 384 505 411 512 386 553 416
0 391 184 557 329 390 436 422 201 387 303 424 670 377 711 457 457 385 503 412 511 387 554 416
0 389 172 556 325 390 434 423 200 389 304 423 670 378 711 456 510 387 553 418 458 385 502 412
1 386 160 557 320 391 430 432 200 390 304 423 509 388 553 418 670 380 712 454 458 386 502 413 566 384 587 405
2 386 151 557 317 391 430 433 509 389 551 419 202 390 302 423 669 379 713 455 459 387 502 414 566 384 586 406
309 391 416 431 1 388 146 556 666 379 707 455 508 389 551 419 203 394 301 427 459 388 501 415 793 387 841 461
305 390 413 432 0 387 130 561 666 378 707 457 508 389 550 420 81 386 193 425 795 386 842 460 459 388 500 415
301 390 411 433 666 378 708 459 0 391 118 561 80 385 192 426 506 389 550 420 797 385 845 458 458 387 499 414 201 392 267 429
296 389 409 434 665 379 708 461 0 391 91 561 83 385 190 426 505 389 551 420 194 385 275 426 457 386 499 414 539 401 579 479 800 385 847 454
291 388 409 435 665 379 708 462 0 392 86 559 190 386 276 426 85 385 186 426 503 388 551 420 454 385 499 414 539 401 578 480
278 389 400 434 665 379 707 462 185 386 277 426 84 384 184 426 501 388 552 420 539 401 578 483 1 394 79 558 451 384 498 413
273 388 399 434 181 386 277 426 665 380 707 462 78 384 184 426 498 388 552 420 540 400 577 486 451 384 497 412
268 388 393 434 664 381 706 462 178 386 276 426 54 385 174 425 539 401 578 490 451 384 495 412 494 387 550 439 11 385 54 423
266 387 388 435 663 381 706 461 58 386 172 425 172 385 260 427 538 401 576 494 451 385 495 412 492 387 550 440 11 386 51 424 543 385 574 410
262 387 385 436 662 381 706 463 60 387 168 425 170 389 258 432 537 401 576 497 485 385 560 439 452 385 494 413 543 385 574 411 638 384 659 416
246 390 380 437 167 389 256 432 662 382 705 462 484 385 560 439 56 386 168 426 454 384 493 413 537 402 575 498 542 385 575 411 638 384 659 416 7 390 51 434
237 391 378 439 161 388 253 434 481 389 541 440 661 382 704 464 542 386 576 413 52 389 168 433 455 385 492 414 646 135 698 163
230 391 376 441 157 387 250 435 479 391 538 443 541 387 577 414 659 383 703 464 636 392 658 437 643 133 701 161 50 388 167 434 454 386 490 415
226 392 374 441 154 386 248 436 476 394 534 445 657 396 701 493 638 394 658 438 541 389 576 415 841 388 891 503 701 392 747 432 0 381 31 425 33 389 146 434
212 392 363 443 476 393 533 446 148 388 234 435 657 397 702 494 638 394 658 438 840 389 893 505 31 390 147 434 542 390 575 414 2 392 28 435
205 393 359 444 464 395 543 449 147 389 232 435 28 390 149 434 657 397 702 492 639 395 658 438 840 392 897 504 542 391 574 414 2 392 27 436
199 394 356 446 461 395 541 452 27 389 149 434 146 390 230 436 657 396 702 492 639 395 659 437 541 392 574 415 595 387 610 401 1 392 29 438 842 394 901 502 538 398 571 432 567 390 588 408
183 394 343 445 459 395 540 454 26 389 150 433 144 391 228 437 656 396 701 491 540 391 572 415 639 395 659 438 595 387 610 401 843 394 905 502 536 398 570 431 1 392 30 438 567 389 588 409
181 394 342 445 456 395 540 453 26 389 148 434 143 391 227 437 539 391 571 415 639 396 659 437 846 394 909 500 655 398 701 489 595 387 610 401 3 393 31 438 536 397 569 431
177 392 339 444 443 394 527 454 24 388 147 435 538 389 570 416 140 390 224 437 656 383 699 463 639 396 659 435 3 392 30 437 850 393 911 499
173 390 337 443 439 395 527 454 22 387 146 436 537 388 570 417 701 392 753 432 656 382 699 461
142 387 331 438 436 393 527 454 535 388 569 418 23 387 145 435 701 390 757 432 655 381 698 459 0 381 31 426 644 82 724 118
433 391 527 454 141 388 327 438 535 387 569 417 20 383 140 428 656 382 698 457 702 389 756 432 0 381 32 426 640 386 658 420
428 389 528 455 534 385 569 416 145 388 316 437 22 382 136 428 654 381 697 457 639 383 657 423
423 388 529 455 17 381 118 427 125 387 300 437 534 383 569 415 638 381 657 424 653 381 697 457 625 381 639 417
419 386 529 456 19 382 115 426 124 388 296 437 534 382 569 415 637 379 656 426 652 380 697 459 517 387 555 417 625 379 640 418 646 48 739 90
417 384 529 457 19 381 114 425 652 380 697 460 535 383 570 417 637 379 656 426 516 387 555 419 121 387 295 438
404 384 513 461 651 381 698 461 647 33 741 78 515 387 554 421 538 383 572 419 637 380 656 425 99 387 276 439 13 382 111 426
399 382 514 466 647 28 744 73 514 387 552 423 651 384 699 462 539 383 574 420 101 386 271 440 637 380 657 425 626 381 641 421
392 380 512 472 101 385 267 440 511 387 551 423 541 382 575 421 650 385 698 463 648 22 747 67 638 382 657 423 660 437 704 484 625 382 640 420
388 379 510 474 99 385 262 441 510 388 551 423 650 385 697 463 542 382 576 421 659 438 705 485 638 384 657 421
376 382 497 472 506 387 551 424 543 381 577 422 78 385 253 442 647 385 696 466 659 440 706 486
369 382 497 473 77 385 248 441 503 387 551 424 543 381 578 423 644 385 696 469 659 443 707 486
348 380 509 479 74 385 242 441 500 386 550 424 542 381 578 424 634 382 685 473 659 444 708 485
341 381 508 479 42 383 241 441 499 385 550 424 542 381 578 423 658 444 709 486 633 383 683 472
325 381 504 482 45 383 229 441 496 384 550 424 542 380 577 421 707 388 781 436
311 381 500 484 49 385 218 441 542 379 576 419 494 383 549 424 708 387 782 436
300 380 499 491 542 378 576 418 493 382 549 424 23 387 209 440 709 387 783 436
285 380 482 493 489 381 565 425 542 379 575 418 709 387 782 436
269 377 478 500 489 381 563 426 542 378 575 419 709 388 785 436 21 386 195 440
255 376 474 504 488 381 562 427 541 377 575 420 710 388 787 436 17 385 192 441
238 378 473 510 10 383 195 441 487 380 562 428 541 377 575 421 710 388 788 436 595 373 612 387
230 378 474 516 5 387 180 440 540 377 575 420 485 382 542 430 708 388 787 436 596 373 613 387
199 382 461 523 5 386 177 443 482 385 540 438 539 379 575 421 709 388 787 436 431 376 477 413
4 386 169 445 173 393 458 540 480 386 540 438 537 380 573 421 709 388 789 437 427 377 476 416 595 380 612 398 820 391 838 436
3 384 163 449 478 385 538 438 154 396 454 546 420 375 477 426 667 24 1175 457 711 388 789 438 616 433 739 503 637 380 668 419 536 381 572 422 821 391 838 435 594 381 611 399
4 385 158 450 476 385 537 438 419 376 477 427 669 21 1168 459 107 378 431 566 711 389 790 438 615 435 739 504 528 376 575 434 638 380 667 419 822 392 839 435 594 381 611 399
474 385 536 438 670 20 1160 457 0 386 142 450 528 376 575 435 418 377 476 426 744 389 794 440 595 382 611 400 616 436 739 506
671 18 1154 454 472 385 535 438 526 376 575 435 1 386 133 451 745 388 796 441 417 378 475 427 595 381 611 400
672 18 1153 453 471 385 535 439 526 377 575 435 746 388 798 441 595 382 611 401 0 386 127 452
672 18 1160 451 467 384 539 442 524 377 574 434 746 388 800 442 595 381 611 401 0 385 121 453
465 383 540 442 671 15 1171 452 523 375 573 433 747 387 802 443
462 383 541 442 746 386 804 443 522 375 572 432
460 382 542 441 745 385 804 442 521 374 572 431 864 292 1148 458
