

0 383 450 659 690 409 770 543 480 362 633 620 491 519 602 704 1060 331 1276 642 703 481 756 555 784 441 806 498 814 442 867 503 763 427 804 507
0 383 451 658 688 409 770 541 480 363 632 621 1068 328 1278 646 491 518 601 704 703 481 757 554 814 443 867 503 784 440 806 498 763 427 804 507
0 382 451 658 688 409 769 539 479 363 632 621 484 503 610 695 705 480 759 553 1096 311 1279 663 815 444 867 502 785 438 807 499 762 427 804 507
0 381 453 657 485 502 610 694 688 408 770 538 479 363 633 621 706 479 760 554 816 442 868 500 1102 313 1279 659 775 426 809 509 614 441 641 461
0 382 455 655 487 502 609 693 688 408 770 538 494 372 622 578 707 478 761 555 776 423 810 509 817 440 869 500 1108 314 1278 657 614 440 640 460 593 358 605 391
0 385 457 651 487 502 609 692 495 374 623 578 688 408 771 538 777 423 810 510 707 478 761 556 1119 312 1277 662 818 440 870 502 614 441 642 460 592 359 605 391
0 389 460 646 488 501 608 690 496 374 624 579 689 409 772 538 778 423 811 511 707 478 762 557 1131 310 1278 665 819 441 871 504 613 440 642 460
0 390 463 641 490 501 608 687 497 374 625 580 689 410 772 540 778 424 813 513 707 479 762 557 614 441 643 460 820 442 872 507 1136 308 1279 669
0 390 469 639 493 501 608 684 497 374 626 580 779 424 815 514 690 410 773 542 707 478 763 558 614 441 643 460 821 442 875 509
0 390 473 638 496 502 608 680 497 375 627 579 781 426 818 514 690 410 774 545 614 441 643 461 707 477 764 559 822 442 876 510
0 382 481 617 499 501 607 672 498 375 628 579 691 410 774 546 781 426 819 514 613 440 643 460 707 475 764 560 823 442 878 512
0 381 483 612 501 373 631 578 503 500 610 664 783 425 823 514 700 409 783 548 715 482 770 559 615 440 642 459
0 380 489 608 506 371 636 578 508 499 614 658 703 409 784 548 785 424 826 515 717 485 773 560 683 445 708 492 638 442 664 460 618 440 641 458
0 378 494 606 509 370 640 578 511 500 618 655 705 409 785 549 797 425 836 519 720 487 776 561 685 446 710 494 637 442 664 460
0 380 499 604 510 369 642 580 798 424 839 520 514 499 620 651 706 409 787 550 721 486 777 562 686 446 711 494 635 442 664 460
5 380 504 600 512 369 643 579 801 423 843 522 516 498 621 646 708 409 788 550 724 485 780 562 688 447 714 493 635 442 663 459
21 380 509 595 516 370 644 576 805 423 848 523 520 497 623 643 711 409 790 548 690 448 718 492 637 440 663 458 727 483 783 563
38 381 514 591 519 372 646 573 808 422 854 523 523 496 624 641 714 410 793 548 692 448 722 492 638 439 663 457 731 481 786 563
49 382 516 591 522 374 646 571 527 494 626 639 717 410 797 548 821 422 861 525 693 447 723 492 639 438 664 457 732 478 788 563
53 389 549 586 525 376 645 571 820 421 867 526 531 493 628 636 721 410 801 547 639 437 665 456 694 446 724 492 737 477 796 561
63 390 543 584 824 422 873 526 536 492 631 635 538 383 652 561 723 409 804 546 738 477 798 563 641 436 666 456 706 447 731 488 799 443 838 489 603 353 615 382
74 394 539 582 541 382 653 559 828 421 879 526 541 492 632 635 726 408 808 545 741 479 801 564 799 440 842 489 705 447 731 489 642 435 667 455 602 352 616 381
82 398 539 581 543 383 653 556 547 492 640 632 728 407 809 544 832 421 882 526 744 479 802 565 704 447 731 490 643 436 667 456 800 440 845 490 602 350 616 380 956 425 991 472
94 402 540 581 545 385 655 555 549 493 640 631 844 417 890 531 730 407 811 546 704 448 732 492 745 480 803 567 643 438 668 459 802 436 852 496 602 349 616 380
105 404 543 582 546 386 658 556 551 494 641 630 845 417 894 536 704 448 733 493 730 409 812 548 745 481 803 568 804 438 855 499 643 440 668 461 601 351 615 380
115 408 545 582 547 388 659 556 552 496 642 630 849 423 896 549 704 449 733 493 730 411 814 552 744 480 803 571 805 441 858 501 642 442 669 463
118 409 547 583 550 390 659 556 851 420 899 552 553 496 643 630 728 413 813 554 704 450 732 492 804 442 861 503 744 480 803 572 643 444 668 464
125 411 546 582 550 393 656 554 855 418 903 557 553 497 642 629 726 412 813 557 695 450 724 494 810 438 869 503 743 478 802 574 642 445 667 464 595 353 610 381
133 410 545 583 551 394 654 554 553 497 642 628 726 413 813 559 695 449 723 495 593 352 608 384 859 418 906 560 805 439 886 505 640 451 666 475 744 476 802 575
144 412 544 583 550 397 652 556 553 497 641 627 727 413 815 562 863 415 916 566 804 439 887 508 694 450 722 494 590 352 605 386 640 452 666 474 746 499 803 581 1031 497 1279 656
152 413 543 584 551 399 650 556 552 498 641 628 862 416 928 571 803 440 888 511 726 415 814 564 693 451 721 493 640 452 665 475 590 353 604 388 745 499 804 582 1043 494 1278 662
163 415 542 583 551 401 647 556 866 412 933 576 552 498 640 627 803 440 888 513 723 414 814 563 692 451 720 493 639 452 664 475 736 498 815 583 1056 494 1276 667
174 414 543 583 550 401 644 555 873 408 940 582 801 437 890 514 551 496 638 626 722 413 814 561 690 450 721 494 735 496 817 583 637 452 662 476 941 467 1048 574 1068 491 1273 667
184 412 545 583 551 400 642 553 881 403 948 585 801 435 893 513 723 410 816 558 689 448 721 494 552 495 637 626 736 495 817 583 1107 490 1279 683 640 445 662 463 1020 414 1065 481 580 351 595 390 948 466 1048 577
191 409 548 582 888 399 955 584 550 398 641 552 801 433 896 510 724 407 818 553 688 448 719 492 549 471 642 617 1121 486 1279 688 640 442 662 461 737 493 818 582 580 351 594 385 1025 410 1071 481
199 409 550 579 551 398 641 551 804 433 898 510 725 405 820 554 688 447 719 491 549 471 641 614 891 400 961 580 738 492 819 582 640 441 663 461 580 350 594 383 1151 482 1279 693
208 407 550 577 552 397 641 549 806 433 901 513 725 404 822 554 688 447 718 491 549 471 641 612 906 392 984 602 739 491 821 584 641 440 663 460 579 352 593 384 1048 407 1094 482
214 407 550 575 908 386 993 618 807 433 904 516 554 398 640 546 724 404 822 556 687 447 718 491 551 470 641 611 739 492 821 585 641 440 663 460
220 404 549 572 556 397 642 545 807 434 907 517 922 388 1011 633 726 402 824 557 687 447 718 491 554 470 642 609 642 440 663 460 741 491 822 585 895 408 942 546 1119 484 1277 652 1069 403 1118 488
227 406 575 565 815 434 918 518 559 396 644 544 728 401 826 560 688 447 720 492 918 396 997 601 563 482 633 606 643 440 664 460 963 395 1043 632 1120 483 1279 657 742 491 822 586 903 417 949 561
228 401 577 562 817 435 924 519 962 385 1054 646 563 395 648 545 732 400 829 562 691 447 722 493 567 482 635 603 921 408 991 584 644 440 664 461 1119 484 1279 659 751 493 835 588
228 399 582 560 820 435 930 521 566 395 651 544 749 399 835 567 921 412 971 574 569 482 636 600 692 447 722 493 754 493 839 590 975 391 1062 647 645 441 666 462 581 350 593 383 1149 483 1270 670 700 408 745 484
230 396 587 559 749 401 838 564 824 434 934 522 568 395 654 545 999 378 1101 663 573 483 637 598 932 416 997 577 694 448 723 493 756 493 842 592 1147 485 1268 670
270 397 561 548 751 401 842 563 570 395 658 542 826 434 937 524 577 485 639 594 939 415 1007 577 703 446 736 491 759 492 845 592 1160 483 1274 672
279 394 566 546 754 399 848 563 837 432 949 524 573 394 662 539 702 445 736 491 580 487 640 589 762 491 847 591 715 433 737 463
284 393 574 544 841 432 955 526 757 397 853 564 575 393 667 537 703 445 736 491 967 399 1037 597 1089 346 1222 710 584 474 653 581 668 438 687 456 714 433 737 463 765 491 849 590
286 392 579 543 759 395 858 565 845 432 960 527 975 394 1044 606 579 393 671 538 705 446 738 490 587 474 656 581 670 438 688 457 744 440 760 462 1129 345 1267 707 714 434 737 464 772 491 861 593 969 462 1123 601
306 392 591 543 763 395 866 564 586 393 674 541 594 474 661 580 709 446 742 491 856 431 977 526 965 460 1145 603 1138 349 1269 702 979 402 1054 591 778 491 865 595 715 435 738 465
309 392 592 542 769 396 875 565 600 475 665 578 861 432 981 527 713 446 744 491 592 395 676 545 1022 409 1106 628 962 458 1165 603 784 492 869 597
319 392 591 541 774 397 883 567 605 395 687 539 1029 385 1106 647 869 435 981 538 717 446 747 490 998 454 1193 619 605 477 669 576 766 437 783 462
325 392 591 542 608 396 691 538 790 396 893 573 872 434 985 539 611 475 677 577 1056 401 1147 642 800 495 889 601 767 438 783 462 718 448 746 487
332 395 599 543 613 398 695 541 794 399 899 573 1063 383 1146 660 616 476 681 578 880 437 1003 540 731 447 759 489 804 493 894 605
336 398 608 544 617 400 696 545 800 402 903 573 885 439 1007 541 622 477 684 577 730 447 762 491 808 492 899 608 1078 389 1224 662 992 438 1237 550
342 400 616 544 621 404 698 549 806 403 911 576 893 443 1012 545 733 448 764 493 1097 385 1228 675 628 478 688 576 1024 455 1275 596 811 492 904 609 787 453 805 474 736 470 761 502 972 436 1058 490
347 402 618 545 623 405 700 548 809 404 916 580 887 438 1038 550 735 449 766 494 630 478 690 576 1018 449 1279 590 1129 375 1260 689 819 508 915 617 737 470 764 504 972 436 1063 491 786 454 805 475
350 402 619 545 810 404 920 584 625 406 702 547 888 436 1043 552 633 493 687 580 735 449 766 495 1146 369 1267 696 823 509 918 618 1023 444 1276 588 974 433 1071 493 786 454 803 476
351 405 622 547 813 404 925 587 627 407 705 546 887 436 1048 552 737 450 768 495 828 511 923 619 1040 430 1252 565 1217 356 1274 693 635 494 688 580 785 455 803 477 181 413 331 478
374 409 628 549 815 404 930 586 629 409 709 546 738 450 769 495 889 436 1053 553 1053 428 1246 565 637 479 699 573 832 512 927 619 1210 368 1276 684 995 434 1090 492 159 414 315 479 786 454 802 476
374 410 630 549 817 401 935 587 630 410 710 546 636 480 699 574 738 451 770 495 891 437 1056 553 1055 426 1259 566 830 497 933 629 159 413 311 481 996 434 1095 491
376 411 630 549 817 398 937 589 631 413 709 548 636 479 699 574 737 451 768 494 913 436 1085 552 1057 423 1269 569 830 495 934 632 739 470 765 503 156 412 308 482 770 454 786 475 997 432 1100 493
376 412 629 549 817 395 939 593 914 434 1088 556 629 414 708 551 736 450 766 493 636 479 699 574 1062 419 1272 574 829 494 935 635 739 470 764 504 770 454 786 474 138 414 286 484
377 414 630 549 816 396 941 596 916 435 1088 561 630 416 709 553 1063 419 1276 578 736 449 764 493 637 480 699 573 840 497 941 630 738 471 763 504 133 414 284 485 770 454 785 475 1019 434 1113 500
381 414 628 548 816 396 942 599 917 434 1091 564 734 450 763 493 629 415 710 553 1065 435 1279 600 638 481 699 572 841 496 942 633 737 471 762 504 130 414 281 484 769 454 785 474 1018 434 1116 500
384 413 627 546 632 413 712 552 734 450 763 492 1070 434 1279 603 919 433 1096 567 640 480 700 571 816 395 944 601 845 495 946 638 737 471 761 503 127 410 279 480 769 453 784 473
391 411 628 543 637 411 717 549 735 451 764 491 1094 425 1279 615 923 431 1107 571 645 479 703 569 107 405 271 477 828 398 960 598 851 497 950 645 738 471 762 502 810 457 839 484 770 453 784 472
395 409 630 540 1103 424 1279 622 642 408 721 549 650 478 707 567 736 451 765 491 931 435 1112 594 821 387 968 642 859 502 960 650 739 471 763 502 811 459 840 485 127 401 278 473 1 353 164 710
403 408 634 538 645 406 724 550 656 478 710 566 1114 428 1278 627 823 390 973 642 738 452 766 491 930 434 1122 600 864 509 969 653 741 470 765 502 811 458 841 483 125 394 283 468
409 405 640 535 832 394 984 645 956 435 1145 604 657 407 735 544 1145 430 1279 632 741 452 765 486 766 454 784 477 7 250 223 713 660 478 710 563 869 515 979 656
416 403 646 532 842 394 995 652 965 437 1161 611 666 407 743 543 4 176 241 696 764 454 786 483 1160 443 1279 635 677 478 727 561 744 453 763 480
438 404 666 533 866 400 1016 649 0 174 300 704 966 440 1179 621 679 409 756 543 1192 446 1279 642 763 453 789 489 692 475 744 562 899 517 1007 666
449 403 673 534 870 397 1025 656 1000 443 1202 628 3 185 323 699 700 479 751 562 689 407 765 548 787 454 810 484 1204 482 1279 650 768 454 788 484 903 514 1019 671
463 405 683 533 882 393 1040 665 1007 442 1219 636 787 455 812 487 52 198 396 710 707 410 789 544 706 479 756 561
474 409 690 532 82 202 407 718 718 408 796 544 729 480 778 562 1043 443 1260 637 811 455 834 485 893 391 1054 669 918 529 1078 695
494 413 709 533 1056 442 1271 639 917 391 1081 664 736 414 800 529 810 455 836 492 111 205 429 719 738 479 792 563 50 500 425 719 464 419 488 469
500 413 711 533 742 481 794 563 923 389 1091 664 740 415 803 529 1065 438 1278 635 812 454 837 492 195 239 442 702 85 466 435 719
504 413 712 533 930 384 1098 661 744 416 805 528 746 480 797 560 1072 414 1278 647 812 453 839 492 179 199 493 716 108 508 439 719
506 413 711 532 934 382 1103 663 745 414 806 529 255 259 492 696 750 477 799 557 1073 408 1279 645 811 451 840 491 174 506 488 719
509 416 712 531 293 280 518 694 746 415 807 529 938 378 1105 669 752 476 800 555 1072 400 1278 647 811 450 840 490 207 509 499 719 87 406 241 484 882 453 924 484
512 418 711 533 309 286 524 684 745 415 807 528 934 371 1109 686 1101 390 1275 655 751 475 799 553 810 450 839 490 86 410 237 489 229 509 517 719 880 451 922 484
515 420 705 533 927 352 1108 701 325 299 531 673 741 415 803 526 1112 381 1275 662 747 476 796 552 272 504 556 719 808 450 834 486 95 415 225 492
517 422 699 533 356 301 552 679 1121 372 1275 668 737 415 800 524 918 334 1109 710 742 476 793 550 294 520 528 710 60 425 208 499
518 422 689 531 366 308 558 674 1131 365 1275 680 916 301 1103 695 312 521 529 709 730 416 788 526 788 448 817 485 734 475 783 548 39 425 186 502 869 448 922 484
521 422 682 530 368 314 567 666 911 294 1117 700 1137 361 1276 688 728 416 784 525 327 524 531 708 784 448 812 486 731 474 779 548 40 426 178 503 855 448 902 479 1077 392 1245 557
373 322 566 654 507 420 663 528 348 500 554 687 891 327 1132 712 1075 394 1251 554 1137 363 1275 689 16 424 158 503 783 448 807 481 724 474 772 548
381 324 562 644 359 498 549 692 535 419 658 517 867 361 1188 711 1075 398 1262 550 702 419 756 519 0 414 126 494 759 446 787 485
391 322 561 640 538 413 652 515 372 491 549 697 0 403 122 493 850 370 1189 712 702 415 756 521 1070 397 1272 547 754 446 783 482
380 482 554 693 399 307 565 648 826 380 1213 712 1107 398 1278 545 544 402 651 490 1 402 113 481
1116 393 1276 550 704 400 757 496 426 289 592 589 391 391 570 676 780 409 1112 707 546 396 649 489 2 381 109 458
438 282 602 583 1122 392 1276 558 554 373 651 471 763 405 786 438 430 440 590 642
443 436 602 637 1119 395 1276 568 473 278 645 574 582 370 669 465
485 431 639 629 492 284 652 570 4 306 107 397
507 436 627 621 0 300 120 392
5 284 153 394
6 290 175 396 638 439 787 614 657 332 774 527
661 444 776 610 667 337 784 524 867 399 921 490 20 296 195 405
703 332 818 527 675 443 778 607
752 332 856 529 720 437 819 603
721 442 821 604 748 323 856 541
