

294 291 480 446 553 322 691 436 504 334 565 379 0 562 1279 705
282 289 476 455 553 323 691 436 502 334 563 380 0 563 1279 705
265 288 467 461 553 324 692 436 495 331 568 383 0 563 1279 705
554 324 692 436 246 284 463 468 492 330 566 385 0 564 1279 705
214 285 445 473 554 324 692 436 489 332 560 389 0 565 1279 705
554 323 692 437 483 331 559 390 172 279 468 477 0 565 1279 706
554 323 693 437 478 330 560 392 151 275 461 492 0 566 1279 706
555 324 693 437 107 265 434 509 474 330 552 394 0 567 1279 706
555 324 693 437 470 330 550 395 0 569 1279 705 539 328 575 361
556 324 694 437 465 330 548 396 0 570 1279 705 536 327 574 361
557 324 694 438 459 331 544 397 0 572 1279 705 534 327 573 361
557 324 695 439 452 332 542 400 0 572 1279 705 533 327 573 360
557 324 696 440 446 332 543 403 532 326 573 359 0 570 1279 705
556 324 697 440 434 334 536 407 320 308 442 382 532 326 573 360 0 567 1279 705
427 334 534 410 558 324 697 441 320 308 439 383 531 326 572 361
419 334 533 416 559 324 698 443 321 307 438 384 530 326 571 362 0 561 1279 704
560 324 699 443 412 334 532 418 527 325 571 363 322 308 435 386
560 324 699 444 391 336 524 424 525 324 571 364 0 556 1279 702
561 324 699 444 383 335 521 426 517 316 573 369 0 558 1279 702
560 324 699 444 515 315 573 370 356 330 512 430 299 306 423 385 0 561 1279 702
560 324 699 443 346 330 508 437 300 306 419 386 514 315 573 371 0 563 1279 702
330 330 502 446 561 323 699 442 512 312 565 372 299 306 416 387 0 563 1279 703
316 330 498 452 561 323 700 441 511 311 564 372 297 307 415 388 0 565 1279 702
561 322 701 441 284 328 480 456 507 309 563 371 0 568 1279 702
263 328 476 465 561 321 703 440 503 310 561 371 0 570 1279 699
561 319 704 438 244 327 468 473 498 309 559 372 0 571 1279 698
561 318 705 436 204 321 455 481 493 307 557 374 0 569 1279 698
561 317 704 435 487 305 556 376 166 322 477 534 0 568 1279 700
562 317 704 435 486 304 559 377 87 331 445 543 0 566 1279 701
563 316 703 434 59 336 427 564 481 303 558 377 0 568 1279 704
563 317 704 436 30 341 409 582 475 302 552 381 0 569 1279 705
564 317 705 437 470 302 551 384 8 350 362 594 260 301 390 384 0 570 1279 705 537 323 569 361
564 319 707 438 464 302 550 389 6 354 340 596 243 306 384 387 536 324 568 363 0 568 1279 706
565 319 707 439 457 304 547 391 3 356 304 596 243 306 379 392 535 325 568 365 0 566 1279 705
577 319 709 439 452 304 544 392 240 306 375 393 0 357 272 601 534 326 567 364 0 565 1279 706
578 318 709 439 440 300 537 398 236 304 372 395 533 326 567 365 0 562 1279 704
579 316 708 438 435 297 536 401 233 303 369 394 532 325 567 365 0 561 1279 703
579 317 709 438 428 297 533 404 220 300 358 401 531 325 566 366 0 559 1279 700
579 317 709 437 421 295 531 405 220 301 356 402 529 326 565 366 0 560 1279 701
579 318 711 439 216 303 357 399 519 326 555 369 0 561 1279 701
580 318 713 440 214 304 353 399 517 326 555 368 392 292 534 414 0 561 1279 703
581 317 714 441 384 292 525 417 211 304 351 399 515 327 553 368 0 560 1279 704
580 317 716 442 511 327 550 369 208 305 349 400 379 300 517 427 0 559 1279 703
581 318 717 441 357 298 507 432 506 328 549 370 198 303 342 404 0 558 1279 703
580 321 719 441 342 292 502 439 500 329 548 370 189 306 336 404 0 557 1279 701
581 321 721 440 323 287 497 446 498 329 547 371 181 305 329 406 0 555 1279 701
580 322 723 440 496 329 546 371 167 304 314 407
581 322 725 440 281 277 481 458 487 331 538 373 166 300 301 409 0 554 1279 702
582 322 727 441 259 270 476 468 482 329 541 379 0 554 1279 703
584 321 729 441 477 329 539 380 197 266 495 475 0 555 1279 704
586 321 729 440 473 328 537 380 172 265 475 485 0 554 1279 703
588 320 730 439 464 326 538 380 117 263 443 504 0 556 1279 702
590 319 732 437 93 253 436 521 462 326 534 379 0 559 1279 703 577 303 630 384
593 319 734 436 459 326 532 378 60 241 428 544 576 302 630 384 0 561 1279 701
595 318 736 435 456 326 532 378 37 230 420 558 575 302 631 385 0 564 1279 701
597 318 737 435 447 324 528 381 574 301 630 386 34 289 404 581 0 563 1279 700
599 317 739 434 441 325 526 382 573 301 630 386 7 205 341 560 0 564 1279 700
600 317 741 435 434 325 524 384 573 301 630 387
600 317 742 436 430 325 521 385 573 301 632 387 0 561 1279 700
601 318 743 437 426 325 519 387 572 301 632 388 0 561 1279 700
603 318 744 437 412 324 509 390 570 301 633 390 0 561 1279 700
403 330 510 398 604 319 746 436 567 297 649 391 0 563 1279 698
397 329 504 400 604 320 747 436 566 296 652 393 67 295 248 432 0 562 1279 697
606 320 749 435 565 294 654 395 393 325 502 403 61 295 246 431 1052 265 1261 612 0 562 1279 696
374 325 490 406 607 320 751 434 563 292 655 396 41 295 233 433 0 562 1279 696 1044 261 1252 612
365 323 485 409 609 320 752 432 562 291 656 399 1016 275 1212 601 39 294 230 433 0 563 1279 697
351 324 474 413 610 320 753 429 561 291 655 400 34 293 228 434 1008 273 1203 598 0 563 1279 697
611 320 753 428 330 320 482 423 561 291 654 401 26 291 222 436 0 563 1279 697
611 319 753 428 559 294 654 402 20 290 214 437 305 321 463 427 0 562 1279 697 978 276 1157 601
296 319 455 432 610 317 754 429 557 295 654 401 968 271 1147 598 16 288 207 439 0 561 1279 698
281 319 447 437 609 314 756 427 558 290 657 410 963 274 1134 590 13 288 203 439 0 559 1279 698
626 319 763 431 558 288 659 411 265 319 445 442 0 559 1279 698 10 288 200 440 948 282 1103 580
231 321 421 450 628 322 770 432 559 286 662 412 0 562 1279 699 939 427 1103 604 6 286 199 442
209 318 413 460 631 325 779 434 558 285 663 413 934 414 1096 582 0 565 1279 702 5 288 176 441 949 285 1071 483
632 324 784 434 556 285 664 413 175 320 397 470 0 568 1279 704 929 413 1084 580 6 288 173 444
631 322 787 435 152 316 392 483 555 285 662 412 0 569 1279 705 922 287 1066 570 8 288 165 445
631 320 789 437 91 306 398 493 553 284 662 412 0 570 1279 704 904 296 1047 561
631 318 790 440 66 307 370 526 551 284 660 412 898 297 1044 557 0 570 1279 703
632 315 791 442 550 285 659 412 45 307 363 541 902 311 1029 545 0 571 1279 703
18 315 326 548 633 313 794 444 548 284 657 413 898 311 1021 539 0 568 1279 703
5 316 296 571 634 312 798 447 547 282 658 413 893 285 1009 497 0 566 1279 701 904 402 1011 550
0 319 262 590 635 311 801 449 548 280 660 414 888 280 1003 494 900 394 1004 546 0 565 1279 701
634 311 805 450 0 306 240 639 549 278 663 414 887 277 999 487 898 390 1001 545 0 564 1279 701
632 311 809 452 537 278 671 407 887 274 994 482 0 564 1279 701 0 302 181 647 897 389 994 541
630 312 814 454 536 278 671 409 1 300 146 650 886 271 992 482 0 563 1279 702
631 312 817 456 535 279 670 412 875 271 983 492 0 565 1279 701 3 304 119 648
633 313 819 457 534 279 669 415 871 279 980 487 0 565 1279 701
633 314 824 460 533 279 668 416 867 286 974 481 0 565 1279 700 878 386 966 509
631 316 830 464 532 278 668 416 863 289 968 476 0 563 1279 701 875 385 963 504
629 317 836 468 531 278 669 417 861 291 964 472 0 562 1279 703 873 385 961 498
627 317 838 472 530 277 670 417 861 293 961 470 0 563 1279 705 873 384 960 495
626 317 840 477 529 277 670 419 860 294 957 466 0 565 1279 705 872 383 958 493
625 316 841 483 528 277 671 421 858 291 954 464 0 567 1279 704 862 381 950 494
631 313 855 493 526 277 671 424 853 292 951 463 0 569 1279 704
628 312 862 496 524 276 672 426 850 294 947 463 0 572 1279 703 867 363 937 488
627 312 869 496 523 275 673 428 847 297 943 466 0 572 1279 702
626 312 874 496 522 275 674 428 0 573 1279 700
611 300 901 503 520 274 675 429 833 305 931 470 0 572 1279 699
