

288 344 333 437 9 422 67 531 436 314 478 383 260 355 303 438 381 333 420 406 192 393 219 439
287 339 329 437 7 419 64 534 261 351 303 436 435 311 476 383 366 331 403 406 382 330 421 401 491 233 509 264
257 346 301 437 6 419 55 535 284 346 327 433 410 315 452 387 433 308 475 379
234 349 281 439 258 348 306 435 214 354 261 433 407 312 453 382
213 351 261 439
207 352 257 442 186 357 233 440 286 335 331 412
182 356 232 445 284 336 328 414 338 322 383 390 356 317 401 388 1046 146 1094 217 164 361 210 443 923 172 969 241
180 354 230 446 334 320 378 390 261 338 304 416 1045 147 1090 216 906 170 952 240 144 364 183 442
178 352 224 443 905 166 949 237 140 362 179 442 259 336 301 412 330 315 372 386 1056 150 1083 203 984 85 1002 109 386 288 435 369 378 237 398 270
139 355 176 437 384 284 432 360 169 349 214 438 315 309 358 384 902 160 945 231 1055 147 1080 197 375 231 394 264 256 333 297 404
902 138 945 214 179 330 220 420 140 350 176 431 1057 128 1079 176 311 304 355 377 382 279 432 354 260 309 301 388
902 132 943 211 183 326 223 412 144 327 178 414 170 326 204 411 315 285 357 357 260 304 301 382 385 257 428 334
190 283 228 376 169 302 198 390
195 278 227 374 359 234 400 314 1081 72 1108 133 913 107 936 150 285 255 323 340 414 210 454 294 927 92 971 158 171 286 200 375
357 231 401 310 210 273 250 366 194 276 225 368 288 251 329 334 918 105 940 143 174 282 203 368 429 205 471 283
214 271 255 358 359 229 403 308

6 344 59 441

458 194 505 265
480 188 528 267
382 207 425 295 134 296 184 405
156 291 205 402 389 203 427 290
157 294 208 394
437 183 474 271 559 160 602 239 533 164 574 242 456 184 497 270
203 259 257 383 560 157 599 237 458 177 493 269 366 216 402 291 480 175 526 266 654 138 698 214 578 151 621 235 443 180 476 263 633 143 676 216 724 111 769 189
207 254 264 378 657 135 698 212 729 107 772 187 459 175 493 265 562 156 599 232 7 418 201 719 579 151 621 232 485 168 529 263 379 210 417 289 675 134 720 207
383 205 421 285 658 132 699 209 463 171 497 263 2 400 311 715 487 156 527 259 604 137 648 222 677 129 721 206 502 158 549 253 212 258 266 371 732 106 773 186 587 143 627 224
503 151 548 254 608 133 650 219 465 161 501 255 5 390 314 715 387 202 427 281 658 130 698 207 222 238 277 370 751 89 793 175 487 155 525 257 584 144 624 221 683 121 725 195 763 36 781 70
609 129 651 215 752 88 792 174 7 384 319 716 467 160 503 252 502 147 548 249 684 118 726 194 201 228 274 375 580 142 621 218 659 128 698 204 762 33 781 69 385 192 425 273 486 153 525 253
188 229 263 375 3 412 325 713 464 160 502 247 606 131 650 210 750 90 793 170 681 118 726 191 500 155 549 239 655 122 699 194 578 140 620 213 482 153 525 247








975 37 1023 114
977 35 1021 116 948 38 990 118
974 41 1014 119 950 38 992 122 44 275 84 366 115 260 158 339
114 262 157 340 640 131 666 175 42 267 85 375 974 41 1011 122 169 228 209 324 802 73 846 163
521 157 545 197 164 227 204 319 798 71 842 165 40 264 87 373 955 52 994 132 109 263 153 341 933 44 967 126
91 256 134 333 955 42 996 125 795 55 840 157 158 228 200 309 36 268 85 366 932 39 967 123 0 277 32 372
956 35 994 120 795 47 840 152 31 248 82 353 932 32 968 119 175 134 194 168 86 252 132 327 0 271 32 368 144 207 188 301
81 237 128 320 28 246 79 348 141 201 184 296 954 30 989 116 507 130 534 177 798 41 843 146 970 28 1007 114 611 103 632 158 174 128 192 162 0 252 33 356
975 28 1011 115 508 128 534 177 139 199 179 297 953 27 985 115 70 235 116 317 19 250 68 351 174 125 192 161 802 43 849 141
979 29 1015 117 510 129 535 180 138 199 177 302 954 27 986 117 69 239 116 318 175 128 192 163 18 256 64 351
67 248 116 331 513 131 537 183 174 130 192 166 957 28 992 118 138 203 177 307 979 32 1014 120 16 271 58 364 111 216 151 321 591 123 615 172 0 268 27 372 823 40 867 151
65 248 115 332 515 133 539 183 137 203 176 308 174 132 190 166 960 28 998 120 997 36 1031 123 825 41 873 150 13 272 53 366 111 217 149 321 591 122 614 173 0 269 31 371
1001 37 1036 122 63 248 114 334 133 205 177 307 515 132 540 182 973 30 1008 120 172 130 188 163 828 43 879 146 0 269 34 370
977 27 1012 120 1003 33 1039 121 62 250 110 335 131 206 175 307 515 131 541 182 0 271 36 370 170 129 186 162 848 44 886 148 761 74 843 119
849 40 892 153 981 27 1019 120 61 253 106 338 1001 32 1037 120 128 219 176 309 0 274 36 374 515 130 541 183 168 128 185 162 1019 36 1055 122 763 73 844 120
851 37 900 156 127 220 174 315 1023 38 1057 125 999 30 1032 121 59 258 103 343 0 276 34 380 563 111 607 184 763 75 844 122 91 219 135 328 44 258 84 337 168 129 184 164
118 219 166 330 1026 39 1061 127 999 31 1033 125 840 32 916 168 0 292 29 397 762 78 846 125 561 117 604 188 89 225 133 331
1001 30 1040 127 119 223 165 336 1026 39 1061 129 852 30 933 171 44 276 88 359 777 81 863 129 1044 42 1086 126
855 28 935 176 43 278 88 365 117 235 167 348 1045 40 1086 132 1003 31 1046 130 777 83 867 130 1024 39 1059 132 84 240 133 356 158 150 178 184
865 27 942 181 116 235 168 352 1047 49 1090 136 43 282 88 370 1021 36 1058 134 82 241 133 362 778 85 867 130 550 133 596 210 158 153 178 187
117 241 166 357 1047 51 1088 140 878 45 952 189 1023 36 1062 135 42 284 86 372 157 157 178 192
1046 53 1087 147 890 45 961 197 41 304 87 392 1070 59 1114 146 117 248 163 360
115 264 160 379 1046 55 1086 153 1075 60 1117 155 914 59 969 193 787 103 870 151 40 320 86 409
908 52 983 203 1050 55 1092 156 111 267 157 385 36 321 83 415 537 162 584 240 1074 60 1114 160 799 107 893 154 1090 72 1135 162 66 283 118 408 157 180 175 215
917 49 992 204 535 160 580 243 1098 69 1139 163 1073 56 1111 158 105 272 155 387 1055 55 1095 148 800 107 890 153 152 180 172 216 60 284 114 408 33 325 81 418
924 45 1001 202 1073 48 1113 157 531 158 576 244 1099 58 1136 158 64 262 154 396 147 178 168 214 802 103 889 151 16 324 65 416 56 286 110 408
934 40 1008 198 525 158 571 243 84 267 138 384 1099 52 1133 154 1077 43 1119 152 8 320 59 418 1118 58 1158 154 32 262 122 407
1124 55 1161 151 937 32 1014 183 1097 45 1131 150 79 263 134 383 27 257 120 405 3 317 55 416
1125 49 1162 150 26 259 121 408 508 156 560 245 0 318 40 422 1100 41 1139 149 962 25 1036 186 75 266 133 384
972 20 1050 192 1124 42 1164 153 27 263 121 413 0 321 35 429 504 154 556 248 1148 52 1187 154
1123 35 1166 157 984 24 1063 213 1150 51 1188 156 0 316 30 439 28 268 117 419 1071 29 1108 130 528 153 580 245 493 184 578 260 37 312 86 421 123 173 146 210
1126 35 1173 160 1003 22 1087 215 1169 54 1206 162 1073 29 1112 131 120 173 144 214 810 95 892 142 485 170 530 272 43 294 88 413
1013 23 1103 224 813 101 893 146 1144 46 1183 164 1171 53 1210 162 1075 31 1118 131 40 310 82 430 479 173 526 276 0 293 62 456 121 175 144 219
1021 27 1118 231 815 107 894 152 0 301 66 464 1146 48 1188 164 1195 73 1236 175 34 310 82 438
1044 35 1141 237 1199 70 1242 184 0 309 72 470 450 189 505 310 1152 63 1200 176 101 200 123 237 816 112 896 156
1053 39 1149 241 1 312 73 475 431 197 490 310 1198 70 1241 189 1168 63 1215 186 99 202 121 241 1216 76 1262 186 1007 121 1029 166 0 327 33 467
429 208 490 335 1216 75 1261 190 830 125 916 173 1 316 72 480 1063 48 1153 234 98 206 120 246
416 217 502 348 1220 86 1267 202 1111 46 1206 253 0 335 67 508 833 130 922 175 100 210 122 251
415 277 500 377 0 338 69 509 424 224 486 334 1115 44 1207 250 854 130 940 175 1249 86 1278 208 577 206 635 298 103 213 125 253
408 276 498 380 0 336 71 509 1152 43 1250 256 596 202 657 297 424 224 485 332 106 212 127 250
0 333 73 508 400 292 498 392 1159 34 1260 252 405 222 494 355 602 204 660 292
0 332 75 509 386 223 476 362 119 203 142 250 1213 22 1276 265
0 332 76 510 117 205 140 250
0 329 73 512 371 231 463 372 118 205 140 249 355 306 487 422 1193 43 1240 172 911 114 990 155
0 331 66 509 915 109 991 153 1199 45 1247 171 365 232 451 374 338 302 482 430 117 201 139 245
917 104 992 150 329 225 418 384 299 303 444 439 1114 101 1137 156 1 337 28 496 1179 7 1266 169
918 97 992 144 284 298 432 447 309 244 408 405 1117 97 1140 153 96 187 119 230 1214 46 1261 161
251 304 410 457 281 242 379 414 916 94 992 141 92 183 115 229 1117 95 1140 150
273 250 365 415 917 93 991 140 237 303 396 463 1118 96 1141 150
916 94 991 141 186 337 364 503
916 95 992 140 172 331 351 516 215 256 315 438 67 191 94 239
138 330 324 522 177 252 282 448 914 94 991 140 668 204 728 283
914 86 990 129 666 190 728 273 170 257 269 443 126 330 309 526
665 189 727 274 912 85 989 129 88 298 261 562
69 377 259 585 664 201 725 288 121 284 220 491 912 84 989 131
81 314 187 538 666 207 727 296 42 348 224 609 912 99 989 148
32 345 208 625 666 227 727 315 913 105 990 155
665 231 728 325 14 390 202 661 915 122 989 173
0 374 167 683 662 243 727 340 913 129 989 178
