

801 251 1279 543 409 269 636 437 695 277 749 317 743 274 803 330 141 298 165 357 695 161 724 194
802 251 1279 542 413 269 636 435 696 277 750 317 744 274 803 330 694 160 724 192 132 296 154 355
803 252 1279 541 418 271 638 433 744 273 805 330 696 272 754 322 127 295 152 358 693 159 724 191 0 544 1279 690
805 253 1279 541 423 272 639 431 746 273 806 331 700 276 753 316 122 294 149 360 692 158 724 190 0 544 1279 691
807 253 1279 540 426 272 643 431 747 273 808 331 703 275 756 317 118 292 146 361 692 157 724 188 0 544 1279 691
807 252 1279 543 429 273 643 429 738 271 817 331 706 275 760 317 116 291 143 359 692 156 724 186 0 545 1279 692
806 252 1279 545 431 273 643 427 739 270 820 331 708 276 761 316 813 274 871 384 0 545 1279 692 692 156 724 185 119 292 144 355
806 251 1279 548 439 270 651 422 738 271 822 330 710 277 760 315 813 274 871 382 691 154 724 185 0 547 1279 691 103 291 128 356
808 251 1279 550 439 269 651 424 737 271 824 330 714 276 768 317 691 154 724 186 0 549 1279 689
814 250 1279 552 441 269 652 426 714 277 769 317 734 272 824 330 690 154 724 186 0 550 1279 689
829 261 1279 573 443 271 652 425 714 277 770 317 732 272 825 330 690 155 724 185 0 551 1274 690
832 264 1279 571 448 273 653 422 717 278 771 317 0 551 1275 689 689 155 724 184 753 272 831 329
835 267 1279 570 452 276 654 419 719 279 772 318 0 552 1279 688 754 272 831 330 688 156 723 184
840 267 1279 570 455 279 655 415 722 281 772 320 0 554 1279 686 686 156 722 185 755 273 831 330 576 191 592 216
842 266 1279 573 457 280 655 414 724 281 774 320 0 554 1279 686 685 155 722 184 574 191 591 216
847 266 1279 573 459 281 657 413 729 281 776 319 821 278 873 375 0 553 1279 687 687 154 722 183 572 189 589 215
851 265 1279 573 463 281 659 412 822 277 873 374 0 549 1279 689 732 281 777 317 733 274 823 324 571 187 587 214 689 153 722 180
856 266 1279 572 466 280 663 410 823 277 873 373 0 547 1279 690 746 272 842 328 569 184 586 213 736 281 777 316
859 267 1279 571 470 280 664 407 823 276 873 372 745 271 841 327 0 547 1279 692 693 140 720 173 568 182 585 211
860 269 1279 568 474 278 666 404 823 277 873 372 746 270 839 326 0 548 1277 692 693 138 720 171
861 269 1279 566 477 275 667 401 749 269 838 326 824 275 874 372 0 548 1277 693 693 135 720 169
863 268 1279 568 481 272 668 399 753 267 837 325 825 274 875 373 0 547 1279 693 691 133 719 167
485 271 668 399 865 269 1279 569 826 273 876 373 756 268 836 325
886 268 1279 571 489 272 669 398 758 269 838 326 827 274 877 374
887 271 1279 570 492 275 670 398 827 274 878 375 761 271 839 328 0 548 1279 690
888 275 1279 569 494 278 670 398 828 275 880 375 764 274 840 330 0 549 1279 690
890 277 1279 569 495 280 671 401 827 277 881 375 765 276 839 331 0 549 1279 691 926 281 1017 357
894 278 1279 568 497 282 671 400 827 279 881 376 768 276 840 331 0 548 1279 690 927 283 1020 359
898 278 1279 567 498 283 672 398 827 278 881 379 770 276 840 330 0 547 1279 690
903 279 1279 565 499 284 672 396 829 277 882 381 772 276 841 329 0 546 1279 689 831 331 876 398
911 277 1279 563 506 284 682 396 830 274 883 381 832 331 877 399 0 545 1279 689
507 283 683 397 921 276 1279 563 831 271 884 381 940 276 1044 364 0 541 1279 691 832 331 878 397 686 127 709 168
510 281 684 396 929 274 1279 564 831 271 884 381 0 539 1279 693 944 281 1044 364 687 123 709 165 538 158 560 195
515 278 684 393 935 273 1279 564 832 271 884 380 0 536 1279 696 948 286 1044 365
519 278 684 390 941 274 1279 564 833 272 883 379 0 536 1279 697 790 275 847 330 951 290 1045 365
523 279 687 388 947 274 1279 563 839 268 890 378 0 536 1279 698 792 276 849 330
526 280 690 389 951 276 1278 563 839 268 892 380 0 536 1279 697 795 277 851 330 963 272 1078 367
529 281 695 390 954 279 1278 563 840 269 893 381 0 537 1279 696
533 280 695 393 958 282 1279 562 0 539 1279 694 969 260 1116 371 840 269 894 382 841 330 891 400
537 280 697 396 963 283 1279 562 0 540 1279 693 841 270 895 381 972 265 1121 370 842 330 891 402
543 278 698 398 969 283 1279 563 840 271 896 382 0 541 1279 692 976 269 1127 371 841 330 890 403
547 277 700 399 975 286 1279 561 840 271 898 382 0 540 1279 692 979 270 1137 373 841 330 890 404
550 276 701 397 979 291 1279 558 840 271 899 381 0 540 1279 690 983 269 1144 373 842 330 891 404
552 277 706 394 985 293 1279 558 841 271 901 380 0 540 1279 690 844 329 893 403 988 269 1151 375
553 278 710 391 991 295 1279 557 842 271 902 379 0 540 1279 690 846 329 895 402
553 279 715 389 998 292 1279 558 845 270 904 380 0 542 1279 690 848 329 898 402
554 280 717 388 1003 291 1279 558 846 268 906 381 0 542 1279 690 1002 260 1197 382 949 287 1041 359
564 280 722 388 1011 291 1279 559 0 542 1279 692 848 267 905 381 953 288 1045 360 1008 266 1198 380
569 279 722 389 1019 291 1279 559 0 542 1279 692 836 268 919 399 1014 267 1206 379
1030 295 1279 557 572 279 726 388 0 541 1279 692 836 268 920 398 1022 272 1208 378
1035 295 1279 557 574 279 731 386 0 543 1279 692 834 268 921 396 1024 273 1214 379
1039 297 1278 554 583 282 725 372 0 542 1279 693 834 266 923 393
585 281 727 373 1048 271 1276 568 0 541 1279 693 870 271 930 377 838 309 923 389
1055 250 1276 553 589 280 728 373 0 540 1279 694 873 269 934 375 839 310 920 388
1062 248 1277 553 588 276 749 375 875 269 936 375 0 541 1279 694 838 274 896 370
595 274 751 374 1068 249 1277 553 0 542 1279 693 875 269 931 374 467 93 491 154 837 275 896 369 875 330 926 405
601 272 753 373 1074 281 1276 562 0 542 1279 693 834 276 880 364 462 92 487 151 888 273 950 370 877 329 928 405 592 25 673 70
607 272 754 374 1078 285 1276 561 0 540 1279 694 832 276 879 365 891 271 954 374 453 90 477 151 879 329 930 405
610 272 755 374 1091 289 1279 559 0 538 1279 695 830 277 878 365 449 91 474 148 892 268 957 381
1098 291 1279 557 609 273 758 373 0 535 1279 696 828 278 876 366 878 264 965 394 443 91 468 146 5 308 68 342
1107 293 1279 557 617 274 772 373 0 533 1279 697 825 280 874 366 881 265 969 394 1 306 63 342
626 274 767 369 1116 295 1279 558 0 532 1279 698 822 283 871 366 884 266 971 394 889 330 949 408 0 306 56 343
628 275 770 370 1123 296 1279 560 0 532 1279 697 820 286 868 365 889 291 950 400 1 305 36 343
627 273 783 374 1132 296 1279 561 0 533 1279 697 818 288 866 365 893 291 948 399 1 304 31 343
631 272 788 375 0 535 1279 698 1147 336 1279 545 818 288 864 366 899 333 953 407
637 270 793 375 1152 342 1279 545 0 537 1279 700 917 268 979 385 909 331 970 408
641 269 796 375 1156 346 1279 546 806 283 859 367 0 538 1279 700 911 332 972 408 918 267 979 386
649 266 800 374 805 283 857 367 1163 349 1279 546 19 427 1265 699 918 332 975 408 918 265 1005 394
652 265 808 373 802 286 855 366 925 332 978 408 1168 371 1279 563 21 425 1269 698 923 264 1011 392
659 265 842 373 1185 351 1279 540 934 331 993 409 928 263 1018 390 798 288 852 364 0 538 1279 697
663 264 843 371 937 332 996 409 930 262 1022 389 0 540 1279 697
670 262 841 370 943 332 1000 409 945 262 1041 392 585 274 621 292 0 540 1279 697
677 260 842 370 583 273 620 293 950 263 1046 393 961 332 1017 410
683 260 846 370 963 333 1020 412 580 273 619 293 955 264 1049 395
686 261 847 370 955 264 1051 397 1197 388 1279 556 965 329 1025 414 580 273 618 293 0 477 1279 695
691 260 853 370 1196 392 1278 553 961 267 1056 399 970 329 1028 413
693 250 858 358 1196 391 1277 552 969 269 1063 400
695 247 865 357 979 271 1070 402 1197 389 1276 554 564 277 605 298 0 538 1279 697 988 331 1050 416
709 239 882 360 997 262 1082 405 0 538 1279 697 563 277 606 298
711 236 885 358 1001 263 1088 408 0 540 1279 698
716 234 886 357 1009 264 1097 410 559 272 604 295
719 235 885 355 1018 265 1107 411 343 282 385 314 555 271 603 296
1026 264 1113 410 721 235 884 356 340 280 382 314 555 270 602 295
723 234 886 357 335 279 377 314 554 270 601 295 1030 262 1118 411 1148 262 1190 293
729 231 883 358 1049 258 1139 416 330 279 373 316 552 270 600 295 975 249 1054 302 0 537 1279 707 1149 263 1191 293
734 228 880 357 1055 260 1148 419 550 269 599 295 327 282 368 317 977 249 1054 301 0 538 1279 709
739 227 878 356 549 269 598 295 1061 264 1156 418 983 250 1043 303 0 539 1279 709
741 228 882 355 316 284 357 317 0 539 1279 710 550 269 596 295 1072 267 1164 417
743 228 886 352 0 537 1279 709 313 283 353 316 551 269 594 294 1098 264 1187 418
744 230 891 350 0 534 1279 709 309 281 350 317 1107 267 1195 420 551 269 593 294 1115 349 1173 440
746 230 893 348 0 533 1279 710 307 279 347 317 1116 269 1205 420 535 269 583 295 1073 264 1159 324 996 246 1055 300
752 231 897 348 0 532 1279 709 534 269 584 295 306 278 344 318 1077 263 1167 324 1122 268 1212 419
757 232 899 346 0 533 1279 708 533 269 585 295 1089 260 1191 327 1148 263 1235 424
761 234 902 345 0 533 1279 707 1094 260 1191 325 1156 261 1241 428 532 269 584 294 291 279 335 322
760 234 903 345 0 535 1279 708 1099 263 1195 325 1165 262 1249 430 531 269 584 294 289 279 333 322 1010 256 1069 293
770 235 910 346 0 537 1279 709 1106 267 1195 326 531 270 582 295 280 264 333 322 1012 258 1069 295 1174 261 1259 428
778 247 914 349 1116 268 1211 326 276 264 329 324 531 270 581 295 1013 257 1070 295 0 540 1279 709
785 252 916 349 1121 269 1213 326 1015 258 1073 295 530 270 579 296 273 265 325 326 0 540 1279 708
