

11 322 219 444 934 315 1190 481 297 311 477 423 589 320 700 409 1098 310 1279 591 494 296 551 364 806 273 944 585 568 319 589 340 684 327 726 358 668 180 698 205
6 322 212 447 291 311 475 429 590 320 701 409 933 316 1207 484 1119 330 1279 608 492 296 550 365 807 269 945 584 685 329 728 359 568 320 589 340 669 180 699 204
280 313 471 431 2 320 207 450 591 320 702 408 491 296 551 365 946 322 1236 480 1136 338 1279 610 685 327 730 359 569 320 590 341
268 315 464 434 591 320 702 409 0 322 195 451 489 294 551 366 959 302 1242 503 804 268 945 581 685 326 732 358 568 320 590 341 1159 381 1279 596 430 317 484 379
252 313 462 434 0 319 189 451 966 312 1260 536 589 318 702 408 488 291 552 366 804 268 945 579 568 317 591 341 684 322 732 357 428 315 481 377 1200 375 1279 599
978 313 1271 536 0 318 182 453 244 312 458 439 590 317 700 409 804 266 945 581 486 289 552 366 423 314 477 378 567 317 589 340 685 323 731 356
986 315 1277 531 220 310 446 447 0 317 175 454 589 316 701 408 806 262 946 529 481 286 548 366 567 314 590 339 408 310 471 381 812 391 939 584
992 316 1279 528 210 310 441 454 0 316 168 456 591 317 700 407 482 286 548 365 407 311 470 382 808 261 945 529 567 313 590 338 798 394 950 585 587 312 618 341
1002 317 1279 530 191 309 439 458 0 315 159 456 591 310 701 400 482 283 547 364 404 309 468 381 810 256 945 530 568 312 590 335 589 312 617 337 800 393 949 580
1009 319 1277 538 1 315 151 456 177 306 436 460 594 310 702 399 481 284 547 363 393 306 467 383 816 264 925 508 815 395 939 576 568 312 589 334 589 311 617 337 548 310 563 330
1018 321 1276 546 139 302 422 469 594 309 701 399 3 312 144 457 387 305 465 383 480 280 546 362 809 251 944 529 568 310 590 333 815 394 939 572 589 312 613 336
110 298 418 490 596 309 701 400 4 308 122 465 477 282 545 362 382 307 464 385 816 262 928 510 1033 324 1274 556 814 394 938 571 568 311 590 334 588 312 613 337 691 317 754 343
72 294 409 500 596 309 700 400 366 306 455 388 2 306 115 468 1056 308 1273 569 475 280 542 363 809 253 944 528 814 392 939 572 569 311 590 334 588 312 612 337 689 317 758 344 545 307 563 331 639 159 676 177 679 149 715 184
34 290 405 512 1068 311 1276 569 597 310 701 399 358 306 453 390 473 279 540 364 816 264 926 513 0 306 91 471 815 391 938 573 588 312 617 339 568 311 589 334 691 316 768 360 544 307 564 332 681 148 717 184 639 159 677 176
14 300 401 544 351 306 450 393 1075 310 1276 568 593 319 701 404 471 279 538 365 816 262 927 513 815 389 939 573 692 319 770 360 568 313 588 336 588 313 617 339 0 301 75 470 544 308 564 334
0 301 366 558 327 308 443 401 594 320 703 405 1103 316 1274 571 468 278 537 368 817 262 929 516 816 390 939 574 566 314 588 338 693 321 772 360 589 314 618 339 589 323 617 357 545 311 564 337 685 149 721 184
0 298 341 578 595 321 702 405 812 257 944 529 1120 314 1274 575 464 282 535 371 317 311 443 402 693 322 774 360 565 317 588 339 588 324 616 358 545 315 564 338 774 350 817 396 590 316 617 339
3 296 319 587 596 322 703 406 283 299 440 410 809 271 944 569 460 285 543 373 1146 335 1278 563 565 318 591 341 693 322 776 360 589 324 615 357 542 314 562 338 771 343 827 397
597 324 703 407 269 311 437 415 3 293 301 589 809 270 944 569 457 287 541 374 1162 367 1279 582 566 319 591 341 697 324 784 363 541 314 562 338 588 326 614 357 772 344 828 399 651 154 688 174
598 325 704 407 243 310 428 420 1 291 280 590 810 269 943 569 453 286 542 374 701 325 786 364 565 320 591 341 588 327 613 358 540 314 561 339 1171 378 1278 578 775 344 830 400
233 310 421 424 600 326 704 408 443 283 530 380 810 259 943 531 705 326 791 364 1 279 236 600 816 398 941 577 588 329 613 359 565 321 589 340 541 315 561 338
220 311 414 430 602 326 706 409 443 282 529 382 810 256 943 533 2 281 212 599 711 325 795 365 816 399 941 575 588 329 614 360 565 320 589 340 653 145 691 169 539 314 560 339 935 354 1015 440
204 311 410 436 602 326 707 409 1 289 168 599 440 280 528 383 811 257 943 532 714 325 799 364 817 401 940 573 565 319 590 342 589 328 615 360 653 144 693 167 936 355 1021 442
604 325 709 410 178 310 391 443 437 279 529 384 819 270 934 515 589 327 617 360 565 318 591 343 653 142 694 164 818 398 940 572 720 325 814 368 3 280 147 602 944 352 1039 446 794 341 845 405 677 322 723 357
159 308 387 450 605 326 709 410 431 276 528 385 819 271 935 511 565 317 592 343 654 140 696 162 589 327 617 360 724 324 816 368 819 395 939 573 943 355 1046 446 523 310 552 348 677 321 727 358
138 307 381 458 605 326 710 409 427 275 527 386 832 271 950 508 565 317 592 342 654 137 698 158 820 398 939 573 590 327 618 359 732 322 817 367 522 308 553 348 678 321 731 359 944 357 1051 444
605 327 710 408 125 308 380 464 422 274 525 385 832 270 950 507 565 316 593 342 822 404 939 572 521 308 553 348 654 134 699 155 737 322 820 366 591 327 618 359 664 316 740 361
86 311 364 473 607 326 712 407 418 261 523 397 832 271 951 506 824 409 938 569 564 316 593 343 521 307 555 349 592 326 621 359 747 322 839 369 698 323 745 358 653 130 702 154
608 325 714 406 411 259 522 396 56 308 370 492 834 269 954 506 749 322 838 367 564 315 593 343 825 409 938 568 520 306 555 349 592 324 622 359 697 322 749 356 654 122 701 146
26 315 328 491 608 323 716 407 404 256 518 399 836 267 955 509 753 322 837 364 563 314 593 343 834 411 948 566 518 306 555 349 655 119 703 143 697 321 753 355 592 321 622 360
3 316 326 516 612 320 720 408 399 255 515 402 836 267 956 509 755 322 840 363 563 314 594 343 834 409 948 564 518 307 555 349 655 117 705 141 699 322 754 355
0 315 303 540 612 321 720 407 393 252 512 409 835 268 956 509 762 321 843 364 563 315 594 343 834 408 948 562 517 307 556 350 655 114 707 137 701 322 757 356 593 322 622 360 257 314 317 387
0 313 275 564 613 322 720 407 836 269 955 509 379 256 524 406 835 406 947 560 563 315 594 343 516 307 556 350 768 320 845 364 251 314 312 389 655 110 708 134 594 323 622 361 701 321 759 358
614 323 721 405 0 311 252 583 838 269 954 510 373 251 500 413 564 315 595 342 835 407 947 559 514 306 556 351 778 320 858 365 215 312 309 393 657 107 709 131 687 317 771 359
614 324 722 405 1 296 227 586 839 268 953 511 361 256 507 410 207 312 306 394 564 315 596 342 836 408 946 557 687 316 775 360 513 307 556 350 795 326 850 362 674 105 716 128 596 313 649 364
614 325 722 405 840 267 954 512 350 253 502 415 837 410 946 560 565 314 596 343 799 325 852 363 175 312 297 397 685 314 779 362 0 292 184 591 512 306 555 351 596 313 648 365 677 95 718 120
840 266 953 508 340 247 496 417 0 291 163 584 614 323 723 405 838 407 945 557 564 311 597 341 163 310 296 396 682 306 780 357 673 93 721 118 510 304 553 348 803 322 852 360 529 261 542 281
326 244 493 423 841 269 952 507 613 323 723 407 838 407 946 556 123 306 292 401 667 89 723 115 563 314 594 340 806 323 854 360 2 286 133 591 682 307 779 356 529 262 542 282
317 238 493 425 842 269 953 503 614 323 723 405 839 404 946 551 117 308 291 400 665 86 726 112 563 314 594 339 700 309 793 353 1 294 69 586 529 261 541 279
615 324 724 406 845 272 955 506 102 316 277 409 303 236 501 431 842 408 950 553 704 314 800 363 596 309 651 366 563 317 596 342 823 326 868 364 663 80 728 106
618 323 726 404 95 315 274 409 848 273 958 506 280 237 481 432 707 307 805 358 845 405 953 553 562 314 600 344 953 322 1038 375 829 326 871 364 666 72 731 99
89 314 268 411 619 324 727 406 266 221 475 455 849 279 958 504 715 313 815 363 848 404 956 554 954 323 1046 379 563 316 601 345 598 311 653 366 501 299 553 359 667 68 734 97 471 324 502 366 1211 389 1278 554 1021 365 1119 477
82 313 258 413 620 324 729 405 251 218 472 464 715 314 819 362 851 283 960 502 849 402 958 556 563 316 601 345 499 300 553 360 468 322 500 367 598 311 652 366 670 64 736 94 958 322 1049 380 1123 359 1272 510 1021 365 1120 479
621 323 730 407 718 313 824 364 222 224 491 459 851 285 959 505 852 409 958 561 497 299 553 362 563 316 601 346 463 321 497 370 597 311 651 368 966 325 1063 384 78 312 246 416 1150 357 1267 525 672 57 737 88
621 321 732 406 192 220 477 463 719 311 831 364 854 283 962 506 563 313 601 345 853 409 960 562 456 316 496 370 967 322 1067 382 50 311 206 419 1155 356 1270 523 529 260 543 280
158 217 471 471 620 321 732 409 720 313 835 367 856 285 963 507 854 413 961 565 446 315 494 374 967 323 1072 381 52 321 171 416 563 315 598 343 596 310 650 370 1159 360 1271 522 528 263 542 282
136 212 473 479 620 322 733 408 721 314 838 367 859 286 969 500 437 320 492 375 855 411 965 562 969 322 1078 381 595 311 651 368 562 316 598 343 49 321 163 416 977 369 1066 468 1157 358 1267 520 1209 386 1276 554
93 194 448 505 622 322 736 409 430 320 490 376 864 289 974 501 595 311 653 368 733 314 854 366 860 411 970 562 982 331 1103 403 562 317 598 343 677 32 758 70 32 328 138 416 1154 358 1263 521
57 178 440 518 623 320 740 407 734 313 861 364 422 317 488 374 487 301 551 359 595 309 654 367 560 315 601 345 867 291 977 496 979 321 1113 387 865 404 977 560 679 26 760 62 1152 356 1263 520
623 318 743 409 738 313 866 365 413 316 484 376 13 121 441 559 596 308 655 367 487 300 551 359 560 315 601 345 868 293 974 499 869 401 981 557 684 16 766 54 996 322 1132 389 1075 363 1250 509
4 117 425 567 407 315 483 374 624 318 745 408 486 297 551 358 870 293 974 498 741 312 869 365 560 314 602 344 597 308 654 367 871 400 983 557 685 9 766 47 995 321 1139 388 1124 364 1271 516
391 313 482 377 7 95 407 592 626 318 745 409 483 299 546 361 597 306 655 368 872 295 975 499 561 315 602 343 755 312 881 366 873 403 984 556 1152 357 1266 525 995 322 1147 385 686 3 771 39
382 312 482 376 627 318 746 407 0 69 369 614 482 296 545 361 884 281 999 505 598 301 659 364 561 313 602 342 753 311 890 365 877 403 984 556 1120 362 1272 520
376 312 479 378 0 37 357 633 757 310 896 366 627 317 746 408 480 295 545 363 888 282 1002 498 597 300 660 365 560 313 603 343 886 404 996 554 1010 323 1191 439 1119 362 1272 518 1018 370 1120 478
373 312 475 378 627 303 754 404 478 294 544 363 761 306 897 359 889 279 1004 496 0 21 346 637 560 312 605 342 597 300 661 364 889 401 998 551 1118 362 1273 514 1015 321 1193 439 982 217 1009 270
372 313 472 381 627 305 756 403 890 282 1006 495 477 295 542 365 0 17 309 582 597 300 661 365 892 396 1002 551 559 314 605 343 769 307 893 358 1064 363 1260 507 1022 322 1201 431
357 313 465 386 891 281 1007 499 627 306 757 402 471 295 546 366 779 309 917 366 597 305 659 368 896 394 1007 551 560 314 604 344 1068 366 1262 506 0 12 269 631 1027 320 1208 426
351 312 461 387 784 308 922 366 627 307 759 402 897 281 1010 499 467 293 546 366 1081 372 1256 504 596 305 660 369 559 314 604 344 900 391 1012 550 1031 319 1216 420
347 312 457 391 626 314 761 412 790 308 922 366 904 281 1013 498 466 294 546 367 597 304 660 370 1048 320 1251 427 559 314 603 345 905 393 1017 550 1093 377 1247 501
627 315 764 412 328 314 450 394 908 279 1015 499 1058 319 1245 427 465 293 545 368 597 305 660 370 559 314 604 345 911 395 1022 547 802 308 936 368 1161 384 1279 590
317 314 452 397 629 315 766 411 808 307 941 369 463 293 545 369 1066 319 1242 427 913 275 1018 504 559 314 605 345 600 298 665 367 916 396 1028 546 1155 379 1279 592
307 313 450 398 460 293 545 369 916 272 1022 507 0 304 79 444 814 307 944 368 632 314 769 411 1072 317 1237 429 559 314 604 344 600 298 667 367 922 396 1032 545 1150 379 1279 594
305 312 446 399 456 293 544 369 919 275 1029 506 633 316 771 410 600 297 667 368 558 314 603 344 924 397 1033 547 817 305 943 360 0 301 69 446 1149 384 1278 592 1078 315 1236 434
451 294 543 369 635 307 771 419 281 306 443 404 921 281 1032 499 601 296 668 368 556 314 602 345 826 307 963 369 1125 392 1279 590 926 396 1034 548 1164 295 1272 464 0 313 57 436
267 316 440 410 834 308 967 370 635 308 772 420 936 277 1051 495 444 290 530 374 601 295 669 370 555 315 601 347 937 395 1051 549 1118 390 1279 587 1155 297 1265 461 1 321 35 433
444 300 527 376 636 309 774 422 253 315 422 416 943 284 1054 489 940 394 1055 550 602 301 670 375 1110 388 1279 584 844 309 968 371 554 316 600 348 1126 307 1277 443
246 316 418 421 636 310 776 424 441 300 526 379 855 311 981 374 600 303 670 376 949 285 1057 491 551 320 601 355 944 395 1059 551 1113 304 1271 575 1080 325 1165 382
229 319 412 429 636 311 780 425 436 300 525 385 862 314 986 378 600 305 670 378 551 323 600 358 956 284 1063 498 951 398 1064 552 1100 390 1279 584 1080 322 1163 380
211 321 409 436 431 301 525 390 635 312 784 426 598 307 671 381 550 325 599 360 868 317 990 380 963 281 1068 501 958 399 1072 557 1078 391 1258 582
424 301 524 394 636 315 789 429 185 322 390 444 884 317 1001 383 596 308 672 383 550 326 598 362 1077 395 1246 581 968 281 1073 495 964 398 1078 559 1105 308 1207 466
172 321 385 450 421 301 525 397 637 315 793 431 890 318 1004 384 595 309 673 385 549 327 598 362 1077 397 1238 578 967 398 1081 561 971 282 1075 493 1100 308 1202 467
153 324 378 458 414 303 508 405 639 316 797 435 596 309 673 387 548 328 598 363 899 319 1004 383 1077 402 1228 570 1093 307 1196 471 971 397 1081 561 987 277 1095 507
409 301 505 407 640 315 798 438 597 308 672 389 547 328 598 365 136 327 375 463 913 318 1021 387 1086 301 1197 543 987 292 1097 541 1173 334 1260 402 1217 338 1278 463
88 326 358 474 401 299 503 408 639 316 800 438 597 309 672 389 918 318 1024 387 544 328 598 365 1173 334 1264 397 992 297 1098 537 1085 302 1193 540 1221 341 1279 463 772 348 819 381
73 325 348 479 395 297 505 408 638 316 802 437 596 308 671 388 925 318 1025 386 1175 336 1269 398 542 326 598 364 1000 292 1099 501 1085 306 1189 537 771 348 827 381 993 390 1206 553 1247 337 1277 466
636 316 805 435 593 307 671 388 381 298 495 410 1003 293 1104 496 543 325 595 364 940 316 1042 388 1192 336 1277 397 45 323 314 482 991 388 1202 553
19 323 313 510 634 316 804 436 592 306 671 388 381 294 488 415 535 326 588 365 1199 335 1277 399 1007 292 1111 495 948 316 1042 385 989 390 1198 553 755 325 840 384
3 318 294 521 634 316 801 437 374 293 484 416 590 305 671 389 534 326 587 365 1209 334 1278 400 754 324 847 386 1011 293 1119 496 957 316 1044 383 472 307 525 375 988 392 1193 554
5 318 271 531 634 315 797 439 355 293 490 414 589 305 671 389 531 326 586 364 1217 333 1278 400 755 323 853 387 1012 290 1123 502 964 316 1043 380 971 393 1180 554 749 265 764 291
633 314 795 440 347 290 484 416 6 320 249 550 587 304 670 391 528 327 585 363 756 324 857 386 1012 292 1127 504 963 391 1183 555 1221 333 1279 399
336 289 481 418 632 314 794 443 586 302 668 391 5 311 223 568 525 327 583 362 763 324 875 386 951 391 1182 554 1011 293 1128 503
761 323 884 385 3 313 209 575 631 314 795 444 584 301 668 392 326 287 479 419 523 326 582 362 941 391 1177 552 457 300 509 379 1028 289 1152 501
763 323 891 385 2 305 178 582 630 315 798 444 584 300 668 391 309 288 463 422 522 325 581 361 937 395 1168 551 452 300 507 379 1013 296 1125 496
629 316 799 443 296 284 455 427 763 323 897 386 583 300 668 391 518 324 580 362 446 302 504 377 4 297 151 583 937 400 1160 551 1013 297 1123 495 1089 318 1203 390
626 316 800 444 281 281 448 431 580 300 667 392 770 321 916 388 516 324 579 362 903 408 1139 554 1082 318 1212 391 1012 302 1120 492
768 323 926 388 625 315 799 446 264 276 444 436 576 300 667 392 895 412 1137 554 429 302 494 380 513 323 578 362 1097 315 1233 395 491 328 512 349
767 324 935 388 624 314 800 447 252 278 447 447 574 300 666 393 425 302 492 380 892 414 1130 553 1059 309 1252 398 515 323 576 362 975 343 1145 517 489 328 510 351
623 313 801 448 231 274 426 452 766 324 943 388 575 299 664 392 1060 310 1263 398 421 302 488 380 890 419 1120 553 508 325 566 363 985 354 1145 514
621 311 803 449 212 267 419 461 781 322 960 391 575 298 662 392 413 304 486 379 1060 312 1268 396 885 424 1114 556 506 318 567 369 1061 305 1152 463
618 310 805 452 778 323 973 391 575 297 661 392 406 303 485 379 192 262 414 469 505 318 566 369 1120 316 1272 394 877 427 1113 559 1062 305 1157 463
616 309 806 454 780 324 978 390 398 308 479 380 571 297 652 392 503 318 565 370 172 266 397 470 1125 317 1273 395 1066 306 1163 465 871 428 1119 559
613 307 806 458 134 257 404 486 390 307 478 382 570 298 652 395 806 328 988 395 500 318 564 371 1139 316 1279 397 1066 310 1166 461 866 431 1126 560
107 259 391 496 612 307 806 461 381 307 477 385 568 299 653 397 808 327 1008 401 493 317 565 375 1141 318 1279 405 1070 313 1169 452 864 434 1129 562
76 259 379 509 610 307 807 464 816 328 1021 400 567 298 653 400 375 305 475 389 1145 316 1279 407 492 319 562 375 872 458 1119 567 1072 317 1170 452 1031 412 1188 539
52 260 376 517 610 307 809 464 819 328 1031 400 567 298 653 400 372 304 473 392 492 321 562 375 1154 315 1279 409 868 457 1124 570 1075 316 1172 456
611 306 812 465 567 300 653 401 358 309 469 398 20 259 353 529 492 322 561 375 837 328 1055 405 1165 316 1279 409 868 459 1125 571 1089 315 1187 465
613 306 814 466 847 329 1065 403 355 308 469 400 9 249 344 548 568 301 654 401 492 323 561 376 1194 322 1279 405 862 458 1135 574 1093 313 1190 461
616 304 818 467 3 259 321 582 860 329 1080 403 352 307 467 403 568 304 654 401 491 323 562 376 1202 324 1279 406 1098 313 1194 456 863 461 1138 574
