

648 196 882 350 268 109 580 433 90 207 184 270 2 214 100 302 177 204 242 253 559 166 670 366 235 201 273 247
647 195 882 349 267 109 580 434 89 207 184 270 2 214 100 302 177 204 242 253 563 178 649 351 235 201 273 247
646 196 881 349 267 110 580 435 89 207 184 270 2 214 100 302 177 204 242 253 568 181 644 351 235 201 273 247
645 195 880 349 267 110 581 434 89 207 184 271 2 214 100 302 177 204 242 253 571 183 638 352 235 201 273 247
645 196 880 350 267 110 581 432 89 207 184 271 2 214 100 302 177 204 242 253 557 168 611 355 235 201 273 247
645 196 880 350 267 110 581 432 89 207 184 271 2 214 99 302 177 204 242 253 557 171 609 352 235 201 273 246
645 197 880 350 267 110 581 432 89 207 184 271 2 215 99 302 177 204 242 253 580 189 631 339 235 201 273 246
643 199 882 349 267 110 580 433 89 207 184 271 2 215 100 302 177 204 242 253 582 192 632 330 235 201 273 246
641 200 883 349 268 109 581 433 89 207 184 270 2 215 101 301 177 204 242 253 583 195 632 324 238 206 271 241
640 201 884 349 89 207 184 270 2 215 101 301 178 204 241 253 601 200 635 290 238 206 271 241
640 202 884 349 267 110 583 434 89 207 184 271 2 215 101 301 178 204 241 253 601 199 634 290 238 207 271 241
639 202 884 348 90 207 184 271 2 215 101 301 178 204 241 253 601 199 635 290 238 207 272 242
640 202 884 347 91 206 183 271 3 215 100 301 600 199 636 291 178 204 242 253 238 207 272 242
641 201 884 347 92 206 183 271 3 215 100 301 599 198 637 292 177 204 242 253 236 201 273 246
642 201 884 347 93 206 183 271 6 217 88 299 599 198 637 292 177 204 242 253 236 201 273 246
642 201 884 347 94 206 182 271 6 217 87 299 598 198 637 292 177 204 242 253 235 201 273 246
642 201 883 347 96 206 182 271 5 217 87 299 598 198 637 292 177 204 242 253 235 201 273 246
642 201 883 346 98 205 182 271 5 217 87 299 597 198 638 292 177 204 242 253 235 201 273 246
642 201 883 346 98 205 182 270 6 217 88 300 596 198 638 291 177 204 241 253 236 201 273 246 78 196 111 283
643 201 883 346 97 205 183 270 6 216 89 300 596 199 637 290 177 204 242 253 235 201 273 246
643 201 883 346 97 205 182 270 6 216 89 300 595 199 637 289 177 204 242 253 238 207 271 242 78 196 111 282
643 201 883 346 98 205 182 270 6 217 89 299 594 199 637 288 177 204 242 253 238 207 271 242
642 201 883 345 99 205 182 270 7 217 90 299 594 199 636 288 177 204 243 253 235 201 273 245
642 201 883 345 100 205 182 269 7 217 90 299 594 198 635 289 177 203 243 253 235 201 273 245
641 202 884 345 100 205 182 269 7 217 90 298 593 198 635 290 177 203 243 253 235 201 273 245
640 201 884 344 100 205 182 269 7 217 89 298 594 199 633 290 177 203 243 253 235 201 273 246
638 202 884 344 100 205 182 270 6 216 89 298 594 199 632 289 177 203 243 253 235 201 273 246 78 196 110 286
638 201 884 344 100 204 183 270 6 216 89 298 177 203 243 253 78 195 110 288 595 200 630 288 234 200 273 245
638 201 884 344 99 204 183 270 266 109 580 436 6 216 88 298 177 203 243 253 78 195 111 290 234 200 273 245
638 201 884 344 99 205 183 270 267 109 580 436 6 216 88 299 178 203 243 253 233 200 272 245 78 195 111 291
637 200 884 344 99 205 183 270 267 109 580 436 4 212 100 300 177 203 243 253 233 200 273 245
637 200 884 343 99 205 183 270 267 109 580 436 6 216 88 299 177 203 243 253 232 200 273 245 588 202 622 283
638 200 884 344 99 205 183 270 267 110 580 436 6 216 87 299 177 204 243 253 232 200 273 245 588 203 621 282
639 200 884 344 99 206 183 269 267 110 580 436 6 215 86 299 177 204 243 253 232 201 272 245 587 203 620 282
639 200 885 344 99 206 183 269 267 110 580 436 5 215 85 299 178 204 243 253 232 201 272 245
640 200 885 344 97 206 183 269 5 215 84 300 178 204 243 253 233 200 272 245
640 200 885 344 96 206 183 269 5 215 84 300 177 204 242 253 233 200 272 245
640 199 885 343 94 206 183 269 6 215 84 300 177 204 242 253 238 206 270 242
641 199 885 343 93 206 184 269 5 215 82 300 177 204 242 253 238 206 269 242
641 199 885 343 91 206 184 269 5 215 80 301 177 204 242 253 233 200 271 244
641 200 886 343 89 206 185 268 4 215 80 301 178 204 242 253 232 200 271 244
641 200 886 343 87 206 186 268 5 215 80 301 178 204 242 252 231 200 272 244
641 200 886 343 86 206 186 268 5 215 80 301 178 205 242 252 231 200 272 244
641 200 886 343 84 206 187 269 5 215 82 301 178 205 242 252 231 199 272 244
641 200 887 343 83 206 187 269 6 216 85 301 178 205 242 252 230 199 272 244
640 200 887 343 83 206 188 270 6 216 86 301 178 205 241 252 230 199 272 245
641 200 887 344 83 206 187 270 6 216 86 300 178 205 241 252 230 198 272 245
641 200 887 344 82 206 187 270 6 216 86 300 178 205 241 252 230 198 272 246
642 200 886 344 82 206 187 270 6 215 85 300 178 205 241 252 229 197 271 246
643 200 886 343 81 206 187 270 6 215 84 300 178 204 242 252 228 197 271 247
643 200 886 343 80 206 186 271 6 215 82 299 178 204 243 252 229 197 271 247
643 201 886 343 80 206 186 271 6 214 83 299 178 204 244 253
643 201 886 344 80 206 186 271 6 214 84 299 178 203 244 253
643 200 886 344 80 206 186 271 6 214 85 300 178 204 243 253
643 200 885 344 80 206 186 271 6 214 86 300 178 204 243 253
643 200 885 343 80 206 186 271 6 215 87 300 179 205 240 252 224 171 273 352
643 200 885 343 75 200 190 281 6 215 87 300 179 205 236 251 223 167 274 353
642 200 885 343 74 200 192 281 7 216 88 300 219 163 275 354 184 206 231 250
643 200 886 344 74 200 192 281 7 217 88 300 214 163 273 352 169 204 225 251
643 201 886 344 72 200 193 280 7 218 88 299 205 169 270 352
643 202 887 344 79 207 187 270 7 218 87 299 198 173 267 352
642 202 887 344 79 206 187 270 7 218 87 299 174 179 253 351 600 208 674 275
642 202 887 343 262 106 583 440 77 206 170 269 164 176 254 351 7 216 88 299 600 208 674 275
642 202 887 343 265 107 582 440 143 169 266 358 76 207 170 269 599 209 674 275
642 202 887 344 267 107 580 441 138 169 261 358 76 207 167 269 599 209 673 276
642 202 887 344 137 168 257 356 269 107 579 442 80 208 164 269 4 175 93 432 599 209 673 276
642 201 887 344 138 164 253 356 269 107 579 441 84 207 161 268 6 173 98 427 599 208 673 276
643 201 887 344 268 106 579 440 89 207 158 268 7 173 108 417 145 170 238 350 599 208 673 277
643 201 887 344 267 105 579 439 9 160 116 393 136 169 212 350 91 207 155 267 226 208 265 264 599 208 673 277
643 201 887 344 265 105 580 439 134 171 208 353 12 166 120 385 225 208 264 264 599 208 673 277
642 201 887 344 265 105 580 440 133 170 201 353 19 168 146 383 599 209 673 276
642 201 887 344 265 106 581 438 132 167 193 352 23 170 152 381 599 209 673 276
642 201 887 344 265 107 581 438 31 172 158 379 129 166 184 349 599 209 673 276 180 202 245 252
642 201 888 344 265 107 581 437 38 172 161 376 125 172 179 347 599 209 673 276 178 202 244 253
643 201 887 344 56 169 182 371 599 209 673 276
643 201 887 344 61 173 183 368 599 208 673 277
643 201 887 344 266 107 581 434 65 175 185 366 599 208 674 277
643 201 887 344 265 107 581 433 68 173 187 363 599 208 674 277
643 201 887 344 264 107 582 433 69 172 190 363 599 208 674 277
643 201 888 344 264 107 582 432 80 184 175 345 599 208 674 277
643 201 888 344 264 108 582 432 82 186 177 343 599 208 674 277 5 215 48 301
643 201 888 344 265 108 582 432 84 188 178 339 599 208 674 277 5 215 48 302
642 201 888 344 266 108 582 433 83 238 173 358 599 208 674 277 5 214 50 303
641 202 889 344 266 108 582 436 85 240 174 358 599 208 674 277 5 214 50 303
640 202 889 343 265 108 582 437 71 201 199 331 599 208 674 277 210 190 250 260
640 202 889 343 264 108 583 438 72 202 204 330 599 208 675 277 210 192 248 258
641 202 889 343 263 109 583 438 599 208 674 277 210 193 247 257
641 202 888 343 264 108 582 437 599 208 674 277 121 187 204 337
641 202 888 343 265 108 581 438 599 208 674 277 129 186 207 340
641 202 888 343 266 107 581 438 132 186 210 343 599 208 674 277
641 202 888 343 266 106 581 438 134 186 211 343 599 208 674 277 13 210 87 344
641 202 888 343 265 107 581 436 102 243 211 348 598 209 673 277 9 212 84 341 75 208 158 272
641 202 888 343 266 107 581 435 101 243 215 347 598 209 673 277 8 212 83 340 75 208 158 273
641 202 888 343 266 108 581 436 100 245 220 347 598 209 673 277 76 207 158 273
641 202 888 343 267 107 580 438 98 246 223 347 76 207 159 273 597 209 673 276 153 189 227 337
641 202 888 343 267 106 580 440 97 246 226 348 77 207 160 273 597 209 673 276 155 191 228 338
641 202 888 343 267 105 580 440 96 246 227 349 77 207 160 273 598 209 673 277 157 193 230 340
641 202 888 343 267 104 580 441 76 207 159 273 94 247 228 351 598 209 673 277 158 193 233 342
