

870 373 1054 476 297 381 462 476 1156 374 1276 688 823 367 916 443 778 375 827 463 149 347 268 536 517 368 598 497 643 372 694 465 496 322 620 411 535 437 590 504
871 373 1056 478 301 381 463 474 1167 394 1274 677 824 366 917 444 776 376 825 462 162 348 278 535 645 373 695 463 520 368 602 497 495 322 623 410 542 444 599 504 782 417 819 472
873 372 1058 481 307 382 460 477 1173 396 1274 684 823 365 917 446 774 374 823 462 646 374 695 462 174 348 288 542 494 322 623 409 543 376 600 499 781 418 818 471
876 371 1060 484 309 382 461 477 823 365 917 447 771 371 822 463 648 376 695 461 1189 386 1279 697 493 323 621 407 546 379 603 498 780 421 816 471 198 351 309 532 656 422 691 471 735 396 764 444
878 370 1062 487 310 382 461 476 1196 391 1279 694 821 364 917 448 770 368 821 463 649 376 695 460 203 350 315 532 546 369 607 480 494 323 620 407 552 440 606 503 777 422 815 471 734 395 763 444 9 380 220 508 657 422 692 470
878 371 1066 489 312 382 461 476 821 368 917 454 767 367 820 464 650 377 696 459 1206 392 1279 692 216 352 322 527 549 368 609 480 556 438 608 501 494 323 622 407 775 423 815 472 15 381 229 511 732 396 763 445 658 422 693 470
879 372 1069 492 315 382 461 476 822 368 921 456 767 366 819 463 651 376 697 458 229 357 330 522 552 369 612 479 1218 384 1277 696 23 383 236 515 560 435 609 500 774 423 814 472 493 323 623 408 731 397 762 446 659 422 694 469
880 373 1073 493 329 380 463 473 823 367 923 457 652 376 699 458 766 367 817 463 237 359 337 525 28 384 240 542 556 370 613 477 492 322 621 408 773 423 813 471 563 434 610 499 730 396 762 447 660 421 696 468 1233 375 1278 701
332 380 462 473 880 373 1077 495 824 367 925 458 653 376 699 458 766 367 815 463 250 362 351 521 45 382 271 545 772 423 811 471 491 323 619 409 661 419 697 467 730 395 761 447 567 373 623 478 509 372 603 474 708 381 734 422 707 396 736 440 565 434 610 498
335 382 462 472 884 374 1094 503 825 367 926 458 653 376 699 458 258 361 354 520 50 379 270 527 567 370 624 481 766 356 814 449 771 422 810 470 662 418 697 465 729 393 760 447 509 372 602 474 708 380 732 422 568 438 623 496 707 396 734 440
885 373 1095 506 339 382 463 471 825 368 927 459 51 379 277 527 568 368 627 482 653 376 699 458 268 362 362 522 762 371 807 464 509 374 601 474 663 417 696 464 771 423 809 470 729 392 759 448 709 380 732 421 571 439 624 496 708 395 735 440
887 373 1098 507 343 383 464 469 825 369 928 459 53 380 287 527 571 368 629 480 653 376 698 457 280 366 369 525 761 370 807 464 509 375 601 473 663 417 696 463 574 437 626 495 709 380 733 421 728 392 759 448
889 374 1103 510 350 382 464 468 824 368 931 461 55 379 298 529 574 370 631 478 760 370 807 464 510 378 600 472 290 366 377 532 653 376 698 457 663 417 696 462 578 435 629 494 764 419 802 469 710 380 733 420
892 375 1110 511 824 370 933 461 353 381 463 469 56 378 308 530 576 372 632 475 759 369 805 465 510 379 600 471 654 377 699 458 491 326 616 408 663 418 696 462 301 391 396 557 583 432 631 493
893 375 1117 513 825 371 934 462 355 381 463 469 579 373 634 474 59 380 314 527 757 369 803 465 509 381 601 471 656 379 699 458 312 366 404 523 306 450 396 552 664 420 696 462 711 381 735 421
895 376 1124 514 96 380 324 527 826 372 935 461 583 375 635 474 755 370 801 464 377 383 470 466 509 380 603 472 659 379 698 459 320 368 415 518 666 421 695 461 312 447 403 553 759 418 798 468 712 381 736 423
896 376 1130 515 102 380 329 526 835 372 947 462 587 376 636 474 754 372 799 462 509 380 605 473 383 383 469 464 661 379 698 460 328 370 423 513 667 423 695 459 758 418 796 466 717 394 743 441 330 444 418 553 714 381 737 424
897 376 1139 518 108 379 336 526 835 372 950 463 510 379 607 474 591 376 642 477 752 373 798 461 336 369 430 514 662 377 697 460 389 384 469 464 335 443 422 554 493 329 619 414 757 418 795 465 718 393 743 441 668 423 695 458 715 381 737 424
896 376 1148 519 107 378 341 527 835 372 953 464 592 376 642 475 750 373 797 461 509 380 609 473 339 368 432 516 661 377 697 459 341 440 428 556 390 383 470 463 493 330 618 414 756 419 794 465 718 394 744 441 668 423 695 457 715 381 738 423
907 371 1172 529 108 379 346 526 835 371 956 464 594 378 641 471 748 371 796 462 510 380 610 473 660 376 697 459 351 401 450 550 485 330 583 416 718 395 744 442 756 420 794 466 348 374 468 469 668 423 695 457 715 382 737 421
909 371 1178 530 111 380 349 526 837 371 961 465 597 379 643 468 747 371 796 462 358 408 456 547 660 376 698 458 511 377 629 474 718 396 744 442 495 330 615 413 605 427 641 476 347 373 470 470 756 421 792 466 668 422 695 457
912 370 1186 532 120 381 351 525 839 371 966 465 747 370 795 463 599 379 646 466 511 378 627 473 367 412 463 545 661 377 699 457 719 397 745 441 607 428 644 476 346 375 472 471 756 421 792 466 496 330 612 412 83 398 143 437 668 422 696 457
914 370 1194 532 127 381 350 524 834 368 982 467 602 378 649 465 746 371 795 462 511 379 625 473 374 410 469 541 663 377 699 457 610 427 647 476 720 398 745 441 756 422 792 466 347 377 469 469 78 397 140 435 499 330 609 412 669 421 696 457
143 382 364 524 836 367 986 470 919 368 1204 534 606 379 651 464 747 371 795 462 511 381 625 471 388 442 471 541 664 378 699 457 612 427 650 476 720 399 745 441 756 422 792 465 352 381 460 466
148 383 367 522 838 366 992 473 921 361 1218 548 611 382 653 464 748 371 795 462 511 382 625 471 721 397 745 441 664 379 698 458 614 425 652 475 756 422 792 466 357 385 454 464 50 398 121 435 395 442 476 539 716 382 738 419 409 372 490 513
840 365 998 476 153 385 371 520 945 359 1237 555 512 383 626 471 615 383 655 464 749 372 795 462 720 396 745 441 409 443 491 536 359 387 447 463 663 380 698 459 756 422 792 465 0 198 78 682 717 382 739 420 51 402 114 435
843 365 1002 477 156 386 374 518 948 363 1244 560 513 383 625 472 749 373 795 461 616 384 656 465 416 444 495 533 720 396 746 441 663 380 699 459 360 388 444 462 419 370 497 511 756 422 792 466 0 196 79 684 31 399 93 435
954 365 1252 569 162 386 380 517 846 364 1007 480 514 383 624 472 749 373 795 460 363 389 446 462 620 385 665 467 664 379 699 460 755 422 792 466 426 371 503 509 721 397 746 442 504 335 606 415 0 194 79 682 420 443 499 531
960 366 1254 578 168 387 385 517 846 364 1013 483 517 385 625 472 749 374 795 461 621 385 665 466 366 390 452 462 435 373 513 509 665 379 699 460 754 422 791 467 721 397 747 442 505 336 606 414
965 367 1253 580 174 388 390 517 853 366 1032 486 519 385 627 472 749 374 794 462 368 390 459 465 442 431 516 523 623 385 665 465 669 387 696 450 754 423 790 469 731 396 754 444 447 375 510 476 505 337 606 412
178 388 391 518 967 368 1256 581 853 367 1036 487 522 386 627 472 750 374 794 463 370 390 460 467 625 386 666 465 449 375 524 513 669 386 697 450 754 423 789 470 504 337 608 410
181 388 391 518 856 366 1040 490 375 389 473 467 523 385 628 473 976 359 1261 586 749 375 795 462 627 386 669 465 670 385 698 451 732 397 755 445 754 423 790 469 468 375 529 506 504 338 609 409 459 431 515 515
859 366 1047 493 186 389 391 517 377 390 478 468 526 385 628 473 749 375 796 461 473 373 534 508 995 372 1225 562 629 386 672 464 665 381 701 460 732 397 756 444 754 423 791 469
862 365 1056 495 379 389 483 470 197 392 402 515 749 375 796 461 528 385 629 473 479 376 540 506 997 370 1210 562 631 386 674 463 665 382 701 460 731 397 756 444 753 423 791 469
864 363 1066 496 199 393 401 515 379 390 486 471 750 376 795 462 531 385 629 472 1001 357 1202 545 632 388 674 462 484 375 538 475 672 384 698 453 484 429 541 513 731 397 756 444 753 423 791 470
201 394 401 514 866 364 1072 499 381 390 489 471 751 375 795 462 537 385 627 471 632 389 675 462 492 375 553 503 672 384 698 453 1029 241 1278 627 731 396 756 445 754 422 790 470 1003 360 1195 532
204 394 401 513 383 390 491 471 869 365 1067 503 497 376 559 502 752 375 795 463 633 389 676 461 541 385 627 470 1020 234 1277 638 673 384 699 453 730 396 756 446 755 422 790 471
207 395 401 513 385 390 493 471 505 377 565 502 872 367 1054 505 753 375 796 464 977 272 1268 629 633 388 676 461 673 383 699 453 730 395 755 447 544 384 628 469 755 422 790 472 28 335 201 524
210 395 401 512 385 390 494 471 982 238 1228 637 754 375 797 465 874 368 1039 504 634 388 676 462 510 379 567 502 673 383 698 453 40 330 211 527 730 394 755 448 554 388 633 466 756 422 790 472
215 395 402 510 393 389 498 469 518 375 575 501 755 376 799 466 634 388 677 463 878 368 1028 503 674 383 698 454 556 389 634 465 756 423 790 472
220 395 404 509 393 390 499 469 524 379 582 498 755 376 799 466 635 388 677 463 946 248 1169 621 674 383 698 454 897 365 1005 516 81 313 258 567 1157 368 1279 590
228 395 405 508 393 389 499 469 530 382 587 496 754 377 799 466 636 390 677 463 938 246 1153 625 95 314 269 571 673 384 698 454 1128 347 1279 637 730 397 755 447 755 423 792 472
393 389 499 469 233 396 409 507 906 254 1124 616 755 378 799 465 533 386 590 495 637 391 677 463 673 386 698 453 730 397 756 446 1116 349 1279 640 119 309 298 579 756 423 794 472
393 390 500 469 244 397 411 505 136 317 308 579 755 378 799 466 898 259 1111 615 637 392 678 463 542 378 602 499 1124 358 1277 687 730 397 756 446 673 389 697 452
393 390 502 469 254 396 415 503 546 380 607 499 756 378 799 468 148 328 321 609 1133 365 1277 684 638 392 678 463 730 398 756 445 672 391 696 450 865 275 1069 607
394 391 503 468 1148 373 1279 682 857 293 1062 648 259 393 416 502 550 381 612 499 756 378 799 469 175 329 340 611 638 393 679 462 730 399 757 445 672 392 695 450 118 392 163 439
395 391 503 467 184 330 348 608 1153 381 1279 680 847 295 1053 644 757 379 798 469 532 393 627 490 252 388 416 505 730 399 756 445 671 392 695 449 642 395 672 450 1027 373 1206 506 112 395 158 438 555 435 612 501
397 391 504 466 757 380 798 468 238 380 414 506 1012 371 1220 517 532 393 628 489 820 280 1020 617 729 399 756 445 643 395 671 450 670 393 694 449 1169 414 1278 665 194 334 358 605
400 391 505 465 813 282 1012 618 757 381 798 467 230 373 412 506 996 368 1236 524 1201 405 1279 678 729 399 756 444 669 393 693 449 643 395 671 450
402 391 506 464 806 286 997 615 758 382 798 465 573 389 634 495 299 390 422 499 969 350 1262 568 729 400 756 444 1221 402 1279 683 667 394 692 448 644 395 670 450 661 422 689 459
404 392 506 463 959 359 1262 573 759 382 799 465 802 285 989 613 325 396 424 493 730 400 756 443 758 426 795 469 666 394 691 447 644 396 669 448
405 393 507 463 956 363 1266 575 774 286 968 613 760 381 800 465 731 400 756 443 330 395 426 493 665 395 690 447 254 347 373 532 760 426 793 467 645 397 669 446 661 423 689 458
952 361 1270 576 406 394 508 463 768 282 961 617 760 379 801 464 731 398 756 443 665 395 690 448 248 360 418 511 646 398 670 445
957 360 1274 578 406 394 509 462 761 279 956 621 760 377 800 463 593 396 645 490 731 398 756 443 666 395 690 448 269 358 435 508 255 463 412 594 647 398 670 444
958 359 1276 581 407 394 509 462 758 275 953 622 597 400 647 488 272 333 433 606 667 394 691 447 533 388 626 470 647 397 670 445 760 375 801 462
966 357 1275 586 410 393 509 462 754 273 948 622 603 403 650 486 272 357 439 516 668 394 691 447 649 396 670 444
972 359 1277 596 412 393 509 462 750 272 944 623 301 358 425 575 609 404 652 485 668 394 692 446 651 395 670 444 664 426 690 456
981 360 1277 606 416 393 508 463 739 282 920 616 307 355 431 577 614 403 655 485 668 394 691 446 664 427 689 456 980 375 1003 428
987 361 1277 617 416 394 508 462 737 282 920 615 313 351 433 579 667 396 691 445 755 442 975 619 276 393 336 491 664 427 689 456
998 358 1277 631 417 394 508 462 734 286 921 611 322 349 436 582 534 399 624 474 619 399 669 489 755 442 970 622 666 397 690 445 277 394 343 490
1007 357 1276 638 418 395 508 462 728 288 924 609 330 348 438 586 534 400 627 475 623 402 672 487 755 442 964 623 278 392 372 492 666 399 689 443 684 401 704 440 989 380 1017 444
1022 355 1276 689 534 402 631 476 344 353 454 591 424 396 515 461 723 288 925 610 280 394 371 494 627 403 675 485 755 443 958 627 685 401 705 440 668 400 689 443
1028 358 1274 684 349 356 455 590 534 402 634 477 426 397 514 461 283 396 374 495 718 284 925 613 629 403 675 485 757 446 958 627 670 400 691 443 685 401 704 441
1040 361 1275 677 535 403 636 478 358 363 459 584 285 399 380 495 714 282 921 615 428 397 515 462 631 403 677 484 757 447 955 626 672 400 692 444 1001 385 1030 447 686 401 705 441 635 436 668 493 515 402 554 435
1055 365 1276 671 537 404 636 478 366 370 465 582 710 300 920 639 288 401 383 496 633 403 678 484 431 397 516 463 1004 385 1034 447 674 400 694 445 756 449 953 625 686 402 705 441 637 437 671 493
1070 368 1278 673 538 406 635 477 372 376 471 582 704 296 919 642 635 403 680 484 290 403 387 497 1008 385 1038 448 434 397 518 463 686 404 704 442 676 402 695 446 639 439 672 493
1096 367 1279 685 538 407 636 477 377 379 477 585 696 291 918 647 636 402 681 484 292 405 389 498 1010 386 1041 447 685 406 703 443 440 402 519 468 676 404 695 446 641 439 673 491
539 408 636 476 383 377 482 589 1109 379 1277 688 687 286 918 652 290 402 407 499 638 402 682 482 444 403 520 468 1010 378 1048 448
387 374 486 591 539 407 636 475 670 286 884 653 1126 388 1276 690 291 402 409 498 1019 378 1056 453 446 404 521 467
663 282 889 655 539 404 636 474 294 400 412 496 390 371 487 592 1146 454 1276 685 1021 377 1059 451 107 411 156 441
298 399 413 494 660 283 892 651 539 401 637 474 396 370 503 584 1159 455 1277 686 1024 377 1064 449 102 408 153 438
303 397 415 490 661 260 890 629 541 400 645 472 403 372 505 582 1027 377 1070 448 1172 461 1276 686 87 402 139 433
308 394 418 487 658 258 890 625 540 391 646 465 409 371 510 580 1207 463 1278 692 1125 385 1176 449 1026 369 1074 441
541 391 646 462 310 387 435 486 608 286 926 623 417 382 515 575 1221 470 1279 692
542 389 646 459 311 387 439 484 656 254 889 625 426 362 519 533 1136 384 1186 449 651 383 693 450
546 387 646 456 313 383 449 477 656 254 889 626 434 364 527 530 1040 370 1086 442
549 386 648 454 320 383 451 476 602 286 919 620 438 365 532 529 1042 369 1089 441
552 386 650 454 606 289 928 618 459 368 540 524 328 381 468 476 1044 370 1092 440
331 384 473 476 553 388 652 456 609 295 938 613 464 370 543 522 1046 370 1094 440 470 441 535 546 1153 384 1203 449
337 386 475 476 553 390 653 456 653 305 952 598 471 374 552 520 1048 369 1098 439 476 443 537 541 485 482 1188 677 1160 383 1211 448 460 385 502 415
344 386 475 475 555 392 654 456 661 301 957 601 479 376 559 519 1049 367 1100 438 484 483 1196 676 1163 382 1213 447 461 386 508 417 490 439 552 540 1007 375 1039 428
350 387 473 475 557 392 653 454 706 266 925 616 487 374 569 520 492 440 556 537 1050 363 1102 437 485 485 1197 678 462 386 513 418
354 386 472 474 560 391 652 452 715 268 932 615 492 373 573 518 1051 360 1103 435 497 442 558 532 462 387 513 446 486 486 1208 679
359 385 491 472 565 389 652 449 676 313 985 601 495 371 577 515 1050 356 1103 433 469 386 522 445
364 385 494 471 677 325 994 600 568 387 653 448 511 369 582 512 470 386 525 442 1051 354 1104 431
370 385 496 469 518 384 582 498 676 337 1009 600 570 385 654 449 473 387 529 439 677 399 712 446 734 398 770 444 1052 354 1102 429 738 376 767 420
376 385 496 469 524 386 586 497 682 349 1022 601 576 385 659 448 475 387 533 440 678 399 712 446 735 398 772 443 738 377 766 421 1052 353 1103 428
383 385 493 470 531 387 589 497 579 386 658 448 685 359 1034 609 479 387 537 441 679 399 713 445 735 398 771 443 738 378 764 422
384 384 506 471 687 363 1042 617 582 388 657 448 483 388 540 441 735 397 769 443 679 399 712 445 536 390 590 495 738 380 763 423 716 399 740 433
388 385 507 472 540 385 601 496 735 369 1065 622 487 390 540 443 585 390 657 449 734 397 766 444 680 399 712 445 716 399 740 435 737 381 762 422
391 387 509 471 544 388 604 494 739 373 1068 622 733 398 764 445 680 399 712 445 587 391 659 449 487 391 550 442 737 381 762 421 716 399 741 436
397 388 511 469 550 392 607 493 756 375 1066 623 733 398 763 446 489 392 552 442 680 400 712 444 588 390 662 450 1070 363 1118 440 737 382 761 420 717 399 741 435
402 388 513 467 556 396 611 492 733 400 762 445 681 400 711 442 772 374 1071 624 493 391 554 440 600 389 659 447 1072 362 1119 439 737 382 760 421
407 388 515 465 562 399 612 489 682 400 711 441 733 399 761 444 496 390 556 439 792 370 1075 622 604 386 661 446 1075 361 1119 437 736 382 760 422
410 388 516 461 856 338 1045 635 733 399 761 443 683 400 711 439 566 394 618 490 498 388 557 437 735 380 760 423 1075 360 1119 436
416 388 523 456 572 373 621 474 857 334 1042 627 732 397 761 442 501 387 560 436 683 399 711 437 1074 358 1118 434
418 387 524 452 577 375 624 470 857 333 1037 624 732 398 760 440 683 398 711 436 505 386 562 435 1074 357 1118 432
422 387 524 449 833 331 1023 632 582 376 627 468 731 397 760 439 509 386 564 434 682 397 711 435 1074 357 1118 432 581 422 617 475
