

881 189 1002 399 1002 200 1237 586 77 189 444 303 1009 393 1272 639 203 268 373 367
883 189 1006 398 1003 203 1236 585 34 190 426 300 1009 394 1272 640 224 262 376 370
30 190 425 300 1003 205 1236 582 886 190 1008 393 1009 393 1271 640 226 261 374 371
26 189 422 300 1003 207 1237 581 888 190 1010 389 1007 392 1270 641 229 261 372 371
21 188 418 299 1004 207 1237 580 890 192 1010 389 1006 391 1271 641 230 261 370 369
17 187 412 299 1005 206 1237 580 893 193 1012 388 1006 390 1272 641 234 273 366 364
13 186 410 301 1006 205 1237 579 898 196 1013 386 1008 390 1273 641 236 274 364 363
12 185 406 303 1005 204 1237 580 900 197 1016 384 1008 391 1272 641 239 275 363 363
9 186 407 306 1005 202 1238 581 901 195 1018 383 873 277 1036 414 241 276 361 363
7 185 406 306 1005 201 1238 581 900 194 1021 384 241 275 358 363
3 186 408 305 988 336 1274 622 899 193 1023 387 229 275 347 361
2 185 407 303 987 335 1274 621 902 195 1028 391 233 274 343 361
990 336 1274 621 1 185 409 301 907 197 1033 392 236 274 341 360
1008 204 1233 576 1 185 410 301 912 199 1038 392 1004 386 1273 642
1008 206 1233 576 0 185 413 300 914 201 1039 389 1007 388 1273 640 235 274 337 358
1008 207 1234 575 0 181 377 298 928 198 1051 388 1005 389 1273 641 234 274 337 357
1007 208 1235 575 0 181 378 298 932 197 1052 381 1002 389 1274 641 234 274 336 357
1006 208 1236 574 935 196 1053 382 0 182 378 299 1002 390 1273 641 233 275 336 356
1006 208 1235 574 0 182 378 300 938 195 1057 385 1004 390 1273 641 231 275 335 356
1006 208 1235 574 0 182 375 300 942 196 1061 387 1006 390 1272 640
1006 207 1235 573 0 181 374 299 947 198 1065 388 1008 390 1271 640 782 225 1038 321
1006 207 1234 573 0 181 372 299 951 199 1069 388 1009 390 1271 640 770 222 1051 320 544 185 669 262
1007 208 1234 573 0 182 371 299 954 201 1071 390 1009 390 1271 640 759 222 1061 321 543 185 669 263
1007 209 1234 573 3 183 370 300 958 202 1072 389 1009 392 1271 640 744 223 976 321 542 184 670 263
1007 210 1235 574 4 183 370 300 1011 393 1270 640 962 203 1073 387 735 223 1090 324 542 184 671 263
1007 210 1235 574 5 183 371 300 1012 395 1270 639 723 222 1105 326 964 204 1075 385
1007 209 1235 575 3 183 372 299 1012 395 1270 638 715 222 1112 326 965 205 1075 385
1007 209 1234 574 3 183 372 298 705 223 1011 322 1011 396 1270 638 965 205 1075 385
1007 209 1234 573 2 182 372 297 694 224 1016 320 1008 396 1270 638 966 204 1073 383 223 202 326 339
1007 210 1234 571 683 224 1019 318 2 182 371 297 966 202 1072 381 1007 395 1270 639 241 276 328 354 222 200 325 337
1007 212 1233 570 683 223 1012 318 3 182 369 298 966 202 1072 379 1007 396 1270 639 241 276 328 355 222 201 324 337
676 222 975 325 1008 213 1233 570 967 202 1073 379 3 182 369 298 1007 395 1270 639 241 276 328 355 222 201 324 337
666 222 983 327 1008 215 1233 570 968 203 1075 380 4 181 370 298 1007 395 1271 639 243 276 328 354 224 199 324 337 1116 182 1166 276
655 223 992 329 1008 216 1234 570 970 203 1077 379 4 181 371 297 1006 394 1271 640 224 198 324 336 244 276 327 354 1116 182 1166 276
645 224 1000 330 1009 217 1234 570 972 204 1076 377 4 181 370 298 1007 394 1271 640 224 198 324 336 243 276 327 354 1117 182 1166 276
635 224 1006 330 1009 219 1234 568 973 205 1076 372 5 180 368 299 1006 394 1271 640 223 200 323 335 242 276 327 354 1117 182 1166 276
628 223 1008 329 1009 219 1234 567 974 207 1076 366 5 180 366 299 1006 394 1271 640 224 173 315 340 241 275 327 354 1117 182 1166 276
625 221 1008 329 1009 220 1235 566 5 180 367 299 974 209 1077 363 1005 394 1272 640 225 173 314 340 241 275 328 354 1117 182 1166 275
626 221 1004 329 1008 220 1235 567 5 180 366 299 974 210 1077 363 1006 395 1272 640 224 172 314 340 241 275 328 354 1117 182 1165 275
629 220 1001 329 1008 220 1235 566 6 180 366 299 974 209 1078 363 1008 396 1272 640 225 172 314 341 242 275 329 354 1117 182 1165 275
627 219 1001 329 1008 220 1235 565 6 180 367 299 974 209 1079 363 1009 396 1272 640 225 172 313 341 242 276 329 354 1116 182 1165 275
625 218 1003 328 1008 219 1235 565 6 180 369 299 975 207 1080 363 1009 396 1272 640 225 171 312 342 242 276 329 354 1116 182 1165 275
620 218 1005 327 1008 219 1235 565 5 180 371 299 990 208 1090 360 1008 395 1272 640 225 171 311 343 242 276 329 355 1116 183 1165 275
617 218 1006 327 4 180 372 298 1008 217 1235 565 971 205 1083 366 1007 394 1271 641 225 170 310 343 242 276 330 355
613 219 1004 327 5 179 370 298 1008 216 1234 567 968 205 1084 367 1006 392 1270 641 225 170 310 343 242 276 329 355
611 219 1002 327 5 179 369 298 1008 215 1234 569 966 206 1084 366 1005 390 1270 642 225 169 309 343 243 276 330 355
609 219 1000 327 5 178 368 298 1008 214 1234 572 966 207 1083 366 1005 390 1270 641 225 169 309 343 243 276 329 356
609 219 999 327 5 178 369 298 1007 213 1234 574 966 208 1084 367 1006 390 1270 641 225 168 309 345
607 219 998 327 4 178 369 298 1007 212 1234 576 966 209 1085 368 1007 391 1270 640 225 167 310 345
608 219 997 327 4 178 369 299 1006 211 1234 577 966 210 1085 369 1008 392 1271 640 225 166 309 345
607 219 998 327 4 178 369 299 1006 211 1233 576 966 210 1085 370 1007 392 1270 639 225 167 310 344
607 219 998 327 4 179 368 300 1006 212 1233 576 966 211 1085 371 1007 393 1270 640 224 167 310 345
608 219 997 327 4 179 367 301 1005 212 1234 574 964 212 1085 373 1005 393 1270 640 223 199 318 340
610 219 994 327 4 180 365 302 1005 212 1234 573 1005 392 1270 640 963 213 1084 374 223 198 318 341
611 219 992 327 5 180 362 303 1004 211 1235 573 1004 393 1270 640 962 213 1084 377 222 199 320 341
611 219 991 327 5 181 359 304 1004 211 1236 572 1005 394 1270 639 961 214 1082 379 222 199 321 342
610 220 990 327 5 182 357 305 1004 212 1236 571 1004 395 1270 638 961 213 1079 381
609 220 988 327 5 182 356 305 1004 213 1236 570 960 214 1075 380 1004 395 1270 638 221 197 321 344
610 220 987 327 5 181 355 305 1005 213 1236 571 959 213 1071 380 1003 394 1270 638 220 194 322 346
563 216 994 319 5 181 354 305 960 213 1069 380 1004 211 1236 572 1003 394 1270 639 219 190 324 348
563 217 992 319 5 181 351 305 960 213 1069 382 1004 212 1236 571 1003 395 1270 639 217 187 326 350
563 217 992 320 5 181 348 305 961 213 1069 381 1004 211 1235 571 1003 395 1270 639 216 186 327 350
563 217 992 320 4 182 347 304 961 212 1068 380 1005 211 1235 572 1004 395 1270 639 216 187 328 349
563 216 991 320 2 181 345 304 960 211 1066 379 1006 211 1234 572 1004 395 1270 639 217 189 327 348
563 216 991 320 958 210 1065 380 0 181 341 303 1006 214 1234 570 1005 395 1270 640 216 190 328 348
562 216 991 320 957 210 1063 379 0 182 336 304 1005 214 1234 570 1005 394 1270 640 216 192 327 347
562 217 991 320 956 210 1063 378 1004 214 1236 571 0 182 333 304 1005 395 1270 640 217 193 327 347
563 217 986 320 955 211 1062 377 1003 211 1237 573 0 181 331 304 1005 395 1271 640 218 195 326 346
562 217 979 319 954 210 1061 376 1003 210 1238 574 0 180 331 304 1004 395 1271 640 219 196 325 345
560 218 971 320 1003 210 1238 575 953 210 1060 376 0 179 332 304 1005 396 1271 641 219 196 325 344
553 218 969 320 1003 210 1237 575 953 210 1059 376 0 178 333 305 1005 396 1271 641 217 195 326 344
548 218 968 321 1003 209 1237 575 953 210 1058 378 0 178 332 304 1007 397 1270 641 215 194 327 344
528 213 914 321 1003 209 1237 575 953 211 1055 379 0 179 333 303 1007 397 1270 641 218 177 330 335 254 274 316 359
522 213 910 321 1003 208 1237 576 952 210 1053 381 0 179 332 301 1008 397 1270 641 222 176 332 335 254 273 316 359
517 213 906 321 1003 209 1237 576 951 210 1050 381 0 180 334 300 1008 397 1270 641 226 175 334 334
1003 209 1237 578 518 214 893 322 0 176 268 297 949 209 1048 384 227 174 335 335 1007 397 1270 641 255 272 316 359
466 211 868 323 0 175 265 297 1002 208 1238 580 227 172 336 335 948 208 1046 387 1006 396 1270 642 254 272 316 359
458 210 867 324 0 174 263 297 1001 207 1238 582 227 171 336 335 946 207 1046 389 1006 396 1269 641 254 272 316 359 856 222 1070 339
447 211 871 324 0 175 261 296 1001 205 1237 582 227 171 337 334 946 206 1046 389 1006 396 1269 641 254 272 316 359 850 222 1075 338
403 212 840 317 0 176 261 296 1002 205 1236 581 227 171 338 334 1006 396 1269 640 946 206 1046 388 841 222 1082 334
396 214 834 315 0 176 257 297 226 172 339 335 1002 206 1236 580 1006 397 1269 640 947 206 1045 387 832 223 1090 332
392 215 825 314 0 176 252 299 223 172 339 336 1001 206 1236 579 1006 397 1270 640 948 207 1045 386 831 222 1090 332
361 212 787 316 0 175 246 299 1001 206 1237 580 220 172 338 338 1007 397 1270 639 948 208 1046 385 830 221 1089 334
353 212 781 316 0 174 238 299 1002 206 1236 580 217 172 338 339 1007 397 1270 639 949 208 1046 382 831 220 1087 336
344 214 775 315 1 173 230 298 1002 208 1235 579 215 172 337 341 1007 396 1269 639 949 207 1047 380 791 217 1039 326 1120 180 1167 279
3 173 222 298 338 215 767 314 1002 209 1235 578 213 172 337 342 1007 396 1269 639 949 206 1048 379 787 216 1040 325 1119 179 1168 280
4 174 217 298 326 211 739 316 1002 210 1235 577 213 182 335 350 1007 397 1269 638 948 206 1048 378 786 216 1042 324 1119 179 1168 280
4 175 210 298 331 212 729 315 1002 210 1235 577 213 185 336 348 1006 397 1269 639 949 206 1047 378 785 216 1043 324 1116 194 1159 294
329 212 717 314 4 175 203 299 1003 211 1234 575 213 170 337 344 1006 397 1269 638 949 205 1047 379 786 215 1044 324 1115 194 1159 294
322 208 702 307 0 174 191 300 1003 212 1234 575 213 169 336 345 1005 397 1269 639 950 205 1047 379 787 214 1045 325 1113 195 1160 294
321 206 692 308 0 173 187 300 1004 213 1233 574 212 170 335 345 1004 397 1269 639 950 205 1047 380 787 214 1045 326 1113 195 1160 294
321 205 682 308 0 172 181 299 1004 213 1233 573 212 169 335 345 1004 397 1270 639 950 204 1046 381 787 215 1044 325 1112 195 1161 294
0 171 175 298 324 204 674 307 1005 214 1233 573 212 169 336 344 949 204 1045 382 1004 396 1270 639 787 215 1043 325 1112 195 1161 294
0 171 167 297 309 204 657 309 1005 214 1233 573 213 170 335 341 949 203 1044 382 1004 396 1269 639 788 214 1042 324 1110 196 1161 295
1 172 161 298 312 204 649 308 1006 214 1233 572 213 171 333 337 948 203 1044 383 1003 396 1270 639 788 214 1042 324 1110 196 1161 295 239 275 324 356
1 172 151 299 315 202 633 308 1006 213 1232 572 211 172 331 336 1004 396 1270 638 948 203 1044 383 788 214 1043 323 1109 196 1162 295
0 172 142 299 1006 212 1232 573 948 202 1044 384 1004 396 1270 638 209 172 329 337 317 201 615 308 788 213 1044 323 1104 204 1154 298
0 171 134 299 1006 212 1232 574 226 208 614 322 949 202 1044 384 1006 397 1270 638 210 172 328 339 788 213 1044 324 1103 204 1155 298
