




















41 0 1217 709



32 0 1219 696
29 0 1220 690








947 383 998 418
942 385 991 418
931 383 975 418
925 381 973 420


894 379 951 433
893 401 946 437
891 403 939 439
878 403 927 441
871 404 924 443
861 392 920 443
852 391 909 445
845 395 904 446
837 395 899 446
833 393 895 445
821 393 887 449
814 397 880 451
806 400 875 452
795 396 868 454
786 394 863 458
779 389 858 461
765 382 849 469
759 380 845 471
749 374 842 474
747 404 837 478 528 439 618 498
732 404 826 484 510 443 600 500
722 361 834 494 506 444 593 501
702 362 836 498 485 447 579 502
690 359 833 507 483 447 570 501
674 355 830 518 459 448 554 501
661 349 832 526 456 446 545 498
641 345 817 528 435 446 524 495
624 341 817 534 408 446 506 492
602 315 815 557 407 441 496 488
590 299 816 568 386 433 478 475
557 303 849 585 384 429 469 474
542 284 879 608 366 423 458 472
365 419 454 466 481 236 986 653
442 223 1049 652 362 416 449 463
360 413 449 467










9 215 1214 711













