

405 398 714 489 0 25 317 719 1020 382 1130 447 644 409 754 483
422 396 711 488 0 26 317 719 1046 363 1147 438 666 409 780 483 1201 353 1217 405
432 393 713 489 0 24 319 719 1070 364 1166 437 666 409 786 484 1201 353 1217 405
434 393 726 490 0 19 321 719 690 407 812 484 1201 353 1217 404
467 392 752 487 1097 364 1192 433 0 12 323 719 737 410 856 481
487 392 752 487 0 7 323 719 1116 366 1210 430 763 409 880 476
500 392 758 486 1123 365 1216 431 115 433 206 503 0 6 321 719 759 408 890 476 426 428 450 470
519 390 791 483 110 428 219 503 0 8 318 719 426 428 450 470
536 387 801 482 127 430 230 499 0 10 313 719 1155 368 1238 427 426 428 450 470 831 407 960 471
119 427 241 499 550 385 810 481 0 12 308 719 1173 367 1255 424 837 407 961 470 426 427 450 469
571 384 848 477 112 426 253 499 0 14 306 719 895 389 993 460 426 427 450 469
590 381 854 477 109 425 262 499 892 392 1001 456 427 426 450 468
618 379 900 475 129 423 286 499 427 426 450 468
633 375 911 474 121 421 299 500 441 428 470 468 427 425 449 468 971 388 1073 454 460 424 487 471
658 376 939 471 117 412 315 496 1202 353 1217 402 996 387 1095 451
679 371 947 469 125 410 328 498 1201 352 1217 403
131 406 338 501 697 369 954 467 1200 352 1217 404 0 12 307 719
727 365 993 464 155 409 373 498 1201 352 1218 405
737 362 1007 463 165 406 386 500 1202 352 1218 404
768 365 1033 460 200 401 424 499
205 401 440 501 793 359 1036 452
823 364 1079 457 234 399 484 499
846 356 1083 450 242 398 499 502 0 4 302 719
282 394 534 499 881 355 1118 446 0 1 305 719
894 354 1127 446 280 394 548 501 0 2 309 719
289 395 565 501 908 352 1140 445 0 3 313 719 1202 352 1216 403 1189 318 1199 336
295 395 568 500 914 350 1140 443 0 2 313 719 1201 352 1216 404 1189 318 1199 336
318 392 611 499 938 349 1164 438 0 5 315 719 1201 352 1217 405
955 346 1176 437 337 391 617 497 0 10 316 719
368 389 667 497 980 347 1202 431 0 14 318 719 730 403 772 433
991 345 1208 430 383 389 675 496 0 16 318 719
401 387 726 495 1008 342 1219 429 0 20 316 719
415 384 737 493 1020 338 1228 428 0 24 314 719
445 384 782 492 1043 339 1249 424 0 27 312 719
1055 336 1258 424 463 381 789 492 0 28 310 719
490 379 835 491 1071 333 1265 423 0 27 308 719
1095 331 1279 418 0 26 307 719 511 376 839 488
555 375 882 485 1106 327 1279 418 0 26 307 719 517 429 541 471 430 421 484 481
1118 325 1279 418 576 371 924 483 517 429 541 471 0 28 308 719 430 422 485 481 460 424 486 472
1134 321 1279 419 598 366 928 482 516 428 540 470 0 28 310 719 460 424 486 472 427 427 450 470
1155 321 1279 418 516 429 539 469 639 364 975 479 0 27 310 719 460 424 486 472 427 427 450 470
663 360 979 478 1169 318 1279 417 516 429 539 469 0 24 312 719 427 428 450 470 460 424 486 472
1177 316 1279 417 681 358 1017 476 515 429 539 468 0 22 313 719 460 423 486 472 427 427 450 471
1191 318 1279 413 704 354 1021 475 515 429 538 469 0 17 317 719 460 423 486 473 427 427 450 471
1199 317 1279 411 514 430 538 469 0 12 317 719 749 352 1063 474 460 423 486 472 427 427 450 471
514 430 538 470 0 4 318 719 1219 318 1279 409 777 344 1055 460 711 406 747 448 461 423 486 472 427 427 449 470 115 437 206 495
803 349 1120 474 513 430 537 469 0 1 315 719 109 433 220 496 461 423 486 472 428 427 449 470 711 406 747 448
513 430 538 469 855 342 1146 455 124 432 235 494 461 423 485 472 0 0 312 719 428 427 449 470
867 339 1156 457 119 429 244 496 513 430 538 469 461 423 485 473 428 427 449 470 0 2 309 719
887 337 1163 456 117 426 253 497 512 430 538 469 461 423 485 473 615 423 642 454
915 334 1176 453 118 426 258 497 512 430 538 469 461 423 486 472 0 8 309 719
932 331 1186 452 131 426 280 495 512 430 538 469 461 422 486 472
132 426 290 494 511 429 538 469 964 330 1228 447 461 422 487 471
982 326 1230 444 134 427 298 493 511 429 539 469 461 422 487 471
996 326 1240 441 147 425 316 493 511 429 539 470 461 422 487 471
1021 324 1264 443 510 428 539 470 147 426 327 493 461 422 487 471
1040 319 1268 443 169 426 348 493 510 428 539 470 461 422 488 471
1059 317 1273 439 174 423 352 489 510 428 539 470 462 421 488 471
1075 316 1274 435 193 422 367 490 510 429 539 470 462 422 488 471
1106 316 1279 427 511 429 539 470 199 421 370 486
1130 310 1279 428 215 422 404 487 512 429 538 470
234 421 423 489 1157 310 1279 427 513 430 539 470 637 420 667 458
233 421 433 489 1172 308 1279 427 513 430 539 471
513 431 540 470 1194 300 1279 431 236 419 439 487
261 418 450 488 514 432 540 470 1211 312 1279 420 461 423 486 473
260 418 460 486 514 432 541 470 1219 311 1279 417 461 423 485 473
270 416 480 491 513 431 541 470 462 423 485 473 1241 317 1278 418
284 417 479 488 512 431 542 471 0 0 308 719
289 415 484 488 0 0 306 719
308 415 493 487 0 0 306 719
307 416 503 486 0 0 307 719
313 412 518 490 0 0 306 719
318 411 529 491 0 0 303 719
323 410 534 492 0 4 302 719
325 410 534 492 0 4 302 719
326 410 535 491 0 4 301 719
337 414 519 485 0 6 300 719
338 414 523 485 0 10 299 719
338 414 526 485 0 14 300 719 1204 317 1215 337
338 414 528 485 0 14 301 719
338 414 529 485 0 12 302 719
327 411 544 490 0 7 305 719
327 412 545 491 690 419 715 457 0 2 306 719 1205 320 1216 339
328 411 545 491 690 419 716 457 0 0 304 719
329 411 543 491 690 419 717 457 0 0 301 719
330 410 542 491 0 0 299 719 690 419 718 457
330 410 543 491 0 0 300 719 690 418 718 457
330 411 543 491 0 0 301 719
337 415 532 485 0 0 301 719
337 415 530 486 0 0 300 719
336 416 530 486 0 0 300 719
336 416 529 486 0 0 299 719
336 415 528 487 0 0 298 719
336 415 528 487 0 0 298 719
330 412 538 492 0 0 297 719
329 412 538 491 0 0 299 719
329 412 538 491 0 0 299 719
337 416 525 487 0 0 301 719
