

499 466 804 563 1082 454 1249 525 883 467 1071 540 128 416 238 615 742 471 856 534 32 447 316 607 368 508 571 616 206 442 323 549 90 501 269 631 1250 448 1279 494 421 445 516 595
1086 454 1248 525 513 466 805 564 882 468 1072 540 744 472 852 534 129 416 240 616 30 444 320 607 217 444 335 547 1250 449 1279 493 89 503 270 632 382 512 582 615
1090 453 1249 525 533 467 804 564 882 467 1070 541 746 472 849 533 218 446 337 546 130 416 242 618 30 442 320 608 414 510 614 613 1251 448 1279 492 465 445 564 591
1094 453 1250 525 550 468 804 563 881 468 1069 540 746 473 846 531 144 415 269 621 221 447 339 547 429 511 626 614 477 443 571 592
1095 453 1252 524 557 467 802 561 881 467 1068 541 745 474 843 529 147 413 270 621 470 469 658 608 223 446 343 548
1096 453 1253 524 584 468 818 558 879 468 1068 541 151 413 271 622 745 475 840 528 225 445 347 549 471 507 674 616 9 444 239 591
1097 452 1255 525 596 467 820 560 880 467 1065 541 156 411 270 623 745 475 838 526 519 468 706 605 225 443 351 550 8 445 235 589 125 499 309 638 4 526 75 710
1098 450 1256 525 604 466 822 560 878 468 1063 540 159 410 271 625 524 508 715 615 198 433 356 552 8 446 230 590 4 524 75 711 747 476 835 524 128 499 312 640
1098 450 1257 526 879 468 1062 540 163 411 271 627 604 467 822 565 195 432 359 552 7 447 228 590 4 524 74 710 556 507 747 614 130 498 315 642 723 470 832 553
1096 449 1260 525 868 477 1070 541 167 411 272 628 566 470 776 598 6 448 226 589 194 432 363 553 716 470 834 556 4 523 74 710 130 499 318 644
1093 449 1263 525 867 477 1071 540 170 412 272 628 712 472 836 558 4 448 226 588 574 465 779 592 193 432 366 554 113 452 337 612 4 523 74 710
1087 449 1268 523 864 478 1070 540 172 414 272 626 4 449 221 585 606 468 816 585 190 430 367 554 110 454 343 609 715 472 837 559
1082 450 1272 522 864 478 1067 540 173 414 271 625 4 449 217 582 601 464 826 583 189 429 369 554 132 500 325 643
1076 450 1277 522 874 470 1054 538 669 477 850 600 175 414 273 625 4 449 213 580 570 462 768 564 226 437 390 551 136 501 328 641 3 522 74 711
1094 451 1277 521 876 469 1053 538 572 464 768 564 178 412 276 627 3 448 213 580 236 440 394 552 675 474 866 597 4 479 71 703 139 501 329 639
1092 450 1279 521 880 468 1052 538 576 464 774 564 182 410 282 626 2 447 213 580 721 483 893 598 243 440 397 553 4 479 71 703 142 501 329 638
887 467 1050 537 1089 449 1279 521 589 464 819 564 184 410 285 624 1 447 213 579 240 435 400 556 4 478 71 703 748 477 955 590 143 501 331 638
593 465 819 563 1064 447 1279 525 896 466 1048 536 185 410 287 623 780 480 942 594 1 447 212 579 168 499 347 640 5 477 71 704 232 431 402 558 814 433 912 572
598 464 829 564 1064 447 1278 524 192 409 314 623 0 448 212 578 906 467 1044 534 5 476 71 704 794 477 955 592
599 462 848 565 1064 447 1278 522 0 449 211 577 195 409 315 622 168 500 359 643 831 476 983 585 5 476 71 705 909 466 1037 534
599 461 863 566 0 450 210 577 1064 446 1278 522 199 410 317 621 168 498 363 643 5 476 71 705 862 476 1035 579 291 449 416 549
606 462 895 564 0 451 209 577 1093 450 1279 518 205 412 317 622 875 484 1036 582 169 497 365 643 293 450 419 548 4 523 74 711
606 462 901 563 0 452 209 576 1095 450 1279 518 211 413 319 622 169 496 367 643 886 485 1046 578 4 523 74 711 282 443 439 554 1063 459 1172 518
606 462 903 562 0 453 212 576 1096 451 1279 517 215 415 322 622 170 496 373 645 4 523 74 711 286 444 445 554 1066 459 1169 517
608 463 906 562 0 453 216 577 1095 451 1279 517 219 415 326 622 173 497 377 646 4 524 74 711 288 446 449 554
612 463 907 562 0 452 219 578 1094 451 1279 517 221 415 329 622 292 447 453 554 4 524 74 711 176 497 381 648 879 468 1006 532
617 463 910 562 0 452 221 578 1097 451 1278 517 224 416 331 623 877 467 1011 536 296 446 454 555 3 524 74 711 181 499 380 647
624 461 914 563 0 452 222 577 875 467 1014 536 228 414 333 625 1104 450 1275 518 304 446 455 555 3 523 74 711 185 500 382 647 566 466 682 539
628 461 918 564 0 450 222 577 874 468 1016 536 1116 443 1272 514 309 445 458 556 232 413 336 625 565 475 687 545 3 523 74 711 210 499 405 648 131 388 310 510
631 461 924 565 0 450 221 577 874 468 1016 536 241 407 368 626 560 474 693 546 311 442 459 558 208 498 410 650 4 484 72 702 1127 442 1265 510 1052 480 1148 561 128 386 311 510
664 465 936 560 0 451 219 576 875 470 1017 535 242 408 371 624 556 473 699 546 1069 481 1168 560 1152 442 1278 513 328 441 470 558 4 482 71 703 210 499 413 651 1091 443 1151 543 124 387 311 508
670 464 946 560 0 452 219 575 553 474 703 546 252 409 370 624 879 470 1014 534 330 442 474 557 1158 442 1278 512 213 496 424 654 4 524 73 711
678 463 955 561 0 453 220 575 549 474 706 546 261 412 370 624 881 471 1014 532 333 443 482 557 216 495 433 656 4 525 74 710 1194 445 1278 509
684 463 962 561 0 452 222 575 546 475 707 547 218 493 442 658 269 415 371 625 919 472 1017 531 1143 452 1204 549 337 444 489 556 4 526 74 710 1059 447 1265 531 1197 446 1278 508 1064 463 1172 526
688 463 963 561 0 452 223 575 544 475 706 546 920 472 1017 530 220 492 443 659 270 417 371 625 1157 452 1218 544 4 526 75 710 1058 446 1270 529 340 445 493 556 1064 461 1174 525 1199 445 1278 506
688 463 965 562 0 452 223 575 540 476 707 545 920 472 1017 529 273 417 373 630 219 493 448 659 1163 445 1223 544 4 526 75 710 1057 447 1272 527 344 445 497 556
690 462 967 562 0 452 222 575 534 477 710 544 920 472 1017 528 278 414 375 636 220 496 452 659 4 525 74 710 1061 456 1188 524 1185 447 1241 538 345 442 501 556
692 462 968 563 0 452 220 575 528 478 715 543 920 472 1016 528 239 496 472 657 1060 455 1195 524 283 411 380 639 4 524 74 710 1186 449 1249 538
705 465 982 559 0 452 219 575 524 479 720 543 1066 458 1208 522 242 500 480 660 920 473 1014 529 293 410 414 634 4 524 74 710
709 465 986 559 0 451 217 575 520 480 724 542 1065 458 1209 522 252 499 488 664 920 473 1012 529 302 411 414 635 4 525 74 710 1214 457 1270 533
711 465 993 559 1 452 216 575 262 495 497 668 517 480 726 543 1065 458 1207 522 312 413 414 641 920 474 1010 528 4 524 74 710 1217 457 1273 532 391 444 514 547
713 465 999 559 2 452 215 575 1057 456 1199 523 266 492 505 670 518 479 723 543 322 412 417 647 919 474 1010 527 393 443 519 547 4 524 74 710 1199 458 1279 523
715 464 1004 559 1 453 214 574 1056 456 1199 523 524 479 716 544 282 495 519 663 329 409 420 653 918 473 1009 525 4 524 74 710 1200 456 1279 522 397 442 522 545
720 464 1004 558 1055 456 1197 523 1 455 213 574 534 479 705 545 287 496 532 664 335 405 426 653 3 524 74 710 907 473 1002 516 415 446 533 546
726 465 1005 557 1053 457 1196 523 3 455 212 573 540 478 699 546 293 496 549 665 1204 443 1277 511 358 410 450 648 3 482 72 702 417 446 539 543
732 464 1005 557 1051 458 1193 522 7 453 211 575 544 478 695 546 299 494 560 666 363 409 455 650 1 477 72 701
733 465 1005 557 1049 459 1192 522 544 478 694 545 14 452 210 576 314 498 584 662 369 407 463 654 1206 444 1278 508 0 475 77 698
734 464 1007 558 1045 459 1191 522 545 477 693 546 319 501 600 666 24 435 213 564 1214 445 1278 508 378 402 471 654 0 475 76 697
737 464 1008 558 1041 459 1190 522 328 499 614 667 548 476 690 547 27 427 212 568 1216 446 1278 508 5 420 117 632 410 406 509 653 249 348 585 539
741 463 1010 559 1037 459 1189 522 545 476 675 547 414 403 520 659 369 499 628 667 249 345 588 539 1217 448 1277 507 19 409 126 637 0 495 178 685
742 462 1010 560 1036 459 1187 522 369 501 642 670 548 476 671 546 423 400 529 665 247 345 592 536 18 493 221 687 1218 448 1277 507 700 484 788 543
731 461 1015 561 1032 458 1171 524 373 507 659 672 247 347 598 533 549 475 667 544 694 482 794 545 12 447 277 703 434 397 588 662
1029 459 1171 523 717 461 1022 560 390 501 682 685 249 348 599 534 458 403 568 660 688 480 802 546 549 466 663 536 8 447 317 699
1028 459 1171 523 767 465 1033 555 472 402 575 667 415 510 703 675 683 478 808 546 254 347 589 538 166 400 276 641 71 464 394 704 1163 436 1269 506 555 466 660 534
1028 459 1171 523 772 466 1039 554 679 477 811 546 421 501 717 685 90 479 424 703 1164 436 1267 506 501 401 600 662 258 346 583 538 218 404 319 647 1 446 221 587
1028 459 1170 522 780 467 1043 553 678 477 812 547 511 399 613 668 0 447 223 581 1166 437 1269 505 182 516 480 708
1027 460 1168 522 788 467 1046 552 0 447 220 578 682 477 812 546 478 487 783 689 206 522 509 706 524 404 623 664
1027 460 1165 522 793 466 1048 552 0 447 219 578 693 478 809 544 262 518 581 710 501 476 802 692 545 394 691 671 342 380 491 677
1028 460 1163 522 794 466 1050 553 0 448 218 578 283 520 605 710 715 477 824 542 384 373 539 677 4 528 75 711 567 401 680 645 544 499 800 684
1030 459 1161 522 796 465 1053 554 0 449 217 578 390 372 546 681 724 479 824 542 289 521 640 712
1030 459 1159 522 0 450 217 579 799 464 1055 555 231 482 329 538 375 517 718 711 489 378 644 678
1028 459 1158 521 0 450 216 579 810 465 1075 555 227 482 330 538 413 512 843 712 1174 441 1268 502 5 527 76 713 490 376 656 677 629 383 795 658
1027 459 1158 521 0 451 216 579 815 461 1078 545 541 377 692 675 442 510 849 713 200 480 327 540 1174 442 1269 502 5 528 75 712
0 453 215 578 1028 459 1156 521 824 461 1076 543 199 480 326 540 336 465 598 563 1175 442 1270 502 500 466 950 693 543 372 707 679 640 378 793 673
0 456 215 577 838 461 1075 542 1030 459 1153 521 198 481 326 541 513 509 951 712 334 464 620 562 1176 441 1270 502 644 376 796 679
0 456 214 577 855 460 1077 543 1032 459 1150 522 545 509 965 711 195 482 324 541 360 461 651 563 681 379 838 678 1176 439 1272 502
0 457 213 577 1033 459 1148 522 196 483 320 540 861 460 1080 544 685 379 844 677 362 460 650 562 554 476 988 696 1176 437 1272 501
0 457 213 577 1032 457 1148 521 601 464 1030 698 197 485 313 539 867 456 1079 545 364 460 647 561 730 377 887 675 1176 437 1273 501
0 456 214 577 616 471 1052 695 739 374 894 675 1030 458 1152 521 197 485 308 539 369 460 642 560 893 457 1107 540 1175 438 1275 502 653 477 753 530
0 456 215 577 624 474 1081 692 370 452 649 554 180 482 301 541 1028 458 1154 521 773 369 934 672 1175 439 1274 502 899 454 1109 540 652 477 760 527
0 456 215 577 626 474 1107 691 781 367 940 675 178 483 299 540 369 452 656 554 1024 460 1157 522 1175 440 1275 502 657 477 788 546
1 457 215 577 794 369 946 673 178 483 295 539 659 461 1147 692 368 449 668 554 1012 458 1131 528 658 476 787 532 1176 439 1273 502
1 458 215 577 684 467 1141 696 181 483 289 538 365 450 676 554 661 475 784 533 806 370 948 673 1016 458 1124 530 836 220 1177 493 1177 438 1271 501 888 381 1038 660
1 459 215 577 703 469 1146 698 830 369 976 671 362 449 686 553 183 483 283 537 841 221 1180 499 664 473 776 536 1022 456 1116 528 1178 438 1268 500 758 487 837 538
0 459 214 577 837 368 980 669 702 471 1160 700 358 453 690 551 182 483 280 537 844 221 1189 503 667 477 774 547 755 483 842 538 932 386 1090 659
0 460 215 577 844 368 988 667 701 471 1174 700 351 454 702 550 178 483 278 537 848 223 1193 499 942 385 1093 659 756 470 850 538 674 481 765 544
0 460 215 577 699 469 1177 700 850 368 993 665 348 456 710 550 754 469 857 538 163 481 268 538 849 227 1193 493 947 382 1096 657 3 524 71 713
0 460 217 577 700 467 1172 700 348 456 715 551 854 367 997 666 757 470 874 537 164 482 263 538 851 227 1192 489 962 376 1143 657 3 525 71 713
0 460 219 577 347 457 717 551 694 468 1164 700 859 372 1041 663 749 469 865 538 163 481 258 538 967 377 1147 656 853 225 1194 493 3 525 71 713
0 459 220 577 698 472 1141 700 384 454 716 552 744 470 865 538 855 371 1043 668 976 379 1149 653 852 223 1195 498 160 481 254 539 3 525 71 713 1177 440 1269 500 322 479 435 541
0 458 220 577 739 471 863 537 383 453 718 552 703 475 1120 699 847 374 995 673 985 380 1151 653 851 224 1193 505 3 525 71 713 318 478 439 541 1177 440 1269 501 157 480 251 540
0 457 219 577 989 382 1155 651 843 383 994 677 385 451 724 554 733 471 861 537 711 479 1097 698 850 225 1189 508 316 479 441 540 1175 441 1269 502
0 456 219 577 990 384 1154 649 841 389 989 682 391 448 728 556 711 481 1100 697 730 472 859 537 851 225 1189 509 1174 441 1269 502 315 479 442 540
0 456 218 575 993 385 1149 647 838 396 985 684 399 447 736 557 707 484 1116 696 729 475 859 545 845 226 1189 512 312 480 444 540 1173 442 1267 503
0 455 217 575 995 386 1144 648 836 398 980 682 406 446 740 557 700 485 1131 695 839 226 1189 512 730 475 858 546 1172 442 1268 503
0 455 216 574 997 387 1140 650 699 486 1140 695 833 399 977 677 408 446 744 557 833 227 1188 512 730 475 856 547 295 473 423 537 1170 441 1269 504
0 454 216 575 997 387 1140 651 701 483 1134 698 830 399 975 672 405 447 747 557 832 226 1186 508 732 474 855 548 294 477 427 540 3 525 74 711 1169 440 1271 503
0 455 217 575 998 387 1141 653 700 486 1132 698 831 403 957 653 405 449 752 556 828 226 1187 512 740 473 850 533 291 478 429 540 2 525 74 711 1167 438 1272 504
0 455 217 575 998 385 1141 656 697 488 1132 697 829 404 959 647 827 225 1185 511 406 451 755 555 289 479 430 539 747 474 847 529 2 525 74 711 1165 438 1273 504
0 454 218 575 997 382 1141 658 286 479 430 539 694 490 1141 696 431 460 772 561 828 405 978 670 826 225 1185 512 752 475 846 528 2 524 74 711
0 454 217 575 997 380 1139 657 283 479 428 539 695 491 1140 696 828 407 983 673 434 460 777 562 826 226 1184 510 755 475 848 530 3 524 74 711 1162 439 1275 506
0 455 218 575 997 379 1141 655 278 478 428 540 700 491 1127 695 449 445 770 558 825 410 985 674 758 474 849 532 828 228 1186 509 3 524 74 711 1163 439 1274 506
0 455 219 575 998 382 1142 651 269 471 405 539 452 445 777 558 703 492 1110 694 829 230 1190 509 760 475 848 533 821 417 982 673 3 525 74 711 1162 441 1274 506
0 455 220 575 999 382 1144 650 269 477 403 541 448 445 786 558 705 492 1099 693 834 229 1190 510 761 474 846 535 816 421 981 673 3 525 74 711 1162 442 1274 505 336 486 477 542
0 455 220 574 1000 382 1147 649 267 478 398 541 705 490 1098 693 445 446 793 557 834 229 1193 512 762 474 844 533 815 422 982 673 2 526 74 711 1161 443 1275 505 353 486 505 544
0 456 220 573 998 381 1148 650 261 471 396 538 703 487 1102 694 832 231 1193 509 442 448 800 555 815 423 984 673 2 526 74 711 764 473 842 531 1161 444 1275 505 343 485 514 545
0 456 219 572 700 483 1111 693 997 382 1149 651 261 479 394 539 826 231 1195 507 503 464 816 557 334 486 522 547 2 525 74 711 813 425 986 671 1161 444 1275 505
0 457 218 572 695 480 1129 693 248 472 380 537 995 382 1146 652 823 234 1194 504 500 450 827 553 325 486 528 547 2 525 74 711 1161 445 1275 505
