

172 482 403 615 544 468 676 576 511 480 556 517 1121 370 1278 696 542 242 567 272 294 263 320 334 1085 546 1268 717
173 482 403 615 543 468 676 575 511 479 556 517 542 240 566 270 1104 374 1279 690 1077 538 1272 719 289 258 316 333
174 483 403 614 544 468 676 575 1070 381 1254 690 511 479 556 517 541 237 567 267 286 252 321 327
177 484 402 614 544 468 676 575 511 479 556 516 1056 388 1243 688 540 234 567 264 282 263 304 325
179 485 402 614 544 467 676 575 512 479 556 516 1031 389 1202 680 540 231 567 261 1041 542 1254 715 277 260 303 325
194 484 406 614 543 466 677 575 1019 389 1189 678 513 479 556 516 538 227 566 258 272 242 305 322
195 484 406 614 543 466 677 575 513 478 556 516 1004 540 1196 719 267 239 301 321 990 392 1157 675 538 225 565 254
198 485 405 613 544 469 680 581 981 399 1146 676 512 478 556 516 979 539 1165 719 261 236 297 319 535 218 563 248 725 483 762 512
200 486 405 613 545 469 680 581 969 537 1150 719 510 478 556 516 968 426 1133 620 534 215 562 246 727 484 764 512 289 231 322 313 297 437 307 464
202 485 405 612 544 469 680 581 509 478 555 516 962 536 1135 719 949 406 1101 676 533 210 562 243 251 230 281 313 728 485 765 512 286 227 317 311
204 485 405 611 544 467 680 580 508 477 554 514 949 421 1081 640 941 536 1102 719 532 205 561 239 246 226 278 309 728 485 765 511
205 483 406 609 545 465 679 579 935 421 1068 639 508 475 554 513 943 532 1072 717 729 483 766 510 238 224 276 305 531 202 560 233 279 434 290 463
206 482 406 606 545 463 679 578 509 472 554 511 936 530 1056 710 926 424 1058 634 226 212 258 297 523 188 553 224 265 208 298 293 272 431 284 463 661 471 691 504
207 483 407 604 544 463 680 578 903 424 1034 636 508 471 553 510 916 532 1036 698 520 183 555 220 223 208 255 293 260 203 292 288 661 469 691 503
208 485 407 603 543 463 681 578 896 423 1024 637 912 533 1027 695 507 471 553 509 518 178 556 215 216 202 249 289 258 428 269 464
210 486 409 601 543 464 682 578 887 424 1010 632 506 472 553 510 906 532 1011 692 250 427 263 467 517 175 554 209
212 484 411 597 542 464 682 577 506 473 553 510 893 520 998 664 884 425 1000 623 240 182 272 272 515 163 550 200 198 186 232 276 665 469 691 504
217 482 415 594 543 465 684 577 869 424 977 620 504 474 553 511 513 157 550 195 190 181 226 274 879 529 978 646 233 175 267 267
222 480 418 591 543 465 685 577 864 427 970 615 503 474 554 510 868 524 970 653 510 152 550 190 226 424 240 466 219 172 258 267 183 174 222 271
226 478 420 590 544 465 688 578 858 430 958 613 502 474 554 510 862 521 956 650 509 150 548 184 214 167 250 265 173 179 207 266
230 478 422 589 544 465 692 579 851 432 948 607 502 474 553 510 857 516 945 646 460 439 468 453 505 136 547 175
233 479 423 590 546 465 697 581 845 432 940 606 503 475 553 510 852 520 934 634 198 419 214 466 503 130 545 171 459 440 468 454 192 156 233 252
235 481 425 591 546 465 700 583 503 476 553 511 837 439 922 605 189 150 225 248 849 509 933 639 500 124 544 167 147 153 182 252 457 441 467 455
238 484 427 592 546 468 704 586 833 440 916 603 502 478 553 513 842 517 911 632 455 443 464 457 184 145 222 246 137 149 180 248
240 487 429 592 544 472 710 588 829 441 911 601 502 480 552 514 837 518 910 631 452 444 462 457
242 488 431 592 543 476 716 590 829 519 908 632 823 443 906 599 501 481 552 515 450 444 460 458
244 488 432 592 544 478 719 591 819 445 902 599 825 520 906 630 501 481 552 516 448 444 459 459 150 418 167 469 215 484 249 513
245 486 433 591 545 479 722 591 816 447 898 599 501 482 553 516 823 522 905 628 445 444 456 458
245 486 434 590 547 479 723 591 813 523 891 623 502 480 553 515 818 450 882 587
252 483 445 587 549 476 723 592 816 521 881 621 503 479 553 513 811 446 886 601 113 94 160 208 191 478 236 509
556 472 733 594 252 483 445 586 815 518 879 618 503 477 553 512 814 448 877 585 186 476 237 509 107 86 153 207
558 469 739 594 255 482 443 583 502 477 553 511 813 516 876 616 812 446 875 585 185 476 236 508
560 468 747 595 257 481 443 580 501 476 554 511 811 515 873 614 186 476 234 508
260 479 443 576 564 468 756 595 501 475 555 510 810 514 871 612 188 476 233 508 804 454 862 585
263 476 444 574 568 468 764 595 501 475 555 510 810 515 870 610 187 474 233 507 803 453 862 587 460 5 515 54 17 33 107 172
267 475 446 573 574 467 771 595 502 475 557 510 810 515 871 609 185 474 232 506 804 453 862 587 14 26 101 163 433 435 444 450
579 469 776 596 270 476 448 572 503 475 557 510 809 515 871 609 181 475 231 507 804 454 862 586 0 21 85 152 432 435 443 451
582 472 780 597 274 481 453 571 504 475 558 511 810 516 873 610 0 13 76 143 180 476 229 507
583 476 782 600 278 483 457 572 505 477 558 512 812 518 873 610 0 8 69 140 179 478 229 508
594 479 797 608 284 483 459 574 506 480 558 514 814 520 874 610 812 455 875 584
597 480 800 611 286 485 460 577 507 483 558 518 816 522 875 611 813 459 876 584 582 462 641 518
602 480 806 615 289 486 462 579 508 484 559 520 817 524 876 612 814 465 878 582 582 463 641 519
605 481 811 618 291 488 463 580 507 485 559 521 818 480 876 601 583 464 641 521
608 481 819 619 299 485 464 580 508 484 559 521 821 481 880 600 586 461 650 521
612 479 823 620 304 482 465 578 509 483 560 520 822 521 882 612 820 468 884 579 587 460 650 520 160 478 206 514
617 478 828 620 310 478 467 573 511 480 561 518 823 480 887 604 157 475 208 512
622 476 830 619 312 475 468 569 512 478 561 515 824 481 887 604 156 474 206 510
625 473 833 616 318 474 477 564 512 473 562 512 822 459 891 604 587 473 633 516
636 468 851 621 323 475 476 559 512 469 565 510 826 455 895 598 587 472 632 511 832 520 883 603
635 464 856 620 328 474 477 553 835 455 898 582 511 465 566 507 621 468 676 520
637 460 862 621 334 473 479 551 838 456 899 580 512 464 565 505 622 469 671 514
641 456 869 621 338 472 482 549 843 454 901 581 591 441 648 501 516 460 561 498 621 463 676 515
647 455 876 621 341 462 484 540 517 459 560 496 622 461 675 514 593 438 647 498 847 453 904 582
652 455 881 620 346 458 494 542 623 460 675 512 517 458 559 493 116 449 206 500 594 436 647 495 851 449 908 584 570 296 588 318 589 342 600 360
655 453 882 621 347 458 496 541 520 455 569 493 113 450 205 500 623 460 675 512 594 436 648 495 570 295 588 317 589 340 600 360
656 452 888 623 352 459 497 540 110 452 204 499 521 457 569 494 623 461 676 512 595 436 648 496 864 446 919 586 571 294 588 317 589 339 600 360
657 449 894 626 358 460 498 540 521 457 568 495 622 463 677 511 595 438 648 497 589 339 600 360 570 294 588 316
658 449 900 628 365 462 500 539 521 459 568 497 622 464 679 510 590 339 602 360 569 293 589 316
657 448 903 629 370 462 501 538 521 459 569 497 622 462 679 512 875 446 932 546 590 339 602 360 570 293 589 316
374 462 502 536 658 448 929 635 521 458 570 497 44 446 190 506 623 462 681 512 882 445 949 593
660 447 933 637 377 461 503 536 522 459 571 497 42 445 189 505 624 461 682 512 598 440 650 497 889 442 956 593
665 448 935 637 379 458 509 534 522 458 573 495 624 461 683 512 895 437 960 596 38 445 188 505
668 448 937 638 382 457 509 532 523 457 574 493 624 461 683 511 897 435 962 597 37 444 184 504 571 289 588 310
677 431 940 663 387 457 509 529 524 455 575 492 623 461 684 510 20 445 156 503 899 434 963 600
677 430 944 663 391 457 509 528 526 454 575 491 623 461 685 510 913 432 968 569 16 444 164 501
677 430 948 664 396 457 511 526 916 431 971 567 527 453 575 491 623 461 685 509 35 445 180 499
677 430 955 667 400 457 513 526 921 432 975 564 527 453 574 491 624 461 685 509 34 446 180 499
680 431 965 669 405 457 515 525 528 454 575 492 925 433 980 560 611 451 684 504 34 447 181 499
683 434 975 671 409 458 515 524 529 455 576 492 610 451 685 503 34 447 181 499 929 432 983 555
689 436 983 671 413 458 515 524 530 455 576 492 609 451 685 503 937 429 995 564 8 445 174 500 686 476 713 506
690 437 990 671 416 455 527 525 531 455 576 492 609 451 684 502 938 429 996 561 96 454 180 497 687 476 714 506
691 436 995 672 418 455 528 525 533 454 577 492 609 451 682 503 98 455 178 499 938 429 992 515 687 477 714 506
691 435 999 675 421 457 530 523 534 454 577 493 609 452 681 503 98 456 177 500 941 432 994 509 688 477 714 506
693 435 1003 677 424 458 530 522 535 453 579 494 96 456 176 501 609 452 680 503 944 433 996 506 689 478 714 506
693 436 1006 679 427 459 530 521 535 453 580 494 609 452 680 502 95 456 176 501 946 432 997 503 689 478 715 506
693 437 1011 681 432 460 531 521 536 456 581 494 610 452 680 502 94 456 175 501 948 433 997 500 689 478 717 507
693 439 1016 683 436 461 533 521 538 459 581 495 94 457 174 502 619 453 679 505 690 478 720 508
695 440 1021 686 439 462 535 521 539 462 581 495 625 467 681 507 93 457 174 503 691 478 722 508
699 441 1021 688 442 464 534 522 540 461 581 496 625 468 681 507 692 478 724 509
703 441 1023 693 451 465 537 523 625 470 681 508 541 461 582 498 690 478 724 510 92 465 176 506
707 442 1024 698 454 468 537 524 626 472 681 510 92 465 175 507 688 478 723 511 541 460 581 499
709 444 1029 702 457 471 538 525 627 473 682 511 92 466 175 509 542 469 581 504 685 477 722 511 592 336 607 361
711 447 1034 705 460 473 540 525 628 474 682 512 91 466 176 510 543 470 581 505 593 337 608 363 418 474 456 501 686 477 721 510
712 447 1039 706 463 474 542 526 629 474 682 512 90 466 176 511 548 470 592 503 686 478 721 510 594 338 609 364
467 473 545 526 714 446 1039 704 630 474 683 512 548 470 593 503 89 467 176 511 687 480 721 509 594 338 610 363
472 473 548 526 729 443 1054 698 630 474 684 512 549 470 593 502 89 467 176 511 689 481 720 508
730 443 1055 699 474 473 551 526 631 474 685 512 551 471 593 502 89 467 176 511 574 286 595 309
729 442 1060 702 481 474 556 524 631 474 685 512 553 472 594 502 89 467 177 511 574 286 596 308
729 442 1064 704 484 474 556 525 631 475 685 512 554 473 595 502 90 467 177 512
731 442 1070 704 487 475 558 526 630 475 685 512 555 473 596 503 91 468 178 514
733 442 1073 703 490 475 561 526 629 475 686 511 555 473 597 504 92 469 179 514
736 443 1080 700 492 476 564 527 556 473 598 505 629 475 684 511 93 470 179 516
738 444 1086 699 494 477 566 528 558 474 600 507 629 476 682 510 94 471 180 517
739 445 1097 698 496 477 568 528 561 476 601 508 646 481 691 518 94 472 181 518 580 289 605 312 698 483 737 516
740 445 1106 699 499 477 569 528 564 477 601 510 646 481 692 517 94 472 181 518 631 478 677 509 695 481 739 516 582 289 606 313 605 341 620 365
741 446 1116 705 505 478 568 528 645 481 693 518 567 480 601 511 696 481 740 517 95 472 182 519 632 479 673 509 584 289 608 314
743 447 1121 711 646 482 694 518 696 480 742 517 569 482 601 512 507 478 571 528 97 472 182 519 633 480 669 508 582 481 614 505
746 448 1126 716 513 480 575 529 647 482 696 518 697 480 743 518 100 473 182 519 572 484 601 512 631 478 666 508 581 481 613 506
