

251 295 459 404 979 385 1062 440 1098 407 1242 485 645 344 706 386 828 364 861 392 790 361 811 384 922 380 967 412 949 379 996 417 909 378 945 406 859 370 901 405 0 268 82 322 742 356 761 369
245 295 459 404 980 386 1071 442 646 344 707 386 1119 410 1262 492 829 365 862 393 790 361 814 385 924 381 967 413 910 378 944 407 859 370 901 405 949 381 996 418 741 357 761 369 78 288 189 321
231 298 445 402 994 388 1084 449 1120 403 1276 505 647 347 706 388 925 385 968 415 791 363 816 387 867 373 917 411 832 367 862 393 714 358 732 373 739 358 761 372 910 381 944 409 60 286 166 320
224 299 443 404 996 391 1092 452 1138 411 1278 518 868 377 917 414 648 350 705 389 927 387 970 418 791 365 818 389 712 359 732 376 53 286 168 321 837 375 867 399 738 361 761 375 910 384 944 411
216 299 439 407 1156 420 1279 518 837 378 867 402 649 349 707 400 873 382 915 416 712 364 734 381 997 394 1097 456 927 391 969 419 737 366 761 381 970 391 1026 440
205 308 434 417 838 382 868 407 650 353 707 404 711 367 734 385 876 384 917 418 1018 398 1111 462 947 398 989 435 973 394 1030 444 1171 421 1278 523 142 304 234 334 736 369 762 385 932 396 970 431 28 298 151 330
198 307 428 419 1021 407 1123 472 839 384 868 409 948 400 992 436 711 369 735 387 648 365 708 408 989 397 1047 450 1200 395 1278 558 135 307 231 337 880 386 919 418 23 299 147 332 932 397 967 431 854 386 884 411
190 308 423 418 991 394 1051 446 1038 405 1143 471 710 366 735 385 651 354 708 403 840 381 870 406 881 383 922 417 951 397 995 434 852 382 885 410 112 304 215 335 9 297 122 332
181 298 427 411 1038 403 1155 470 650 348 709 398 711 360 736 380 105 300 213 334 996 390 1057 441 853 377 886 405 883 379 923 412 931 385 967 415
169 295 404 410 1036 390 1161 467 648 349 708 388 853 372 889 403 1000 381 1081 442 712 356 736 376 889 377 946 415 967 383 1014 423 840 367 868 392 86 296 194 331 932 380 970 412
161 295 401 411 1054 398 1185 475 1006 383 1085 445 649 350 707 390 853 373 891 403 891 377 945 416 81 297 192 332 712 357 737 377 969 384 1019 423 543 339 571 355
146 302 397 424 853 376 893 407 712 361 737 382 649 351 709 400 1004 386 1094 450 895 380 947 416 1081 402 1202 477 74 300 190 336
131 302 390 430 1023 392 1115 457 852 379 895 409 711 365 737 386 649 355 708 405 1085 405 1207 480 891 380 966 428 52 305 166 339 972 393 1022 437
117 302 390 439 1105 407 1236 490 854 382 897 412 712 369 737 389 900 390 982 436 648 362 709 412 982 394 1057 445 31 308 141 343 1041 396 1136 462 388 339 429 360
100 304 371 437 1044 394 1144 464 1122 405 1260 493 903 390 984 437 711 369 736 389 984 394 1062 445 856 382 896 411 648 362 709 412 877 384 914 413 28 309 133 345 387 340 430 360
88 303 364 439 711 366 737 388 876 381 915 411 859 379 896 409 908 389 989 437 1130 406 1264 491 999 391 1082 445 1064 393 1167 463 648 362 708 411 383 337 429 359 11 308 112 345
76 303 354 438 1157 400 1279 491 711 361 738 383 875 374 919 409 1004 386 1090 442 648 352 708 403 1069 388 1173 461 911 376 991 426 763 366 788 381
62 302 347 437 1087 384 1202 461 920 373 1015 426 711 357 740 379 1190 397 1279 489 647 349 709 399 875 370 920 406 812 364 836 393 1018 381 1110 442 364 330 410 353 535 345 564 361 2 302 79 344 763 362 786 376
43 299 338 437 1022 375 1116 438 923 368 1018 424 713 354 743 377 646 345 709 397 814 362 837 391 1195 395 1279 491 1104 380 1225 463 360 328 409 352 875 368 924 405 533 344 563 359 789 362 807 375
36 301 329 444 926 367 1021 426 713 356 744 379 646 349 710 400 815 363 839 391 354 330 410 355 874 369 922 405 1027 380 1124 443 1109 379 1229 463 1215 393 1279 495 788 363 806 376 532 346 564 360
26 305 319 452 1043 377 1149 447 715 357 746 382 931 365 1024 427 648 351 711 401 1134 379 1258 469 815 364 841 392 348 332 410 358 875 369 923 405 899 371 942 408 786 364 806 378
13 309 310 461 940 365 1049 430 1152 375 1278 472 1055 375 1175 450 714 358 745 383 647 354 710 402 816 366 843 393 896 371 945 407 785 366 806 380 261 333 314 359 876 369 921 405 335 336 384 361 516 350 550 365
3 312 308 465 1165 372 1278 473 1060 374 1183 451 943 362 1054 428 714 357 745 382 646 353 709 401 816 365 843 393 895 369 948 406 328 334 383 362 255 333 316 360 786 365 806 379 874 364 913 393 513 349 549 366
0 314 280 470 712 360 743 385 954 363 1079 437 1078 371 1203 455 643 352 706 405 1189 370 1279 476 814 366 841 391 788 367 806 380 324 337 380 364 898 371 951 408 874 365 911 393
0 318 273 478 957 364 1087 442 712 363 744 389 1085 374 1208 455 1201 362 1279 490 642 353 704 408 876 372 915 405 813 367 842 391 787 369 806 382 883 370 965 414 767 368 788 383 509 356 540 373
0 319 264 484 1100 374 1235 457 963 364 1092 445 637 360 703 418 712 366 744 393 878 373 918 405 766 370 789 385 915 375 971 411 812 368 842 391 1220 372 1279 483 787 372 805 384 290 347 364 378
0 317 254 488 967 362 1117 447 636 360 702 417 713 365 745 392 879 373 920 404 903 370 981 419 818 375 839 404 813 367 843 392 1121 375 1261 458 767 369 788 384 788 371 804 384 285 348 377 378 1251 362 1278 489
0 317 239 490 1126 368 1272 467 635 361 701 416 714 363 745 391 975 357 1137 449 906 367 989 419 882 372 922 404 814 366 842 392 819 375 839 403 790 369 805 382 490 358 522 374 276 351 340 377 767 368 786 382
0 325 224 501 982 357 1151 450 1143 364 1276 469 714 362 745 389 633 360 701 414 910 365 995 419 883 371 924 405 815 365 842 391 486 358 521 374 790 367 805 380
0 326 210 502 986 355 1165 448 1164 362 1279 465 922 362 1006 417 714 361 745 388 815 363 842 390 631 359 700 412 789 365 806 379 483 357 519 374 233 351 338 379 885 370 926 403 766 363 786 377 139 346 226 381
1005 353 1182 450 0 328 191 498 924 361 1008 417 712 359 745 387 1185 359 1279 468 815 362 842 389 228 351 333 379 628 353 703 406 766 361 788 377 786 364 805 379 884 362 921 391 119 345 210 381 480 356 518 373
1014 350 1191 454 0 326 179 500 923 361 1015 418 711 360 744 387 621 352 697 408 814 362 842 389 767 362 788 377 111 347 207 382 462 356 502 373 892 363 943 395 212 350 310 381 786 363 803 378 1199 350 1278 486 883 360 917 387
1021 348 1207 458 1 326 165 501 926 362 1018 420 710 362 744 389 812 362 841 391 619 357 695 418 766 363 790 379 456 356 500 375 85 347 186 385 208 350 307 381 1245 368 1279 476 890 368 945 407
929 365 1024 423 614 359 691 421 1 329 151 502 709 364 745 391 1024 345 1223 462 812 363 840 393 890 369 948 409 767 366 788 381 80 349 182 386 454 357 498 376 199 353 263 382 1249 370 1278 478 796 344 804 354
1044 353 1258 475 930 365 1028 425 0 332 126 502 610 361 687 422 707 366 745 393 892 371 949 410 769 369 786 382 441 360 478 378 796 346 804 356 64 347 158 385 185 357 240 382
1062 351 1266 482 939 365 1045 429 605 361 684 421 707 366 745 393 893 367 955 417 3 342 110 497 435 359 472 377 769 369 785 382 818 375 834 402 796 347 804 357 181 354 241 380 670 365 693 384
942 367 1053 434 601 359 684 420 708 365 745 392 896 367 958 420 0 347 84 496 1095 349 1279 494 768 369 785 382 818 375 834 403 670 366 694 385 137 356 187 378 796 348 803 358 176 352 240 378
1111 347 1278 506 949 367 1058 439 710 366 745 392 598 356 684 420 0 350 73 493 900 368 963 422 767 368 785 382 812 364 840 393 129 352 187 376 417 356 456 374 671 365 694 385 817 375 834 403
958 365 1079 443 1127 348 1279 514 711 363 747 391 596 355 679 421 905 369 974 422 812 363 839 392 670 363 695 383 412 353 453 373 767 367 784 380 818 376 834 403 0 365 57 490 686 363 705 380
909 368 981 423 711 361 748 389 592 349 679 411 812 362 840 390 669 361 695 381 964 366 1083 442 1160 349 1273 523 769 365 785 378 1 329 79 370 687 360 706 377
589 348 680 411 913 369 989 425 975 364 1117 445 713 360 748 386 813 362 840 389 669 360 695 381 0 328 69 362 730 359 764 387 392 346 432 366 1214 354 1276 531 688 360 707 376
585 348 680 411 923 369 1008 426 814 362 842 389 978 354 1142 450 389 345 433 366 714 358 748 385 669 360 695 381 724 357 766 389 0 326 63 360 90 319 182 361
925 370 1014 427 582 347 680 411 996 369 1146 457 384 344 429 364 725 357 767 389 816 362 842 390 669 359 696 380 714 358 746 383 789 364 804 379 0 325 57 359 688 358 708 376
578 347 678 410 929 369 1024 430 724 358 767 391 816 362 842 391 668 358 695 379 1014 365 1174 467 714 358 745 383 789 363 806 379 382 343 426 363 5 326 54 357
1021 369 1193 475 725 362 767 392 573 356 677 420 669 360 696 381 940 370 1043 434 814 363 842 390 715 361 741 383 790 366 808 380 2 328 30 358 829 363 859 389 361 345 407 365 12 329 55 356 687 361 709 379
945 380 1049 448 570 356 674 423 1028 376 1213 485 670 364 695 384 726 365 766 395 42 319 132 360 353 345 403 368 2 329 26 359 827 365 860 392 715 365 738 385 813 365 843 390 14 330 54 357
1052 378 1240 495 568 357 672 423 949 380 1054 450 670 365 696 385 728 366 767 395 3 328 26 358 715 367 738 386 827 366 861 392 339 345 389 367
1065 382 1256 501 961 379 1077 454 566 355 671 423 669 363 695 383 729 365 766 392 333 342 383 364 828 364 860 391 715 366 737 384
556 352 663 424 1075 384 1267 506 729 363 768 391 968 378 1082 455 668 361 694 380 329 339 375 360 1 305 81 354 715 364 736 382 688 362 710 378
1103 383 1278 520 976 380 1115 461 552 341 661 420 728 360 770 389 667 358 693 378 311 335 363 357 0 302 75 352 690 360 710 375 791 368 806 381 714 362 732 378
548 339 660 420 986 379 1116 463 1122 385 1277 540 727 357 771 388 302 331 360 355 667 356 692 376 828 362 859 392 691 358 710 373
542 335 659 422 984 376 1150 475 728 356 772 387 1154 384 1272 554 828 361 859 392 51 261 265 345 667 355 693 374 297 329 357 352 762 361 790 386
536 333 660 423 829 360 859 393 21 256 246 343 732 356 774 386 755 360 791 389 669 354 695 373 988 379 1161 479 1204 389 1274 562 277 326 343 350
529 330 661 425 1016 386 1202 491 830 361 859 395 735 357 775 385 749 360 794 392 18 254 239 340 669 354 695 373 830 376 854 405 1208 398 1278 559
525 327 661 424 1024 389 1215 499 831 361 860 395 732 355 808 395 831 377 856 406 739 358 773 383 671 354 696 373 13 252 234 338 260 319 314 343 686 355 712 371
519 329 655 420 1053 388 1250 510 832 360 863 395 747 358 795 389 684 354 713 371 834 376 858 405 741 358 771 380 257 317 307 340
516 327 655 418 1063 397 1268 525 833 360 864 395 748 356 795 387 683 352 714 370 835 376 860 405 235 316 284 337
510 320 657 415 1096 394 1279 536 834 358 866 396 751 355 797 384 683 352 715 370 836 375 861 404 291 321 338 340 783 358 817 385 372 308 392 341 214 312 264 335
506 319 655 416 1110 392 1279 546 835 356 867 397 207 308 263 335 291 320 338 339 754 354 800 384 684 348 715 366 837 374 862 404 780 356 819 385 370 306 393 339 747 352 836 392
499 320 652 417 838 354 868 398 288 320 335 338 683 348 715 367 757 353 802 382 1125 395 1279 557 755 351 835 393
491 320 648 418 840 353 870 398 284 320 331 337 684 347 715 367 760 354 800 379 1160 397 1273 567
483 318 644 417 684 346 715 367 843 352 871 395 280 318 329 335 152 303 217 330 772 353 816 382 1201 408 1278 572 764 354 797 375
478 316 642 418 685 344 717 367 774 352 817 383 277 316 329 333 844 353 871 393 150 302 210 327
471 313 641 417 687 341 719 366 778 351 819 383 278 313 327 330
461 311 642 417 690 339 721 364 857 351 887 387 782 346 865 396 760 348 784 362 784 351 822 382 267 310 311 326
452 309 643 415 692 336 722 361 789 344 865 395 759 346 783 359 267 306 310 323
452 301 641 408 693 333 722 356 792 340 866 394 760 342 784 356 263 300 311 317
432 298 639 409 260 295 309 314 761 337 785 351 696 330 723 351 707 330 735 351
428 292 640 409 256 291 307 310 762 332 786 347 705 327 735 349
423 286 640 410 815 328 872 380 705 321 738 344 253 288 305 307 765 330 788 344
417 282 638 410 705 320 740 344 822 331 871 367 251 287 305 306 827 326 920 382 765 325 791 341
409 280 636 413 707 319 742 343 847 326 933 383 827 331 871 363 767 325 791 340 239 287 288 306
398 278 635 415 708 318 743 343 843 325 943 384 767 325 791 339 831 331 867 357 237 289 286 308 787 325 810 339
385 278 635 418 710 318 743 343 842 324 954 385 768 325 790 339 832 331 862 354 787 325 810 339 236 292 283 311
376 277 634 421 711 319 744 342 849 324 957 385 768 325 789 339 833 332 857 353 850 329 894 358
368 274 634 423 713 316 745 340 867 322 973 386 769 324 788 337 786 324 808 338
361 272 634 424 716 313 746 337 870 320 979 382 770 321 789 336
343 271 629 424 886 318 1002 383 718 309 745 334 771 319 790 332 784 318 807 333 815 322 834 336 854 319 888 341 837 320 858 338
340 270 631 425 893 317 1005 381 784 315 807 330 731 308 760 333 857 317 887 338 839 319 858 337 773 317 791 330 816 320 834 333 721 308 744 330
336 270 630 430 730 307 762 332 915 317 1024 380 784 314 807 329 859 315 886 336 884 315 911 339 840 318 858 335 816 317 834 330 212 292 267 313
317 258 643 439 730 307 762 332 915 316 1033 379 886 314 914 339 785 313 807 328 841 316 858 334 861 314 884 333 816 315 834 329
310 260 640 447 729 306 763 331 932 314 1054 380 887 313 916 338 786 312 806 326 841 315 858 331 861 312 883 331 817 313 833 326 905 315 935 339 774 313 790 327 925 310 969 335
296 264 636 450 727 304 761 328 937 313 1060 377 886 310 916 334 787 310 807 323 859 309 884 327 905 311 940 336 840 312 857 327 927 308 965 333 816 311 832 323
277 268 635 453 726 302 761 326 886 306 915 329 787 307 806 320 858 306 885 323 924 304 964 332 839 309 857 324 904 306 943 333
262 269 633 459 725 300 762 325 886 304 915 326 921 301 966 334 787 306 808 318 839 307 856 323 859 304 885 321
250 267 632 465 726 301 762 326 918 301 971 335 887 303 915 326 967 311 1089 376 840 307 856 323 786 306 805 319 860 304 884 321
243 265 630 472 726 302 763 328 920 302 971 336 888 303 916 326 982 310 1102 377 786 307 804 321 861 305 883 322
232 270 626 480 728 306 763 331 921 305 970 337 887 305 916 328 989 311 1106 379 784 309 803 324 817 310 835 323 860 306 883 324
220 277 624 487 921 305 970 338 886 305 917 330 1011 309 1123 382 715 308 742 330 730 309 763 332 785 310 806 325 815 311 835 325 770 313 789 326 859 306 883 325
210 282 618 494 885 306 918 333 711 308 746 333 920 306 970 339 767 313 788 327 787 310 808 324 857 306 883 326 814 311 835 326
204 283 617 497 710 308 748 334 886 305 918 333 920 305 970 339 765 312 787 327 790 310 809 324 816 311 835 325 856 306 882 325
197 283 614 500 711 307 748 332 886 304 919 332 919 303 971 338 765 311 785 326
190 282 614 503 711 306 747 331 887 303 920 331 919 302 973 337 765 310 785 325
185 282 613 507 712 306 748 330 921 301 977 338 888 303 921 330 765 309 785 324
182 282 615 510 712 307 748 332 764 310 787 325 925 302 979 338 888 304 920 330 858 304 884 324 791 309 810 321 815 309 836 324 1252 295 1275 334
166 278 610 519 712 309 748 334 763 312 786 327 927 303 980 340 1252 295 1277 331 888 306 920 331 1092 302 1201 393 835 310 854 327 857 306 884 325 817 311 836 326 693 309 714 329 791 310 809 323
164 276 610 524 712 310 748 336 1109 299 1227 397 888 305 920 332 763 313 784 328 691 310 715 331 928 303 981 340 819 312 837 327 856 306 883 326 835 310 855 327 1254 287 1278 326 792 311 808 324
161 274 609 527 712 311 749 336 689 311 715 332 763 313 783 328 888 305 920 332 928 302 981 340 1117 299 1232 393 1025 302 1067 337 855 306 883 325
