

875 305 964 339 388 234 435 268
387 233 435 268 877 305 965 340
878 305 966 339 399 233 446 267
398 235 446 268 878 307 968 340 800 278 849 318
880 306 969 339 398 233 448 266 784 269 859 321
883 308 971 341 398 233 448 267 783 270 859 322
885 309 972 342 398 234 448 268 801 278 851 318
886 310 972 343 398 234 449 268 802 277 851 319
885 310 971 344 398 237 449 270 801 277 851 319 342 238 375 263 664 260 688 277 644 259 664 274
796 271 855 321 398 236 449 268 884 308 972 343 665 259 687 275 691 263 711 279 645 258 664 272
884 310 973 344 398 237 450 270 664 260 687 277 786 272 860 324 692 265 711 281 645 259 663 273
397 236 451 269 886 309 973 343 788 272 862 323 664 260 686 275 692 263 712 279 646 259 666 272
397 237 452 271 886 311 974 344 789 274 862 324 663 261 686 277 861 305 899 338 692 265 712 280 646 259 666 273
397 237 453 269 887 310 974 343 791 273 863 323 662 260 686 276 861 303 899 337
398 237 453 270 896 314 980 346 790 275 863 325 1 336 44 624 220 228 245 258 860 306 900 339 664 261 687 277
399 237 453 269 897 314 979 347 2 329 52 627 793 274 865 325 222 227 245 257
399 237 454 269 899 314 980 347 3 320 62 632 794 275 866 325 223 228 245 257 363 237 393 263
401 236 454 268 900 312 982 347 3 306 68 643 363 236 394 261 795 272 868 324 791 283 818 311
3 291 72 657 403 237 457 268 900 313 987 347 363 236 396 262 789 283 816 310
409 237 457 268 3 286 74 665 811 278 882 330 902 314 993 349
3 276 113 667 431 235 479 267 923 321 1014 356 691 263 712 277 825 286 868 322
1 259 127 632 929 322 1017 355 427 234 488 267 256 211 271 249 691 261 713 276 828 287 865 320 2 188 74 252 511 235 545 261
1 259 134 632 933 321 1022 356 1 184 84 250 432 233 490 265 536 234 573 265 692 259 716 274 831 288 863 319 509 233 545 261 848 286 898 324
2 254 149 630 948 327 1038 361 450 232 503 264 535 233 572 263
3 248 167 627 0 159 126 244 955 328 1041 363 454 232 509 265 412 231 447 256
4 239 180 624 2 146 149 251 958 329 1045 363 459 231 511 265 412 230 449 255 561 235 596 267 873 290 931 338 853 290 884 322
3 236 182 625 5 151 156 255 955 327 1043 361 455 232 508 265 411 232 446 257
4 237 179 628 5 153 162 258 949 324 1040 359 458 231 501 264
4 237 178 629 4 153 166 263 430 233 480 266 832 277 908 331
4 239 178 630 2 161 173 273 424 233 480 268 829 277 904 330 929 315 1020 348 488 231 528 263 387 234 419 261 536 236 570 269
3 234 181 633 424 232 481 268 1 160 182 274 386 234 419 260 831 279 904 331 930 316 1021 349
10 244 203 613 14 161 215 274 428 234 483 267 385 234 422 260 831 288 864 318 947 323 1038 357
10 240 214 610 14 158 243 274 954 325 1041 358 451 232 501 264 384 233 426 259 851 288 891 321
11 236 228 608 45 163 276 271 449 232 509 265 959 326 1048 360 559 236 595 269 717 262 741 277
51 161 293 271 8 228 240 618 971 330 1058 365 452 234 514 266 559 235 599 268 865 289 941 338
5 199 252 593 57 159 310 274 976 333 1062 367 455 236 517 267 560 235 600 266 1084 332 1107 380
89 161 332 276 3 192 259 598 981 335 1065 367 471 233 525 269 879 291 955 344
97 161 346 281 1 186 266 602 984 336 1068 368 881 291 955 344 471 233 527 270 414 237 454 263 835 289 860 311
100 162 359 283 0 184 271 604 984 335 1069 369 881 291 955 345 471 232 526 271 413 237 454 264 834 288 860 312
137 171 390 289 0 196 273 657 984 334 1070 369 471 235 525 273 833 287 861 312 414 239 454 266 880 292 955 345 952 330 987 360
137 174 414 291 0 106 287 678 983 333 1071 368 454 239 517 274 832 287 861 313 880 292 954 344
1 112 298 674 172 178 438 295 982 333 1072 367 832 289 860 313 453 241 518 275 898 298 947 339 785 281 809 295 952 328 987 359
173 180 454 301 2 116 305 671 981 332 1072 366 832 289 860 313 897 296 946 339
178 184 475 309 3 116 314 673 980 332 1069 366 897 299 942 340 832 290 861 314
6 155 305 707 209 190 502 314 976 330 1065 363
207 190 515 320 5 155 304 709 971 329 1061 362 876 296 927 337
209 192 532 320 4 158 297 711 967 326 1061 361 856 290 931 340
3 160 292 714 224 198 543 333 953 324 1046 358 1162 333 1279 534
4 168 290 716 242 204 559 333 1151 336 1275 530 948 322 1044 355 597 241 607 255
253 205 571 334 4 171 287 718 1124 347 1277 524 829 281 907 333 177 264 241 290
264 204 588 335 4 169 287 717 1116 355 1268 518 827 281 904 334
4 166 286 713 265 187 657 341 1107 288 1229 477 828 281 905 334
3 164 290 709 1100 285 1221 475 303 192 739 341 829 280 908 334
347 188 734 348 3 159 292 709 1093 289 1210 471 836 289 916 336 951 322 1048 356 788 286 812 307
4 152 296 711 375 191 758 351 840 289 919 336 1079 361 1213 491 792 285 814 305
5 141 298 714 417 192 815 352 839 282 917 332 1068 358 1215 485
6 139 299 714 446 194 835 356 1055 311 1163 458 323 259 342 285 841 279 917 331
7 139 298 714 464 196 864 358 403 256 452 291 1046 309 1154 456 322 258 343 286
7 145 296 711 477 196 874 361 1039 306 1149 453 399 254 452 291 323 258 342 286
7 146 297 711 503 195 921 363 322 259 342 286 1020 263 1116 417
7 146 297 710 530 198 940 368 1002 262 1105 414 374 254 435 289
8 146 298 711 558 198 968 368 975 262 1076 408 338 257 428 293 994 320 1093 426
9 143 299 712 588 209 1025 375 969 262 1070 404 338 258 426 295 481 254 523 291
626 207 1036 377 10 144 299 713 338 260 422 296 962 260 1062 404 477 254 521 294
660 205 1052 379 8 142 302 713 337 257 417 296 308 263 352 294
6 142 307 713 700 212 1097 384 336 257 411 298
5 142 311 712 335 254 410 298
4 141 312 712 740 219 1131 379 319 253 398 297
3 142 311 710 314 249 390 293
0 137 310 711 810 208 1196 374 293 246 373 290
828 206 1204 370 0 132 309 713 288 248 368 288 212 256 256 289
848 204 1215 365 0 124 306 719 265 246 351 286 754 248 834 301 211 253 255 286 869 280 967 364
0 120 304 719 866 202 1223 363 261 244 345 285 752 245 834 298 411 238 448 270 851 286 949 359
0 118 304 719 876 201 1233 362 242 244 334 285 739 241 823 294 615 242 636 256 844 290 949 355
0 123 310 718 887 203 1240 362 242 242 331 284 739 240 822 293 839 289 955 354 614 241 635 255
0 131 318 716 243 235 329 281 941 200 1259 369 833 286 963 354 738 240 819 293
0 137 326 710 974 203 1259 361 242 235 325 280 828 279 973 354 736 239 817 292
0 137 334 710 996 205 1279 368 243 236 322 279 823 272 992 358
1011 207 1277 370 0 140 343 700 823 273 1001 359 242 237 320 277 385 230 426 269 967 251 988 305
0 126 352 658 1040 209 1275 371 966 250 988 308 822 275 1004 362 384 229 424 269 735 240 812 294 255 239 308 271
0 130 359 644 1065 213 1274 370 966 249 988 311 1006 267 1028 323 817 278 1004 366 734 241 810 295
17 162 353 590 1099 219 1279 371 965 248 987 313 1004 265 1026 325
17 163 355 581 1112 225 1279 371 964 247 985 314 1003 265 1025 325
15 167 359 566 1126 226 1279 369 962 247 984 314 714 242 795 294
12 169 361 551 1137 227 1279 367 960 247 982 313 715 241 794 293 991 273 1014 321
8 174 367 537 1160 218 1279 372 958 247 980 313 990 274 1013 321 716 241 793 292
6 176 373 525 1171 220 1277 371 957 246 980 314 989 273 1013 321 820 289 971 365 717 241 793 291
0 187 405 502 1191 230 1279 368 990 274 1013 323 717 243 794 294 959 251 980 311 589 244 610 258 663 253 690 276
0 188 412 488 716 245 794 299 990 275 1014 326 962 263 985 322 664 255 690 277
0 190 419 474 963 260 987 326 715 249 795 303 991 275 1014 329 827 303 982 377 665 258 691 281
0 191 425 467 964 261 987 328 830 305 979 378 665 260 692 283 993 276 1015 330 1001 270 1023 335
12 194 433 457 965 264 989 331 841 310 989 384 666 262 693 285
34 198 442 447 967 267 991 333 841 313 989 387 1004 300 1027 342 667 264 692 286 1230 303 1249 354
58 202 451 439 842 315 990 391 969 269 992 336 1006 298 1029 345 594 259 613 272 668 267 691 287
77 205 455 433 842 316 991 392 1006 296 1029 346 970 270 993 336 594 260 612 272 714 274 746 305
99 208 455 427 842 317 989 393 1006 295 1028 347 1162 359 1279 702 969 272 992 336 714 275 745 305 594 260 612 272
109 204 465 401 842 317 987 394 1158 357 1279 699 1006 297 1026 349 714 274 744 305 969 275 990 335
122 205 485 396 1154 355 1279 696 842 317 987 395 1005 298 1025 350 713 275 743 304
