

414 335 635 501 341 268 512 396 2 252 105 492 671 333 845 455 619 354 641 390 314 337 446 402 715 285 729 311 297 329 315 367
413 336 634 500 346 269 510 395 674 335 849 453 0 256 93 497 312 338 445 402 618 355 640 390 298 330 317 367 714 285 730 311
412 337 633 499 0 257 85 497 346 269 514 393 304 339 408 399 618 355 640 390 298 331 318 367 714 285 729 311 736 285 753 311
411 336 633 499 300 339 411 400 0 261 78 491 676 333 855 453 374 270 523 395 295 332 316 366 617 356 639 390 736 285 753 311 1253 324 1279 468 714 285 729 311 944 359 963 390
410 336 633 498 297 337 415 400 680 334 857 452 0 263 72 489 376 271 525 396 618 356 639 389 737 285 754 310 291 332 315 365 75 317 92 370 714 285 729 310
410 335 634 497 294 336 418 402 688 334 859 450 0 270 67 484 380 272 524 395 737 283 755 310 617 356 639 388 636 356 683 432 714 284 729 309 75 318 92 369 288 333 314 364
293 336 417 403 410 334 633 497 693 333 861 448 385 271 527 393 635 357 682 431 737 282 755 310 714 283 729 308 617 355 638 388 74 320 92 368
289 336 416 403 411 334 633 497 719 330 871 450 387 271 529 390 714 282 729 308 633 357 681 430 956 292 1143 555 736 283 755 309
411 334 632 499 285 336 416 404 723 329 872 451 956 294 1130 549 390 272 531 388 715 282 730 307 632 358 679 429 736 282 755 309
261 335 418 406 411 334 632 498 724 328 875 451 932 300 1114 545 390 274 532 387 715 281 731 307 632 357 678 429 736 281 756 309
262 335 415 407 410 333 632 498 724 326 878 451 928 300 1103 544 716 280 732 306 632 358 677 429 667 352 727 444 735 281 756 309
261 334 408 406 724 326 882 452 408 335 634 495 917 300 1090 547 717 279 732 304 666 351 728 443 736 279 757 307 631 358 676 429
723 324 884 453 260 333 400 405 406 336 635 493 718 278 733 303 666 348 728 443 907 299 1082 552 736 279 758 305
724 324 887 454 255 333 395 405 403 338 635 490 885 323 1049 521 653 348 709 439 718 278 734 302 736 277 759 304 0 217 1279 716
723 323 893 454 406 331 628 472 254 332 394 405 651 347 708 440 880 325 1037 519 719 278 734 302 736 277 760 304 0 213 1279 719 49 317 69 371
236 334 389 406 727 323 900 452 406 331 627 471 648 346 706 439 882 316 1018 524 739 276 761 304 721 278 735 302 0 218 1279 719
233 334 383 407 731 321 904 451 405 331 627 471 646 346 704 439 875 316 1011 528 742 276 763 304 722 278 736 302 406 351 446 381 0 232 1279 716 32 322 50 373 48 324 68 373
228 334 379 408 404 330 627 473 733 319 907 452 645 347 701 438 743 275 765 305 864 315 993 529 32 322 50 375 723 279 737 302 402 349 446 382 49 327 68 372
402 329 628 474 209 330 394 415 733 319 909 453 643 347 698 438 744 275 765 305 859 315 988 531 724 279 738 302 30 322 48 375 399 347 446 382
400 329 628 475 196 327 376 415 734 319 910 456 743 275 765 304 28 321 47 375 396 346 448 384 850 322 976 525 724 279 739 301
189 326 374 416 399 329 629 475 737 320 910 455 25 317 47 376 393 344 449 385 743 275 763 304 633 337 685 418 841 327 966 524 725 278 739 301
179 325 369 417 403 336 632 489 670 351 766 426 756 317 951 464 22 318 47 374 393 343 450 385 725 277 740 301 721 263 738 298 743 275 763 303
172 324 365 418 404 337 631 489 671 351 767 425 761 317 945 460 632 354 684 433 723 264 739 298
162 324 360 418 404 336 632 489 672 338 776 419 766 316 942 455 629 355 685 433 724 262 740 297 0 243 1279 719
152 325 358 419 400 327 628 477 672 337 780 421 770 315 945 454 626 356 684 432 383 335 460 388
137 321 343 421 400 326 629 477 673 337 781 420 774 314 948 452 624 358 683 431 377 336 453 389 0 383 1279 699
133 321 341 422 400 325 630 478 674 337 782 419 805 337 913 505 375 335 455 390 624 361 680 430 0 386 1279 700
123 321 336 423 400 324 631 479 677 337 784 418 372 334 456 391 766 311 963 455 799 339 904 506 619 337 673 408 0 384 1276 703 632 376 672 422
113 321 330 423 400 323 631 479 367 333 457 392 680 339 786 416 764 305 976 463 631 375 667 418 796 336 897 508
101 321 325 424 400 323 630 479 363 333 456 392 684 334 800 415 768 298 985 471 629 374 662 416
92 320 323 425 401 321 629 481 359 333 455 392 685 333 800 415 784 295 1011 477 592 337 620 361 628 373 660 414
402 319 628 482 70 314 304 432 354 333 455 393 782 294 1023 473 592 336 620 361 666 342 681 363
61 313 298 435 402 318 629 483 350 332 457 394 666 340 682 364 643 338 664 363 784 294 1033 468 771 316 859 481 737 261 752 294
46 313 291 439 402 318 631 484 346 331 458 395 692 334 795 416 764 292 1057 497 762 314 852 479 666 339 683 364 644 337 664 363
34 314 288 440 402 318 632 483 343 331 458 395 694 332 794 416 765 292 1066 498 666 338 684 364 757 313 848 470 643 336 665 364 0 223 1279 719
25 314 286 440 404 316 631 483 340 330 457 395 772 286 1074 499 665 338 685 364 755 311 841 464 0 223 1279 719 643 335 665 363
404 316 630 482 8 314 273 445 327 329 452 395 778 282 1085 494 665 336 685 364 0 219 1279 719 753 309 836 464 642 333 666 363
5 312 264 447 405 315 630 481 323 328 454 396 781 281 1094 493 667 335 686 364 701 361 754 423 0 207 1279 719 736 309 824 457 642 346 672 394 643 331 667 362
1 311 254 450 404 316 632 480 319 329 456 396 736 309 826 457 667 335 687 363 791 284 1106 493 640 347 673 394 0 205 1279 719 642 330 668 362 703 360 752 424 739 398 827 494
0 311 244 456 405 317 633 480 314 331 452 398 731 313 825 456 795 289 1120 500 641 347 673 396 669 335 688 364 735 397 823 495 643 331 667 362 0 217 1277 719 705 371 740 421
404 319 633 480 0 313 234 462 309 332 448 399 726 315 821 459 641 347 673 396 669 336 688 364 804 290 1132 502 611 350 640 392 730 398 817 495 643 333 665 362 708 370 736 419
405 321 633 480 306 332 442 401 0 315 224 464 721 317 815 459 834 297 1179 540 611 350 641 390 641 347 671 396 670 335 689 364 725 397 811 496 643 334 662 362
405 321 634 480 295 332 433 403 0 315 216 463 720 315 811 461 836 299 1191 541 719 399 800 494 643 335 661 361 270 329 291 366
406 319 633 483 290 332 432 406 718 316 807 460 0 315 191 463 840 300 1207 542 717 400 797 491 645 337 690 405 642 336 659 363
406 318 634 485 285 333 427 409 844 298 1218 549 0 313 183 463 715 319 799 463 714 400 792 490 660 348 688 392 615 350 639 385 642 338 659 364 785 259 806 296
407 318 634 485 279 334 423 412 848 296 1231 552 0 312 172 461 711 322 792 463 661 348 689 393 710 400 788 488 615 349 637 385 723 329 873 450 641 339 658 366 0 232 1267 710
408 318 634 485 274 333 420 414 849 293 1241 553 2 312 162 461 707 322 786 462 660 348 689 394 637 350 657 387 706 400 784 487 616 349 637 385 728 329 878 449 0 227 1267 711 641 339 659 366
410 318 635 485 261 335 417 416 854 291 1250 554 3 310 153 462 661 349 690 393 637 351 657 387 696 324 774 464 616 349 637 385 0 225 1265 713 641 339 659 365
413 321 635 482 255 335 415 417 695 324 771 467 862 295 1256 554 5 301 124 474 663 350 691 394 637 354 658 386 0 224 1270 714 617 350 638 383
415 322 636 480 235 330 412 418 1 302 116 476 695 323 769 471 871 297 1262 556 664 351 692 395 638 356 658 385 0 227 1272 715 698 397 760 488 619 352 640 383
418 324 637 477 227 331 408 418 1 304 108 476 693 321 766 470 665 351 692 396 879 297 1264 556 697 398 760 488 0 228 1275 713 639 357 659 386 667 373 691 406 251 329 273 365
419 325 639 476 220 333 405 418 691 321 764 467 0 300 83 474 667 352 692 396 696 399 758 486 884 292 1262 557 0 232 1278 711
422 327 640 474 213 335 401 419 689 320 762 462 0 297 72 471 668 354 691 395 695 400 756 483 0 234 1279 709
424 327 641 473 206 335 399 421 687 316 761 459 928 224 1271 550 0 235 1279 708 693 402 753 480
425 328 642 472 202 333 399 421 686 315 760 460 759 323 942 466 939 234 1272 537 0 236 1279 706 691 403 750 479
181 332 385 425 426 329 643 472 683 313 759 459 761 324 950 467 951 242 1272 529 689 403 746 478 0 237 1279 704
172 333 382 425 427 329 644 471 765 326 955 468 681 313 756 457 685 384 746 468 956 244 1273 526 0 240 1279 702
162 333 377 425 442 328 652 472 769 326 960 470 679 313 753 454 683 381 739 467 962 234 1272 537 0 241 1279 700 641 351 665 384
153 331 375 427 442 326 652 475 773 326 962 471 682 380 738 467 676 314 750 454 965 230 1272 547 641 351 664 384 0 240 1279 700
444 325 652 476 145 329 372 428 777 325 968 472 680 380 736 466 677 321 739 429 973 219 1274 556 0 243 1279 701 640 349 664 382
445 326 653 476 780 325 972 472 141 328 370 429 678 382 734 465 676 320 738 432 0 244 1279 704 808 256 829 290
448 325 654 477 784 326 976 472 116 332 349 436 677 380 731 464 676 319 735 431 808 256 830 289 0 245 1279 706
450 325 655 476 782 326 979 473 110 332 345 435 675 341 730 449 809 256 831 289
455 324 658 475 94 330 342 436 795 324 993 479 673 341 728 452 810 255 831 289
458 325 662 473 81 329 338 439 800 328 1001 504 671 340 727 452 811 256 832 290 783 253 803 289
461 325 666 473 41 335 320 446 812 327 1005 510 670 341 726 452 784 254 802 290 812 255 834 290 1052 383 1274 496
463 325 669 472 30 333 315 446 821 329 1010 509 669 340 725 453 784 255 802 290 812 255 835 290
467 327 672 470 23 330 305 442 832 332 1014 504 667 338 724 455 773 277 877 424 785 256 802 289
471 329 674 467 21 329 300 440 666 333 722 458 849 337 1032 497 773 279 882 425 1078 333 1153 499 223 316 335 393 786 256 803 288
474 332 677 464 854 337 1038 494 22 328 294 438 664 330 720 460 757 288 901 417 487 343 519 365 1088 333 1163 500 207 313 313 396 787 257 802 288
478 332 676 461 664 328 719 460 858 335 1049 496 21 326 293 437 771 285 922 423 487 343 519 365 1105 329 1179 503 787 257 801 288
481 332 676 461 9 328 261 447 867 338 1061 494 770 285 925 424 487 343 519 366 1117 330 1193 508 787 257 801 290
484 332 675 460 7 326 248 440 659 334 710 455 771 284 922 425 787 257 801 291 874 338 1071 497 488 343 518 366 1128 331 1208 515 309 344 359 369
486 333 676 461 772 282 926 428 6 321 236 434 787 257 801 292 305 345 356 370 1151 333 1234 528 894 340 1093 495
486 334 676 462 1 320 231 434 772 282 930 428 1159 335 1242 531 786 257 801 293 303 345 354 370 898 336 1105 500
486 336 676 463 772 279 939 430 0 318 230 441 786 256 802 295 906 336 1120 500 818 255 842 289
485 337 678 463 787 255 803 295 0 319 177 457 770 277 944 432 91 314 255 416 818 254 842 288
485 338 678 463 786 255 804 295 0 319 167 460 84 316 247 414 770 274 945 435 818 254 842 288 924 343 1164 496
484 339 680 462 786 254 804 295 926 343 1175 496 19 312 231 432 818 254 841 288 769 273 942 436
485 338 679 462 25 310 222 427 784 252 803 295 923 330 1212 545 770 272 935 436 817 254 838 287
485 338 679 463 21 307 211 426 784 252 803 293 770 272 930 437 924 334 1221 548 816 254 836 287
484 338 677 465 769 272 929 437 936 338 1252 557 12 304 201 429 783 251 802 292 465 349 497 375 815 254 835 286
484 339 677 464 941 338 1257 559 770 274 933 436 3 305 180 435 922 348 1011 432 814 254 835 286 460 344 496 369 783 252 802 292
485 338 674 464 947 335 1268 557 5 302 166 435 769 273 934 437 924 348 1012 433 814 254 835 285 460 343 494 368 635 330 725 471 783 252 802 292
485 339 671 461 953 332 1274 559 767 272 936 438 925 348 1016 436 6 290 153 418 634 331 725 471 815 253 834 284 461 343 493 368
484 339 669 460 961 330 1279 558 765 270 932 441 7 286 138 420 926 350 1019 436 815 253 833 283
966 330 1279 560 484 340 665 458 766 270 930 442 0 282 123 426 927 351 1023 437 439 350 470 376 814 252 833 281
976 333 1279 559 483 339 666 461 766 268 931 444 3 291 111 440 647 398 748 488 936 346 1046 437 813 250 833 281 436 349 469 377
988 335 1279 561 482 338 668 463 768 266 935 446 938 348 1048 437 0 278 90 427 812 248 834 281 638 351 728 484
998 336 1279 564 480 337 675 465 768 264 937 447 1 275 80 428 940 350 1051 436 438 342 474 367 812 247 834 281
1005 335 1279 565 480 336 676 462 770 263 939 448 2 269 71 432 438 341 474 367 417 350 448 377 649 374 705 471 813 246 835 280
483 333 673 460 1013 333 1279 565 770 260 943 450 934 342 1107 446 440 339 472 364 650 378 705 469 814 240 839 276
485 331 672 459 769 258 950 451 1019 332 1279 563 937 337 1111 445 439 337 470 362 650 372 704 473 409 341 448 369 813 238 839 274 782 233 800 276
487 328 672 457 1049 314 1269 573 767 255 954 451 405 340 449 368 440 335 467 358 939 335 1113 443 782 230 801 275 814 235 841 272
487 325 671 454 1052 313 1270 572 767 254 958 451 439 333 467 358 783 228 801 275 945 331 1139 442 395 339 426 366 405 337 447 365 646 370 703 476
489 323 663 449 1056 313 1272 571 767 251 965 451 438 333 465 358 390 338 425 367 952 333 1137 438 783 228 801 273 412 336 444 360
488 321 658 447 1061 314 1275 570 768 250 973 451 385 337 423 368 437 332 463 358 961 333 1141 437 783 227 801 272
486 321 653 445 1065 313 1278 570 768 248 978 452 382 336 419 367 437 333 460 358 969 335 1147 433 476 334 491 356 783 227 801 270 816 230 845 269
