

1087 380 1142 414 1144 374 1181 404
1087 380 1141 413 1144 374 1181 404
1087 380 1140 413 1143 374 1180 403
1087 380 1139 412 1144 374 1178 402
1086 380 1138 412 1144 374 1177 401
1086 379 1137 411
1086 379 1135 411 1138 375 1165 400
1086 378 1134 410 1138 374 1166 400
1082 379 1128 410 1136 374 1167 401
1082 378 1127 410 1134 374 1168 401
1082 379 1126 410 1133 373 1167 402
1083 379 1124 409 1131 372 1167 401 9 341 323 594
1129 372 1165 401 1083 379 1122 408 11 337 325 596
1083 379 1121 408 1128 371 1165 401 11 334 327 598
1082 378 1121 408 10 334 327 598 1128 367 1163 396
1082 378 1120 407 10 331 329 599 1127 367 1161 395
1082 378 1120 407 1127 371 1163 400 9 331 327 598
1081 378 1120 407 1126 371 1162 400 8 330 326 598
1081 378 1120 407 1125 368 1160 395 8 330 326 597
1081 378 1119 406 1125 368 1159 395 7 331 329 596
1081 377 1118 405 1124 368 1158 395 7 334 329 593
1080 377 1117 405 1123 368 1157 395 7 338 329 592
1167 337 1236 422 1080 377 1116 404 1123 367 1157 395 7 337 328 593
1166 339 1233 421 1080 377 1115 404 1123 366 1156 395 6 342 324 591
1165 340 1229 419 1123 366 1155 395 1080 377 1114 403 5 346 320 589
1163 341 1224 419 1124 366 1154 395 1081 377 1113 403
1163 342 1221 419 1081 377 1112 402 1124 367 1154 394 3 350 317 587
1161 343 1219 419 1124 367 1153 394 1082 377 1112 402 3 349 317 588
1159 344 1216 418 1123 366 1153 395 1082 377 1111 402 4 348 318 590
1157 346 1214 417 1123 366 1153 395 1082 377 1111 401 5 348 319 590
1156 347 1213 416 1122 366 1152 395 1081 377 1111 401 6 348 320 592
1122 366 1152 394 1081 377 1111 401 1155 347 1212 415 8 347 321 592
1081 377 1111 401 1122 366 1151 394 8 347 321 592
1081 378 1110 400 1150 345 1208 416 1122 365 1151 394 8 347 321 591
1080 378 1109 400 1150 346 1207 415 1122 365 1150 393 7 348 320 591
1081 378 1109 399 1150 348 1204 413 7 348 320 591 1123 366 1149 392
1081 378 1108 399 1148 376 1198 410 8 347 320 590
1081 379 1108 399 1147 377 1195 410 8 348 319 590
1146 378 1194 409 1082 379 1107 399 8 349 318 590
1145 377 1192 409 1082 379 1107 399
1145 376 1190 408 1083 379 1107 398
1144 374 1188 408 1083 379 1106 397 10 350 319 588
1144 374 1188 408 1084 378 1106 397 9 350 319 591
1143 374 1187 408 7 348 320 595 1084 378 1106 397
1143 375 1185 407 4 347 321 597 1085 378 1105 396 846 149 884 180
1143 375 1184 407 4 345 322 597 1085 378 1105 396
1142 375 1183 407 4 344 320 598 1085 379 1105 396
1141 375 1182 407 1085 379 1104 396 4 341 319 598
1140 375 1180 406 1085 379 1104 396 5 341 317 598
1140 376 1179 405 1085 379 1103 396 5 340 316 599
1085 380 1103 396 1141 376 1177 404 6 341 313 600
1134 375 1172 404 1085 380 1102 395 7 340 312 600
1133 375 1172 404 1086 379 1102 395 8 340 312 600
1134 375 1171 403 8 340 313 601 1086 379 1102 395
1134 375 1170 403 7 340 314 602 1086 379 1102 395
1134 374 1170 402 5 339 315 603 1086 379 1102 394
1134 374 1169 402 5 341 315 603 1086 379 1103 394
1133 374 1168 402 4 342 314 603 1086 379 1103 394
1133 374 1167 402 5 342 312 603 1086 379 1103 394
1132 374 1166 401 5 340 311 606
1132 374 1165 401 6 338 309 608
1131 374 1164 401 6 339 309 611
1131 374 1162 400 8 342 318 612
1131 375 1161 400 6 342 324 610
4 343 329 607 1131 375 1160 399
0 343 328 605 1131 375 1160 399
0 346 324 607 1127 365 1161 396 342 376 457 464
0 340 318 609 1126 365 1160 396 336 373 473 462
329 363 504 465 0 328 314 611 1126 365 1160 396
327 363 526 465 0 318 312 612 1125 365 1160 396
327 364 542 465 0 314 316 613 1126 365 1159 396
344 367 573 462 0 315 323 612 1126 366 1159 395
352 365 591 462 0 312 334 611 1126 366 1159 395
359 363 607 463 0 315 338 609 1126 367 1159 395
378 369 629 460 0 320 336 605 1125 366 1159 395
394 367 641 461 1125 366 1158 395 0 329 325 602
409 365 651 462 1125 366 1158 395 1 335 318 600
440 368 675 459 1125 366 1158 395 3 339 316 598
452 366 684 459 1125 366 1157 395 3 339 318 598
456 364 694 459 1124 365 1157 395 3 336 318 598
455 351 692 456 1124 365 1156 395 2 334 317 599
451 346 694 457 1123 365 1156 395 3 332 315 599
447 342 693 456 1123 365 1155 395 3 331 316 602
444 337 689 454 1123 365 1155 395 4 330 317 603
441 332 686 452 1123 365 1154 395 4 326 319 604
439 327 683 450 1123 365 1154 394 3 321 321 604
442 325 679 450 1123 365 1154 394 3 319 324 604
444 323 673 452 2 318 327 604 1123 365 1153 394
446 324 670 453 2 320 328 602 1123 365 1153 393
445 326 668 454 2 320 330 602 1123 365 1153 393
442 330 667 454 1 321 332 600 1123 365 1153 393
436 338 665 453 1 327 334 600 1122 365 1153 393
432 346 664 453 0 329 327 603 1122 365 1153 392
416 354 654 452 1 326 318 610 1122 365 1152 392
412 359 657 451 2 316 311 617 1121 365 1152 392
404 369 660 459 2 312 311 621 1121 365 1151 392
400 373 657 462 1 311 315 621 1121 365 1151 392
396 376 656 462 1 311 319 620 1121 365 1151 392
