

966 308 1084 486 636 349 658 384 691 350 716 393
990 311 1102 481 635 350 658 385 691 349 715 394
996 308 1109 485 634 350 658 385 691 349 716 394 593 343 608 370 1154 367 1278 415
1004 306 1117 488 636 351 658 383 691 349 715 394 934 355 1022 402 594 344 608 369 567 346 580 367 1157 364 1277 414
1009 303 1126 492 932 357 1026 400 690 349 716 393 636 351 659 382 594 352 609 373 991 403 1139 525 567 345 581 367 1158 362 1275 415 641 340 656 368
928 355 1030 401 1012 302 1133 494 690 349 716 393 637 351 659 381 1163 358 1264 404 595 343 610 369 640 340 657 368
926 353 1032 402 1037 300 1154 490 637 350 660 381 690 349 717 393 1171 357 1264 405 536 339 565 362 639 339 657 369 521 339 543 359
922 352 1033 402 1044 296 1163 487 637 349 660 381 692 347 719 394 639 338 657 369 519 337 544 359
917 351 1030 402 1051 293 1173 487 693 347 720 394 637 349 661 381 520 337 544 358
914 351 1027 403 1054 291 1180 491 694 347 721 393 638 350 660 381 520 339 544 359
912 352 1021 405 1059 291 1183 495 692 349 720 393 638 352 660 382 521 341 543 360
1091 296 1212 495 911 361 1019 412 639 355 659 385 1019 356 1064 386 692 354 719 394
897 363 1010 416 639 359 659 389 1022 361 1071 387 669 357 687 390
894 365 1007 416 1137 313 1259 520 641 361 659 391 669 358 686 393 704 353 728 402 541 358 564 377
891 364 1003 415 1143 314 1266 521 641 361 660 390 541 359 564 377 705 353 729 401 1037 360 1093 390 669 358 686 391
1153 315 1270 519 889 362 999 413 641 357 664 389 706 349 729 402 542 356 568 375 1043 358 1096 386
887 354 993 407 1158 293 1276 508 641 354 666 387 707 348 731 400 546 354 567 371 1050 357 1096 382
885 351 991 408 640 351 668 385 708 345 731 400 1061 354 1119 382 1121 345 1217 412 1196 321 1278 521 548 353 567 369
872 350 988 410 640 351 667 384 708 346 733 399 1068 353 1118 383 1203 327 1278 526
867 351 985 409 639 352 667 386 709 348 734 399 593 353 606 374 1072 353 1118 382
862 352 979 409 639 354 667 387 709 348 737 399 593 355 606 376 1088 353 1142 384
858 352 974 410 640 356 667 388 1164 336 1278 422 593 357 605 379 708 349 738 401 546 356 565 371 1085 354 1146 384
857 353 958 410 641 358 667 389 592 358 605 381 709 347 739 402 1088 354 1149 385
851 355 957 410 641 358 666 391 590 358 605 381 544 357 565 375 706 339 745 410 710 377 740 409
843 359 957 413 641 358 667 392 542 357 566 376 707 340 746 411 589 357 604 382 1109 355 1177 388 626 358 640 385
837 360 953 412 641 358 667 393 708 342 748 412 1211 336 1274 420 542 357 566 377 587 358 603 383 1111 355 1182 387 625 358 639 387
836 360 948 413 640 358 667 393 1221 337 1274 419 709 344 749 412 543 357 564 377 626 358 640 389 586 357 601 384
827 358 938 415 639 357 666 392 710 344 750 412 626 358 640 388 1130 357 1200 390 586 356 601 383
822 357 938 414 638 356 666 391 710 345 749 412 543 356 562 375 1135 355 1204 390 626 359 640 386
819 353 932 411 638 356 665 391 714 372 744 411 541 356 562 375
817 352 926 411 638 355 665 391 715 371 744 410 569 356 594 380 540 355 561 375 1148 352 1228 391
815 351 919 412 640 354 665 392 715 371 745 411 625 358 640 386
639 354 666 392 804 353 909 411 714 372 745 412 624 358 640 386
798 354 909 410 637 354 667 393 714 372 745 413 1224 365 1277 439
796 355 905 409 635 355 667 393 1218 366 1277 441 714 372 745 413 566 359 589 380
789 359 903 413 635 355 667 393 1197 360 1278 442 714 372 745 413 541 355 569 377 564 358 589 380
791 354 892 410 636 355 665 393 714 373 746 414 543 356 568 376 564 358 588 379 1191 359 1279 445
1169 360 1276 445 777 353 887 411 637 355 662 394 713 374 746 415 543 356 568 375 619 359 638 387 565 358 586 378
772 353 886 411 1153 363 1279 445 638 354 661 394 713 374 746 415 544 356 567 375 617 359 635 387 713 350 740 403
768 352 880 411 638 354 661 395 543 356 567 376 713 373 745 416 1128 356 1279 449 615 360 632 386 567 358 586 377
763 357 876 415 1117 360 1276 448 637 354 660 396 542 356 568 377 713 372 744 416 566 358 587 377
761 357 870 415 635 354 659 397 1106 361 1273 448 543 356 567 377 713 373 744 416 565 358 587 377 713 353 739 400
748 357 867 415 1077 362 1261 446 635 354 658 398 543 355 566 377 713 354 738 400
744 357 862 415 1066 362 1249 446 635 354 657 398 544 355 565 377 601 358 621 389 1170 380 1275 463
741 357 857 415 636 353 657 397 599 357 621 390 1168 376 1277 467 1046 369 1254 454 543 355 565 377
737 358 851 414 1030 365 1215 440 1164 376 1277 468 636 353 657 395 597 355 620 389 544 355 564 377 709 347 745 415 565 356 586 376
1019 364 1213 444 737 358 848 413 1162 375 1277 467 637 352 657 394 596 355 619 388 708 347 746 415 565 356 588 376
717 348 842 416 1152 378 1278 466 637 352 656 393 595 355 617 386 1002 363 1209 443 708 346 745 414 565 355 588 376
718 346 836 416 1143 378 1279 466 636 353 656 392 595 355 614 385 711 349 738 402 566 355 588 375 978 360 1161 434
717 345 832 415 958 359 1155 441 1129 368 1273 477 635 353 656 391 594 355 613 383 711 348 737 402 567 355 587 374
716 344 828 414 1125 365 1271 476 944 357 1147 439 634 355 657 390 594 356 612 382 711 348 737 400 568 356 588 373 547 354 561 374 523 354 532 371
715 343 824 413 1116 362 1271 475 924 351 1113 438 634 355 657 389 594 356 612 380 547 354 561 374 523 354 533 371 710 348 737 398
909 348 1101 437 716 343 819 411 1108 361 1272 474 634 355 657 389 594 355 611 379 547 354 562 374 522 354 533 371 706 344 746 412
717 344 815 410 1098 359 1276 476 593 354 611 380 634 355 656 389 896 345 1088 435 548 354 562 374 522 354 533 370 704 345 747 412
870 344 1069 436 702 343 809 410 1072 358 1279 478 594 354 611 381 634 355 656 389
1064 359 1279 482 698 344 807 412 594 356 612 383 857 345 1054 435 635 356 656 390
1058 361 1279 485 696 345 804 413 595 357 613 384 635 356 656 391 567 355 589 376 822 347 1024 434
1054 361 1279 488 816 350 1009 436 694 345 802 415 595 358 613 385 636 356 656 394 566 356 589 378 523 355 534 374 548 355 563 378
1050 363 1277 491 807 349 993 436 693 345 799 416 636 355 656 395 595 358 613 385 567 357 588 378 523 357 535 375 549 357 564 379
1045 364 1273 494 794 355 958 431 637 354 657 397 595 358 613 385 690 345 802 414 550 357 562 379 524 357 535 375
1041 361 1271 497 768 351 958 436 637 354 658 395 595 359 613 385 571 358 585 378 551 358 562 378 525 358 536 374 702 342 748 415
1036 357 1269 499 766 354 928 428 638 354 659 394 595 358 613 384 705 342 750 415 526 357 537 373 550 357 560 376 572 357 584 377
1032 353 1267 501 745 354 909 425 638 354 659 392 595 358 613 381 677 347 774 406 572 358 585 376 549 357 560 374
1025 352 1267 504 716 342 907 423 638 352 661 391 595 357 613 379
1019 351 1268 506 640 349 663 390 705 339 894 420 594 355 614 377
1013 349 1270 507 692 342 862 416 641 349 665 387
1008 346 1272 504 692 341 855 415 643 348 666 385
1001 344 1276 501 697 339 843 416
996 345 1278 500 679 339 823 412
993 345 1279 500 681 337 813 412 612 353 634 370
993 343 1279 502 655 337 800 411 599 352 615 374
964 342 1279 495 658 337 791 411
965 340 1279 496 666 336 781 410
965 338 1279 497 670 336 774 408
980 335 1276 517 671 337 770 404
980 335 1276 517 649 337 757 401
981 332 1278 517 648 337 751 399
981 330 1277 518 646 335 746 398
982 329 1279 518 616 336 740 401
985 328 1279 520 612 334 738 400
989 325 1279 523 613 335 734 399
991 322 1279 526 618 335 732 396 703 346 738 386
991 322 1278 528 627 336 727 395 700 343 737 388
993 323 1278 530 628 334 726 394 567 346 592 365
998 323 1279 531
1003 321 1279 530
1006 317 1276 529 674 331 731 384
1010 315 1272 529 669 331 730 384
1018 319 1273 516
1026 318 1275 519 658 331 732 391
1035 319 1275 520 656 332 732 391
1049 322 1275 523 653 333 733 391
1063 325 1276 527 651 335 735 390 592 345 650 383
1076 329 1275 530 650 335 737 389
1085 330 1271 530 652 335 738 389
654 328 740 382 1096 331 1277 529
656 327 739 380 1109 346 1275 527
656 326 739 378 1123 355 1274 525
