

805 329 1212 613 717 388 839 489 0 421 220 623 424 389 716 600 366 406 450 455 187 410 285 494 444 407 470 431 530 361 539 373 308 418 361 453
805 329 1211 613 717 388 839 489 448 403 705 586 0 427 190 623 185 410 282 494 365 406 451 456 444 406 470 430 530 361 539 373
805 331 1208 612 717 388 838 489 448 403 706 586 0 431 176 622 365 406 451 456 181 410 278 495 444 406 471 430 531 361 539 373
804 332 1207 611 717 388 838 489 450 404 705 585 368 411 453 459 150 410 275 498 0 408 160 665 531 362 539 373 444 405 471 429 462 404 490 430
452 404 704 583 803 336 1206 609 716 388 837 489 368 411 454 459 140 410 276 511 0 427 123 636 78 408 151 554 531 362 539 373 444 405 472 429 461 404 491 430 306 416 365 446
455 404 703 583 715 388 837 489 804 338 1205 608 133 410 275 510 370 410 454 460 445 405 472 429 460 404 491 430 531 361 540 373 307 416 363 446
456 404 703 583 714 388 836 489 805 341 1202 606 372 410 454 461 124 413 278 509 446 405 473 429 461 404 491 430 531 360 540 372 309 416 357 453
458 404 703 583 714 388 835 489 805 343 1199 605 109 412 265 512 376 409 453 462 462 403 491 430 447 405 473 429 309 416 357 453 531 360 540 372
459 404 703 582 713 388 834 490 103 411 260 513 805 342 1197 603 385 409 456 465 462 403 491 429 447 405 472 430 309 417 359 453
461 405 703 582 713 388 834 490 96 410 255 514 804 343 1196 603 385 409 456 466 463 403 492 429 447 406 472 430 309 417 361 452
461 405 703 583 713 388 834 490 90 410 252 516 804 343 1194 601 385 409 456 467 463 403 492 429 447 406 472 430 310 417 360 452
463 405 704 582 79 411 250 519 714 388 833 490 803 345 1191 600 385 409 456 468 462 403 492 429 446 405 472 429 330 415 374 446 310 418 354 452
465 404 704 580 66 412 249 521 714 388 832 490 803 343 1190 599 384 408 456 470 461 403 492 429 446 405 473 429 327 415 378 455
466 403 704 577 56 414 248 524 714 388 830 490 803 343 1190 598 383 408 456 471 461 402 492 429 446 405 473 429 327 414 381 456
465 402 706 577 49 411 231 527 714 388 829 490 803 341 1189 597 383 407 456 471 461 402 493 429 327 414 383 456 446 404 472 429
465 402 706 577 38 412 221 530 714 388 828 490 792 350 1163 592 383 408 455 472 461 403 494 430 327 414 385 457 445 405 471 429
466 402 706 577 25 413 211 533 714 389 828 490 794 350 1160 593 383 408 455 472 326 415 387 458 460 403 496 430 444 405 470 430
466 403 706 575 11 413 204 536 714 389 827 489 795 350 1157 592 378 407 455 473 326 415 389 459 459 403 497 431 443 405 470 430 531 358 541 372
475 400 716 583 7 414 200 538 714 389 827 490 378 408 455 474 795 349 1157 592 328 415 388 458 459 403 498 430 443 405 469 429 531 358 541 372
477 400 715 585 715 388 827 490 376 410 454 475 793 348 1157 591 0 416 186 543 332 416 385 456 459 403 498 431 167 366 347 469 443 406 468 430 532 358 541 372
480 400 713 585 372 412 453 477 715 389 827 490 792 347 1155 591 0 416 178 549 168 365 347 469 336 417 381 454 460 404 498 431 442 407 468 431 532 358 541 372
482 400 713 585 367 412 452 478 714 389 827 490 791 348 1154 591 0 416 168 555 169 364 347 469 461 404 497 432 339 418 379 453 442 407 467 432 532 358 541 372
483 401 713 586 364 413 450 480 792 347 1153 592 713 390 826 490 0 417 161 555 169 364 347 469 462 405 497 432 441 408 467 433 341 416 377 443 532 358 541 372
483 401 713 586 359 413 447 484 792 348 1152 592 712 391 827 490 0 419 150 556 167 364 346 469 462 406 498 433 441 408 467 433 532 358 541 372 342 415 376 441
484 402 713 585 355 412 444 487 791 348 1152 592 711 390 827 490 1 421 140 555 164 364 348 470 462 406 498 433 532 358 541 372 440 408 467 433 344 415 375 440
485 402 713 582 351 412 442 489 789 349 1153 591 712 390 828 490 4 419 119 563 161 363 350 470 532 358 541 372 461 406 499 434 440 408 465 434
486 401 714 580 349 412 442 489 788 349 1153 592 712 389 828 490 2 420 112 561 159 363 353 470 532 358 541 372 460 406 499 434 441 409 464 435
487 401 713 580 788 350 1153 592 345 411 445 488 713 389 828 491 157 363 354 469 0 420 86 566 461 406 497 434 531 359 541 372 442 409 464 435
336 413 440 489 487 401 712 581 789 350 1153 594 713 388 828 491 156 363 355 468 0 417 75 567 461 406 495 435 531 359 541 371 442 410 466 436
330 411 442 491 487 400 713 584 787 351 1154 595 714 388 828 491 157 362 353 467 461 406 494 435 531 359 540 371
327 410 441 493 486 400 715 583 786 351 1154 594 715 388 827 491 460 406 495 435 133 362 335 469 531 359 540 371
485 400 715 584 321 410 439 495 787 351 1154 594 716 389 826 491 131 361 333 470 460 406 494 434 530 359 539 371
483 399 715 584 789 349 1153 598 314 409 437 495 716 389 826 491 128 359 331 472 461 405 493 432 411 415 465 458 528 348 538 365 530 359 539 372 443 407 471 434
481 398 714 584 791 347 1152 603 299 412 430 509 717 388 826 491 125 359 328 474 463 405 492 431 408 416 467 457 527 348 538 365 443 406 472 432
479 397 714 581 791 348 1152 606 292 411 431 499 718 388 826 491 124 358 328 475 463 405 492 430 407 417 467 457 527 348 538 365 443 406 472 433
479 397 714 580 791 346 1153 608 720 387 826 492 279 411 439 512 121 359 329 474 463 404 492 430 526 348 537 364 395 410 468 462 443 406 473 434
478 398 715 581 790 345 1155 608 268 411 439 513 721 385 826 492 120 358 330 474 394 410 467 462 462 404 492 431 526 348 537 364
478 398 715 584 254 407 417 520 789 343 1158 609 722 384 826 493 117 358 333 473 393 409 467 462 461 404 493 431 526 348 537 363
477 398 716 586 247 407 417 522 788 342 1161 608 722 383 827 493 393 409 468 462 112 357 334 472 462 404 492 431 526 347 537 363
232 407 410 523 477 397 714 587 787 343 1164 607 721 383 827 493 391 403 469 458 105 355 336 473 463 403 491 430 526 347 536 362
216 409 404 523 471 399 699 577 797 338 1189 607 720 383 826 493 391 402 470 459 525 346 536 361 99 353 333 475 464 403 491 429
470 398 698 576 203 412 398 524 797 338 1190 607 720 382 826 492 389 402 470 460 525 346 535 360 94 350 335 476 464 402 491 428
188 410 380 531 469 398 698 575 795 337 1193 607 720 382 826 492 388 401 470 461 525 345 535 360 90 349 341 476 465 401 491 428
168 409 375 538 468 397 698 574 796 332 1194 607 720 381 825 492 386 401 470 462 525 344 535 359 90 344 346 459 465 401 490 427
467 396 699 573 147 407 375 544 796 328 1196 607 385 401 470 462 720 381 824 491 524 343 534 358 87 341 347 457
465 396 701 572 797 324 1197 607 116 405 356 548 382 401 469 461 719 383 826 476 523 342 533 356 85 339 350 457
105 404 351 551 798 324 1201 611 462 395 703 572 380 401 468 461 719 383 826 475 80 338 360 456 522 341 533 356
799 323 1207 613 460 395 705 573 719 383 828 475 376 401 467 460 95 405 338 558 77 335 363 456 522 340 532 355 463 399 490 424
800 321 1211 618 459 395 704 575 366 398 463 462 720 382 829 475 74 334 363 454 521 340 531 354 50 410 311 566
800 320 1217 619 459 395 703 577 365 398 462 462 24 382 322 596 721 381 831 475 73 332 361 454 521 339 531 354 440 390 475 416
801 319 1220 621 458 395 702 579 13 385 312 599 366 397 460 463 723 381 832 476 70 332 365 455 521 339 531 354 439 391 475 416
805 317 1223 623 456 396 704 579 365 396 458 465 724 380 833 476 2 407 284 626 69 330 366 457 521 340 531 354 439 391 475 416
454 397 706 579 810 314 1224 627 366 395 456 465 725 379 835 477 1 412 268 635 66 329 371 459 521 340 531 354 442 396 475 426
815 312 1227 630 452 397 709 577 368 400 457 473 726 378 836 476 2 410 251 644 67 328 370 464 521 339 531 354 439 395 475 427
816 311 1231 631 367 400 456 473 451 396 710 577 735 378 847 477 63 327 371 468 521 339 531 353 2 408 243 645 438 395 474 427
814 311 1240 632 363 399 455 475 450 396 711 577 62 325 367 473 750 377 847 506 0 398 217 652 521 339 530 352 439 395 471 426
360 398 452 477 810 310 1247 632 449 397 712 577 57 324 364 474 750 375 849 508 0 398 181 652 521 338 530 352 439 390 470 418
356 398 450 480 808 308 1253 632 55 323 359 475 449 398 712 577 0 400 165 658 750 373 852 509 521 338 530 351
353 399 447 482 55 323 358 475 808 309 1254 630 424 385 729 595 750 372 854 509 0 397 150 663 521 337 530 351 440 389 469 418
350 398 445 485 58 320 355 477 808 310 1259 629 423 385 731 598 735 369 872 501 521 337 530 350 439 388 470 419 0 376 139 681
423 384 731 601 347 396 443 487 64 318 351 479 807 310 1264 630 755 371 861 506 521 336 530 350 437 388 471 420 674 386 692 418
340 396 442 489 423 384 732 603 73 314 349 480 806 308 1268 633 739 378 856 476 521 335 530 349 435 387 472 420 675 386 691 417 722 388 769 456
336 396 441 490 425 383 732 604 804 306 1266 635 78 313 347 480 741 379 856 475 521 335 530 349 433 387 471 420 722 388 770 455
428 381 732 607 329 397 438 491 804 306 1266 635 73 311 347 482 762 371 868 502 521 335 530 349 433 388 470 420 721 388 770 455
429 379 731 609 322 397 436 493 806 310 1267 634 67 309 346 483 765 371 871 503 521 335 530 348 433 388 469 420 720 388 769 454
429 379 731 612 315 397 433 497 809 313 1267 634 59 308 348 484 767 369 876 505 521 335 531 348 435 389 469 420 719 388 768 454
428 380 732 613 812 310 1269 635 59 307 347 485 312 396 432 499 768 369 877 505 521 335 531 349 719 388 768 454 435 388 470 420
427 380 734 613 814 307 1268 636 52 296 356 484 302 399 427 501 770 369 879 505 521 334 531 348 718 387 769 452 435 388 470 419
427 379 735 613 817 305 1268 635 35 289 338 493 291 399 434 506 772 369 881 504 521 333 531 347 434 388 470 419 718 387 769 451
427 378 736 613 820 307 1268 636 31 286 338 495 284 397 433 508 774 369 883 504 522 333 531 347 433 388 470 419 0 430 29 470
428 377 736 614 820 310 1267 637 34 285 336 494 278 396 429 510 775 369 884 504 432 387 470 419 522 332 531 346 0 431 30 470
426 376 739 614 823 307 1268 636 32 284 331 495 270 394 430 512 775 368 885 503 432 386 470 420 522 332 531 346 708 382 754 447 0 431 29 471
424 376 741 615 31 284 326 498 825 306 1267 636 247 397 431 525 776 368 887 503 432 386 470 420 522 332 531 345 707 383 755 447 0 431 27 472
422 377 744 615 27 285 321 501 236 395 438 528 828 304 1268 637 791 366 893 507 431 385 470 420 523 332 532 345 705 384 755 447
421 376 745 615 26 285 318 501 231 393 439 530 830 305 1267 640 793 366 893 508 431 386 471 420 523 332 533 345
420 375 745 616 22 282 315 501 224 392 437 531 833 304 1266 641 795 366 897 507 430 385 471 419 705 383 757 447 525 332 534 345
420 373 744 618 217 390 433 533 18 280 315 503 837 304 1265 640 798 367 901 507 704 382 757 447 430 384 471 418 526 332 535 345 523 324 535 342
420 372 744 621 208 388 431 535 14 277 313 505 840 304 1265 640 801 367 905 505 429 383 470 418 524 324 535 341 527 332 536 345
418 371 746 622 203 388 429 535 13 275 312 504 843 305 1262 641 802 365 907 502 524 323 535 341 430 382 470 417
416 371 748 623 193 388 428 536 10 271 311 502 843 304 1263 641 803 363 910 499 524 323 535 340
415 369 750 624 183 387 427 539 8 267 314 501 844 303 1264 640 805 361 912 497 524 322 535 338 413 382 456 417
414 369 753 625 174 385 427 542 6 264 314 502 844 301 1266 638 807 361 913 496 524 321 535 337 412 381 456 416
158 382 421 543 410 369 755 625 6 263 312 503 845 301 1266 636 807 362 913 495 524 320 535 336 412 381 456 416
156 382 418 544 406 370 758 623 844 300 1266 634 7 263 304 504 808 362 912 494 524 321 535 336 411 381 456 416
154 383 414 545 404 371 759 623 845 300 1268 633 6 264 296 505 809 362 911 494 524 321 535 337 411 381 455 417
151 384 409 547 403 371 760 622 844 301 1269 633 6 266 291 506 810 362 910 494 524 322 535 339 411 381 456 418
404 371 760 621 146 385 410 548 844 301 1270 632 6 266 289 504 811 363 909 494 524 322 535 339 410 381 457 419
405 372 758 621 138 385 410 551 841 304 1269 633 9 263 291 504 813 363 908 493 524 323 535 339 411 382 457 420 735 375 761 418
405 373 756 620 130 386 411 554 839 306 1271 633 9 260 291 504 813 369 901 474 524 323 535 340 410 383 457 420 736 374 761 420
405 373 756 621 109 385 436 578 837 309 1271 634 11 258 292 506 814 369 901 473 411 384 457 421 524 323 535 340 737 374 761 421
403 374 757 620 106 383 436 578 836 309 1273 635 12 256 297 507 818 370 912 473 411 383 457 421 524 323 535 340 737 374 762 420 509 360 549 381 387 384 416 417
405 373 755 621 102 384 435 578 834 310 1271 635 14 254 301 509 820 370 912 472 413 383 455 421 524 324 535 340 509 360 549 382 387 384 418 418 466 367 499 389
406 372 752 621 100 387 435 578 832 312 1269 635 15 254 294 510 414 383 455 420 525 324 536 340 509 361 547 383 388 385 420 419 466 367 499 389 711 398 743 437 822 369 914 469
99 391 434 579 410 371 748 621 831 313 1267 634 14 256 281 512 712 398 744 437 414 382 455 420 713 379 736 415 525 324 536 340 741 381 761 413 510 362 546 384 388 385 421 419 693 379 711 412 529 333 537 344 437 380 467 411
99 393 433 580 412 372 746 620 830 313 1268 631 13 258 270 513 713 397 744 437 714 378 737 418 743 381 761 414 414 382 456 419 525 324 536 340 693 379 710 412 529 333 536 344 436 380 468 411 388 385 420 419
97 392 429 581 412 373 745 620 830 313 1269 630 7 252 236 513 714 378 738 418 744 380 762 415 713 397 743 437 763 378 779 409 414 382 457 419 529 333 537 344 435 379 468 413 525 324 536 341
95 392 424 582 409 392 751 636 828 314 1271 629 5 250 233 515 714 377 738 420 744 378 764 416 713 396 742 437 762 377 778 412 433 379 469 415 529 333 537 344 414 381 457 419
91 392 420 584 406 392 753 637 827 313 1273 630 4 247 231 517 713 376 738 422 761 376 777 414 744 377 764 417 530 332 537 344 432 379 469 417 712 397 741 437 389 384 417 420
