

507 421 613 469 1053 375 1278 483 793 389 1006 485 695 439 800 484 555 279 596 305 0 385 46 453 627 434 729 478
503 420 612 470 1052 375 1279 483 693 438 799 485 789 388 1010 486 553 277 593 304 624 434 728 478
498 419 611 470 1052 375 1279 483 786 388 1016 487 691 438 798 486 95 225 444 447 622 433 729 479
493 418 608 472 1051 375 1279 482 783 388 1025 490 672 439 786 486 100 223 432 455 954 432 1042 492
489 418 607 473 1050 374 1279 482 779 388 1033 491 669 440 784 486 952 432 1041 493 96 224 425 458
478 418 592 473 1048 374 1279 483 775 388 1040 492 667 440 782 487 952 433 1040 493
472 419 592 473 1048 374 1279 484 766 387 1046 494 666 440 781 488
465 418 591 474 1045 373 1279 485 758 386 1053 497 663 438 781 489 596 436 705 485
458 419 590 475 1042 372 1279 487 750 384 1057 499 640 439 770 490 595 435 708 486
451 419 569 474 1039 371 1279 489 750 382 1053 499 639 439 769 490
444 419 569 475 1039 371 1279 489 749 381 1050 498 639 439 763 490
435 418 567 477 1033 369 1279 490 743 380 990 502 635 438 760 491
1029 368 1279 490 738 379 990 504 427 419 568 477 616 441 743 492 22 211 342 457 567 436 687 488
414 420 548 477 1022 366 1279 492 737 378 992 505 615 440 741 493 17 200 342 463 546 438 661 488
406 420 546 477 1020 366 1279 492 735 377 994 506 612 438 739 494 14 201 341 463 544 436 661 488
1017 365 1279 492 394 420 524 477 726 376 1000 505 608 435 738 494 542 436 662 488 8 215 337 464
1015 365 1279 491 382 418 523 478 712 376 1006 505 587 437 720 494 538 435 664 489
1011 365 1279 490 370 418 503 477 693 374 949 507 584 435 715 495 519 434 638 490
362 419 502 477 1010 364 1279 490 690 373 950 508 582 434 712 496 521 434 633 490
686 371 952 509 1005 364 1279 490 562 437 693 496 356 420 499 478 520 436 633 490
681 369 951 510 335 419 475 478 1001 362 1279 489 557 436 690 496 491 436 614 491
667 368 953 510 964 360 1277 496 320 418 455 477 534 437 671 496 468 435 592 491
652 367 956 511 311 418 453 478 963 358 1276 495 533 436 665 497 470 434 588 491
957 357 1276 496 626 368 919 511 512 437 644 497 293 418 426 477 469 436 588 491
951 355 1276 497 622 364 912 512 282 418 426 478 486 438 624 496 422 439 539 491
943 354 1275 498 614 361 905 514 262 417 403 477 485 437 619 498 414 435 548 491
936 353 1275 499 602 360 905 514 462 439 598 497 255 417 400 477 412 435 546 491
924 352 1276 497 572 362 869 512 237 417 378 476 436 439 572 495
564 360 863 513 921 347 1277 492 213 416 353 476 413 438 547 495
535 353 877 518 915 348 1275 492 411 437 548 498 191 415 330 476 342 434 476 492
528 353 874 517 888 346 1249 496 183 416 327 477 383 436 529 497
496 347 835 524 878 346 1246 497 335 435 477 494 168 417 303 477 416 434 537 501
475 346 828 523 870 345 1244 498 332 436 480 496 140 416 276 477
452 344 816 522 857 344 1243 499 117 415 256 478 332 436 477 500 262 435 408 494
444 342 804 522 847 344 1240 499 302 437 459 499 110 416 252 478
834 344 1229 498 429 340 794 523 254 435 408 497 91 417 228 477
822 344 1217 499 390 340 752 529 226 435 388 497 64 415 204 478
365 335 748 526 811 343 1209 497 227 438 386 500 38 414 181 479
337 336 740 523 774 342 1160 498 19 414 158 481 179 432 337 496
316 336 733 521 764 341 1159 497 181 434 332 499 13 415 154 481
754 341 1156 497 291 338 736 523 2 416 120 483 162 435 305 501
747 339 1157 500 250 338 681 532 0 417 88 483 110 434 258 498
741 340 1154 501 236 336 676 533 137 441 278 505 0 415 82 485
729 339 1158 503 215 334 661 534 91 437 226 502 146 439 271 510
713 339 1154 502 202 332 650 536 64 438 206 502
187 332 641 538 695 339 1159 501 16 435 161 499
156 330 589 547 648 336 1075 504 12 436 158 503
134 327 587 552 640 333 1075 507 0 435 130 506
102 325 582 556 631 330 1079 513 0 435 122 512
623 327 1077 521 72 325 572 558 0 434 113 520
616 327 1074 525 52 327 569 557 0 434 82 516 1114 380 1222 473
605 327 1078 526 25 324 528 560
593 328 1083 527 17 321 517 560
581 328 1090 531 6 316 499 563 420 435 580 542 1091 380 1203 476
568 326 1088 533 3 313 480 566 404 435 561 544 1090 381 1199 477
549 324 1093 537 0 307 469 571 393 437 553 548 1088 380 1194 491
531 319 1096 540 2 304 459 575 381 437 541 552 1087 381 1192 478
517 316 1101 543 0 300 454 576 373 437 530 553 1086 380 1189 480
509 311 1108 547 0 297 453 578 356 439 513 551 1086 379 1189 480
496 306 1126 548 0 284 451 582 350 432 507 550 1086 376 1189 480
484 301 1145 549 0 275 450 587 343 426 502 549 1087 375 1191 479
481 300 1161 549 0 252 369 596 335 421 498 549
480 297 1160 549 0 252 361 596 328 421 497 549
478 290 1155 553 0 251 358 599 323 421 497 548
470 280 1149 558 0 253 357 599 321 421 498 547
464 270 1153 564 0 252 358 601 322 421 500 547
453 269 1168 566 0 253 358 601 947 169 1279 567
495 267 1026 567 0 249 357 606 323 421 506 548 778 137 1279 621
491 253 993 549 3 275 469 602 322 422 509 549
503 249 935 548 5 273 468 604 327 422 511 550
7 279 478 605
3 280 468 606
0 249 364 617
4 244 360 628 487 281 1201 573
506 273 1196 583 9 249 350 631
531 272 1204 585
522 272 1212 587
521 272 1216 589 1166 379 1263 479
526 273 1211 590 364 451 539 577 1170 378 1266 493 4 465 454 710
528 276 1210 592 1173 377 1269 494
530 277 1210 594 1176 377 1271 495 4 236 503 668
533 280 1209 596 0 232 502 658 372 430 554 558 1176 378 1273 495
535 281 1209 598 0 233 479 654 1176 378 1274 495
536 283 1209 601 0 233 483 660 374 423 556 556 1176 380 1274 495
536 283 1208 603 0 233 500 660 376 425 556 551
536 283 1209 604 0 236 529 653
537 283 1209 604 0 235 531 651
537 284 1209 606 0 236 532 650
537 285 1209 608 0 235 535 649
537 286 1208 608 0 236 539 646
535 287 1208 607 0 235 537 643
535 287 1209 606 0 235 536 643
536 286 1210 606 0 236 535 645
537 286 1210 607 0 235 535 647
540 286 1208 608 0 234 535 647
542 286 1207 606 0 231 533 645
543 285 1205 605 0 229 528 643
543 285 1205 604 0 227 524 642
