

867 41 1259 420 663 220 798 343 574 216 691 449 577 346 673 499 354 182 416 215
859 34 1268 422 662 219 795 343 575 220 691 441 577 345 672 494 347 183 413 217
855 35 1268 427 574 223 692 435 659 220 791 342 577 345 672 491 320 187 405 220
840 33 1270 454 574 225 693 431 654 220 786 340 579 344 672 490 317 189 398 222 566 195 594 214
841 28 1268 462 574 223 691 430 652 219 783 341 577 319 678 479 321 187 386 221 564 194 593 214
839 21 1268 468 575 221 690 431 650 217 781 340 578 321 676 475 295 187 378 222 563 191 590 211
839 16 1270 481 576 218 689 436 647 216 779 339 580 322 674 474 301 187 365 222 561 190 590 212
839 11 1274 496 579 219 688 438 644 217 776 337 581 322 674 472 303 188 360 221 562 191 588 211 281 192 335 221
841 10 1273 512 582 218 687 439 646 220 773 332 584 325 673 471 264 190 352 224 541 190 570 211
840 9 1272 525 593 214 694 445 586 325 674 468 647 221 771 331 261 190 346 227 538 192 571 214
840 7 1268 538 595 219 694 442 588 326 674 468 648 224 767 328 244 195 333 233 539 195 570 217
842 0 1268 562 598 225 694 439 588 322 676 467 648 228 762 325 240 197 328 236
843 0 1265 585 600 228 693 433 589 319 677 464 650 230 757 322
844 0 1267 608 601 225 695 433 592 317 678 460 651 229 755 322
842 0 1268 615 605 224 697 429 600 336 664 452 651 226 754 323
843 0 1275 613 608 224 701 428 623 213 766 339 602 335 664 447
842 0 1278 613 611 225 704 431 606 215 755 339
842 0 1279 674 606 214 754 335 606 310 696 454
840 0 1279 675 605 216 753 334 607 305 698 453 151 191 265 241 520 196 543 217
839 0 1279 674 602 219 751 336 614 250 708 417 516 195 542 219 156 196 260 238
841 0 1279 670 598 223 749 337 614 252 710 410 64 193 214 259
843 5 1276 667 56 200 218 261 594 227 748 341 615 249 714 410
846 7 1273 668 616 248 714 413 590 227 745 339 46 203 223 261 621 321 686 431
847 0 1271 673 620 249 715 408 588 227 739 339 623 321 688 428 29 203 195 262
848 0 1269 680 627 250 717 405 584 227 734 341 8 201 162 264 628 320 689 423 492 197 524 221
848 0 1269 694 633 252 721 401 582 228 731 346 635 314 701 424
847 0 1271 707 637 251 725 404 579 230 732 349 637 314 702 424
846 0 1272 718 576 228 737 346 639 254 728 404 641 315 705 420
843 0 1272 719 573 224 742 340 648 247 738 402 646 317 708 414
840 0 1269 719 653 210 740 376 564 210 706 332 653 301 714 400 471 191 500 211
840 0 1271 719 655 206 741 367 562 204 708 330 468 186 498 205 661 292 724 397 419 188 454 206
844 0 1273 719 659 200 747 361 559 199 709 331 663 291 726 392 468 182 494 201
849 0 1274 719 663 196 751 358 552 191 709 319 668 275 731 381
851 0 1274 719 670 196 755 361 548 188 710 322 674 276 734 378
853 0 1274 719 675 199 758 365 549 196 715 335 394 181 429 200 679 276 735 378
856 0 1275 719 682 201 763 365 546 198 720 335 389 182 427 201
862 0 1275 715 687 202 768 365 546 202 774 334 385 181 424 202 695 277 755 374
859 0 1279 710 543 201 776 337 692 203 774 362 381 181 420 202 702 277 759 371
542 201 772 340 859 0 1278 705 705 200 784 358 379 182 418 203 447 180 477 201 712 268 771 375
896 10 1279 690 543 199 767 338 709 201 789 354 716 270 774 366
547 187 750 315 901 17 1279 684 712 200 793 350 368 165 402 184 445 165 477 184
545 183 754 310 908 19 1279 673 716 175 794 322 365 158 401 179 728 248 784 342 444 157 476 177
544 178 759 307 913 27 1275 655 718 171 797 317 361 155 397 176 442 155 474 174 729 248 785 339
542 170 771 306 921 24 1271 652 723 167 801 313 439 145 473 168 361 154 392 176
541 161 779 301 859 15 1267 657 730 159 805 311 436 139 469 162 346 141 383 161
538 153 783 297 340 134 381 155 734 153 808 306 830 17 1273 660 432 133 464 155
537 152 782 298 336 132 375 155 737 152 809 305 817 21 1274 656 431 132 462 151
534 151 785 297 736 153 809 299 793 28 1279 656 333 131 367 154
531 152 789 298 317 131 356 153 784 34 1279 653 416 125 450 146
528 152 786 295 309 129 351 152 782 29 1279 654 412 125 447 146
529 153 785 299 747 166 806 280 793 27 1274 649 305 131 344 155 410 133 442 152
531 157 783 302 749 167 808 282 290 137 337 158 406 136 441 156 797 16 1273 658 745 228 796 308
533 161 785 307 748 190 807 302 284 141 332 165 396 139 430 160
531 169 783 314 749 189 810 303 394 144 429 165 283 145 325 169
526 177 782 321 748 190 810 304 266 156 312 178
523 194 784 341 749 196 808 304 257 161 308 187 388 161 419 181
521 197 783 345 747 219 805 323 242 168 287 193
523 200 783 352 748 215 808 328 236 177 282 201 368 170 403 197
526 203 786 356 749 215 811 331 230 181 276 204 366 179 400 203
528 207 792 360 364 181 396 206 214 186 266 209
530 207 793 362 207 188 263 211 361 182 393 206
531 205 792 361 201 183 255 209 359 180 391 204
532 201 787 358 768 216 824 322 202 179 249 206
529 199 789 357 181 176 241 205 774 205 827 305 343 171 377 197
528 199 785 359 773 211 825 323 340 171 374 197 178 179 232 207
523 203 786 363 774 211 827 328 155 185 220 215
518 209 792 369 774 210 829 333 152 193 213 220 336 184 369 209
468 206 828 381 773 216 831 337 136 207 186 235 318 194 349 215
458 235 823 402 756 226 837 357 135 214 180 241
450 239 813 407 764 232 832 357 294 211 329 236 110 223 160 254 338 210 375 229
442 241 810 413 290 213 324 238 749 241 835 366 109 226 150 254 339 211 372 229
433 243 801 418 748 242 837 367 290 214 322 239 1159 339 1270 511 93 228 130 258
422 243 798 424 746 244 838 367 1164 337 1274 516 264 217 301 243 65 234 105 265 291 217 320 239
409 246 800 430 1169 337 1276 520 41 240 88 274 743 274 845 368 259 222 300 246 64 237 99 268
397 244 764 440 1197 324 1277 536 246 229 280 253 37 241 85 274 749 247 809 353
379 250 766 449 1202 321 1278 542 242 233 276 257 8 251 65 290
362 253 759 456 1207 317 1279 546 743 261 807 376 6 253 59 292 242 235 273 259 221 235 254 260 737 306 852 380 267 234 299 254
348 249 745 455 1211 322 1279 545 2 249 32 293 219 232 252 258
335 236 743 447 735 279 853 363 3 233 22 271 739 250 801 345
321 219 746 437 2 226 23 268
309 205 750 434 732 257 857 334 1165 353 1259 503
295 184 746 415 730 234 858 322 198 169 232 195 731 212 776 287
290 182 746 417 197 166 232 193 732 233 859 321 731 211 778 287
282 193 745 444 197 167 231 193
275 194 738 455 196 177 227 202
266 194 733 466 193 175 228 203
252 193 714 476 190 175 227 204
236 200 712 491 187 181 226 209
216 204 709 505 187 184 228 212 216 185 249 206
197 205 705 511 173 186 206 213 188 186 228 211
185 205 698 514 169 183 204 211
162 220 698 526 165 187 202 214
139 229 698 535 163 191 200 217
114 231 704 538
108 213 699 543 669 282 793 361
81 209 669 561
59 210 664 578
52 217 643 626 115 193 156 219
