

22 262 387 519 400 345 497 415 581 362 616 396 495 362 527 398
11 255 359 539 396 352 497 421 497 371 529 405
8 243 347 554 393 351 498 422 495 371 531 408 582 369 620 404
5 232 333 569 388 349 492 425 495 371 531 406
8 242 309 596 384 348 492 424 584 364 618 396 494 368 531 405
6 231 295 614 381 341 493 422 582 361 619 395 490 360 529 400 564 358 583 397 617 358 635 393
0 223 269 623 376 341 492 422 583 362 619 395 488 367 527 406 564 359 583 398 617 357 635 395
0 218 250 623 369 347 489 425 582 361 620 396 485 367 524 407 616 357 635 396
1 198 225 602 364 346 485 429 483 368 523 411 583 363 618 398 616 357 634 400
359 345 483 431 8 208 210 631 480 367 521 412 581 364 619 399 616 358 634 402 547 365 567 414
9 197 160 643 353 348 472 429 580 360 620 396 617 357 635 396
345 346 473 426 579 357 621 392 618 354 636 391
332 335 476 424 577 352 621 389 618 352 635 386 548 352 566 400
321 329 482 427 576 352 620 389 493 347 518 405 618 352 635 386 546 352 565 400
312 334 463 424 575 351 619 389 545 351 564 401 492 347 516 407 668 357 689 394 618 352 634 384 566 353 592 384
304 330 459 430 577 352 618 390 543 353 563 400 491 349 515 405 618 352 634 385 567 354 596 385 667 357 688 394
292 331 456 437 578 355 617 393 617 354 634 391 543 355 563 400 567 357 598 389
275 331 451 443 617 354 634 393 579 358 616 395 566 360 600 392 668 374 691 405
263 330 447 447 616 355 634 396 668 374 693 409 578 359 616 396
240 327 427 452 617 354 635 394 669 374 693 409 577 358 616 396
226 327 420 455 460 348 495 430 670 374 695 410 616 355 635 394 576 359 617 396
206 324 414 459 616 354 635 393 456 347 491 431 579 358 617 395 670 373 696 409 564 361 600 391 544 360 564 393
195 321 410 460 616 353 635 392 455 337 491 421 563 360 601 390 584 358 617 392 543 360 564 392 670 372 696 408 518 338 553 420
160 322 391 470 616 352 636 393 516 336 552 422 562 360 603 391 585 358 616 392 544 360 565 391
138 320 385 477 437 350 472 433 615 351 636 393 513 334 551 424 561 358 605 392 544 359 565 389 585 356 617 393
91 321 374 480 616 350 636 392 510 351 545 434 561 357 607 393 432 346 468 435 677 373 707 411 544 359 565 388 1027 382 1109 455
71 307 365 495 506 330 543 427 560 353 608 391 618 348 635 388 542 356 563 385 586 351 617 391 419 346 452 436 677 374 707 409
558 353 606 391 27 307 337 492 618 349 634 387 590 351 617 390 541 356 562 384 677 373 707 411 412 346 447 437 488 331 529 424
15 306 324 498 485 327 528 431 555 353 603 390 618 349 634 387 539 355 560 383 677 372 707 412 391 340 429 444
0 315 310 516 384 335 422 450 477 327 528 430 555 355 602 392 677 371 709 415 618 350 634 389 480 379 520 452 539 358 561 384
0 310 292 524 678 372 710 415 554 354 602 392 619 350 635 389 477 347 521 443 380 339 418 445 539 357 560 384 394 358 472 423
0 303 266 539 681 372 714 416 555 354 603 392 363 330 402 455 391 356 467 422 619 350 636 390 538 357 561 385 461 342 503 450
683 373 717 416 1 279 239 558 453 334 500 455 550 350 610 398 618 350 636 390 536 357 560 384 385 354 464 423 335 327 376 463 358 336 395 449
0 276 222 559 686 372 722 415 551 349 612 397 618 350 636 388 535 355 560 383 435 311 503 460 451 383 494 469 488 354 524 395 334 326 375 463 520 358 544 386 369 357 449 421 968 374 1022 461 1197 408 1279 488 315 317 359 476
1 255 185 537 436 379 479 473 687 371 724 414 549 347 612 395 298 307 355 487 619 347 636 386 519 356 543 383 535 353 559 380 486 352 523 393 426 310 495 462 993 375 1046 459
687 371 726 416 542 346 617 397 518 356 542 383 619 346 636 386 488 353 520 391 430 376 473 473
540 349 616 401 515 358 542 387 686 371 725 419 619 348 636 388 376 365 456 505 490 356 519 392
538 352 613 404 514 360 542 390 363 300 450 470 686 358 729 425 619 350 636 390 340 363 432 519 491 359 517 393
537 351 611 403 328 363 424 531 514 358 542 387 687 358 731 425 619 349 636 389 185 291 260 495 357 297 443 462 490 358 516 391 420 348 502 409
536 347 609 400 512 353 541 382 619 345 636 388 421 341 500 405 687 357 733 424 322 377 409 553 489 353 515 388
535 345 611 397 620 341 638 387 510 350 542 380 422 336 500 399 695 357 743 423 488 349 515 386 191 350 359 606
535 343 613 397 420 334 500 397 697 357 747 424 508 349 543 381 622 338 640 387 237 313 407 442 186 354 353 611 488 346 515 386
535 343 614 397 419 335 501 398 698 357 750 426 625 338 644 388 64 372 278 674 242 324 402 438 509 349 542 381 489 345 516 385
535 345 616 400 415 339 501 402 238 336 401 440 701 356 753 429 73 363 270 692 509 351 543 382 624 343 642 388
534 346 616 401 412 341 500 405 703 355 757 434 509 352 543 382 625 345 642 388 637 343 660 391
533 346 618 401 164 332 377 451 706 354 761 437 407 341 498 405 636 342 661 392 509 352 543 382 625 346 641 388
532 343 618 399 705 352 762 438 636 339 661 391 404 338 496 402 508 349 542 379 625 343 642 388
531 342 618 399 636 338 660 392 388 336 481 402 706 350 762 439 468 341 499 391 509 347 541 379
531 342 619 402 95 317 348 462 636 339 661 393 385 336 481 405 717 385 778 453 466 343 498 393 509 347 541 379
79 325 341 466 531 343 619 403 636 340 661 395 383 336 480 406 710 386 788 457 465 343 498 394 510 346 541 380
532 343 621 406 56 325 317 476 382 336 480 409 637 341 662 397 711 385 793 462 465 344 498 396 508 348 541 383
532 343 623 406 22 306 323 484 378 333 479 410 639 340 663 397 710 383 799 465 464 343 497 396 508 347 542 383
531 343 625 408 8 309 311 491 374 330 479 413 643 340 665 397 723 341 785 459 464 342 496 396 711 402 804 474
532 344 626 409 0 323 298 507 371 328 479 416 646 341 667 397 715 330 809 469 453 340 500 399 510 346 544 381 665 343 684 393
0 313 276 518 534 344 627 410 358 328 466 417 647 343 666 397 715 328 808 471 452 340 500 401 511 348 543 380 663 342 684 395
535 345 627 410 350 328 468 420 0 315 235 526 715 327 809 474 661 342 683 398 451 341 499 402 709 402 832 488 511 348 543 379 646 344 664 393
534 344 627 410 340 326 469 423 2 295 214 541 716 326 811 476 659 341 683 400 449 339 498 404 512 348 542 378
535 342 629 409 696 382 854 504 333 324 469 422 1 271 183 527 719 325 811 481 661 340 685 398 435 335 488 403 511 348 541 377
4 270 173 513 695 371 864 507 325 322 452 417 725 315 814 480 537 337 632 404
707 357 887 507 730 301 816 478 5 277 130 504 321 328 448 403
700 343 900 508 549 301 649 383 748 281 852 479 304 286 456 395 433 289 489 367
550 292 647 371 293 278 459 391 693 344 909 512 750 272 852 481 430 285 489 367 683 294 708 355 535 299 562 330
278 272 454 389 683 345 913 520 545 288 647 369 749 265 849 483 414 276 494 367
267 264 451 385 549 281 651 364 719 246 888 510 414 272 497 364
265 255 448 379 732 233 898 517 573 270 678 338 415 254 500 348
273 237 466 371 698 310 1014 587 765 221 945 533 574 265 681 336 435 250 527 342
730 312 1082 608 279 234 480 363 774 220 958 542 599 263 707 333
306 221 539 369 746 294 1104 628
761 270 1107 636 307 219 534 374
687 387 1221 704 836 188 1066 667 251 250 494 389
659 325 1255 719 239 219 487 383 834 178 1064 680
228 215 494 384 750 81 1138 699 639 392 1265 712
222 199 518 386 650 192 1224 712
242 184 576 377 788 45 1261 698
260 163 600 358







718 314 1218 612
719 321 1226 630
749 315 1250 631
781 318 1256 646
823 252 1268 676
850 216 1272 681










