

57 255 512 503 684 325 796 429 606 340 649 372 482 314 569 414 556 336 595 390 844 349 867 379
39 250 511 509 685 325 796 428 606 340 649 373 478 313 568 415 554 335 596 390 843 349 869 379
16 244 507 512 685 325 796 428 607 340 648 373 467 307 558 429 554 335 595 391
1 233 501 516 686 326 796 428 457 313 559 416 607 340 649 373 547 335 594 389 854 351 880 382
0 223 494 519 686 326 796 428 449 310 563 418 606 341 649 373 855 351 882 383 546 335 594 389
0 212 488 526 687 325 797 427 443 309 563 419 606 340 649 373 856 350 883 383 546 335 594 389
688 326 798 428 2 206 481 533 430 313 566 423 606 341 649 373 858 351 884 384 544 335 594 390
688 327 799 428 9 198 468 535 405 312 560 427 603 343 651 380 544 336 594 392 859 351 887 385
688 327 800 428 10 190 457 535 395 311 558 430 602 343 651 381 859 350 891 387 537 332 588 397
689 328 800 428 8 184 441 532 386 311 554 434 599 346 653 383 536 336 587 398 860 351 893 390
689 328 800 427 0 152 440 556 375 310 552 436 599 345 653 383 532 336 585 398 861 349 894 389
690 328 800 426 0 140 432 562 366 308 550 436 596 344 652 383 528 335 582 398 863 349 895 388
691 327 800 424 0 128 426 573 359 305 548 435 595 341 652 382 523 332 579 398 865 349 897 386
693 327 801 422 0 121 424 588 328 299 533 436 520 330 576 399 599 339 648 374 873 348 906 388
694 326 801 421 325 297 528 437 6 112 366 608 518 329 574 400 597 338 648 374 875 347 910 389
696 326 801 419 307 295 524 438 4 109 344 618 593 332 649 381 879 345 913 390 517 327 572 399
696 325 802 419 290 294 524 440 591 332 648 381 6 142 307 581 882 345 916 390 506 326 564 402 645 336 664 355
696 325 803 419 258 293 507 447 500 328 562 402 590 332 647 382 0 157 263 599 885 346 918 391 643 337 663 356
696 326 803 419 252 293 505 453 493 328 559 404 587 335 647 388 886 348 919 391 190 342 279 404
696 328 803 421 238 295 502 455 583 337 643 388 485 329 559 406 888 348 918 391 182 342 279 409 639 340 662 360
695 330 802 422 221 298 498 458 581 339 642 391 468 333 549 409 898 350 934 398 53 350 163 399 136 359 229 418 638 342 661 362 890 349 916 392
695 332 802 423 462 337 546 411 579 340 641 393 174 291 509 472 55 355 156 401 901 351 937 400 636 344 661 363 122 365 206 420 0 346 58 438
696 333 802 424 157 289 498 483 458 339 543 411 577 342 640 396 41 356 142 404 904 352 938 400 636 346 661 363 116 365 199 422 2 350 40 439
697 334 801 425 146 287 486 491 573 341 638 398 33 356 138 404 453 339 541 410 635 347 662 363
698 334 801 424 568 341 642 400 126 283 487 494 439 341 530 412 636 348 663 363 0 363 30 395 32 354 129 404
699 334 800 424 85 275 461 497 435 340 525 415 566 341 639 400 0 363 23 396 636 348 663 364 14 354 105 403
700 334 800 424 52 267 459 499 565 341 637 400 432 339 520 417 636 348 663 364 915 341 965 409
700 333 799 423 16 261 453 504 562 341 633 399 414 337 511 419 636 347 663 364
701 332 799 423 0 257 443 506 560 340 630 398 410 335 509 421 636 347 663 364
702 332 799 422 0 254 435 513 404 333 503 421 557 339 628 397 637 347 663 364
703 332 801 422 0 252 424 517 551 337 625 398 397 332 498 421 637 346 663 363 507 343 551 368
703 333 804 422 548 337 625 399 382 331 488 423 5 248 411 525 635 346 663 363 508 343 552 368
702 333 805 422 543 337 624 400 374 331 483 424 2 244 365 534 633 346 663 364 506 342 553 368
2 235 354 538 702 334 806 422 538 337 622 401 353 332 473 426 632 345 664 364 504 340 553 367 966 357 1016 421
5 227 341 542 702 334 805 421 533 338 620 403 348 332 471 424 631 345 664 364 970 358 1020 422
8 219 329 548 702 334 804 420 527 337 618 404 342 332 464 423 629 344 665 365 972 358 1023 422
7 214 314 551 702 334 805 420 522 337 616 405 317 334 454 423 628 343 665 365 992 358 1042 426 240 345 329 392
702 334 805 420 5 212 298 555 516 336 610 407 312 332 447 424 236 344 321 394 996 358 1048 427 627 341 664 365 430 342 476 370
512 335 607 408 702 334 805 419 0 215 278 553 291 323 440 435 216 344 309 394 426 342 473 371 997 321 1050 420 629 341 664 364
504 333 604 411 702 333 806 418 0 218 248 562 290 330 425 425 1016 362 1072 430 214 345 301 395 840 340 856 368
496 332 600 411 702 332 808 417 0 223 224 554 275 323 428 427 1014 310 1076 422 185 344 281 394 840 339 856 368 617 343 648 362 1022 361 1107 432
489 329 598 414 702 331 809 416 260 330 405 424 0 228 180 551 1028 363 1108 434 616 342 648 361 842 339 856 368 159 343 266 396 1017 310 1077 419
482 331 593 416 703 331 809 415 248 323 394 433 152 343 262 396 0 269 158 595 616 342 648 361 1026 362 1117 434 842 339 856 368
472 332 592 418 704 332 809 415 235 325 385 434 129 345 243 399 615 342 647 361 842 339 857 369 1046 362 1136 437 406 340 462 368
462 333 589 420 704 332 809 415 124 346 237 401 615 343 646 362 199 332 364 435 842 339 857 369 409 341 460 368 1059 310 1155 437
196 333 353 441 704 334 809 415 105 348 220 404 452 332 573 422 408 343 460 369 615 345 645 363 1094 375 1187 455 842 340 858 369 1068 308 1162 439
184 334 342 444 712 334 817 422 441 341 577 433 98 349 216 407 1097 316 1197 454 616 346 644 364 842 340 858 369 694 345 724 389 408 343 458 369
714 335 816 423 425 328 582 436 1108 313 1208 458 136 337 323 441 80 351 190 408 615 346 643 364 694 345 725 391
131 333 313 446 714 335 817 423 419 326 579 439 614 345 642 364 1145 316 1250 472 59 351 167 406 694 345 725 391
400 326 559 445 714 334 817 423 118 331 302 449 1155 312 1257 474 614 345 642 363 55 349 161 405
388 325 555 447 715 335 818 422 80 330 285 446 1165 312 1265 474 614 345 642 362 695 335 741 392 34 348 137 404
371 324 552 452 716 335 819 421 68 328 273 449 613 344 641 363 862 347 887 384 696 335 741 392 538 344 573 365
356 324 550 455 719 335 819 419 55 326 265 449 612 343 641 363 697 341 738 391 535 342 573 366 861 347 886 384
327 324 534 460 17 323 233 453 721 334 820 417 698 341 737 391 611 342 640 363 1142 356 1272 481 534 341 574 366 861 346 885 384
312 319 528 462 8 323 219 454 723 333 820 416 698 341 737 391 611 342 639 363 534 340 573 366 1165 372 1271 477 864 339 880 369
724 333 821 416 0 326 188 452 698 342 737 391 296 317 522 464 611 343 639 363 533 340 571 367 863 338 880 370
725 333 821 417 0 324 178 455 240 318 509 472 698 342 737 392 532 341 570 367 610 343 639 363 1216 368 1277 479 860 347 885 384
205 300 516 499 726 334 822 417 2 323 163 457 698 342 738 392 531 340 570 367 609 343 639 363 858 348 887 384
168 298 509 501 726 333 823 416 1 322 149 459 696 334 741 394 531 341 570 367 608 343 639 363
725 332 824 416 696 334 742 394 133 298 506 496 531 340 570 366 0 321 140 454 605 342 640 364 887 332 907 370
725 332 826 413 55 293 467 498 696 334 743 394 592 342 628 365 531 340 570 366 887 331 908 370
726 332 827 411 0 304 459 551 696 334 743 394 592 341 629 365 530 340 570 366 888 331 909 371
0 298 444 565 726 332 828 409 697 333 744 393 592 342 627 364 530 340 570 366 889 330 911 372 884 346 912 385 865 334 884 368
0 293 424 571 727 330 828 409 697 331 744 394 592 341 626 364 530 340 571 365 889 329 913 373
729 327 828 409 2 291 409 576 697 331 744 395 591 341 624 364 531 340 570 365 887 328 913 373
5 296 355 577 733 326 830 409 698 331 745 395 590 340 623 364 531 340 569 365
6 290 337 576 736 326 832 409 698 331 747 395 590 339 623 365 531 340 567 365
4 279 306 575 741 326 840 413 697 331 751 396 589 339 624 365 531 341 569 366 909 325 936 369
743 327 843 411 695 331 754 397 0 268 278 589 588 338 624 365 531 341 569 366 912 324 938 370 456 343 509 368
747 325 846 410 694 331 757 398 0 259 232 607 587 337 624 365 531 341 569 365 913 325 938 370 884 331 912 371 456 342 509 369
749 324 850 410 693 332 758 399 586 336 624 364 0 255 177 608 531 340 567 365 885 331 912 373 457 342 509 369 912 325 937 371
751 323 854 411 694 331 759 399 585 336 625 364 886 331 911 370 931 323 958 372 456 341 508 369 532 340 566 364
753 325 858 410 694 331 761 398 584 336 625 364 934 322 962 373
698 332 766 398 758 321 872 414 584 335 626 364 930 321 978 389
761 323 877 414 699 332 768 398 585 335 626 364 906 325 934 374 942 318 991 390 453 341 508 369
766 323 884 413 699 330 771 398 585 335 627 364 946 317 997 390 907 326 936 373 454 342 508 368
770 323 889 415 699 329 773 398 585 335 627 364 951 316 1002 390 529 340 567 364 455 342 507 369
699 327 780 399 771 320 908 421 585 336 628 364 966 312 1019 392 528 340 568 365 1023 307 1072 397 455 341 508 370
700 329 781 399 775 321 911 422 586 336 628 364 972 311 1023 392 529 341 567 365 456 341 507 370 929 322 960 376 1044 307 1091 394
700 328 785 399 778 317 916 430 588 336 628 364 530 341 567 364 1046 301 1095 399 978 311 1026 391 456 342 507 369 934 321 963 375
781 316 926 430 701 328 790 398 589 335 627 365 529 340 568 364 991 307 1045 394 457 343 507 369 1072 302 1119 397
785 315 936 431 703 324 796 389 589 335 628 364 529 340 569 364 997 309 1048 392 1072 299 1123 402 307 341 398 382 458 343 509 368 409 346 458 377
790 314 944 430 705 323 800 388 590 335 629 364 530 339 570 365 308 342 398 383 948 309 992 385 1013 305 1070 396 1091 296 1145 405 409 346 460 378
795 311 951 430 706 324 805 401 531 339 572 365 308 342 399 383 591 336 629 363 1020 306 1073 394 410 345 461 380
797 308 960 431 712 322 806 389 533 339 575 367 598 335 643 364 310 342 398 384 411 345 462 380 478 342 523 369 1026 308 1074 393
806 307 991 438 715 323 818 401 601 336 644 365 311 341 400 385 535 339 579 368 1045 305 1093 396 422 342 479 382 1063 302 1123 402
810 307 1001 440 719 325 822 400 604 337 646 365 314 342 402 384 1066 303 1121 401 537 339 579 368 422 343 481 382
725 327 828 402 815 310 1014 443 607 338 649 367 317 343 404 386 556 341 594 366 1162 304 1256 431 424 345 485 383
732 328 832 402 819 312 1025 445 610 339 652 369 320 344 406 388 556 341 597 368 1092 304 1144 403
840 311 1074 459 739 327 846 405 613 339 655 370 322 345 408 389 560 341 599 370 1201 301 1278 440 501 350 545 375 1115 304 1169 406 431 348 489 385
743 329 850 405 843 309 1090 463 332 346 416 389 504 351 546 377 622 340 664 371 1118 304 1167 406 435 346 524 385 562 341 602 370 1206 301 1279 443
750 330 855 409 854 309 1086 464 625 341 667 372 507 353 551 378 334 347 419 391 444 351 508 386
877 314 1140 477 761 330 871 411 630 341 671 373 337 348 424 392 509 354 557 380 449 353 511 387
766 333 875 414 887 311 1145 478 341 349 429 393 633 345 674 377 510 355 563 380 453 353 511 388 583 350 621 374
771 335 881 414 896 301 1213 504 344 348 432 392 637 346 676 376 584 351 626 374 510 355 564 381
899 301 1230 502 784 332 898 417 354 348 442 394 523 355 572 380 587 350 629 374 640 348 677 376
787 332 904 420 930 297 1260 506 526 354 576 381 358 348 444 395 650 345 691 378
793 332 912 423 935 295 1265 510 529 354 581 382 653 345 695 378 362 348 447 395 603 351 642 374 917 337 963 370
