

458 426 602 535 972 435 1177 569 667 447 689 494 581 410 638 488 417 429 433 464 709 378 785 514 881 433 964 501 709 428 753 515 666 470 688 505 711 469 744 522
458 427 604 536 984 429 1199 578 709 379 786 514 667 447 689 494 581 411 637 487 666 470 688 506 416 430 433 465 0 265 90 698 881 432 963 500 709 428 753 516 711 468 743 523
458 429 605 536 990 439 1208 584 665 471 688 507 710 380 787 514 666 448 688 494 709 427 753 517 415 431 433 466 582 413 636 487 894 432 951 499 0 261 90 698 712 468 743 523
994 439 1219 586 458 430 607 538 665 472 688 508 710 380 788 514 666 448 688 494 415 432 433 467 709 428 753 518 897 433 952 500 581 414 635 488 0 258 90 700 712 468 743 524
998 439 1230 588 458 430 607 538 710 380 790 514 664 472 688 508 665 447 688 494 414 432 432 468 581 415 636 489 709 428 753 519 886 434 965 503 0 257 90 701
1000 438 1238 590 458 431 608 538 711 379 791 515 664 472 688 510 581 415 638 490 665 446 688 494 887 435 967 504 709 429 752 521 413 432 431 468 0 258 90 701 349 434 367 469 176 414 198 483
1004 439 1242 593 458 432 608 539 712 379 792 515 663 471 689 511 581 414 640 491 888 435 967 505 709 429 750 522 665 446 688 495 405 433 423 469 348 435 365 469 412 432 431 468 649 442 663 487 173 417 195 483
457 432 609 539 1009 437 1270 598 712 378 792 514 663 472 689 512 709 430 749 521 889 435 967 506 404 433 423 469 665 445 688 494 347 435 365 469 649 442 664 487
1015 439 1271 600 456 433 610 538 713 378 793 514 663 472 689 511 582 414 640 492 404 434 422 469 709 431 747 520 890 434 967 507 665 447 688 493 2 278 105 685 346 435 364 469 649 443 664 487
1024 440 1274 602 455 434 611 538 712 379 794 514 662 472 689 512 2 281 106 685 404 434 421 469 709 432 746 521 582 414 640 492 664 447 688 494 913 436 970 508 345 436 363 470
1032 441 1276 605 456 435 611 538 712 379 795 514 661 472 688 512 1 282 107 686 403 433 420 470 709 433 746 521 913 435 970 509 664 447 686 495 345 435 362 470
1045 442 1277 610 456 435 611 539 712 379 796 513 0 282 108 687 660 471 687 513 401 433 419 470 709 433 745 523 913 434 972 510 662 447 685 497 592 414 648 491 346 434 363 469
1055 444 1276 616 457 435 610 539 712 380 798 514 0 283 109 688 398 433 417 470 659 471 686 513 709 433 744 524 915 435 973 511 661 447 684 497
1066 446 1275 621 465 446 603 533 713 380 798 514 0 285 110 689 396 433 415 469 658 471 686 513 708 433 742 524 904 434 985 515 659 448 684 496 581 414 638 489 326 434 347 469
1071 448 1275 623 465 446 603 532 713 380 798 514 0 286 110 689 708 433 739 524 903 434 989 514 395 433 413 468 658 471 684 512 659 446 683 496 324 434 345 470
464 446 601 531 1091 445 1279 632 713 380 798 514 0 286 109 690 904 433 991 515 706 434 736 525 392 433 412 469 657 471 682 511 659 447 682 494 321 433 342 470
463 445 600 531 1099 445 1279 635 712 379 796 513 1 286 109 690 904 432 991 514 703 433 733 525 390 432 409 469 650 447 668 492 660 446 682 493 320 433 340 471
461 444 600 531 1108 444 1279 637 712 377 796 512 1 285 111 691 906 431 990 515 701 433 731 525 650 448 670 495 378 433 397 470 389 432 406 470 319 433 339 470
453 430 602 536 711 376 795 509 1117 444 1279 639 0 282 114 691 908 430 991 515 378 431 398 470 649 447 671 497 692 430 728 522 303 430 323 472
453 427 600 535 711 371 795 506 1 279 114 690 691 428 726 520 1139 438 1279 649 910 428 992 512 375 429 395 468 646 446 670 496 300 429 321 470
452 426 598 533 710 368 795 504 1147 435 1279 653 688 427 723 518 1 278 114 690 372 428 392 466 912 427 993 510 644 445 668 495
452 424 597 531 708 365 796 502 1158 431 1279 654 685 424 722 515 1 276 114 689 367 427 389 466 642 444 667 494 912 425 995 508
452 423 594 530 706 365 796 501 683 423 720 515 0 273 113 691 365 426 388 465 641 446 666 493 1185 425 1279 659 923 423 1007 509
451 423 594 531 704 364 796 502 681 424 718 515 1 268 111 694 923 422 1010 511 363 426 385 466 639 446 665 492 1193 434 1279 649
450 423 592 532 703 364 796 504 678 424 716 516 1 265 109 695 925 423 1013 512 637 445 663 493 362 426 384 466
448 424 592 532 700 363 796 507 676 425 714 518 927 423 1016 512 1 266 109 692 352 428 375 468 636 446 662 493
449 423 589 533 700 362 796 508 674 425 713 520 930 424 1018 514 350 427 375 468 0 259 91 700 635 445 661 494
700 363 796 509 447 424 588 536 348 428 371 468 671 427 712 523 931 425 1021 516 0 260 91 697
699 366 796 512 445 427 587 539 345 429 368 470 665 427 704 523 945 428 1037 522 0 261 90 698
697 368 796 512 442 429 588 540 343 430 366 470 664 428 703 524 944 428 1040 525
695 371 797 514 445 442 580 534 944 429 1040 525 340 431 364 472 661 430 700 524
695 371 797 513 445 443 579 534 657 432 696 523 944 430 1043 524 621 449 651 497
693 371 796 512 444 443 579 533 653 433 692 522 944 432 1045 522 621 449 650 498
443 444 577 531 693 369 795 510 649 435 691 520 620 449 647 497 945 432 1049 521 327 431 348 473
436 425 579 535 690 368 797 510 619 447 645 497 648 433 688 521 324 430 345 471 945 430 1053 520
436 422 576 533 678 370 788 504 637 429 681 520 617 445 643 496 321 429 342 470 945 427 1058 521
436 429 576 526 676 367 789 503 635 425 678 522 317 429 338 470 615 444 640 494 942 424 1063 524
434 428 575 526 677 365 789 501 630 422 675 521 314 428 338 469 941 416 1082 527
434 427 574 526 628 421 673 523 678 364 789 499 944 413 1086 528 312 427 337 468
433 426 574 524 679 362 790 497 625 419 669 523 571 411 630 477
433 424 573 522 688 354 798 504 623 417 666 521 571 411 630 475
434 424 573 520 691 351 798 505 621 416 664 518 300 426 323 468 571 409 630 474 659 423 694 502
433 423 574 519 692 350 797 505 615 415 660 520 298 424 322 468 572 409 630 474 657 422 693 502
434 423 573 517 692 348 799 505 614 413 658 519 295 422 320 467 573 406 630 472 657 422 692 501
433 421 573 515 691 345 801 505 612 412 656 517 293 421 318 467 657 422 692 501
434 422 573 515 691 345 802 505 610 414 653 516 291 422 317 467 981 409 1134 534 656 422 692 501 681 390 689 403
433 422 572 516 692 345 803 504 609 415 650 516 289 423 316 467 654 422 691 503 681 391 689 404
433 422 572 515 691 345 805 504 607 416 648 516 2 273 114 686 287 423 314 467 651 423 691 503 682 391 689 405
434 421 572 514 690 345 809 503 604 414 646 515 3 278 113 686 649 423 691 504 682 392 689 404
435 421 571 514 689 344 814 504 602 417 645 513 2 278 115 686 651 423 691 505
435 421 571 514 682 346 818 499 600 419 643 512 2 279 119 686 275 422 303 470 653 424 691 505
437 421 571 512 684 343 821 498 1 281 122 687 598 422 642 512 274 419 301 470
438 420 572 511 685 341 824 498 1 281 125 688 271 419 300 471
439 419 573 510 689 341 827 499 1 282 130 693 594 424 642 513 269 419 299 470
439 418 573 511 692 341 830 499 1 281 134 698 588 400 636 503 267 419 296 469
439 419 572 510 696 341 832 499 1 283 142 699 588 401 634 502 265 418 294 468 661 446 689 497
440 419 571 510 698 341 835 499 2 281 148 698 1060 400 1250 540 660 446 688 497
441 418 571 510 701 339 837 499 2 279 155 694 585 427 631 509 1063 401 1257 540 659 446 687 498
441 415 570 510 699 337 840 499 3 274 158 691 583 430 630 508 1066 399 1264 543 651 409 688 493
443 416 570 510 698 335 843 500 2 265 163 694 1070 397 1268 547 581 431 628 508
700 335 846 499 444 415 572 510 1 256 171 702 1075 396 1268 549 581 429 624 509 247 416 273 471
703 335 851 499 445 416 573 509 1 248 177 709 1081 396 1262 549 579 405 620 497
704 333 856 501 446 415 574 510 0 247 181 712 1089 397 1257 552 579 402 617 501
702 334 861 502 448 416 574 509 0 249 184 710 1108 398 1271 558 577 403 616 500
711 329 876 509 448 417 574 509 5 245 209 711 1112 395 1273 561 574 423 615 510 699 386 707 400 659 447 688 497
713 327 878 508 447 410 585 518 4 249 211 708 1117 392 1279 565 701 386 709 402 651 427 694 506
715 327 882 511 450 412 589 519 2 250 217 706 1124 392 1279 569 650 426 694 507 702 388 711 403
718 326 887 510 453 412 595 519 1 247 224 708 651 427 694 508 704 389 712 404
720 326 893 512 455 413 600 519 2 245 230 708 1156 388 1278 584 652 427 694 508 706 390 714 404
723 325 898 512 456 413 603 518 2 202 240 682 1165 397 1277 583 653 429 696 508 707 390 714 403
724 326 903 513 456 414 606 518 0 195 245 686 1173 408 1275 580 707 392 714 405 656 462 688 514
729 326 911 513 457 415 610 518 655 430 699 507 1195 408 1277 580 710 393 722 408 691 428 716 466 657 464 689 513
733 324 918 515 457 414 616 519 1 10 254 719 656 429 700 506 1200 410 1277 581 710 393 722 408 692 428 718 468
735 320 926 517 456 419 636 516 657 429 702 506 711 393 723 408 694 428 721 468
735 319 930 518 456 418 640 515 658 428 704 505 714 392 725 406 1223 451 1279 588
735 311 947 524 457 418 645 515 661 408 706 495 716 392 727 405
737 311 949 525 459 418 651 514 3 164 293 719 719 392 729 404 662 424 704 505
739 310 953 525 463 420 655 513 1 168 303 719 722 393 731 405 663 422 705 507 613 409 627 430
741 309 957 525 2 161 310 719 466 421 658 513 724 394 733 405 665 422 706 508 614 408 628 431 709 428 736 466
742 310 966 525 2 154 316 719 470 419 600 508 617 408 630 431 726 394 735 406 711 429 737 467 668 420 715 505
744 310 975 527 2 153 324 719 472 421 601 511 619 410 631 433 712 431 738 468 727 396 735 407 420 424 435 466
746 314 983 529 3 162 332 719 473 421 603 514 621 414 632 436 714 434 739 468 728 397 735 408
748 316 988 531 2 169 340 719 478 422 608 514 620 417 630 439 715 436 740 468 727 399 734 410
749 318 994 532 1 175 343 719 472 423 603 516 716 438 740 468 727 400 734 411 619 418 629 439
2 182 346 719 744 317 1000 541 471 424 603 517 715 446 736 483
746 317 1004 544 4 189 347 719 471 426 601 518
6 186 348 719 744 319 1008 542 471 427 599 518
744 320 1012 541 8 180 345 719 471 427 596 519
471 427 594 518 8 172 345 719 744 316 1014 541
471 427 592 517 9 163 345 719 752 317 1034 537 722 399 728 410
471 426 592 513 7 151 347 719 753 312 1035 536 713 436 734 470 721 398 728 408
469 423 591 510 9 143 346 718 751 307 1040 534 713 433 734 468 720 394 727 405 583 450 707 534 417 420 438 468
11 142 345 716 466 421 590 508 749 302 1044 535 712 430 734 465 718 391 725 403 441 429 476 462
12 149 344 717 751 284 1039 520 461 416 590 508 711 428 734 462 715 389 723 400 439 425 474 460 399 413 419 464 666 409 706 490
8 154 345 717 748 282 1042 521 456 407 588 500 436 423 473 459 711 427 734 460 665 408 705 488 714 387 722 400 400 412 421 462
5 155 343 717 743 279 1049 521 455 407 588 499 663 406 703 486 432 422 471 458 397 402 417 457
738 277 1056 521 1 152 338 719 456 407 588 498 659 406 701 484 393 403 413 455 428 422 469 458
734 275 1062 522 0 150 329 719 454 408 588 497 655 406 698 482 416 422 456 458
