

205 431 301 493 600 402 634 482 371 397 488 501 93 395 182 576 1 413 109 626 820 351 892 529 338 434 379 476 515 433 538 459 166 449 216 517 168 414 212 473 642 394 675 486
202 430 305 493 374 396 488 500 827 345 897 531 90 390 177 580 0 408 101 628 340 434 382 475 653 385 692 493 605 401 638 480 517 433 540 459 158 451 218 516 165 411 210 476 519 400 525 409
200 427 306 491 378 393 489 497 84 387 170 585 838 327 892 527 2 373 90 616 149 448 208 520 343 431 384 470 617 400 649 477 655 379 705 495 492 445 517 479 60 147 144 181 156 408 203 479
199 424 306 488 381 391 490 493 74 383 173 594 620 394 654 478 346 430 387 467 145 447 205 518 850 320 896 530 491 420 524 471 495 446 521 479 663 378 712 495 3 368 90 617 152 405 199 482
198 422 305 487 384 390 493 489 67 380 169 599 533 427 556 454 140 402 203 513 348 428 394 465 2 368 53 611 495 419 528 471 869 324 927 526 669 370 718 487 625 390 656 470 500 446 524 476 59 129 142 169
196 422 305 487 349 426 397 464 48 377 156 600 635 388 669 472 134 401 197 511 536 427 558 454 878 316 933 529 4 368 40 616 502 417 537 467 681 369 730 486 508 445 534 473
195 421 307 486 392 385 502 491 640 385 673 472 351 423 400 463 39 373 152 603 687 366 735 485 124 444 187 523 504 415 538 468 510 443 537 473 551 426 569 451
184 418 311 488 28 366 145 608 397 378 504 481 353 420 402 462 695 363 742 483 509 414 542 467 514 442 540 472 551 425 572 452 644 382 677 467 553 416 573 439 121 395 182 511 913 305 958 530
184 417 312 487 400 379 507 480 655 379 688 468 355 417 408 463 105 392 170 511 703 361 750 482 11 366 122 606 512 414 546 467 553 424 574 452 518 441 542 470 918 364 959 534
181 416 313 486 403 379 508 479 660 376 693 466 358 415 410 462 8 361 114 610 95 431 162 527 555 415 575 441 571 413 588 434 715 365 749 478
179 414 313 485 407 380 511 478 3 355 102 615 358 414 412 460 722 357 769 478 569 413 589 436 85 431 154 527 522 403 555 454 672 380 702 462 527 428 553 462 33 90 129 130
174 411 313 483 731 349 778 475 526 400 559 453 360 413 418 457 675 373 708 464 569 410 591 438 530 428 557 461 58 428 133 534
168 408 311 480 738 344 789 471 360 406 420 453 531 397 563 451 570 408 594 438 534 426 560 458 679 365 712 454 49 427 122 531 20 364 89 481
162 405 309 478 415 371 524 466 359 404 422 450 688 361 726 454 572 407 596 436 15 426 98 537 534 396 567 450 22 366 89 479 753 337 805 469 538 425 563 453
156 402 307 476 359 403 424 446 416 368 525 463 693 359 729 451 757 334 809 467 7 428 88 536 573 406 597 435 538 397 574 445 591 398 607 417 10 365 80 480
149 400 306 475 357 399 427 444 419 365 526 459 767 323 816 463 590 396 608 418 546 410 573 443 697 362 732 443 541 385 574 435
143 398 308 474 355 397 429 443 422 363 526 457 776 319 826 462 711 357 744 445 544 384 576 436 590 395 608 420 547 410 575 444
128 393 300 479 353 395 430 443 424 363 528 455 713 353 750 446 546 383 578 437 589 395 609 422 549 410 576 445 789 317 846 463 798 336 840 394
123 392 297 481 352 396 430 446 425 365 528 456 794 312 851 469 591 397 610 423 547 384 579 438 715 354 753 447 801 336 846 395 533 398 550 415
113 394 290 488 425 370 528 461 350 399 430 451 807 322 860 478 549 395 581 450 726 355 763 454 590 406 611 435
103 401 284 498 426 375 528 468 549 397 581 454 726 350 777 466 813 326 869 481 345 405 422 451 556 425 579 460
79 408 276 511 337 413 428 472 426 379 527 475 826 325 888 493 731 355 782 473 593 415 611 439 549 400 580 457
69 411 271 520 424 395 529 482 832 325 896 500 735 357 785 481 334 419 426 475 549 414 582 469 593 425 613 454 556 444 580 475
57 425 263 527 423 396 526 486 327 426 425 485 839 325 908 504 738 357 789 487 548 417 580 471 553 445 580 480 593 426 612 456
421 398 525 490 324 427 422 486 33 427 239 532 742 355 793 491 552 446 578 482 546 420 578 473 593 428 611 457 843 328 914 503
18 427 239 535 313 428 412 488 418 397 522 491 863 325 938 505 549 446 575 481 545 418 575 473 593 428 610 456 522 429 540 454 745 352 796 486 571 430 598 454
9 427 230 536 306 426 411 488 417 395 522 490 873 319 947 505 755 358 808 485 544 417 572 472 547 446 573 480 592 427 609 455 520 428 539 453 569 428 599 454
415 391 521 488 3 422 205 537 758 356 814 481 296 424 395 486 543 414 570 470 545 444 572 477 519 426 537 451 593 426 608 452 881 324 948 497
0 420 202 537 414 387 519 488 287 422 396 486 764 356 818 481 909 310 959 507 541 415 571 469 517 426 535 450 593 425 608 451 565 426 597 454
0 419 187 539 413 386 516 488 770 356 823 481 279 420 396 486 593 425 606 450 516 425 534 450 540 415 572 469 563 426 595 454 921 306 958 513
0 420 175 542 410 388 514 491 272 424 379 488 774 357 828 483 537 414 565 473 591 426 606 452 515 427 534 452 563 426 594 456
407 395 509 495 4 424 158 547 254 425 384 497 777 359 833 489 591 430 604 454 534 418 563 475
403 401 504 499 1 429 135 552 245 428 376 502 786 361 848 495 342 438 383 486
231 439 370 511 400 408 499 504 790 368 850 505 5 433 119 554 526 432 553 490 545 436 587 480 339 442 377 490
218 438 356 517 398 411 496 506 794 368 854 510 4 433 95 559 544 438 586 481 523 434 552 492 500 445 519 469
203 439 351 517 798 368 861 515 385 409 490 508 513 434 544 494 539 439 583 482 496 446 516 471 4 438 83 555
190 439 345 517 382 409 487 509 804 369 866 517 509 435 537 494 494 445 515 472 290 439 352 495
168 435 326 521 378 409 482 509 809 368 872 517 298 440 344 495 527 437 572 482 505 436 531 493 483 445 499 467
157 434 320 520 376 407 477 509 812 365 874 517 495 434 530 492 525 436 570 480 296 441 338 495
372 405 471 507 824 360 893 521 147 432 316 519 493 431 526 492 282 438 330 495 521 434 566 478 498 462 524 495
117 429 292 521 366 404 466 504 828 353 902 525 489 430 520 490 494 461 519 494 517 433 563 477 257 436 318 496
104 427 286 520 361 403 461 501 833 348 911 527 262 437 310 494 556 437 569 459 486 429 515 488 465 438 483 457 490 461 515 491
79 424 267 522 350 402 455 498 835 344 917 510 241 435 300 495 478 427 512 488 462 436 480 455 555 435 568 458 499 426 559 474
348 400 452 498 71 422 255 524 497 425 555 472 475 427 507 486 555 433 568 454 844 330 949 528 237 433 296 492 460 434 477 453
343 399 450 497 851 326 954 530 494 426 552 470 471 428 501 485 38 422 227 526 216 434 282 494
22 421 224 529 339 399 448 498 862 321 959 534 490 425 549 468 536 432 552 453 199 433 268 497 445 431 463 451
335 399 447 498 6 421 202 531 195 435 264 497 873 322 956 525 481 425 543 474 458 429 492 487 535 432 552 454
0 421 194 536 330 402 441 499 479 426 540 473 453 430 487 488 175 435 252 500 535 432 551 455 879 330 955 512
2 420 177 542 324 404 437 499 476 431 533 477 449 430 483 488 907 306 959 531 155 436 235 510
2 419 162 550 319 406 433 502 474 432 530 477 149 436 233 509 441 428 477 491
316 406 433 504 132 436 220 511 0 420 146 554 472 433 528 477 440 428 475 490 520 436 536 459 441 460 470 495
0 417 132 555 110 434 214 514 308 408 424 503 435 428 471 490 465 432 523 478 436 459 465 495
307 409 422 501 463 430 521 478 429 429 467 490 516 433 534 458 1 415 120 552 78 430 197 517
74 432 186 514 305 408 420 498 2 410 92 553 461 424 522 475 515 430 533 457 536 430 550 448 525 399 531 409
303 404 418 498 61 431 178 515 459 424 521 474 420 429 458 490 2 408 80 557 524 397 529 408
300 401 417 497 456 424 519 473 27 426 166 521 418 430 454 489 523 396 529 407
16 426 157 521 297 400 417 497 454 424 517 472 415 430 450 488
293 401 417 498 0 427 138 523 451 425 517 472 411 429 445 488 441 428 460 454
0 428 130 525 288 402 416 498 449 424 518 472
0 430 113 527 288 402 415 498 440 424 509 473
289 403 414 498 437 424 508 475 2 431 102 529 494 430 521 458
4 429 81 532 289 403 413 499 435 424 506 475 492 430 521 458
285 403 413 498 435 424 504 475 492 430 521 458 6 427 73 532 430 428 447 450 639 418 683 471
281 402 414 499 435 429 500 479 490 430 521 458 428 429 445 450 0 426 54 539 640 418 683 473
280 401 415 499 434 429 498 479 488 429 522 458 427 429 444 449 646 419 689 476
280 400 415 500 433 428 496 480 486 429 522 459 425 430 443 449 646 419 691 476
280 399 414 499 432 428 495 479 486 428 522 458 423 429 442 448 641 418 701 473
277 398 416 496 432 425 495 470 479 422 524 460 643 414 703 472 421 428 441 447
276 397 418 493 425 423 491 469 479 420 526 457 645 410 706 472
274 396 423 490 423 421 491 467 478 417 527 456 648 406 709 471
275 393 422 488 423 420 490 466 478 416 527 455
275 392 423 486 424 420 489 466 477 414 528 456 654 402 722 476
276 394 422 487 423 421 490 467 478 416 530 456 658 404 725 478 836 378 956 513
276 396 422 490 422 422 490 469 478 418 532 457 661 407 729 481 842 381 958 514
420 423 490 471 275 399 424 494 477 420 534 458 860 385 956 522 664 410 732 481
273 400 417 496 476 424 535 461 420 425 488 471 871 384 957 524 669 411 742 481 397 429 429 447
272 403 383 495 476 427 537 463 415 433 486 485 396 430 428 449 673 412 746 481 897 382 959 532
273 401 383 495 414 430 484 490 477 428 538 463 386 430 415 451 399 430 427 449 677 412 751 483 903 378 959 533
274 400 382 493 413 427 484 491 477 425 539 461 386 428 414 450 401 428 426 447 680 410 753 484
275 399 382 491 413 423 483 491 477 422 539 459 385 427 413 449 688 408 764 486 404 427 424 445
274 398 382 490 411 421 483 492 476 420 541 458 385 426 413 448 693 406 769 487
275 396 382 488 475 416 541 456 411 421 484 491 385 425 411 447 388 421 407 438 704 399 781 495 407 421 426 438
275 395 382 487 476 415 541 455 411 422 485 490 705 397 784 496 385 425 411 446 406 420 426 438 500 380 506 391
275 395 382 485 411 422 487 490 477 412 546 452 712 396 792 496 387 420 409 440 405 420 426 438 501 379 506 389 109 429 132 467
275 394 382 484 409 422 490 490 481 411 559 451 707 395 813 492 387 420 410 439 501 379 507 389 405 419 425 438
274 395 383 483 481 410 564 451 408 423 493 490 713 394 822 493 387 419 410 439 502 379 508 389 405 419 425 438
275 394 383 483 483 410 565 450 414 421 487 468 387 419 409 439 726 396 834 496 503 379 509 388 406 419 424 437 474 417 499 435
274 396 383 482 486 410 567 450 416 421 487 467 732 396 841 496 388 419 409 438 475 418 499 436 405 419 425 437 503 379 509 389
274 395 383 483 490 410 568 450 739 395 852 495 416 420 487 466 388 419 410 439 475 417 499 435 405 419 425 437
273 397 384 483 492 410 568 450 745 394 863 496 418 421 487 466 476 417 499 435 388 419 410 439 405 418 426 438
272 397 385 484 494 411 567 449 417 421 488 467 745 393 869 497 477 416 500 434 387 418 411 439 405 418 426 439
270 399 384 484 417 421 489 468 503 409 575 448 764 394 887 501 477 416 502 434 405 418 428 439 387 418 410 439
268 398 384 484 506 409 576 448 771 392 899 501 417 421 490 467 479 416 503 434 405 418 429 439 387 418 410 439
269 399 383 483 417 421 491 467 508 409 578 448 479 416 504 434 404 417 430 440 775 391 913 503 387 417 410 439 493 416 516 434
270 398 383 483 418 420 492 466 512 409 579 448 789 390 935 508 404 416 430 439 480 416 503 433 493 416 517 434 387 417 410 439
272 397 382 482 419 420 492 466 798 387 945 511 515 408 580 446 404 415 431 439 494 414 519 434 479 415 502 432 386 416 409 438
273 394 381 482 421 419 492 466 495 413 522 433 404 415 431 439 522 404 599 445 807 385 950 509 479 414 501 431 386 416 408 438
273 393 381 482 420 419 493 467 827 382 959 515 526 405 598 445 402 415 432 439 479 414 501 431 497 414 523 433 385 416 407 439 231 439 261 476
