

91 408 319 513 505 368 803 579 923 345 991 523 270 396 388 474 787 377 875 437 381 393 397 442 994 379 1146 498
91 408 319 513 270 396 388 474 924 344 993 522 505 367 802 580 786 376 875 437 381 394 397 442 996 380 1146 498
96 397 313 513 270 396 388 474 925 342 995 523 505 367 802 580 784 376 874 437 381 394 397 442 997 380 1146 498
96 397 313 513 927 340 998 524 270 396 387 474 506 367 802 581 782 375 874 437 381 394 397 442 1000 380 1146 497
96 396 313 513 930 339 1000 527 270 396 387 474 506 368 801 581 781 375 874 437 382 394 397 442 1014 379 1171 507
96 396 313 513 933 338 1003 528 270 396 387 474 506 368 801 582 781 375 874 437 382 394 397 442 1015 379 1170 507
96 396 313 513 936 339 1006 527 270 396 387 474 505 368 801 583 781 376 874 437 382 394 397 442 1016 379 1169 508
96 396 313 513 939 340 1010 528 270 396 387 474 505 368 802 583 781 375 874 438 382 394 397 442 1017 379 1168 508
96 396 313 513 939 340 1015 532 270 396 387 474 505 369 802 584 781 375 874 438 382 394 397 442 1019 380 1167 508
96 396 313 513 940 340 1019 536 270 396 387 474 505 369 801 584 781 375 874 437 381 394 397 442
96 396 313 513 939 339 1022 537 270 396 387 474 505 368 801 584 781 375 874 437 381 394 397 442
91 408 318 514 270 395 387 474 505 369 802 584 940 339 1022 538 781 375 874 437 381 394 397 442
91 408 318 514 270 395 387 474 505 369 802 584 945 343 1036 535 781 376 874 437 381 394 397 442
91 408 318 514 947 342 1035 536 270 395 387 474 505 369 802 583 781 376 873 436 381 394 397 442
949 342 1034 536 91 408 318 513 270 396 387 474 505 368 801 582 782 376 873 436 382 394 397 442
953 342 1036 536 91 408 318 513 270 396 387 474 505 367 801 581 782 377 873 436 382 394 397 442
958 342 1037 537 91 409 318 513 270 396 388 474 504 366 800 579 782 377 873 436 382 394 397 442 1035 389 1152 500
962 341 1038 537 91 409 318 513 504 366 799 579 270 396 387 474 782 377 873 436 382 394 397 442 1035 389 1152 500
91 409 318 513 964 339 1039 541 270 396 387 474 504 366 799 579 782 377 873 436 382 394 397 442 1027 379 1169 510
91 409 318 513 968 337 1043 547 270 396 387 474 505 366 798 579 782 378 873 435 382 394 397 442 1034 389 1153 500
970 336 1049 554 91 409 318 513 270 396 387 474 505 366 798 579 782 378 872 435 382 394 397 442 1035 390 1154 501 916 387 968 454
973 336 1054 557 91 409 318 513 270 396 387 474 505 366 798 579 782 378 872 435 1037 391 1154 502 382 394 397 442 916 387 969 454
976 336 1057 559 91 409 318 513 270 396 387 474 505 366 798 579 782 378 872 435 1040 391 1153 502 382 394 397 442 916 386 971 454
980 335 1059 561 91 409 318 513 270 396 387 474 505 366 798 579 782 378 872 435 382 394 397 442 1045 393 1152 500 916 386 973 454
984 332 1062 563 91 409 318 513 270 396 387 474 505 366 799 578 782 378 872 435 382 394 397 442 1049 395 1150 498
987 330 1066 564 91 409 318 513 270 396 387 474 505 365 799 578 782 378 872 435 382 394 397 442
91 409 318 513 989 329 1069 563 270 396 388 474 505 365 799 578 782 378 872 435 382 394 397 442
999 328 1076 563 91 409 318 513 506 365 800 578 270 396 388 474 782 378 872 435 382 394 397 442
1003 325 1080 562 90 409 318 513 506 364 800 579 270 396 388 474 782 378 872 435 382 394 397 442
1008 324 1087 562 90 409 318 513 506 364 800 579 270 396 388 474 782 378 872 435 382 394 397 442
1013 323 1097 563 90 409 318 513 505 364 800 579 270 396 388 474 782 378 872 435 382 394 397 442
1020 323 1107 565 90 409 318 513 505 364 801 579 270 396 388 474 782 378 872 435 382 394 397 442 915 386 968 451
1026 322 1117 568 90 409 318 513 505 364 801 578 270 396 388 474 781 378 872 435 382 394 397 441 915 386 968 451 954 401 1037 488
1030 323 1122 570 90 409 319 513 505 364 801 578 270 396 388 474 781 378 872 435 382 394 397 441 955 399 1039 485 915 386 968 451
90 408 319 513 505 364 802 578 270 396 388 474 781 378 872 435 1038 329 1141 564 382 394 397 441 955 398 1041 485 915 387 968 451
90 408 319 513 504 365 802 578 270 396 388 474 1042 328 1143 568 781 378 873 436 955 396 1045 485 382 394 397 441
90 408 319 513 503 365 803 578 270 396 388 474 1048 326 1147 571 781 377 873 436 955 395 1048 485 382 394 397 442
90 408 319 513 503 366 803 578 270 396 388 474 1057 325 1149 573 781 378 873 436 955 394 1050 486 382 394 397 442
90 408 319 513 502 366 803 578 270 396 388 474 1064 326 1151 572 781 378 873 436 955 394 1051 486 382 394 397 442 418 398 438 440
90 408 318 513 502 366 803 578 270 396 388 474 1074 323 1151 569 781 378 873 436 957 391 1071 490 382 394 397 441 417 398 438 440
91 408 318 513 502 366 803 578 270 396 388 474 1083 320 1152 569 781 378 872 436 957 391 1073 490 382 394 397 441 417 398 438 440 915 386 968 452
91 408 318 513 502 366 803 578 270 396 388 474 1089 315 1154 572 781 378 872 436 957 391 1073 489 382 394 397 441 417 398 438 440 915 386 968 452
91 408 318 513 502 366 803 578 270 396 388 474 781 378 873 436 1089 316 1160 575 957 392 1074 489 382 394 397 441 417 398 438 440 915 386 968 452
91 409 318 513 502 366 803 578 271 396 388 474 781 378 873 436 1104 311 1180 578 958 392 1072 489 382 394 397 442 417 398 438 440 915 386 968 452
91 409 318 513 503 366 803 578 271 396 388 474 1106 317 1194 577 781 378 873 436 382 394 397 442 957 392 1071 489 417 398 438 440 915 386 968 452
91 409 318 513 503 366 803 578 271 396 388 474 1110 320 1207 576 781 378 873 436 382 394 397 442 955 395 1051 485 417 398 438 440 915 386 968 452
91 409 318 513 503 366 803 578 271 396 388 474 1111 321 1215 575 781 378 873 436 382 394 397 442 417 398 438 440 955 395 1051 485
91 409 318 513 503 366 803 578 271 396 388 474 781 378 873 436 1119 319 1217 574 382 394 397 442 954 394 1051 485 417 398 438 440
91 409 318 513 503 366 803 577 271 396 388 474 781 378 873 435 1126 317 1219 568 382 394 397 442 954 394 1051 485 417 398 438 440
91 409 318 513 503 365 803 577 271 396 388 474 782 378 873 435 1153 316 1221 574 954 393 1051 486 382 394 397 442 417 398 438 440 1040 394 1152 501
91 409 318 513 503 365 803 577 271 396 388 474 782 378 873 435 1156 314 1224 577 954 394 1051 485 382 394 396 442 417 398 438 440 1041 393 1150 501
91 409 318 513 503 366 803 577 271 396 388 474 782 378 873 435 1162 312 1232 578 954 394 1051 485 382 394 396 442 418 398 438 440 1041 392 1150 501 915 386 968 452
91 409 318 513 503 366 803 577 270 396 388 474 782 378 873 435 1170 312 1240 576 954 394 1051 485 382 394 396 442 418 398 438 440 1041 391 1150 502 915 386 968 452
91 409 318 513 503 366 803 577 270 396 388 474 782 378 873 435 1176 314 1249 569 954 394 1051 485 382 394 396 442 1040 391 1151 503 418 398 438 440
91 409 318 513 502 366 804 577 270 396 388 474 782 378 873 435 954 394 1051 485 382 394 396 441 1040 391 1151 503 418 398 438 440 1182 315 1254 568 915 386 968 451
91 409 318 513 502 366 804 578 270 396 388 474 782 378 873 435 1214 316 1274 561 382 394 396 441 954 394 1051 485 418 398 438 440 1040 391 1152 502
91 409 318 513 502 366 804 578 270 396 388 474 782 378 873 435 1215 316 1278 577 382 394 396 441 954 394 1051 485 418 398 438 440 1041 392 1152 502
91 408 318 513 502 366 804 578 270 396 388 474 782 378 873 435 1220 313 1279 579 382 394 396 441 954 394 1051 485 418 398 438 440 1041 392 1152 501
91 408 318 513 502 366 803 578 270 396 388 474 782 378 873 435 1224 309 1279 571 382 394 397 441 954 395 1051 485 418 398 438 440 1041 393 1152 502
91 408 318 513 503 366 803 578 271 396 388 474 782 378 873 435 382 394 397 441 418 398 438 440 954 395 1051 485 1232 304 1278 567 1041 393 1152 502
91 409 318 513 502 366 803 578 271 396 388 474 782 378 873 435 382 394 396 441 418 398 438 440 955 395 1051 485 1041 392 1151 502
91 408 318 513 502 366 803 578 271 396 388 474 782 378 873 435 382 394 396 441 418 398 438 440 955 394 1051 485 1041 392 1151 501
91 408 318 513 502 365 804 578 271 396 388 474 782 378 873 435 382 394 396 441 418 398 438 440 955 394 1051 485
91 408 318 513 502 364 805 578 271 396 387 474 781 378 873 435 382 394 396 442 418 398 438 440 954 394 1051 485 915 386 968 451
91 408 318 513 502 363 805 579 271 396 387 474 781 377 874 436 381 394 396 443 418 398 439 440 954 394 1051 485 1026 382 1172 509 915 385 968 452
91 408 318 513 502 363 805 579 271 396 387 474 781 377 873 436 381 394 396 443 1107 277 1279 675 418 398 439 440 955 395 1051 485 915 386 968 452
91 408 318 513 502 364 805 579 1045 285 1274 666 271 396 387 474 781 377 873 436 381 394 396 442 955 396 1051 485 418 398 439 440 915 386 968 452
91 408 318 513 271 396 387 474 502 363 805 579 781 377 873 436 381 394 396 442 418 398 439 440 1052 298 1261 654 915 387 968 452
91 408 318 513 271 396 387 474 502 363 805 579 781 378 873 436 382 394 396 442 418 398 439 440
91 408 318 513 272 393 388 470 503 362 805 580 781 378 873 436 382 394 396 442 418 398 439 440 879 373 1153 606
91 408 318 513 504 363 804 580 272 393 388 470 781 377 873 436 382 394 396 443 807 395 1089 599 418 398 439 440
91 408 318 513 503 362 802 578 272 393 388 470 781 377 874 436 382 394 396 443 418 398 439 440
91 408 318 513 503 362 800 577 271 396 387 474 781 376 874 436 382 394 396 443 418 398 439 441
91 408 318 513 504 362 800 578 271 396 387 474 781 377 874 436 382 394 396 443 418 398 439 440 934 376 1087 489
92 408 318 513 506 362 800 579 271 396 388 474 781 377 874 436 782 463 934 580 382 394 396 442 418 398 439 440 955 393 1051 487 1039 390 1153 502
92 408 317 513 272 393 388 470 505 362 803 578 780 377 874 436 382 394 396 442 418 398 439 440 955 394 1050 487
92 408 317 513 272 393 388 470 503 361 804 576 780 377 874 436 382 394 396 442 418 398 439 440 955 394 1050 487
92 408 318 513 271 396 388 474 780 377 874 436 500 361 804 574 382 394 396 442 418 398 439 440 947 376 1052 477
92 408 318 513 272 393 389 470 780 377 874 436 496 362 806 571 382 394 396 442 418 398 439 440 946 376 1052 477
92 408 318 513 272 393 389 470 780 378 874 434 498 362 806 573 382 394 397 442 418 398 439 440
92 408 318 513 272 393 389 470 501 363 809 571 780 378 875 434 382 394 397 442 418 398 439 440
92 408 317 513 272 393 389 470 505 364 810 571 781 379 875 433 382 394 397 442 418 398 439 440
92 408 318 513 272 393 389 470 506 365 814 569 783 378 875 435 382 394 397 442 418 398 439 440
92 408 317 513 272 393 389 470 505 365 814 568 784 378 875 435 382 394 397 442 418 398 439 440
92 408 317 513 271 396 388 474 502 365 814 567 782 378 876 434 382 394 396 442 418 398 439 440
92 408 317 514 271 396 388 474 498 364 814 567 780 379 876 434 382 394 396 442 418 398 439 440
92 408 318 514 271 396 387 474 497 364 814 567 781 379 875 433 381 394 396 442 418 398 439 440 483 396 533 426
96 397 313 513 271 396 387 474 499 364 812 567 781 380 875 433 382 394 396 442 418 398 439 440 481 396 534 426
96 397 314 514 270 396 387 474 501 365 809 569 781 380 875 432 382 394 396 442
96 397 313 513 270 396 387 474 502 365 807 571 782 380 872 432 382 394 396 442 800 379 887 568 470 394 482 416
96 397 313 513 501 365 807 572 270 396 387 474 782 380 871 432 804 379 891 569 382 394 396 442
95 397 313 513 271 396 387 474 500 366 808 572 782 380 870 432 382 394 396 442
96 397 313 513 271 396 387 474 499 365 809 572 783 380 870 432 382 394 396 442 418 398 439 439
96 397 313 513 271 396 387 474 499 364 810 573 783 379 870 432 382 394 396 442 418 398 439 440
96 397 313 513 498 364 810 574 271 396 387 474 783 379 871 432 382 394 396 442 419 398 439 440
96 397 314 513 498 365 811 574 271 395 387 474 782 379 872 433 382 394 396 442 419 398 439 440
96 397 314 513 271 395 387 474 499 366 811 574 782 378 873 434 381 394 396 442 419 398 439 439
95 397 314 513 271 395 387 474 501 367 811 573 782 378 875 434 381 394 396 442 420 398 440 439
