

277 348 396 427 442 320 566 519 243 358 264 395 583 324 629 429 354 113 406 142 585 377 673 457 685 322 711 365 858 307 880 346 668 324 691 367
280 347 399 426 440 320 566 520 583 325 628 429 240 358 261 396 354 113 406 142 586 377 673 457 686 322 712 364 667 324 691 366 859 308 881 346
283 349 399 425 437 320 565 523 583 325 628 431 586 377 673 458 354 113 406 142 686 322 712 364 228 361 252 396 667 324 690 366
292 340 405 423 425 320 546 514 226 361 249 396 583 325 628 431 354 113 406 142 586 377 673 458 687 321 712 365 667 324 690 366
295 340 407 423 424 323 545 513 222 362 245 396 583 325 628 432 354 113 406 142 687 321 712 366 586 377 673 458 667 325 691 366
298 340 409 422 421 312 531 486 409 410 560 530 219 362 240 397 583 325 629 432 354 113 406 142 687 321 711 366 586 377 673 458 666 325 693 366
303 341 411 421 404 408 559 529 420 311 525 486 582 324 629 432 354 113 406 142 686 322 711 365 585 377 673 458 666 326 693 365 216 363 238 397 713 309 733 348
306 341 412 420 397 408 556 528 417 310 519 488 582 324 630 432 354 113 406 142 585 377 674 457 686 322 711 364 202 364 223 398 666 326 693 365 713 309 733 348
308 341 412 419 392 408 552 528 412 309 513 490 199 363 221 398 582 323 630 432 584 377 674 457 353 113 406 142 686 322 712 364 666 326 693 366 714 309 733 348
310 341 411 419 387 411 549 528 407 308 510 492 194 362 216 399 582 323 630 432 583 377 674 457 353 113 406 142 687 322 712 364 665 326 692 367 714 308 733 349
312 341 410 417 384 411 546 527 404 309 506 491 582 323 630 431 582 377 674 457 353 113 406 142 687 322 712 364 191 362 212 399 713 308 733 349 665 326 692 367
382 413 540 526 315 343 410 413 403 322 510 516 582 377 674 456 582 323 629 431 353 113 406 142 687 322 712 364 713 308 733 349 665 325 691 367
378 411 535 525 326 345 422 411 402 328 505 514 582 377 673 456 171 369 194 407 353 113 406 142 582 323 628 429 686 322 712 364 713 308 733 349 664 325 691 366
376 412 528 525 331 346 422 412 582 377 673 456 388 314 486 477 353 113 406 142 686 321 712 365 713 308 733 349 582 324 627 427 664 324 690 367
375 412 523 524 336 345 422 411 582 377 673 456 386 314 485 475 150 370 176 409 353 113 406 142 686 321 712 365 713 308 733 349 663 324 691 367 582 324 626 426
375 413 520 524 340 344 420 410 582 377 673 456 145 371 171 411 383 315 483 475 353 113 406 142 664 324 692 367 686 320 712 365 713 308 733 349 582 323 625 426
363 411 514 521 342 343 420 408 581 377 673 456 380 317 479 474 352 113 407 142 581 323 623 426 686 320 712 365 713 308 732 349 664 325 694 366
360 411 514 521 343 342 421 406 581 376 673 456 376 319 474 476 119 373 149 413 352 113 407 142 0 387 62 554 580 322 623 427 686 320 712 365 713 308 732 349 664 326 696 366
356 410 511 521 1 370 78 532 347 343 408 404 581 376 673 456 352 113 407 142 372 321 470 476 581 322 623 427 118 373 144 413 686 321 712 365 713 307 732 349
350 408 506 521 580 374 674 457 350 342 407 402 432 320 585 452 367 320 464 478 352 113 407 142 3 360 110 530 581 322 623 426 686 321 712 365 713 308 732 349
4 351 120 521 344 408 499 521 432 319 582 452 579 373 674 457 362 319 460 479 352 113 407 142 686 321 712 366 582 322 623 426 713 308 732 349
338 407 492 520 430 319 580 453 5 344 130 511 357 317 456 478 579 372 673 457 352 113 406 142 686 321 711 366 714 308 733 348 581 320 623 427
4 344 153 497 429 319 580 452 352 317 453 479 334 408 485 520 579 372 673 457 352 113 406 142 686 321 711 366 714 308 733 348
426 319 579 450 2 341 165 502 330 410 478 518 347 318 452 479 580 372 673 456 353 113 406 142 686 321 711 366 714 308 732 348
425 320 579 449 333 319 438 477 330 417 472 516 2 342 172 505 581 372 673 456 353 113 406 142 686 322 711 366 713 308 732 349
328 320 433 475 424 321 579 449 330 418 468 517 0 342 178 507 582 371 673 456 353 114 406 142 686 322 711 365 713 307 732 349
424 321 578 449 323 320 429 472 314 411 462 516 0 341 181 503 581 371 673 456 352 114 406 142 686 322 711 365 713 307 733 349
425 321 579 450 0 338 224 500 320 319 423 470 311 410 458 516 581 371 674 456 352 114 407 142 685 322 711 365 713 307 733 349 0 569 1278 701
9 339 234 491 425 321 581 450 316 319 418 469 308 409 454 515 580 371 674 456 352 114 406 142 684 322 712 365 713 308 733 349
26 341 238 485 425 321 582 451 313 320 413 471 305 408 448 516 581 371 674 456 353 113 406 142 684 322 711 366 194 398 276 490 713 308 733 348
42 345 275 480 425 320 584 451 295 391 449 508 310 321 409 471 581 372 674 456 353 113 406 142 684 322 711 365 713 308 733 348
60 346 272 477 425 319 584 450 285 389 441 505 306 321 405 471 582 372 674 456 684 322 711 365 353 113 406 142 713 308 733 349
80 342 276 466 424 319 584 449 277 388 432 505 302 322 402 471 582 372 674 456 684 322 711 365 353 113 406 142 713 308 733 349
423 320 583 448 92 344 286 460 298 323 401 474 278 387 423 502 583 372 674 456 1 373 51 480 684 322 711 365 353 113 406 142 386 346 432 391 713 308 733 349
115 343 300 459 423 321 581 449 292 320 384 478 291 396 415 510 0 371 54 478 583 372 674 456 353 113 406 142 684 322 711 365 385 345 433 389 713 308 733 349
130 344 304 456 424 322 580 449 293 320 381 482 294 398 408 509 583 373 674 456 387 345 432 389 353 113 406 142 684 322 711 365 713 308 732 349 0 556 1278 698
144 343 307 453 424 323 580 448 291 321 381 482 2 371 63 470 288 418 412 506 583 373 674 456 388 344 432 388 353 114 406 142 684 322 711 365 0 556 1270 699 713 308 732 349
424 323 581 449 155 345 308 451 288 323 380 483 5 371 66 468 584 375 674 455 389 344 431 387 281 420 395 505 353 114 405 142 684 322 711 365 0 556 1265 699 713 308 732 349
423 322 581 449 168 345 298 440 284 323 378 481 8 372 69 467 279 419 395 505 586 376 674 455 389 344 430 386 353 114 405 142 684 322 711 365 0 556 1262 699 713 308 732 349
424 321 581 449 179 346 294 437 282 401 383 504 10 370 72 467 279 325 369 480 586 375 673 455 353 113 406 142 389 344 428 385 684 322 711 365 0 557 1266 698
425 321 581 449 281 402 376 502 189 347 291 434 273 326 363 481 12 372 74 467 586 375 674 455 353 113 406 142 684 322 711 365 713 308 733 349 0 557 1270 698
425 322 581 449 267 326 356 480 201 348 304 434 584 374 674 455 24 374 84 463 279 404 369 500 352 113 406 142 683 322 711 365 713 308 733 349
425 322 582 448 263 325 352 480 28 376 86 461 584 374 675 455 209 350 300 433 352 113 406 142 712 308 733 349 381 335 424 413 683 322 711 365 278 405 366 499
424 322 582 449 257 326 349 476 265 405 353 494 32 377 88 459 584 375 675 455 386 337 428 412 352 113 406 142 388 374 423 422 712 307 733 349 683 322 711 365
421 323 582 449 262 404 347 494 36 380 90 458 254 329 349 472 585 375 674 455 352 113 406 142 712 307 733 349 393 375 427 418 682 322 711 365
421 323 580 449 259 404 342 492 240 327 335 472 40 383 92 456 584 375 675 455 352 113 406 142 712 308 733 349 682 322 711 365
421 324 579 449 258 406 339 491 44 385 93 455 240 329 328 472 583 375 675 455 353 113 406 142 712 307 733 348 683 322 710 365
421 324 578 450 250 405 330 486 45 386 93 455 238 331 324 471 583 375 675 455 353 114 406 142 254 335 369 419 712 307 733 348 580 320 629 428 683 322 711 364 0 554 1279 699
421 324 578 451 248 405 326 486 245 334 308 462 281 338 372 415 583 375 674 455 353 114 406 142 581 320 629 430 713 307 733 348 683 322 711 364 0 554 1279 699
420 324 578 451 244 406 321 484 281 339 377 414 229 335 315 468 583 375 674 455 353 114 406 142 580 320 630 431 683 322 711 364 0 555 1279 699 713 308 733 348
422 324 577 450 282 340 381 413 241 408 316 483 233 337 296 458 47 385 93 454 582 375 674 455 581 319 629 433 353 114 406 142 683 321 711 364 0 556 1279 699 713 308 733 348
423 325 577 450 286 341 386 412 229 337 294 456 580 319 629 435 239 409 312 482 46 385 93 453 353 114 406 142 583 376 674 455 683 321 711 365 713 308 733 348 0 557 1279 699
289 342 388 413 424 326 577 450 226 337 291 454 579 319 628 435 228 407 302 478 353 113 406 142 45 385 92 452 583 377 674 456 683 321 711 365 713 308 733 349
423 326 577 450 300 343 395 406 223 337 287 453 234 408 291 478 0 390 65 570 577 319 627 435 353 113 406 142 583 376 674 456 683 321 712 365 713 307 733 349
302 344 397 406 423 327 577 450 221 336 284 453 231 409 288 477 576 319 627 434 0 400 79 559 353 113 406 142 583 376 674 456 683 321 711 365 713 308 733 349
305 344 399 406 423 327 578 450 220 337 281 452 228 408 285 476 1 337 82 516 576 319 627 434 353 113 406 142 683 321 711 365 582 376 674 456 713 308 733 349 13 403 105 543 0 556 1279 701
308 344 403 405 424 327 578 450 224 406 281 475 576 319 627 433 17 342 117 515 212 339 271 446 353 113 406 142 683 321 711 365 582 377 673 456 713 308 733 349 0 555 1279 701
310 343 406 404 424 327 579 450 208 339 268 447 30 339 130 510 222 404 277 474 575 319 627 432 353 113 406 142 683 321 712 364 581 377 674 456 713 308 733 349 0 554 1279 702
312 342 409 403 424 326 579 451 204 340 265 448 219 401 267 475 574 318 628 431 64 416 152 521 353 113 406 142 42 335 139 506 580 376 674 456 683 322 712 364 713 308 733 349 0 554 1279 701 692 308 716 347
423 326 578 451 314 342 411 402 203 342 261 445 68 344 166 499 219 401 264 474 573 319 628 430 353 113 406 142 579 376 673 456 683 321 712 364 713 308 733 349 691 308 716 347
423 325 576 450 329 343 416 399 202 343 258 442 80 326 172 479 209 388 260 467 572 319 628 431 578 376 673 457 353 113 406 142 683 321 712 365 713 308 733 349 113 407 198 494 691 308 716 348
424 325 575 450 334 343 415 398 201 344 255 441 207 389 256 466 49 402 80 448 571 318 627 432 118 405 197 494 578 377 673 457 353 113 406 142 95 326 182 477 683 321 712 365 713 308 733 349 691 308 716 348
424 324 575 449 339 342 415 398 47 404 79 448 199 343 253 443 572 317 626 434 116 328 205 475 577 377 673 456 353 113 406 142 683 321 712 365 713 308 733 349 125 405 201 489 691 308 716 348 0 558 1279 700
424 324 576 449 343 342 419 398 45 404 78 448 570 316 625 433 128 325 215 472 577 378 674 455 353 113 406 142 683 321 712 365 199 344 250 446 713 308 733 349 692 308 716 347 153 396 257 482 0 560 1279 701
424 323 577 449 346 341 422 399 43 404 76 448 569 316 625 433 578 377 674 456 158 396 253 481 353 113 406 142 187 343 245 452 139 322 226 467 683 321 712 365 713 308 733 348 0 559 1279 702 691 309 716 347
424 323 577 449 350 341 425 398 164 382 246 470 579 376 674 456 567 317 624 431 42 404 74 447 353 113 406 142 24 354 62 438 683 321 711 364 0 558 1279 703 713 309 733 348 153 338 212 450
424 323 577 449 352 340 426 397 167 383 247 467 22 354 63 438 579 375 674 456 560 316 610 428 353 113 406 142 683 321 711 364 41 404 73 446 0 557 1279 703 713 309 733 347
424 322 579 449 353 340 427 397 183 379 245 468 20 355 62 439 559 317 609 429 353 113 406 142 165 319 251 455 581 374 674 456 683 321 711 365 0 557 1279 704 713 309 733 347
424 321 582 449 352 340 429 395 183 340 244 448 18 355 61 441 557 318 608 431 353 113 406 142 683 320 711 365 583 375 674 457 196 382 251 464 713 309 733 347 0 557 1279 703
423 320 584 449 363 341 430 395 196 384 253 464 15 354 59 442 185 324 244 429 556 318 608 432 352 113 406 142 682 320 712 365 584 374 674 457 713 309 733 347
423 320 584 450 365 340 431 395 198 383 255 462 11 351 58 443 682 320 712 366 353 113 406 142 556 318 607 433 196 324 256 432 583 374 674 457 713 309 733 347
422 320 584 450 367 341 432 394 200 339 259 445 7 350 57 444 683 320 712 366 580 374 675 457 353 113 406 142 556 318 606 433 713 309 733 347
422 319 584 450 370 341 433 394 204 331 262 424 207 386 263 458 6 352 55 444 578 374 675 457 683 320 712 366 353 113 406 142 713 308 733 347 691 308 717 347 555 318 606 432
421 319 584 451 374 341 434 393 208 333 265 422 193 392 273 454 577 373 675 457 353 113 406 142 682 320 712 366 713 308 733 347 691 308 717 347
421 319 584 451 377 340 434 393 194 393 279 452 210 344 267 438 577 372 675 457 353 113 406 142 682 320 712 366 713 308 733 347 691 308 717 347
421 319 584 451 379 345 435 389 193 394 285 450 577 372 675 458 353 113 406 142 682 320 712 366 713 308 733 347 692 308 717 347 177 369 224 438 1 423 33 466 556 318 604 434 212 352 265 435
420 320 585 452 211 396 293 449 383 343 435 389 577 371 675 458 353 113 406 142 176 372 225 439 692 308 717 347 682 321 712 365 1 423 34 466 713 308 732 346 555 317 603 435
420 320 587 452 212 396 296 448 170 370 216 442 387 341 436 389 577 372 675 458 352 113 406 142 0 424 35 466 692 308 717 347 682 321 712 365 555 317 603 436 713 308 732 346
420 320 590 452 212 395 298 447 171 371 215 442 577 372 674 458 389 341 437 390 352 113 406 142 231 353 288 436 692 308 717 347 682 321 712 365 554 317 603 436 713 308 732 346
420 321 590 453 211 394 301 446 170 370 214 441 577 374 674 457 352 113 406 142 392 341 437 389 692 308 716 346 554 317 604 436
421 322 590 453 210 393 305 444 577 374 674 457 169 380 217 443 352 113 406 142 692 307 716 346 554 317 604 435
422 323 588 453 210 391 309 442 577 375 674 457 168 382 215 443 554 317 604 435 692 307 717 347 352 113 406 142
422 323 589 454 211 392 312 441 577 375 674 457 167 384 213 443 554 317 604 435 692 307 717 347
421 323 590 454 211 393 313 441 576 375 674 457 167 396 207 439 692 307 716 347 554 317 604 434
420 323 592 454 212 393 313 441 576 375 674 457 165 402 205 438 692 307 716 347 554 317 603 433
420 323 592 454 213 392 311 440 576 375 674 457 692 307 716 346 683 320 711 366
421 323 592 455 576 375 674 457 163 412 198 439 682 320 711 366 692 308 716 346 553 319 603 432
422 324 590 455 162 414 196 440 576 376 674 457 682 319 711 366 692 308 716 346 553 319 603 431
423 323 590 454 161 414 195 441 577 375 674 457 682 320 712 366 553 319 603 431 693 308 717 346
423 323 590 454 577 375 675 457 160 413 194 441 553 319 603 431 682 320 712 366 0 559 1279 701
423 322 590 453 577 375 675 457 160 413 194 440 227 394 329 433 553 319 603 432 682 321 712 366 0 558 1279 701 351 113 407 142
422 322 587 453 223 394 332 432 577 374 676 457 159 413 194 440 554 319 604 431 683 321 713 366 0 557 1279 700 351 113 407 142
422 322 584 453 222 393 335 432 577 374 676 457 159 412 194 440 554 319 604 430 683 322 713 365 694 308 717 344 0 557 1279 699
422 322 581 452 576 373 676 457 159 412 194 440 223 393 338 433 555 319 604 428 683 322 713 365 694 308 717 345
423 322 580 452 160 412 194 440 576 373 676 457 225 392 341 433 555 318 603 427 694 308 717 345 684 321 713 365
423 321 580 452 159 411 194 440 576 373 676 457 556 318 603 428 694 308 717 346 685 321 713 365
424 321 579 452 159 409 194 440 576 372 676 457 556 318 603 428 694 308 717 346 686 321 713 365 0 559 1279 700
425 321 579 452 157 407 193 440 577 372 676 457 556 317 603 429 694 308 717 346 0 560 1279 700
