

818 457 865 551 930 432 1049 495 354 513 501 577
818 456 864 551 935 431 1049 493 11 312 438 594
817 455 864 550 941 430 1046 492 20 307 437 603
816 453 865 548 949 421 1045 487
816 449 865 545 955 421 1047 484 20 298 441 613
817 445 866 542 964 415 1067 483 11 286 431 629
969 414 1060 478 818 441 867 540 392 485 524 549
975 411 1057 474 820 440 868 538 395 481 526 547 3 265 343 657
983 409 1059 470 821 441 869 536 5 260 324 658
5 260 306 660 823 432 869 523 989 407 1062 467
3 255 324 662 824 430 870 520 992 400 1066 457
3 253 334 661 826 423 872 517 1001 396 1077 457
1 257 352 658 828 419 873 515 1008 394 1078 452
1 259 358 659 828 414 876 514 1019 391 1078 446 439 447 566 504
0 264 371 655 829 414 877 512 1024 387 1079 441 443 444 569 502
4 269 411 639 829 406 874 500 447 439 571 498 1029 385 1080 439
0 248 423 672 828 405 873 497 447 435 573 495
0 253 429 670 827 403 873 494 446 432 575 494
0 260 433 672 825 402 873 493 462 434 584 492
0 259 446 668 825 403 873 494 466 436 586 494
0 259 459 667 826 407 873 496 472 437 587 496
0 261 475 664 828 408 876 500 477 440 589 497
0 258 486 666 831 413 880 516 496 444 601 498
0 257 509 664 841 420 889 518 502 446 607 502
0 251 528 664 843 424 891 523
1 260 547 664 845 428 894 527
3 267 552 666 845 441 896 536
0 284 564 665 844 441 895 538
0 288 573 661 842 444 892 541
0 298 622 655 841 447 890 544
0 293 629 655 840 451 889 547
0 297 636 659 841 454 891 549 1039 434 1059 467
0 302 638 662 843 456 893 550
0 303 645 667 847 456 896 551
0 296 658 672 852 464 901 563
0 292 671 676 857 466 904 567
858 471 905 570 0 293 680 677
5 375 674 666 857 476 903 574
7 379 676 665 854 478 900 576
9 383 678 664 849 480 895 577
15 386 681 662 842 487 892 587
21 386 682 660 830 487 879 587
28 383 682 658 825 479 872 577
30 387 681 648 821 477 864 569
31 392 679 639 801 472 851 566
32 380 672 615 796 468 845 560
35 380 669 610 795 460 841 548
41 381 675 603 794 459 839 547
45 378 689 598 795 458 840 546
52 372 700 591 797 458 841 543
63 362 695 585 799 457 843 541 1006 449 1026 482
103 353 714 580 802 454 845 537
115 348 709 577 802 450 846 534
127 353 708 579 803 449 847 533 1011 439 1028 471
143 361 704 585 803 451 846 537 1012 440 1029 471
151 370 704 589 803 453 845 539 1011 439 1028 471
156 375 711 592 802 453 845 539 1010 438 1027 471
157 377 720 592 802 453 846 538 1009 438 1027 471
168 376 726 592 804 451 847 536 1010 437 1028 468
181 373 735 585 808 448 850 534 1018 38 1278 666 1013 432 1031 463
197 368 737 579 812 432 852 524 1021 35 1277 665
206 366 744 576 822 432 861 524
205 371 744 581 826 448 864 532 1033 432 1050 464
234 375 790 594 827 454 866 536
234 381 799 603 824 461 865 539
233 385 809 608 820 464 862 542
223 411 814 621 808 462 851 544
229 414 802 625 803 462 843 543
228 417 800 627 1016 38 1279 666
226 423 801 630 1014 41 1279 667 772 469 821 558
215 427 815 631 1014 42 1279 670
216 438 822 637 1015 41 1279 671
225 446 818 643
239 453 817 646 962 479 980 511
253 455 814 648 963 484 980 514
264 459 818 654
269 463 823 657
270 467 828 658
275 468 831 654
284 465 833 652
293 466 833 652
293 467 840 654
298 474 844 660 105 547 171 574
304 477 846 666 102 551 165 578
337 479 870 672
336 480 876 673
344 478 878 670 82 554 148 582
355 478 880 666 78 550 144 580
374 476 887 664
385 474 894 666
392 476 900 668
399 477 902 669 960 528 982 558
405 477 907 668 959 527 981 557
410 472 907 667
403 469 916 665
412 468 916 666
410 470 925 666
417 471 923 671
