

299 104 499 229 497 85 577 154 871 55 1004 149 692 84 719 122 657 83 700 116 584 87 617 113 616 86 645 108
278 105 484 236 492 87 576 155 872 55 1010 149 692 84 720 123 657 83 699 116 584 88 617 114 616 87 645 109
262 104 478 246 487 88 575 159 875 37 1020 156 693 84 721 124 658 85 700 117 583 89 617 115 616 88 647 111
244 103 474 255 482 89 572 161 877 38 1026 156 694 83 722 124 658 84 700 117 582 88 617 115 616 88 646 110
477 90 570 165 218 112 451 265 882 42 1033 159 692 84 722 125 658 85 703 118 580 89 616 117 616 89 646 112
196 108 449 276 473 91 567 167 886 41 1040 160 657 84 705 119 691 83 722 125 580 89 615 117 616 89 646 112
471 91 567 172 889 42 1049 162 181 110 442 283 658 86 705 120 690 83 722 124 617 90 646 113 579 89 614 118
464 89 560 178 890 42 1057 164 133 104 427 297 659 86 705 121 617 89 646 113 691 83 722 123 581 89 613 117 568 92 601 120
107 115 415 322 459 88 558 181 889 42 1065 166 659 87 703 122 617 90 646 114 692 84 722 123 580 90 613 118
69 109 406 335 453 87 555 182 658 86 703 122 906 33 1082 173 616 90 646 114 565 92 602 122 581 90 612 119
40 110 394 346 444 93 553 188 658 86 702 122 911 57 1083 178 616 89 647 115 563 92 602 123 693 84 721 124 580 90 613 120 732 81 769 107
12 117 338 360 919 57 1094 179 658 85 701 122 432 96 544 189 615 89 645 116 562 92 601 124 693 84 721 125 731 81 770 107 542 94 569 123 582 91 614 120 706 101 726 133
4 122 306 384 424 96 543 191 924 57 1107 180 657 85 699 122 615 90 644 116 561 92 599 124 694 85 721 125 706 101 726 134 732 81 771 107 540 94 568 123
4 130 262 410 415 97 538 193 928 55 1118 182 656 85 698 123 614 91 643 116 560 92 598 124 695 85 721 125 732 81 772 107 706 101 726 134
3 122 234 444 655 85 698 123 408 94 535 196 928 53 1125 183 613 91 643 116 559 92 597 124 732 81 773 106 707 100 726 133
944 50 1152 189 385 93 532 202 654 84 700 122 612 90 643 116 557 90 597 123 732 81 772 106 9 115 210 459
378 94 524 207 944 47 1171 191 653 84 700 122 610 90 642 116 557 89 596 123 732 80 772 106 521 94 549 126
356 92 512 210 948 46 1189 192 653 83 700 121 609 89 642 115 556 87 595 122 708 86 730 124 733 80 772 105 710 103 728 131 522 94 548 125
349 89 507 215 953 43 1198 194 653 83 700 121 610 89 641 115 556 87 595 122 734 80 772 105 710 103 728 131 520 94 548 125
331 87 500 222 978 42 1216 198 652 82 700 120 610 88 641 114 554 86 594 121 734 80 772 105
977 37 1235 201 316 86 494 225 652 81 700 119 611 88 641 114 553 86 593 119 735 79 772 104
274 91 481 242 981 33 1254 204 652 80 699 119 709 85 731 122 610 87 641 114 539 88 582 121 735 78 773 104 594 91 620 114
257 88 472 247 981 29 1265 213 652 79 699 118 709 84 731 121 610 87 640 113 539 87 582 120 593 90 620 114 734 72 772 99
1015 24 1274 214 650 77 699 117 609 84 639 109 217 93 447 252 539 85 581 118 592 88 620 111 734 70 774 99
194 89 443 265 1019 21 1274 217 649 77 699 116 609 84 639 108 539 85 580 118 592 87 619 110 735 70 776 99
1027 20 1275 219 171 85 437 284 649 75 699 115 710 82 731 117 609 83 639 106 538 84 577 117 592 86 619 108 735 69 776 97 495 89 518 124
133 83 417 295 1040 19 1275 223 648 76 699 116 710 83 731 118 611 85 639 107 536 85 575 118 591 87 618 110 736 71 775 97 493 89 515 125
94 78 402 315 1060 17 1273 229 647 76 699 116 710 82 732 118 534 84 572 118 590 85 617 110 612 84 639 106 736 70 775 97 490 89 513 125
52 84 389 354 1076 3 1269 240 647 76 699 116 587 85 617 112 532 84 571 118 710 82 732 118 613 85 639 107 737 71 775 98
9 83 351 368 1099 8 1273 239 646 77 699 117 530 84 570 119 586 85 618 113 711 82 733 117 612 85 639 108 738 71 776 98
6 82 325 382 1112 8 1271 241 646 78 699 117 529 84 569 120 585 85 618 113 610 84 639 109 712 83 733 117 739 71 777 99
6 87 287 386 645 77 699 118 1137 27 1267 245 585 85 618 112 526 83 569 120 712 83 734 117 609 84 639 108 738 71 777 99 472 103 496 133
644 76 699 118 1156 36 1269 250 9 75 229 412 584 84 617 111 712 82 734 117 607 83 638 108 524 82 568 119 737 70 777 99 468 103 491 134
638 69 698 121 606 83 637 107 712 82 734 117 514 84 561 121 5 63 169 423 583 83 618 110 736 69 777 99 1173 44 1269 252
637 69 699 122 604 83 637 108 513 84 560 122 712 83 734 118 1201 80 1276 265 736 70 778 99 584 83 619 110 8 42 141 443 570 88 600 113
637 71 698 123 510 84 559 124 712 83 734 119 603 84 635 111 567 89 601 115 585 84 622 113 737 70 779 99
636 72 697 124 712 84 734 121 508 83 558 126 565 89 599 117 587 85 625 115 443 100 472 140 738 71 779 100
636 74 697 125 712 85 734 122 504 83 555 128 563 90 598 119 439 102 466 142 589 85 627 117
635 77 690 127 711 85 733 123 500 83 553 129 589 85 628 118 561 90 597 120 435 104 463 143
634 79 690 129 712 85 735 122 497 84 551 131 589 86 627 120 559 90 596 121 740 77 778 106
632 80 689 129 494 83 550 131 712 85 735 121 557 89 595 122 589 85 628 120 740 77 777 106 420 109 450 148 690 85 719 110
631 78 688 127 492 81 549 130 554 87 594 121 713 85 737 119 590 84 627 118 415 110 444 149 689 85 719 108
629 76 688 126 551 85 593 120 491 79 548 129 713 84 737 119 590 82 627 117 412 108 439 149 688 84 719 108
626 75 687 126 486 76 541 129 713 84 737 119 550 83 593 118 589 81 624 116 689 84 720 108 737 71 779 99
624 73 686 125 482 74 540 129 713 82 737 118 550 81 593 117 736 69 781 99 588 80 622 114
622 71 686 125 478 73 538 129 539 82 583 118 713 81 737 117 736 68 780 98 588 80 619 114 54 210 1244 688
617 70 687 125 476 71 535 129 537 79 582 117 736 67 779 96
615 69 685 124 472 70 532 129 534 79 580 117 735 66 780 96
612 69 684 125 468 69 529 130 531 79 577 117 734 66 781 97
610 69 684 126 463 69 527 133 528 79 575 117 733 67 782 98
608 71 684 127 462 69 526 135 527 81 574 118 733 68 784 99
605 73 683 127 457 71 519 137 525 83 572 120 713 81 739 116
454 75 517 141 593 76 675 130 523 86 571 123 713 83 740 117
591 79 675 133 450 78 514 144 515 89 560 128 743 76 789 110
590 81 675 135 449 78 512 145 513 89 561 130 742 78 791 112
590 82 676 137 443 81 510 152 742 80 794 113 511 90 559 130
590 82 678 138 439 83 511 156 742 83 795 115 506 93 553 139
588 81 679 141 434 86 509 159 743 84 796 117 501 93 553 141 190 92 233 203
584 85 679 145 427 85 500 161 498 94 552 141 742 84 796 117 185 94 228 203
422 86 497 163 582 85 677 146 492 95 552 143 740 85 797 118 719 86 744 126
418 86 494 166 581 86 673 147 489 96 551 145 740 85 797 119 654 90 692 125
411 89 490 168 579 85 670 149 484 95 543 147 653 90 694 126 741 85 796 119
406 92 488 167 576 86 670 149 481 95 542 148 653 90 698 126 741 85 796 119 183 159 238 233
395 90 479 169 574 86 669 149 475 94 538 146 653 90 703 126 741 85 796 119 179 161 230 231
391 90 477 170 574 86 668 149 471 93 534 146 741 84 796 119 654 89 706 127
384 89 473 173 560 87 656 149 466 92 530 146 744 85 798 118 655 87 707 127 678 91 714 124
379 89 471 174 463 92 529 147 559 88 655 148 745 85 801 118 679 91 719 125 84 123 161 262 656 85 703 127
556 87 654 149 461 89 530 150 365 84 461 178 747 85 803 118 733 83 759 127 681 90 724 126
360 85 459 181 554 86 653 149 456 88 532 151 748 84 804 118 733 82 761 127 683 88 727 126 700 86 744 122 608 82 699 135
352 85 455 182 552 86 652 150 450 90 522 152 750 83 805 117 734 81 762 127 632 82 717 132 700 87 745 124
549 85 651 150 446 90 519 152 346 85 452 182 630 80 722 132 735 80 763 126 753 82 806 116 702 86 746 123
546 84 650 151 440 91 513 153 629 79 728 133 331 80 440 184 754 83 809 117
543 82 649 151 627 75 734 134 434 89 511 153 320 66 436 194 756 82 809 117
542 80 648 152 626 73 737 135 424 88 501 155 304 67 435 195 756 82 810 118
541 80 648 152 295 68 433 197 419 88 499 155 626 71 738 135 756 81 809 118 857 70 880 129
526 80 643 154 284 72 430 201 412 89 495 156 637 70 757 133 756 81 806 118
521 81 642 154 638 68 757 133 406 88 491 156 274 76 431 204
517 83 641 155 253 83 414 208 638 68 760 135 394 88 482 158
515 85 641 156 242 84 408 213 389 90 482 159 637 68 763 136 737 77 814 131
512 86 640 158 226 84 399 220 382 91 480 161 637 70 767 137 737 77 818 132
508 84 638 160 375 91 476 163 639 70 769 138 213 83 395 224
185 82 380 232 505 83 636 161 644 68 800 137 363 89 464 169 872 60 911 144
169 78 372 239 505 81 634 161 358 88 462 170 643 67 802 137 749 75 841 130
351 87 458 173 498 79 627 162 643 66 805 137 150 83 367 252 750 71 848 130
495 79 628 163 112 83 332 263 645 66 803 138 344 87 455 173
490 80 628 164 329 88 446 179 647 65 804 139 95 82 320 270
486 81 626 164 58 88 293 281 321 86 441 180 647 65 806 140
481 81 624 165 36 81 281 297 647 66 809 139 317 85 436 178
17 86 257 307 477 80 620 165 644 67 813 139 294 87 421 183
643 66 815 138 475 79 618 165 11 86 229 298 285 88 417 181
642 65 817 138 475 77 617 165 271 92 404 189 5 85 214 353
642 64 818 138 464 75 606 168 256 83 396 193 3 66 175 337
460 73 604 168 641 62 818 136 242 85 388 194 7 71 148 371 858 74 943 124 64 183 1213 719
230 87 379 194 457 72 602 169 637 54 825 137 14 65 114 335 857 73 947 123 60 176 1210 719
448 75 602 169 636 52 826 135 221 87 378 193 57 176 1206 719
442 73 600 170 199 87 362 198 634 51 830 134
436 70 597 171 182 85 352 205 632 50 833 133
433 68 594 172 168 84 341 213 644 51 847 134
