

1003 321 1099 437 5 242 118 303 88 239 226 293 408 249 443 291 348 246 408 283 531 230 584 285 663 250 681 262 1016 257 1103 339
1002 257 1103 400 3 241 117 303 88 239 225 293 408 249 442 292 531 231 586 284 662 249 682 261 1011 336 1102 436 351 247 407 283
1009 322 1100 435 3 238 116 302 408 249 441 292 93 239 218 292 531 231 586 283 662 248 683 260 487 253 513 288 1094 272 1117 328 1016 257 1105 339
1003 258 1103 401 2 237 115 303 408 248 440 292 82 238 193 292 531 230 587 282 486 252 513 288 1094 270 1119 328 663 246 684 259
1003 257 1103 398 1010 322 1100 432 2 236 114 302 407 246 440 291 1095 270 1119 328 486 249 514 288 82 237 187 291 663 245 685 258
1004 257 1103 395 2 237 112 299 1010 321 1100 430 407 246 439 289 1096 269 1120 328 530 228 588 279 488 250 515 286 664 244 683 256 353 242 409 273 71 236 156 293
1 237 108 297 1010 319 1100 426 1097 268 1122 328 408 246 439 288 530 226 588 277 665 242 683 254 353 240 409 271 1004 239 1102 373 68 229 157 286
1004 258 1102 391 3 223 107 292 1099 267 1124 328 531 224 588 276 408 248 437 286 69 228 154 283 664 239 684 252 454 236 495 272 356 238 406 269
1004 259 1102 391 2 223 107 289 1100 264 1126 328 530 220 588 274 408 233 439 278 66 226 153 280 585 239 609 275 664 236 684 250 356 235 405 268
2 223 108 288 1004 259 1102 391 1101 262 1127 328 407 231 440 279 530 216 587 272 584 237 610 277 65 225 153 279 491 236 517 273 295 254 322 291 356 234 404 267 663 234 683 249
1005 259 1102 390 2 223 108 286 1101 261 1128 328 407 230 439 278 531 214 587 271 585 238 610 276 75 220 197 276 294 254 322 290 490 236 516 272 355 233 403 266 663 234 684 248
1004 259 1100 388 3 221 107 286 1102 260 1129 329 532 214 587 271 75 220 197 277 586 237 610 276 407 230 438 277 456 232 494 271 293 254 320 290 491 235 517 273 663 233 684 248 355 233 401 266
1002 259 1098 387 0 223 86 284 1104 260 1130 330 533 214 587 271 74 219 197 277 587 237 610 276 456 232 495 273 291 254 319 290 393 233 424 274 664 234 685 248 492 235 518 274 408 230 437 276 354 232 400 266
1000 258 1095 387 0 224 87 285 533 216 586 272 75 219 194 277 1106 260 1131 332 587 237 609 277 288 254 316 292 454 233 495 275 394 232 426 279 664 235 684 249 352 233 400 268 327 234 346 276
0 225 88 285 999 259 1094 387 533 218 585 273 76 220 193 277 1107 261 1131 333 586 237 608 278 454 234 495 277 395 232 427 281 286 254 313 294 664 236 684 250 350 233 400 269 505 236 533 270 326 235 345 277
0 225 88 285 1003 317 1089 413 998 237 1093 373 531 218 585 273 76 219 191 277 1107 261 1132 332 394 232 426 281 586 237 608 278 454 234 494 277 663 236 684 250 350 233 399 268 326 235 345 277 47 223 131 278
0 225 88 285 1003 318 1087 412 997 237 1093 372 529 215 585 273 393 232 424 280 77 219 190 276 1109 262 1133 331 587 237 608 277 456 234 493 276 663 236 683 250 494 236 519 274 46 222 131 277 326 235 346 277
0 224 86 285 997 302 1084 400 997 237 1093 370 527 213 584 273 46 222 129 278 392 232 422 280 275 255 303 293 1110 262 1134 330 494 235 518 275 456 234 491 276 587 237 607 276 80 219 189 276 663 235 683 249 326 234 345 276
997 302 1083 400 0 224 85 284 528 213 584 273 997 237 1094 369 274 254 302 294 392 232 421 280 45 222 128 278 494 234 518 275 1111 261 1135 330 455 233 490 276 587 238 607 276 663 235 683 249 115 221 202 273 326 234 345 275
996 302 1082 400 0 225 84 284 529 214 583 273 272 253 300 294 391 231 421 280 45 221 127 279 997 237 1094 368 494 234 519 274 454 233 490 275 116 220 201 274 587 239 608 275 663 235 682 249 1112 262 1135 330 352 232 397 267 325 234 344 274
995 302 1080 401 0 225 83 285 528 213 583 274 270 254 299 294 44 221 127 279 390 231 421 279 493 234 518 273 116 221 201 274 996 236 1093 368 588 239 609 274 663 235 682 249
994 302 1078 402 0 226 82 285 526 213 583 274 268 254 297 294 389 231 420 279 42 222 128 279 492 235 518 273 116 221 200 274 663 236 683 249 1115 258 1145 335 995 236 1090 368 325 235 343 275
993 301 1075 402 524 213 583 274 0 225 81 286 266 254 296 294 387 231 419 278 1116 258 1146 336 117 223 202 273 491 235 517 274 38 222 132 280 663 235 683 249 994 236 1087 367 591 251 615 281
993 302 1073 401 524 214 583 273 0 224 81 287 1117 258 1148 337 263 256 294 295 50 221 173 278 386 231 417 278 117 223 203 273 588 239 611 271 491 235 516 273 663 235 684 249 590 251 617 281 993 237 1084 367 340 233 379 266
993 302 1071 399 525 215 583 273 1119 265 1145 332 0 224 78 286 261 257 292 296 118 223 204 273 50 221 171 278 383 249 416 287 589 238 612 269 491 235 517 272 663 234 684 248 992 238 1082 366 339 232 379 265 322 235 340 275
992 302 1070 397 526 215 584 272 0 224 76 286 1121 264 1147 331 259 257 291 296 118 222 203 274 384 231 416 277 50 220 171 278 490 235 516 272 662 234 685 248 1057 257 1135 305 988 249 1079 343 339 231 378 265
984 299 1067 392 525 214 584 272 1123 263 1148 330 1059 257 1135 305 118 221 202 274 0 225 74 285 383 230 416 277 487 235 516 272 257 257 289 296 604 252 633 284 662 233 687 248 50 220 170 278 987 249 1078 343 338 230 378 265
984 299 1065 393 1058 257 1135 305 524 213 584 272 2 225 63 286 1124 263 1150 330 118 221 201 274 486 234 515 272 604 253 634 283 35 221 133 281 383 228 415 278 337 230 376 266 662 233 686 248
982 299 1062 393 1057 258 1135 306 525 213 583 273 1126 266 1152 331 12 219 110 284 117 221 202 274 605 252 636 283 486 235 514 272 246 256 280 298 53 220 165 279 4 238 63 291 337 231 374 266
980 300 1059 394 525 215 582 274 1057 259 1135 307 1123 260 1157 337 604 251 638 284 30 221 139 284 373 246 401 288 3 239 62 292 115 223 203 275 487 236 513 271 319 234 338 275 978 255 1062 341
977 300 1055 394 525 216 582 275 1058 259 1134 308 1123 262 1159 338 606 251 639 283 372 245 400 289 3 239 61 292 13 221 108 286 54 219 166 280 985 247 1051 357 318 234 337 275
976 301 1053 394 1124 263 1160 339 525 217 582 275 1058 259 1134 308 371 245 398 290 606 252 641 283 984 244 1051 361 12 220 109 287 53 218 168 280 3 240 60 292 441 248 474 288 317 235 336 276
975 301 1050 392 523 216 581 275 1124 263 1160 338 1055 260 1135 307 368 246 396 290 608 252 642 282 12 220 108 286 983 244 1050 360 87 219 179 276 440 248 471 288 237 258 269 299 486 236 512 271 2 239 58 291 316 235 336 275
974 302 1048 391 523 214 582 275 1054 260 1137 306 1127 262 1161 337 609 253 645 282 11 218 108 285 367 247 395 290 982 246 1049 358 87 219 180 275 234 258 268 300 440 248 469 287 485 236 511 273 1 239 56 290 316 234 337 275 384 233 430 272
1052 260 1138 306 520 212 581 277 1130 265 1157 334 10 218 107 285 980 306 1043 390 609 254 645 282 90 219 176 275 364 247 392 289 982 247 1046 354 484 234 511 273 438 250 466 287 315 233 337 275 383 233 428 271
520 211 581 277 1129 260 1161 337 9 216 109 286 1052 260 1139 306 88 219 177 275 361 247 390 291 437 251 466 288 979 306 1040 389 612 255 643 281 483 234 510 272 221 254 254 298 981 249 1043 351 315 232 337 274
519 210 580 278 1129 261 1161 338 8 215 112 288 960 303 1037 383 1051 260 1139 306 58 218 162 278 218 253 253 302 435 252 465 289 357 246 388 293 627 253 657 282 1 242 37 293 613 255 642 280 355 230 441 282 314 231 336 273
1131 262 1162 339 520 211 580 277 7 215 112 290 960 303 1036 382 58 218 162 278 1052 259 1139 307 627 254 661 283 435 251 465 290 355 230 439 284 0 241 38 295 355 246 387 295 958 256 1040 340 315 231 337 273
1133 262 1162 339 520 212 580 277 959 303 1034 382 7 216 110 290 59 218 161 278 1051 259 1140 309 434 251 465 290 625 255 663 283 957 255 1039 341 0 241 36 295 357 230 437 283 316 232 339 274
520 213 580 279 1051 263 1140 312 957 304 1031 381 7 218 109 291 60 219 160 279 1134 263 1164 340 962 248 1028 356 626 257 667 284 1 241 33 297
519 213 580 281 1051 263 1141 312 962 306 1022 383 58 220 161 282 960 247 1026 356 1138 262 1168 341 346 251 377 297 630 258 671 286 8 220 110 290
518 214 580 283 1138 265 1170 342 961 306 1022 382 1054 264 1141 313 344 250 376 299 635 259 673 288 56 221 161 283 959 248 1025 355 469 250 498 287 8 222 110 289 0 250 55 350 340 232 420 282
517 216 579 286 1139 267 1171 343 961 307 1021 383 1054 265 1140 313 342 249 374 299 637 259 673 288 56 222 160 284 194 240 238 311 960 249 1025 353 468 251 498 290 0 253 62 353 10 236 102 297
515 217 578 287 1141 269 1173 344 959 307 1020 383 340 251 371 300 56 224 161 285 1054 267 1141 315 959 250 1024 352 467 251 499 291 191 240 235 312 420 253 451 297 639 258 672 288
513 220 577 290 957 310 1018 383 1062 268 1152 317 958 252 1021 349 1143 270 1176 345 466 252 496 292 648 257 687 294 337 250 365 301 418 254 448 298 57 227 162 284 185 241 228 313 0 233 164 356
1062 269 1153 317 956 311 1015 383 514 221 578 292 650 258 691 294 957 255 1019 346 466 252 497 293 0 233 184 360 416 255 447 300 1144 278 1180 349 334 249 361 301 57 229 162 280 342 240 419 292
1 232 236 365 1060 270 1153 318 954 312 1014 384 653 259 692 295 514 221 578 293 1145 277 1181 351 465 253 496 293 957 257 1017 344 353 241 413 289 414 255 445 301 319 249 345 297 1007 261 1034 299
1 236 259 367 1060 271 1155 320 514 222 578 293 658 260 694 295 1148 276 1183 353 954 311 1013 384 350 242 411 290 464 254 495 294 413 256 444 302 319 250 349 301 958 258 1015 339 1007 263 1035 299 322 273 353 309
1058 270 1155 322 1151 275 1185 353 512 222 576 293 660 260 694 294 346 243 408 291 463 254 492 294 947 310 1005 382 412 256 442 301 316 250 348 301 5 239 262 362
0 244 353 367 1057 270 1157 323 947 311 1004 381 1154 273 1188 354 506 229 586 298 342 244 405 292 663 260 694 291 461 254 489 295 311 247 346 299 410 255 441 301 942 265 1004 342
1058 270 1157 323 6 243 367 366 946 312 1003 380 1155 273 1190 354 503 229 587 298 338 243 408 294 671 261 711 296 308 244 344 293 459 252 488 296 7 233 123 273 942 266 1003 340
1058 271 1158 323 42 242 388 365 944 311 1001 377 505 222 589 290 672 260 715 296 1159 273 1198 352 337 244 411 291 7 232 125 278 941 264 1002 339
1058 270 1158 321 47 236 451 365 943 309 1000 374 673 258 717 295 504 222 588 289 1162 267 1198 350 27 228 140 279 939 259 1000 340 1 244 79 300
1059 270 1160 319 1165 268 1200 349 504 221 588 288 937 289 999 365 677 256 721 294 27 225 140 284 2 243 80 299 131 237 489 354
1060 269 1161 318 154 236 491 358 1168 268 1202 348 936 291 998 365 6 222 125 292 502 220 589 287 682 255 720 293 1 241 64 298
203 236 530 358 1061 270 1164 318 4 220 127 294 934 290 996 365 1171 268 1206 349 501 219 590 286 116 230 167 321 686 255 720 291
1061 270 1166 319 5 221 124 293 932 289 994 365 486 220 576 287 110 230 163 321 1172 274 1208 351 697 255 742 296 251 239 570 351
1061 270 1169 321 4 221 121 293 929 287 992 365 1176 274 1209 353 273 242 568 351 701 258 744 297 105 230 156 321 499 221 591 283
316 245 614 357 1064 272 1170 323 928 285 990 365 3 231 112 300 1179 274 1211 354 704 259 745 297 501 223 589 278 259 239 304 308 91 233 146 322 662 245 685 258 291 239 411 293
1066 273 1171 324 927 283 989 365 5 231 112 303 1182 274 1212 354 706 259 746 295 371 245 646 354 83 261 142 331 254 240 300 313 295 242 375 298 707 276 752 305
1067 274 1172 325 381 248 654 357 293 245 374 299 7 231 110 305 1186 274 1220 356 922 283 981 363 75 260 135 333 710 258 744 291 242 262 290 323 720 277 761 305
423 248 692 358 1066 275 1174 326 921 283 980 364 289 246 371 302 1188 275 1222 356 8 231 112 308 237 264 285 324 717 277 767 307 402 241 455 268 723 259 758 296
1068 275 1173 326 920 283 979 364 1190 276 1226 356 285 246 370 304 57 257 117 337 229 264 279 326 443 250 697 355 720 276 772 308 8 231 110 310 352 242 401 311 726 260 760 294
1071 275 1172 326 918 283 976 363 483 250 743 353 1194 276 1229 355 347 240 400 308 8 231 109 313 281 243 371 305 731 258 763 291 996 272 1023 316 213 264 262 327
1073 274 1170 325 916 284 973 362 207 265 258 328 1196 276 1231 355 508 251 740 351 339 239 388 312 9 232 105 315 273 246 348 302 484 218 566 285 734 257 764 290 997 270 1023 316 460 250 501 289
532 254 795 351 1074 273 1170 324 914 285 971 361 484 217 567 295 199 265 252 328 268 244 346 302 1199 275 1233 355 335 239 386 311 16 261 92 336 998 268 1023 317 459 247 499 287
1073 272 1171 324 913 257 971 343 484 216 566 296 1202 274 1235 355 265 243 346 303 331 238 383 311 546 254 796 348 999 266 1024 317 8 230 104 311 190 264 241 329 459 248 497 283 4 261 81 336
1082 270 1180 324 911 255 968 343 485 215 566 297 260 241 347 305 583 255 834 347 9 224 106 284 7 253 65 338 182 264 234 329 1212 274 1245 358 999 265 1027 317 326 238 380 309 457 248 496 281
1081 269 1182 324 907 287 964 360 485 215 565 297 254 238 348 305 8 224 106 288 1213 275 1247 356 626 253 881 347 316 237 360 316 999 263 1029 317 164 264 218 332 560 242 591 273 456 247 494 280
646 255 883 347 1080 269 1185 324 157 264 216 333 906 287 963 359 485 216 567 296 7 224 106 290 249 236 350 305 1216 277 1252 356 315 235 356 317 357 254 389 304 1001 264 1031 316 560 241 590 272 455 247 495 280
1082 270 1188 323 5 224 106 291 908 254 964 341 248 236 351 306 491 219 558 295 151 263 210 334 1218 278 1256 357 655 254 887 345 356 254 388 304 311 236 352 316 454 247 495 282 560 241 590 272 415 272 446 306 1003 265 1032 316
1083 272 1193 325 696 255 921 347 3 224 108 292 486 217 565 295 239 240 333 307 909 255 963 340 452 248 495 283 411 272 444 308 560 242 589 272 1221 280 1262 359 1005 266 1032 316
1085 273 1198 326 0 230 107 299 484 217 565 296 234 240 330 309 449 248 494 286 728 252 969 350 1212 313 1273 556 108 258 165 342 909 254 964 342 559 243 588 272 408 271 441 309
749 255 962 351 1086 275 1200 328 101 259 168 344 0 230 106 300 483 217 566 296 282 234 329 321 1205 316 1273 552 448 248 493 286 909 289 965 357 558 249 586 280
1086 274 1201 328 761 255 972 350 483 217 564 297 3 230 87 301 1201 314 1272 554 229 238 328 308 97 259 159 342 559 243 587 272 661 248 682 259 448 248 491 286 343 268 376 312
1086 273 1203 328 481 216 563 296 2 229 81 301 228 237 327 309 1198 267 1271 509 787 257 1016 347 559 243 586 271 662 247 681 258 907 247 964 347 340 268 373 311
1088 273 1203 327 479 216 561 296 805 257 1022 343 229 236 326 311 0 223 76 290 1191 256 1271 513 253 257 302 335 558 243 586 270 663 247 680 257 388 269 423 311 909 247 962 348
844 260 1056 343 1092 272 1200 327 463 215 553 300 208 234 311 314 240 263 287 336 1185 245 1272 516 558 243 586 270 24 225 111 346 0 223 61 289
855 261 1063 342 1095 273 1197 328 464 214 552 300 236 226 287 325 1169 257 1269 505 14 254 98 348 372 243 426 307 558 242 586 270
461 213 551 302 1105 272 1208 333 202 235 308 316 1165 259 1269 497 886 262 1097 343 556 242 587 270 664 248 680 259 437 247 476 291
459 213 550 303 1105 273 1210 333 1161 259 1268 494 894 264 1108 344 201 236 307 319 557 243 587 270 664 249 681 259 435 250 475 290 1174 374 1267 561
903 267 1121 345 458 224 547 304 1108 274 1213 334 1155 261 1268 491 362 270 400 319 202 238 304 320 4 232 104 299 557 244 588 270 1169 374 1269 558 433 252 473 289 316 270 350 316 689 252 704 263 663 250 680 260 646 248 662 259
904 268 1128 345 461 224 546 304 1111 274 1215 334 1151 262 1268 492 2 231 105 300 186 280 242 352 359 271 397 320 183 224 244 329 314 270 348 318 866 278 910 318 560 245 588 269 432 253 472 288 1164 372 1271 559 877 255 904 289 208 239 301 321 645 247 662 259
459 213 547 304 1152 347 1273 537 930 272 1147 355 1 234 86 299 869 279 915 319 1148 260 1260 436 177 237 287 321 1119 273 1209 330 309 270 345 318 880 254 906 290 357 271 394 320 544 250 571 281 412 254 441 305 561 245 588 269 430 252 469 288
458 213 547 304 937 272 1159 356 1148 345 1271 535 179 237 284 323 1143 259 1258 436 0 234 83 298 543 248 571 281 156 232 211 325 428 252 469 288 562 245 587 268
456 221 542 307 1145 343 1270 534 179 239 277 324 942 272 1171 357 1138 257 1255 437 0 234 80 299 541 246 570 282 134 277 191 359 338 274 378 325 563 245 588 267 154 229 207 328
454 221 539 308 1143 344 1268 535 994 271 1186 358 1135 255 1253 440 539 247 569 283 155 238 267 325 133 228 187 330 0 232 79 300 388 245 434 314 565 245 588 267 120 278 192 361 334 274 373 324 290 270 328 321
452 221 537 309 152 240 261 326 1131 257 1258 493 1020 273 1168 355 536 246 567 285 0 231 77 302 387 245 432 314 98 276 172 367 567 245 589 267 111 229 166 329
450 220 537 310 1128 257 1255 491 1043 273 1176 355 534 246 566 286 147 240 256 326 81 237 167 362 307 262 358 327 0 230 73 302 391 273 429 322 568 245 590 267 1149 378 1259 547
447 219 537 311 1126 260 1252 486 122 240 250 327 1054 277 1174 353 534 246 566 286 303 261 352 328 0 233 59 299 390 274 428 322 68 276 146 370 568 245 589 266 1147 381 1256 543 1024 272 1055 324
430 220 538 310 1126 262 1250 482 113 238 247 328 533 245 566 287 389 274 425 322 33 256 123 379 1068 280 1169 351 299 259 347 329 567 244 588 266 0 235 57 298 1025 272 1058 325 280 236 332 320
429 219 535 309 1126 265 1250 480 93 238 230 326 531 245 565 285 282 260 336 330 1092 274 1179 335 380 241 422 313 21 234 109 369 566 243 587 263
427 207 532 308 1124 267 1251 479 71 232 240 325 277 260 329 328 378 240 419 312 534 238 566 274 566 240 586 260 258 233 308 316 1100 273 1178 333
428 204 528 306 47 227 217 324 1133 350 1251 508 1125 252 1248 438 532 235 565 271 257 232 309 317 567 238 586 256 376 239 417 310 922 295 1062 348 273 259 323 325
32 223 208 321 427 201 527 304 1132 346 1249 504 1123 247 1248 437 255 262 312 324 529 231 566 269 363 237 412 311 916 294 1071 346
1130 343 1248 502 19 221 199 320 423 198 524 302 1124 246 1246 435 529 229 565 266 360 236 408 312 251 260 303 324 232 229 285 314
3 221 177 320 1128 341 1247 501 419 198 523 301 1126 247 1244 433 225 224 286 318 528 229 564 265 357 236 403 313
1 221 169 321 398 203 522 301 1128 343 1245 501 1125 249 1242 431 220 258 281 328 353 236 398 314 516 230 555 274 305 216 360 292 223 213 275 293 562 232 584 250
