

173 123 339 210 810 203 935 374 416 124 484 164 593 242 694 361 810 342 937 519 989 7 1270 707 593 145 709 303 512 120 538 142
183 124 339 206 419 126 484 165 593 243 696 362 813 204 940 386 805 347 951 528 594 146 709 301 987 14 1268 704 512 122 538 143
188 125 339 206 421 127 485 165 595 244 696 363 596 148 710 301 818 351 966 533 512 123 538 144 816 208 941 390 984 18 1267 701
192 125 354 203 424 127 486 164 591 247 701 385 597 148 711 303 833 220 964 423 512 123 539 143 819 385 970 556
193 126 356 202 426 127 487 164 839 221 972 420 598 149 712 304 593 246 702 386 513 123 539 143 822 385 983 566
195 126 359 202 427 128 487 164 836 216 986 390 599 151 710 301 593 246 701 386 513 123 540 143 828 390 999 577
197 125 360 203 427 129 487 165 599 154 709 297 839 230 998 416 592 248 698 383 513 124 540 144
201 126 361 204 428 130 487 167 599 157 708 296 846 233 1005 420 977 20 1266 702 591 251 695 381 680 174 738 270
206 128 361 204 430 132 487 169 596 159 707 297 984 19 1265 705 866 240 1020 423 588 260 685 378 681 176 737 267
211 131 360 205 428 136 487 172 867 243 1026 434 594 162 707 302 991 15 1266 709 587 260 684 381
214 132 359 206 428 137 485 174 875 247 1039 441 593 163 707 304 994 11 1268 712 587 261 683 383
216 131 360 205 426 135 484 172 592 161 706 304 587 272 674 368 875 242 1053 527 996 0 1268 716
217 129 362 204 426 132 483 169 995 0 1265 719 584 271 671 369 577 154 683 307 885 247 1060 534
218 127 364 203 425 131 482 167 576 154 683 306 990 0 1262 718 581 268 668 371 669 234 722 304
218 128 364 204 425 133 481 170 979 0 1257 712 574 156 682 304 580 268 665 372 667 235 722 306
219 130 364 205 974 0 1255 709 425 137 479 173 572 159 681 302 577 267 663 373 664 238 721 310
221 132 363 206 425 140 477 175 975 0 1254 710 571 160 680 300 575 266 661 373 661 240 722 312 490 135 523 159
222 133 362 208 425 142 475 176 569 161 680 301 986 0 1257 715 574 267 660 371 490 139 520 161 657 243 712 315
223 133 362 208 424 142 473 176 567 160 680 303 990 0 1259 719 656 243 711 317 490 139 519 161 569 255 660 382
224 133 369 208 566 158 681 306 423 141 473 176 989 0 1261 719 492 139 519 160 655 242 711 318 569 254 661 381
228 134 367 207 424 141 474 176 567 156 683 306 987 0 1262 719 492 139 520 159 656 240 711 318 569 252 664 382
234 135 366 205 425 142 475 175 568 154 684 306 991 0 1263 719 494 140 521 159 656 239 712 317 569 252 667 381
239 136 367 205 426 142 475 175 569 152 684 306 494 141 521 160 999 0 1265 719
243 137 368 206 569 154 684 306 424 148 475 182 494 144 521 163 1004 0 1266 719
245 140 369 208 422 149 476 184 569 157 683 308 493 146 521 166 1005 0 1267 719
245 144 370 210 420 152 477 186 567 160 682 309 492 148 520 168 1008 0 1269 719 653 252 711 333
245 146 372 211 420 152 476 187 564 160 678 310 492 149 519 168 567 253 646 353 651 254 711 333
249 145 372 209 420 150 475 186 562 158 674 307 570 249 639 354 492 149 517 167
251 141 371 205 559 154 672 308 492 146 517 163 570 245 638 353 421 148 472 183 164 138 254 174
252 136 370 202 424 141 471 175 556 147 668 307 569 241 636 351 492 142 517 159 143 135 231 171
252 132 371 201 422 138 472 173 556 134 658 266 557 220 653 350 492 138 517 155 137 132 227 170 629 168 729 306
252 130 374 200 422 136 471 171 554 133 655 266 554 216 650 348 628 165 728 306 492 136 517 153
253 129 375 201 422 136 470 170 552 133 653 265 551 215 648 349 623 164 727 307 491 136 517 153
254 131 374 201 423 139 469 171 551 133 652 266 548 215 646 352 620 164 725 313 491 138 516 155
255 134 373 201 423 140 470 172 546 215 647 354 551 133 652 267 491 140 514 157 619 164 722 315 3 139 118 198
257 134 374 201 423 140 469 172 544 214 647 354 552 133 653 268 491 140 514 157 618 163 723 315
265 134 380 197 423 139 469 172 550 133 652 268 542 213 646 353 491 138 515 155 617 162 727 316
266 135 379 197 424 138 468 172 541 138 656 313 490 138 515 156 543 213 631 355 615 161 730 318
266 137 379 199 421 141 461 174 540 139 655 312 541 215 629 355 490 140 514 158 614 159 731 323
266 140 379 201 541 142 652 310 539 217 628 358 420 144 460 176 491 145 512 161
268 143 379 202 417 151 463 180 534 143 636 316 1002 0 1266 719 491 147 511 163
270 145 379 204 416 151 464 183 532 147 636 312 1002 0 1266 719 491 150 511 166 534 220 626 361
272 145 380 205 416 152 464 183 530 150 637 309 998 0 1267 719 490 150 511 166 531 221 626 363
274 147 380 207 417 154 462 186 528 155 636 310 996 0 1266 719
278 150 381 209 418 157 461 189 527 157 635 312 995 0 1266 719
281 154 382 212 419 160 460 192 525 160 633 315 995 0 1265 719 491 159 511 179 528 256 620 388
284 156 383 213 419 162 461 194 524 160 634 316 526 259 620 393 490 162 513 182 692 256 742 329 996 0 1267 719
285 156 383 213 522 159 634 315 419 162 461 193 524 259 621 399 691 256 743 331 490 162 511 182 695 192 749 309
286 155 384 211 418 159 460 191 519 157 633 314 694 189 750 309 521 259 620 400 690 255 743 331
288 152 385 207 417 155 460 187 692 185 751 309 516 152 634 316 518 259 618 399 690 254 744 329
289 150 386 204 692 182 753 308 417 153 460 185 514 147 636 319 516 260 615 398 998 0 1270 719 689 254 745 327
289 151 385 205 416 155 460 186 690 182 755 309 501 149 655 311 514 260 615 403 996 0 1269 719
290 153 383 208 415 158 458 189 499 152 654 315 685 184 765 309 511 261 616 409 997 0 1267 719
291 156 382 212 414 162 457 192 496 157 653 320 684 187 765 314 509 264 618 417
292 162 381 218 414 165 456 194 495 160 653 321 508 269 618 421 682 189 763 319 685 258 747 337
296 163 382 219 414 166 456 195 495 161 651 319 683 204 761 335 507 271 619 425 472 167 494 185 684 262 738 338
300 163 383 218 414 166 456 195 496 159 652 318 685 205 748 331 507 270 622 427 469 166 494 185
304 165 386 213 414 164 457 193 496 155 653 318 684 262 738 340 682 199 755 337 507 268 624 428 467 164 495 183
306 161 385 207 414 160 457 190 493 144 661 407 686 189 750 315 683 261 737 338 507 268 624 429 467 161 496 180
308 158 386 204 415 157 458 187 493 143 666 404 679 181 757 323 683 260 738 337 993 0 1269 719 509 270 624 429
311 154 389 201 494 141 670 405 417 155 458 185 679 180 757 321 683 257 738 337 993 0 1268 719 511 270 624 430
315 153 393 200 495 141 675 407 995 0 1267 719 687 184 752 314 418 155 459 184 685 257 746 338 514 288 621 449
319 156 397 204 515 143 683 413 997 0 1266 719 686 259 748 343 690 191 752 311 429 159 465 187 518 290 628 455
522 147 689 424 996 0 1267 719 684 209 760 345 526 299 633 462 689 279 749 358 322 159 401 206 433 167 467 191
687 212 765 350 531 150 696 435 992 0 1266 718 691 285 751 362 328 171 402 221 533 309 637 470 435 181 470 205
340 182 408 225 689 216 770 356 438 185 474 211 539 153 703 438 986 0 1267 716 545 319 651 477 694 290 754 366
343 186 412 227 691 217 772 360 440 188 476 214 544 155 706 439 986 0 1266 714 550 321 660 480 696 289 755 367
348 187 418 229 549 158 708 440 693 217 771 363 442 190 478 216 991 0 1267 718 558 331 672 504 698 303 754 380
555 159 709 442 352 186 422 228 998 0 1267 717 442 189 480 216 694 217 770 362 565 332 685 506 699 303 756 380
557 159 712 442 356 182 424 226 1002 0 1269 719 570 332 695 508 707 222 763 333 443 186 480 213 701 289 759 366
563 156 731 436 357 178 426 222 582 332 709 510 456 185 489 208 1004 0 1268 717 717 216 768 336 705 290 758 363
559 159 737 432 456 182 491 206 362 176 430 218 556 337 711 514 723 214 771 338 1003 0 1268 718
555 164 744 428 364 176 431 219 457 181 493 205 550 343 716 518 728 212 772 339 1002 0 1268 719 0 174 56 421
364 177 438 217 456 181 493 204 550 171 752 429 0 184 77 414 559 342 737 521 1001 0 1269 719
363 176 437 215 538 180 762 477 456 180 490 203 557 346 740 521 1 179 84 414
2 178 115 407 552 346 745 519 538 186 769 482 370 175 428 210
0 170 126 399 547 342 752 515 435 163 477 189 360 163 417 196 1002 0 1266 719
0 142 145 423 351 153 423 194 516 342 734 508 993 0 1266 719 437 158 473 181
1 134 150 423 352 151 416 184 674 177 739 269 989 0 1264 719 436 144 471 166
2 102 162 393 349 133 411 169 667 165 735 275 984 0 1262 719 437 139 467 158
2 98 170 389 655 148 740 292 347 127 406 161 978 0 1258 719 411 119 450 143
0 96 176 380 343 113 404 154 652 133 737 273 410 113 450 140
0 95 181 373 639 131 727 271 343 112 401 151 409 110 447 136
639 127 724 270 0 92 187 367 335 107 397 147 408 107 445 132
637 121 721 266 335 102 398 142 0 67 192 334 409 105 443 128
0 73 216 320 635 115 718 259 336 98 397 136 409 98 445 122 68 206 1012 702
0 83 216 288 633 109 716 253 409 95 444 118 59 204 1022 699 337 91 394 126
0 77 221 277 335 85 392 123 630 103 713 247 57 213 1027 698 410 90 441 110
0 74 227 267 332 82 389 117
0 69 231 242 326 78 384 113 388 80 424 100 578 80 617 116
0 71 231 236 323 77 379 111 386 81 418 100
11 70 235 225 13 29 1092 697 324 76 372 109
22 67 242 211 11 27 1099 699 369 70 406 94 318 76 364 106
34 62 247 197 36 28 1217 695 323 65 373 100 370 65 405 88
56 58 259 187 321 59 374 95 34 37 1218 692
71 45 265 164 0 43 1113 688 323 55 373 87
86 41 272 154 2 41 1103 696 331 43 378 72 385 44 419 65
100 36 278 143 330 37 381 70 4 42 1100 701 385 38 419 59
