

321 346 841 695 61 446 156 502 339 429 382 460 309 433 348 466 292 436 334 469 363 428 395 452
321 346 841 695 61 446 156 501 339 429 382 460 309 433 348 466 292 436 334 469 363 428 395 452 238 444 273 476
322 345 841 696 62 445 156 501 339 429 381 460 309 433 348 466 292 437 334 469 364 428 395 452 239 444 273 476
322 345 841 696 62 445 156 501 339 430 381 459 309 433 348 466 292 437 334 468 364 428 395 452 239 444 273 476
322 345 841 696 62 446 157 501 339 430 381 459 309 433 348 466 293 437 334 468 364 428 395 452
322 345 840 696 62 446 157 501 339 430 381 459 308 433 348 466 293 437 334 468 364 428 395 452
322 345 840 696 62 446 157 501 339 430 381 459 308 433 348 466 363 428 395 452
322 345 840 695 62 446 157 501 339 430 381 459 308 432 348 466 364 428 395 452
322 345 840 695 62 446 157 501 339 430 381 459 308 432 347 466 364 428 395 452
321 345 840 695 62 447 157 501 339 429 381 459 292 436 334 469 364 428 394 452
321 346 840 695 61 447 157 501 339 429 381 459 292 436 334 469 364 428 394 452
322 346 840 696 61 447 157 501 339 429 381 459 292 436 334 469 364 428 394 452
322 346 840 696 62 447 157 501 339 429 381 459 292 435 334 468 309 432 347 466 364 428 394 452
322 346 841 696 62 447 157 501 339 430 381 459 292 435 334 468 309 432 347 466 364 428 394 452
322 346 841 696 63 446 157 501 340 430 381 459 292 435 333 469 310 432 347 466 364 428 394 452 265 440 297 471
321 346 842 696 63 446 157 501 340 430 381 459 310 432 347 466 292 435 333 469 365 428 394 452 265 440 297 471
321 345 842 697 63 447 157 501 340 430 381 459 310 432 347 466 292 435 333 468 365 428 394 451 265 440 297 471
320 345 842 697 63 447 157 501 340 430 381 459 309 432 347 466 292 435 333 469 365 428 394 451 266 440 297 471 239 443 272 476
320 345 842 697 63 447 157 501 340 430 381 459 309 433 347 466 292 435 333 469 266 440 296 471 365 428 393 451 240 443 272 476
320 345 843 697 63 446 158 501 340 430 381 459 309 433 347 466 292 435 333 469 266 440 296 471 365 428 393 451
320 344 843 697 63 446 158 501 340 430 381 458 309 433 347 466 292 435 333 468 365 428 394 451 266 440 296 470
319 344 843 697 63 446 158 501 340 430 381 458 309 433 347 465 292 435 333 468 365 428 394 451 266 440 296 470
319 344 843 697 64 447 158 501 340 430 381 458 309 433 347 465 291 435 333 468 365 428 393 451 266 440 296 470
320 344 843 697 64 447 158 501 340 430 381 458 309 432 347 465 291 435 334 468 364 428 393 451 266 440 296 470
320 344 843 697 65 447 158 500 341 430 381 458 308 432 347 465 363 428 393 451 266 440 296 470
319 345 844 697 65 446 158 500 341 430 381 458 308 432 347 465 363 428 393 452
319 345 844 697 65 446 158 500 341 430 381 459 308 432 347 465 363 428 393 452
319 345 844 697 66 446 158 500 341 430 381 458 308 433 347 465 363 428 393 452 238 443 273 476
319 345 844 697 66 446 158 500 341 430 381 458 308 433 346 465 363 428 393 452 239 443 273 476 267 440 297 470
319 344 843 698 66 446 157 500 341 430 381 458 308 433 346 465 292 436 334 468 363 428 393 452 239 443 273 476 267 440 297 470
319 344 843 698 66 446 157 501 341 430 381 458 309 433 346 465 292 437 333 468 363 428 393 452 239 444 273 476 267 440 297 470
319 344 844 697 66 446 157 501 341 431 381 458 308 433 346 465 363 428 393 451 239 444 273 476 267 440 297 470
319 345 844 697 66 446 157 501 342 431 381 458 308 433 346 465 363 428 393 451 239 444 272 476 267 440 297 470
319 345 844 696 66 446 157 501 342 431 381 458 308 433 347 466 362 428 394 451 239 444 272 476 267 440 297 470
319 345 843 697 66 446 157 501 341 431 381 458 308 433 347 466 362 428 394 452 239 444 272 476 267 440 297 470
319 345 843 697 66 446 157 500 341 430 381 458 308 433 347 466 363 428 394 452 239 444 272 476
318 344 844 697 66 446 156 500 341 430 381 458 307 433 347 466 362 428 394 452 239 444 272 476
315 345 845 697 68 445 155 501 341 430 381 458 307 433 347 465 362 428 394 451
313 344 844 697 341 430 381 458 307 433 347 465 0 281 237 701 72 444 154 499 362 428 393 451
303 342 846 698 341 430 381 458 306 433 348 465 0 325 304 647 361 427 394 452
291 341 849 697 340 430 382 458 305 432 350 464
328 350 830 645 112 343 397 624 0 426 159 566 339 430 382 458
326 353 830 644 0 427 181 564 177 320 377 643
365 344 834 657 2 425 211 561 217 325 418 631
3 422 225 557 268 372 838 667 226 337 477 624
9 419 240 555 275 372 833 667 266 335 458 610
16 417 248 550 280 370 833 667 274 335 461 603
322 354 828 648 35 419 284 546 272 341 459 603
56 416 282 542 296 361 829 672
264 343 836 695 71 416 286 537
264 345 839 694 77 416 293 534
262 346 840 693 101 419 318 530
266 347 839 692 116 416 325 525 65 443 148 502
267 348 837 692 134 414 332 522 64 444 148 502
269 349 835 691 150 413 367 517 64 444 155 502
267 349 835 691 166 414 361 514 64 444 158 501
268 347 836 691 180 414 357 512 64 444 159 501
268 346 836 692 191 415 357 512 64 445 158 501
274 345 837 693 67 445 156 501 200 414 358 513
277 344 838 693 204 414 365 517 69 443 155 500
280 343 841 693 22 389 129 576 236 412 378 487
282 343 843 692 245 412 379 483 57 383 163 564
281 344 844 691 73 378 174 564 263 412 389 483
286 346 845 691 268 412 391 481 83 387 179 556
295 346 843 692 127 378 214 559 273 412 393 481
304 345 842 694 67 448 150 501 280 412 394 483 142 375 225 528
306 345 841 697 66 448 155 500 296 413 402 480 168 385 254 551
300 344 843 697 66 447 156 500 298 412 403 482 179 374 268 528
300 344 843 698 65 446 156 500 304 414 404 481 209 388 299 556
294 343 845 697 65 445 156 500 308 415 404 480 218 383 302 549
278 344 847 698 65 444 156 500 312 416 405 478 230 372 316 529
268 346 849 697 65 444 157 500 242 374 324 526 319 415 404 477
264 346 849 696 65 443 157 500 333 411 417 472
274 346 846 696 64 443 157 500 282 392 337 506 336 412 416 472
279 344 845 697 65 443 157 500 286 393 340 505
276 344 846 697 64 444 157 501 303 392 355 499
269 343 847 696 64 444 157 501 308 394 361 498
258 344 848 695 63 445 157 501 326 395 376 491
259 344 849 694 63 445 157 501
265 343 849 696 63 445 157 501
270 343 849 696 63 445 157 502 309 434 347 461
271 343 849 696 63 445 157 502 309 433 351 462
262 345 851 694 63 445 157 502 308 433 352 462
255 346 854 694 63 445 157 502 307 432 351 463 341 432 376 459
250 345 855 694 63 445 157 502 341 431 379 459 306 432 350 463
250 344 855 695 63 445 157 501 341 430 382 458 305 431 348 463
252 343 854 695 63 445 157 501 341 430 383 458 305 431 349 463
255 343 854 694 63 445 157 501 341 430 383 458 305 431 349 463
260 343 854 694 63 445 157 501 341 430 383 458 305 431 349 463 358 427 392 451
261 344 853 693 63 445 157 501 341 430 383 458 305 431 349 463 359 427 393 452
259 344 854 692 63 445 157 501 341 430 383 459 305 431 348 463 359 427 394 452
256 345 855 692 63 445 157 501 341 430 383 459 305 431 348 463 360 427 394 452
254 345 856 691 63 445 157 501 341 429 383 459 304 431 349 463 360 427 394 452
254 346 856 692 63 445 157 501 341 429 383 459 304 431 349 464 360 427 394 452
254 346 855 692 63 445 157 502 341 429 383 459 304 431 349 464 360 427 394 452
254 346 856 692 63 445 157 502 341 429 383 459 304 431 349 464 360 427 394 452
252 346 856 693 63 445 157 502 341 429 383 459 303 431 349 464 361 427 394 452
252 347 856 693 63 445 157 502 341 429 383 459 304 431 349 464 361 427 394 452
