

333 340 414 391 0 574 1279 706 461 342 526 385 647 349 666 386 704 340 759 396 615 344 638 364
334 339 414 390 0 574 1279 706 461 341 526 384 706 340 761 397 647 348 667 386 1128 345 1204 407 1063 344 1118 399 615 344 639 364 929 350 1016 401
336 339 414 389 0 574 1279 706 461 341 526 384 648 347 667 385 707 340 763 397 1133 345 1209 407 1068 345 1123 399 614 343 639 365 931 350 1019 402
338 339 415 390 0 575 1279 706 462 341 526 385 648 348 668 385 707 340 764 397 1135 344 1212 408 1072 346 1126 401 615 344 639 365 929 350 1021 402
339 340 417 391 0 576 1279 706 462 342 527 386 648 349 668 385 711 339 770 400 953 351 1036 402 1149 345 1228 410 616 344 639 364
341 342 420 392 462 342 528 387 0 575 1279 707 648 350 668 385 711 342 770 401 956 352 1040 403 1153 346 1233 412 693 353 712 375 1086 350 1142 405
341 342 423 393 463 342 528 388 0 574 1279 707 711 341 771 402 647 350 668 386 959 353 1042 405 1091 352 1148 405 1159 346 1239 413 694 352 713 375
343 342 424 393 464 342 529 388 0 574 1279 706 713 341 773 403 647 350 668 385 958 353 1044 405 1095 352 1152 407 693 352 714 375
346 340 426 393 465 341 530 388 715 339 776 404 0 575 1279 707 648 349 667 384 975 352 1060 407 1175 359 1258 417 693 351 715 375
349 339 426 393 467 340 531 388 0 576 1279 707 717 339 778 404 649 349 667 384 975 351 1066 406 1114 352 1173 408 1182 344 1262 414 694 351 715 375
351 338 427 393 468 340 532 388 0 577 1279 708 718 338 779 405 1120 351 1179 409 650 349 668 384 977 351 1070 406 1194 358 1272 419
352 337 429 392 469 339 533 387 720 340 780 404 0 575 1279 707 650 349 667 382 975 350 1072 407 695 351 716 375
352 336 430 391 471 339 534 387 722 340 782 404 0 573 1279 706 1143 351 1199 411 995 350 1093 407 695 350 717 375 1216 342 1276 414
355 339 433 385 472 338 536 386 0 570 1279 706 724 340 783 403 1222 340 1279 416 992 348 1099 407 1152 348 1205 411 616 342 640 363
356 339 433 384 0 569 1279 706 473 337 536 385 726 338 784 402 993 347 1100 407 1158 347 1217 411 616 341 641 363 1225 338 1279 416
356 338 434 383 0 568 1279 706 475 335 534 381 728 336 787 402 616 340 642 362 993 345 1100 407 1241 329 1279 418 1167 343 1223 411
361 335 432 379 0 568 1279 705 475 335 535 380 616 338 642 360 1185 341 1243 410 1018 343 1120 406
362 334 434 378 0 570 1279 705 734 329 799 404 476 334 536 377 663 338 682 369 617 336 642 358 1191 340 1250 410 1048 345 1140 406 710 340 737 369
364 333 437 377 0 571 1279 704 737 329 800 403 478 334 538 376 663 337 683 369 618 336 642 357 710 339 739 370 1043 343 1145 407 1213 340 1269 411
365 332 440 377 0 571 1279 703 740 327 802 403 475 334 542 376 663 336 683 369 618 336 643 357 709 338 739 370 1219 341 1273 413
367 332 444 377 0 571 1279 703 736 333 813 403 476 334 545 377 663 336 683 368 710 338 740 371 617 336 642 357 1099 346 1185 412
369 332 447 377 0 570 1279 703 739 332 816 404 476 334 547 377 709 338 740 371 665 336 683 367 615 335 642 357
371 332 449 377 0 571 1279 704 741 332 818 405 709 338 740 372 477 334 548 377 666 337 684 367 613 335 641 356
374 332 450 377 0 570 1279 704 744 331 820 406 477 334 550 377 709 338 739 371 666 337 684 366 616 334 641 356 1049 352 1137 438 942 353 999 436
376 330 451 377 0 569 1279 702 478 332 550 375 666 336 685 365 711 338 739 370 618 334 641 355
378 329 452 376 750 331 838 409 0 569 1279 701 666 336 686 364 478 331 550 373 712 338 739 368 1077 353 1167 438 620 334 642 355
378 327 453 375 0 569 1279 699 752 329 842 409 666 334 687 363 713 336 741 367 487 328 543 372 619 333 643 354 1081 353 1172 440 951 352 1034 433
0 569 1279 698 667 331 687 360 383 324 457 368 489 325 551 369 713 331 742 364 755 328 844 407 737 330 761 366
383 321 458 365 0 569 1279 698 668 329 686 358 487 321 550 366 713 326 743 361 737 326 763 364 1216 341 1276 416
384 317 458 362 0 568 1279 699 487 317 552 362 669 326 686 356 736 322 765 363 713 323 744 358 1220 338 1279 415
385 317 457 361 487 317 551 361 0 567 1279 701 669 327 687 355 736 322 766 363 714 323 743 357 619 319 640 338 1221 335 1279 416
387 316 458 360 488 315 551 360 0 565 1279 701 669 328 688 355 736 321 766 362 714 323 744 356 772 331 864 407 620 318 639 337
388 315 459 359 0 563 1279 701 489 314 551 360 670 328 689 355 737 320 767 362 774 332 862 407 715 323 744 355 620 317 640 336
490 314 551 360 0 562 1279 702 389 315 462 359 671 328 690 355 776 332 865 407 737 320 768 362 715 323 744 355 1050 348 1141 439 620 316 638 335
490 314 552 360 0 560 1279 702 390 315 465 360 671 327 689 357 716 323 744 355 778 335 869 408 740 321 768 360 618 315 639 336 1051 346 1144 438 9 321 62 352
490 314 552 360 391 314 468 360 0 557 1279 702 671 327 689 357 716 324 745 355 799 324 852 415 739 322 766 360 618 316 639 336 757 324 786 367
490 313 552 360 0 553 1279 702 393 313 470 361 671 327 689 358 716 323 746 355 798 322 851 418 738 321 765 359 757 322 786 367 1100 327 1198 457 618 317 639 337 978 327 1065 413
491 313 552 360 0 554 1279 702 395 312 471 362 671 327 689 358 797 320 849 421 717 323 748 355 755 321 786 367 733 320 763 360 977 329 1066 413 619 318 639 337 1105 326 1203 459
491 313 552 360 0 555 1279 702 671 327 690 358 397 311 470 362 797 318 849 424 754 319 787 367 730 319 763 360 718 324 749 355 976 329 1067 413 619 318 640 337
0 556 1279 701 492 313 552 360 671 327 690 358 399 312 471 362 754 319 788 367 727 319 761 361 801 316 849 427 619 317 641 338 998 327 1091 421
0 558 1279 699 493 313 553 360 672 327 691 358 754 319 791 367 400 313 473 362 727 320 760 361 619 317 643 338 802 314 850 431 998 328 1092 419 1154 323 1262 471
0 560 1279 697 755 319 793 367 493 314 555 360 672 327 692 359 726 320 759 361 401 314 475 362 618 317 644 339 1020 326 1119 427 1156 322 1267 470 1105 320 1205 456
0 562 1279 696 495 314 556 361 672 327 692 359 756 320 795 368 726 321 760 361 402 313 476 363 618 317 643 338 1019 327 1121 425 794 298 870 441 979 333 1066 412 1157 320 1267 470 926 332 1014 402 1075 322 1234 452
0 562 1279 698 496 313 558 361 727 320 763 361 673 326 692 357 406 314 485 360 794 303 871 446 759 319 796 367 618 317 642 338 1020 329 1119 422 1157 319 1264 469 1105 319 1206 455
0 562 1279 699 728 318 767 361 498 312 559 361 409 314 483 360 673 326 693 355 794 307 871 450 769 313 819 374 635 319 659 340 617 317 641 337 1096 347 1190 444 1158 319 1262 469
731 318 771 361 0 562 1279 700 500 312 561 361 768 314 819 373 412 314 481 361 793 309 870 455 675 326 694 354 632 317 661 341 1096 349 1191 442 1157 319 1262 468
731 319 772 361 0 561 1279 700 501 313 561 361 413 315 477 360 770 314 820 374 633 317 662 341 793 307 867 460 675 327 694 353 1155 319 1262 466
734 320 775 362 416 315 479 361 0 559 1279 699 504 313 563 360 684 326 704 357 791 308 866 470 634 316 663 342 778 319 813 372 1157 320 1262 462
420 315 481 361 0 557 1279 698 507 314 565 359 830 294 997 438 736 320 776 361 686 326 707 355 786 309 869 479 636 317 663 341 1201 318 1279 469
778 309 878 486 422 316 489 360 0 556 1279 697 688 326 710 355 744 319 792 362 509 315 567 358 637 315 664 341 1200 318 1279 467 1025 336 1117 412
770 307 888 490 745 319 797 360 692 326 712 355 0 558 1279 697 856 285 1045 427 426 317 492 358 516 308 573 356 639 315 665 340 1201 317 1279 464 1049 336 1141 414
764 328 893 502 749 319 800 360 871 287 1057 441 696 325 715 354 0 560 1279 699 518 308 576 355 639 312 666 338 1200 316 1278 459 1074 333 1167 416
762 328 891 507 876 282 1074 445 522 311 579 353 758 320 797 359 0 561 1279 703 640 312 668 337 697 316 714 343 1215 343 1279 446 1078 334 1168 413 700 326 718 353 442 306 503 353
762 334 886 517 901 277 1105 451 526 310 585 353 0 562 1279 705 448 313 508 350 813 302 875 377 641 311 668 335 697 315 712 341 1217 343 1279 443 1168 321 1273 432 1099 331 1191 417
761 337 881 527 908 271 1120 456 530 308 589 354 812 299 886 377 0 564 1279 704 715 315 732 341 1217 317 1279 434 450 314 511 349 662 312 684 334 642 310 668 333
817 302 892 376 760 343 884 544 922 269 1126 458 0 559 1279 704 716 314 735 342 533 308 592 354 660 312 686 335 451 313 517 350
0 563 1279 704 943 287 1161 461 660 312 688 338 759 385 887 567 812 307 893 376 545 317 594 356
754 386 893 586 0 566 1279 705 949 294 1180 467 540 315 601 360 660 312 690 341 467 316 528 359
541 316 605 361 0 574 1264 702 960 294 1228 473 750 400 884 593 466 315 531 360 659 310 693 343
546 315 610 361 662 311 693 341 733 405 902 591 11 574 1221 701 474 316 533 358
552 315 615 361 664 313 693 339 735 437 913 598
731 445 926 602 855 306 947 379 939 282 1044 425 741 327 759 355 793 314 862 367 718 318 732 342 564 315 622 360
737 451 952 607 947 283 1052 424 743 326 761 354 868 302 961 381 688 316 711 340 720 317 734 341 568 315 627 359 502 315 551 350 0 577 1227 706 805 315 877 367
744 473 965 606 0 576 1262 708 1028 266 1279 496 873 303 971 380 744 316 759 341 766 315 782 340 691 315 712 336 812 314 881 365
0 572 1247 706 1064 255 1279 505 766 314 783 341 717 312 737 334 746 315 759 337 896 299 994 379 535 312 576 346 746 490 984 604 610 311 646 345 831 313 911 365
901 300 1002 379 0 569 1247 703 999 276 1123 428 1102 255 1279 504 768 314 785 338 715 311 738 331 605 309 657 349 534 311 583 344 787 313 804 339 841 312 911 364
1122 251 1279 506 0 567 1270 700 918 299 1022 378 788 312 807 338 552 310 602 342 630 308 670 345 717 310 737 329 860 314 931 363 791 326 807 351
1034 273 1185 424 0 567 1279 699 1142 243 1279 513 791 312 808 334 742 308 764 328 941 300 1047 378 632 306 676 345 559 309 597 337 651 304 694 344 581 310 618 339 878 314 958 364
946 298 1053 378 814 308 835 340 1045 272 1201 422 576 307 627 338 647 305 695 343 886 313 957 362 0 566 1279 698 1165 259 1279 489 743 306 764 325 764 306 784 326
965 297 1072 379 0 568 1279 697 654 303 700 340 887 303 964 354 586 306 622 333 761 303 787 325
970 295 1079 379 0 571 1279 697 606 306 652 336 903 303 981 355 679 301 718 337
986 293 1100 383 897 296 991 357 673 303 719 342 0 571 1279 698 605 307 651 337
998 298 1100 382 0 578 1279 704
1016 301 1121 385 1129 276 1279 459 933 314 1021 373 699 308 749 345 0 584 1265 711
1020 304 1127 387 1144 277 1279 463 938 314 1022 371 700 307 754 348 867 310 887 346 10 589 1236 713 805 308 834 333 924 309 965 339 793 308 816 331 750 301 787 337
706 311 752 347 932 313 1026 375 83 575 1171 710
658 312 704 346 727 318 765 356
724 317 775 359 668 319 718 356
728 319 779 360 670 321 721 356
674 322 728 356 734 323 776 359
749 322 792 360 906 323 926 364 833 325 861 349 981 334 1072 397 894 326 909 357 683 323 731 355
750 322 796 361 910 326 929 364 987 334 1071 392 836 327 863 349 697 323 742 356 969 327 1011 361 1072 322 1171 412
997 333 1079 392 753 323 800 360 698 324 746 356 913 327 932 363 972 327 1013 360 839 327 866 348 1076 322 1174 410 961 329 990 354
1000 334 1082 391 756 323 804 359 914 326 934 362 702 323 749 354 976 327 1014 359 1086 320 1191 410 840 327 868 348 0 568 1163 693
1002 328 1078 386 915 326 934 360 977 326 1016 358 758 322 806 357 705 323 752 353 842 321 868 342
708 322 754 353 761 323 804 355 978 327 1014 358
711 322 755 353 768 319 814 357 621 321 671 345
768 319 816 357 724 324 762 353 621 320 670 345
769 320 814 356 722 324 763 353
770 321 812 355 721 324 765 353 1090 328 1203 407 0 570 1279 704
1088 319 1205 411 771 320 812 356 722 324 765 353 1247 328 1279 466 0 576 1279 703 1215 305 1274 475
771 322 813 357 723 325 764 352 1088 322 1199 409
772 323 815 359 724 327 764 352 612 327 658 349
774 328 813 360 725 329 763 353 910 331 931 363 611 329 660 350 839 330 863 349 0 573 1239 695
726 332 763 354 775 330 812 361 910 332 930 364 839 333 863 351 0 568 1279 696 1085 327 1196 417 994 338 1091 398 974 332 1010 364 611 332 657 351
1082 327 1201 424 999 339 1085 398 972 333 1015 365 0 563 1279 698 728 335 764 357 778 334 812 363 911 335 929 367 1216 311 1274 478 840 335 864 355 610 335 655 355
1082 328 1202 426 999 340 1085 400 0 563 1279 698 973 335 1015 367 779 337 812 366 841 338 864 357 910 338 929 368 729 338 764 359 1216 310 1274 479
1083 330 1203 427 999 343 1086 400 779 339 813 367 0 563 1279 699 974 338 1015 368 841 340 865 358 731 340 764 361 1217 310 1274 480
