

598 287 637 313 750 310 794 339 290 228 316 277 688 290 707 310 496 148 518 167
750 310 793 339 598 287 637 313 289 228 315 278 687 289 706 310 496 147 518 167
593 286 629 312 750 310 792 339 289 227 315 278 686 288 706 309 495 147 518 167 743 309 769 331
593 286 630 312 289 227 314 278 751 311 791 337 686 287 706 308 495 146 518 167 742 309 769 331
593 286 630 312 290 227 315 277 752 310 789 336 686 287 706 308 742 309 770 331 494 146 518 167
592 285 632 312 291 228 316 277 751 310 787 335 686 287 706 308 741 308 771 331 494 146 518 167
591 283 632 313 291 229 316 277 752 310 787 335 740 308 771 331 687 288 705 308 494 145 517 166
591 282 632 313 291 230 316 277 752 310 787 334 740 308 771 331 493 145 518 165
591 282 632 313 291 230 316 277 753 309 787 334 740 308 771 331 493 144 518 164
590 283 632 314 292 230 316 277 740 308 772 332 752 309 786 334 689 287 706 306
590 283 632 314 740 308 772 331 752 310 784 334 689 286 707 305
590 282 632 313 740 307 772 330 753 310 784 333 690 286 708 305
590 281 632 312 740 306 771 328 753 310 784 332 691 286 708 304
590 280 633 312 740 305 772 326 754 309 785 331
590 279 633 311 741 304 772 325 754 309 784 330
590 278 634 311 741 304 772 324 755 308 784 329
589 277 634 310 741 303 772 323 756 307 783 327 734 297 762 317
588 277 634 310 299 225 322 269 733 296 763 317 741 302 772 322
587 276 633 310 733 296 764 318 741 302 772 322 299 227 322 268
586 276 630 310 732 296 763 318 740 302 771 322
584 275 627 310 731 296 762 317 741 303 770 323
582 275 625 309 731 296 761 317 741 303 769 322
581 274 624 308 731 296 761 316
580 272 624 307 732 295 763 316
579 270 624 306 730 294 763 316
579 269 623 305 729 292 763 316
578 268 622 306 729 291 762 315
578 268 621 306 729 290 762 313
577 267 620 306 729 289 761 312 673 267 689 282
575 267 620 307 729 288 761 311 720 284 747 305
571 264 623 303 729 287 762 311 720 283 746 305
571 263 624 303 730 285 763 309 689 267 706 282
571 262 624 303 730 284 763 307 689 265 706 281
572 261 624 302 730 282 764 305 690 264 707 279
573 261 626 302 731 281 764 304 690 262 708 278
573 261 627 302 732 280 764 303 691 262 709 277
573 261 628 303 732 280 764 303 691 262 709 278
574 261 628 303 732 279 765 303 692 263 709 279
574 262 629 304 730 279 765 303 693 264 710 280
729 280 765 304 575 262 629 304 693 265 711 280
575 260 630 307 728 280 765 304 693 264 711 280
576 260 630 307 727 280 764 303 693 264 711 280
576 260 631 307 726 280 764 303 692 264 711 280
574 264 633 310 724 281 763 304 692 264 710 279
574 264 634 310 723 280 763 304 692 264 710 279
574 264 636 311 721 280 763 304 692 264 709 279 15 279 226 587
576 264 637 311 722 280 763 304 692 264 709 279
574 263 642 315 716 280 751 302 691 263 709 279
573 263 644 316 715 280 749 302 691 264 709 280 331 319 503 468
572 263 646 318 713 280 750 302 299 206 320 253 408 222 523 430 346 323 504 469 691 265 710 280
572 264 648 320 712 280 749 303 299 206 320 253 454 232 557 424 416 324 519 460 691 265 710 281
580 265 657 322 711 280 749 302 299 205 319 254 465 241 572 422 690 265 711 282
585 267 658 325 711 279 748 302 516 249 610 410 299 206 319 253 689 266 711 283 509 330 596 422
710 279 748 301 530 256 625 407 596 270 656 329 516 331 598 426
709 280 747 302 558 261 647 404 541 333 619 423
708 281 746 303 573 266 659 402
707 282 746 305 295 220 318 269 599 337 651 409
623 273 685 386 707 281 747 306 605 340 657 409 295 219 318 269
626 288 689 395 621 336 677 405 707 281 746 305
646 279 703 380 587 272 672 330 630 337 681 403 706 281 744 305
589 275 676 330 671 282 724 370
671 281 726 375 591 277 681 331 657 333 704 396
677 282 731 376 594 278 692 335 667 331 720 396
596 279 697 336 678 306 731 385
695 287 745 371 599 281 705 344 682 339 725 391
700 289 749 368 601 281 710 345 689 340 730 389
704 289 753 367 603 281 714 346 696 338 738 388
616 281 728 352 708 288 756 368 701 340 742 387
617 282 733 352 709 342 746 385 721 290 764 367
619 282 738 352 725 291 767 369 715 344 750 383
620 283 741 352 728 292 771 369
622 283 742 354 731 291 774 370 725 340 760 386
623 284 745 356 734 291 776 370 728 341 763 386
631 285 758 362 737 290 778 371 731 341 765 385
632 285 757 362 736 305 775 381 733 342 766 385
634 287 760 364 737 304 777 381
635 288 763 365 739 304 779 381
637 290 766 366 740 303 780 382
638 291 765 366 743 309 791 381 492 134 519 152
745 310 794 381 641 292 766 366 493 134 519 152
652 290 793 371 493 135 518 152
650 294 803 382 494 135 517 152
653 295 804 382
654 296 804 381 494 135 517 153
654 296 805 380 494 135 517 153
653 297 807 379 494 135 517 152
654 292 798 371 494 134 518 152
654 292 800 371 493 134 518 152
654 292 800 370 493 133 518 152
652 297 808 380 493 133 517 151
653 296 808 379
645 289 821 376
655 291 801 369
655 290 800 367
654 290 800 366
653 289 800 365
652 288 802 363
653 287 803 361
