

879 356 1042 486 596 321 711 383 168 329 253 370 254 323 302 384 358 328 403 371 0 293 60 493 200 61 281 105 0 550 1279 694 47 355 135 433
869 353 1037 489 168 329 255 370 257 322 306 384 618 321 725 383 360 314 411 372 47 355 132 432 198 61 280 104 0 551 1279 694 1217 336 1273 372 0 293 52 495 916 307 1015 458
861 352 1032 492 167 329 256 370 615 322 736 384 260 322 310 384 46 354 131 432 196 60 279 104 0 552 1279 695 1214 335 1277 372 913 300 1008 458 1009 335 1041 366
166 329 257 369 854 349 1030 496 263 321 313 384 1206 332 1279 378 42 354 130 432 194 59 276 104 0 554 1279 698 643 320 751 382 379 327 422 370 909 296 1002 461 1007 334 1041 366
165 329 257 369 839 355 1021 499 265 319 316 383 1204 332 1278 378 641 322 761 383 39 354 129 432 383 327 424 370 89 312 147 384 1005 334 1040 366 192 57 274 104 0 554 1279 699 904 300 996 464 3 358 35 481
165 329 257 370 828 352 1019 503 1204 333 1277 377 266 317 317 383 89 312 146 385 1004 333 1037 365 37 355 126 432 190 56 270 103 388 327 423 369 0 552 1279 698 3 368 36 473 897 294 992 471
166 329 257 370 1202 334 1276 376 818 347 1013 504 273 320 323 382 88 312 143 387 190 55 268 102 1002 333 1034 364 36 355 125 432 875 291 976 471 2 372 36 471 0 550 1279 696
807 344 1007 507 1198 335 1275 375 167 329 256 370 273 322 326 382 870 282 969 477 86 311 142 387 189 54 266 102 1001 331 1032 366 36 355 123 432
797 344 1002 509 1193 335 1275 374 168 329 255 370 864 283 959 480 276 322 329 383 84 310 140 387 189 54 265 101 12 353 120 439 236 333 276 364
1190 334 1275 374 168 329 253 370 788 345 1001 510 855 278 949 483 280 321 334 383 82 311 139 386 188 53 264 101 235 331 280 363 11 353 119 440
1188 332 1276 375 760 349 981 515 168 329 252 370 283 320 339 383 848 275 943 484 81 312 138 385 235 331 282 363 187 52 263 100 11 353 119 443
745 344 969 519 1179 330 1275 373 169 329 252 370 288 317 341 382 819 272 924 484 78 314 138 385 237 330 284 362 13 354 116 443 186 51 263 99
1173 330 1273 372 170 329 253 371 808 268 916 486 739 346 956 518 77 314 138 385 14 355 113 443 239 329 283 361 185 50 262 97
1167 330 1268 372 697 343 941 525 299 318 357 383 796 265 905 487 173 328 254 371 67 316 144 385 452 319 511 375 13 355 109 442 258 332 296 363 179 48 256 94 241 327 282 361
1162 330 1264 372 685 345 929 526 304 318 363 383 67 317 145 384 174 328 255 371 255 331 299 364 11 354 107 441 772 269 874 484 960 332 991 364 180 47 256 93 1050 338 1133 391
1160 331 1259 373 760 263 864 489 255 329 303 364 310 316 365 383 176 327 256 372 10 353 105 442 67 317 146 384 473 318 533 376 642 353 904 528 1051 341 1139 389 958 330 991 364 180 45 254 92
1152 331 1252 376 255 328 306 363 633 355 893 532 177 327 258 372 9 353 104 442 66 316 148 385 869 316 972 389 721 272 826 490 179 44 252 91
707 265 823 494 588 349 891 547 323 317 382 382 256 327 309 363 1164 331 1253 375 183 325 268 372 8 353 103 442 895 315 995 388 65 316 149 385 1117 318 1171 388 179 44 251 91
570 347 872 548 329 314 386 382 182 326 269 373 258 327 311 363 1145 327 1247 381 8 353 103 441 696 262 813 491 893 314 1005 391 65 317 149 385
182 327 271 374 336 312 387 383 9 354 102 441 260 326 313 363 1138 325 1247 381 638 255 796 512 543 353 866 547
183 327 272 374 499 358 822 549 1121 327 1221 378 8 353 101 440 263 326 313 363 348 315 404 384 624 253 786 510
185 328 273 374 468 358 806 548 604 263 725 494 1115 330 1219 374 352 311 408 384 7 354 100 440 279 328 329 364 1195 313 1244 390
187 328 274 374 1110 331 1216 373 446 357 788 545 358 309 409 383 597 269 710 484 280 327 332 365 6 353 100 441 1212 315 1267 391 995 332 1094 397
190 328 276 375 1109 331 1215 373 567 271 677 491 2 353 89 445 280 326 335 365 364 307 409 383 394 358 821 549
192 328 279 376 380 373 725 556 267 321 342 370 1113 332 1210 374 3 352 89 445 562 279 665 477
195 328 284 377 271 321 347 371 350 361 703 562 714 331 748 361 927 335 954 365 381 312 429 386 884 334 916 363 1038 337 1153 398 1103 331 1192 376 3 351 87 447 58 315 115 391 115 336 156 373
197 327 287 380 275 321 352 372 711 332 743 362 911 334 944 364 322 346 700 565 1065 335 1169 398 57 315 114 391 3 352 86 448 927 335 952 365 114 336 157 374
203 329 293 381 277 322 353 372 909 333 941 365 1063 335 1171 397 4 352 83 448 275 351 649 566 56 315 114 392 114 336 156 373 150 331 176 376
201 329 296 382 249 358 626 562 904 333 939 366 5 353 81 447 281 324 364 371 1061 335 1171 394 114 336 156 373 55 316 114 393 152 330 179 377 651 337 746 387
200 328 298 383 900 334 934 367 5 353 80 446 1049 331 1148 376 284 325 370 370 220 365 605 564 114 336 156 374 326 249 508 539 663 336 745 389 55 317 114 392 1148 342 1234 403
202 327 299 383 189 366 536 569 1041 332 1149 375 4 353 80 446 898 334 932 367 287 253 461 542 1144 340 1243 404 834 329 870 367 114 336 157 375 287 325 368 371 680 336 763 389 54 318 113 392
1033 331 1148 375 162 367 510 576 205 326 296 380 3 353 79 447 115 336 159 375 830 330 866 366 886 334 924 365 239 252 409 548 681 339 773 388 1146 336 1240 402
1027 329 1150 375 3 352 79 447 885 335 920 366 132 365 501 580 115 335 161 375 231 250 403 549 664 330 696 362 208 325 297 378 719 340 823 389 166 34 238 88
1009 329 1135 373 83 368 426 587 183 251 357 549 661 330 695 363 2 352 78 447 114 334 160 374 882 335 915 366 733 338 817 391 166 34 237 88 455 331 538 404
1005 328 1128 373 58 366 403 589 658 329 691 362 878 335 912 366 312 325 401 372 2 352 79 446 116 334 160 371 462 335 544 400 137 243 318 552 751 337 843 391 165 33 237 88
309 324 407 373 991 328 1110 372 16 362 333 594 662 329 689 360 127 241 312 550 754 339 847 391 118 333 155 368 164 32 237 87
983 328 1106 372 312 325 411 373 6 355 309 601 73 239 261 551 635 331 672 360 232 326 322 385 163 31 237 87 481 337 576 404
226 326 324 387 323 323 424 372 978 329 1100 371 39 242 215 552 0 348 276 609 630 332 669 362 163 30 237 86 484 337 585 408
225 326 326 388 325 323 429 372 964 329 1088 371 22 251 211 590 628 331 663 362 504 338 596 400 825 334 919 394 162 30 237 86
226 326 329 388 330 324 435 372 961 329 1078 371 760 332 793 366 6 229 156 564 619 333 648 359 828 337 923 392 161 29 237 85
226 326 332 388 336 324 439 373 958 328 1070 372 756 333 785 365 866 339 975 392 99 329 183 378
225 326 335 388 345 322 456 372 951 328 1056 371 102 329 185 376 740 335 771 365 840 331 867 364 878 338 972 394 561 337 641 397 0 478 1279 694
349 323 461 372 223 326 338 388 735 334 767 365 955 327 1048 371 101 329 186 377 836 331 864 365 902 340 992 394 564 337 648 399 19 319 110 410
220 325 343 388 357 323 464 371 108 330 192 377 830 331 859 365 17 317 109 411 582 335 668 398 953 326 1041 375 0 476 1279 694
218 325 349 389 104 330 194 378 368 322 482 372 582 309 676 392 908 322 1031 382 713 333 745 362 18 319 106 411 0 477 1279 694
219 324 353 389 103 329 196 378 371 322 489 372 708 333 744 364 596 334 702 400 816 330 848 363 892 326 1002 373 0 353 64 446 0 475 1279 694 968 337 1063 394
105 329 197 377 220 324 356 390 376 321 494 372 886 325 1004 372 813 331 847 364 603 336 708 400 1 354 62 447 708 334 737 363 978 337 1065 394 0 547 1279 692 217 327 241 370
246 323 355 389 109 329 201 377 391 319 509 373 883 324 1001 372 808 331 844 364 1 354 61 447 623 334 728 399 20 320 105 411 0 546 1279 693
244 322 361 390 111 329 205 376 393 320 516 373 861 325 985 370 804 332 838 365 1 353 61 447 19 320 106 411 0 547 1279 696 649 334 749 398 1245 334 1279 375
240 322 367 390 113 328 209 376 858 325 976 370 400 320 521 372 654 336 756 399 0 353 60 448 19 320 106 411 0 549 1279 696 1242 335 1279 372
239 323 372 390 114 329 212 376 839 325 966 369 413 318 537 373 671 334 776 400 0 353 60 448 18 319 106 411 0 551 1279 696 1242 335 1279 372 675 303 725 382
238 323 377 390 115 328 216 377 418 319 542 373 834 324 959 369 0 352 58 449 17 319 106 411 671 336 785 398 0 551 1279 695
240 323 382 391 115 328 219 378 832 323 951 369 428 319 543 372 0 352 57 450 16 320 106 411 1223 322 1279 380 636 331 673 361 702 336 805 400 0 552 1279 694
242 323 385 391 439 318 567 373 815 324 937 369 126 327 223 378 722 336 828 401 632 331 673 364 1219 324 1279 380 0 352 56 451 16 320 106 410 0 553 1279 693
244 323 385 392 444 318 572 373 127 326 225 378 819 324 928 369 1217 325 1279 380 631 330 667 363 0 352 56 451 16 321 106 410 741 336 847 400 0 552 1279 693 746 300 802 385
262 322 388 391 129 325 229 377 461 318 588 373 0 352 55 452 825 323 919 368 16 321 107 409 746 336 853 401 1219 324 1279 380 0 550 1279 693
259 322 394 390 131 325 234 376 464 319 596 372 1 351 55 451 15 320 106 409 93 343 132 383 771 334 880 403 0 548 1279 693
259 322 399 391 133 324 239 376 478 318 621 373 90 341 133 384 786 331 903 403 14 319 106 410 0 548 1279 693
260 322 402 391 134 324 241 377 482 319 626 373 793 310 901 394 90 341 135 384 2 350 54 451 14 319 105 410 0 548 1279 693
262 322 405 391 136 323 244 378 492 319 625 373 90 340 137 385 14 318 104 411 2 350 53 451 1176 325 1268 378 0 548 1279 694
262 322 409 392 138 323 245 378 509 319 646 373 1168 329 1265 375 89 340 139 386 13 318 104 411 740 324 851 371 2 350 53 451 0 550 1279 696 847 340 951 401
262 322 413 392 729 325 860 369 149 322 251 376 1160 329 1266 375 519 319 649 374 89 340 141 386 14 319 103 411 0 550 1279 696 864 335 972 402 2 349 52 452 872 299 924 388
262 322 415 392 149 322 252 377 725 324 861 369 533 318 665 374 1154 329 1266 376 84 338 141 387 876 307 972 397 14 320 102 410 0 551 1279 697 3 350 52 452
263 322 415 393 150 322 257 376 712 325 843 369 534 317 675 374 1139 331 1263 375 84 338 142 387 3 351 52 452 15 322 101 409 0 552 1279 695
282 319 417 392 152 322 262 376 708 325 835 369 1133 331 1262 375 558 317 695 375 83 338 143 387 3 352 52 453 922 337 1023 403 0 556 1279 695 15 323 100 408
281 319 420 392 156 322 265 376 1125 332 1261 374 563 317 702 375 703 325 815 370 84 338 144 387 939 337 1044 403 943 299 1000 390 3 352 51 453 0 558 1279 696
280 320 422 392 158 322 268 376 579 316 719 374 1119 333 1262 375 706 324 809 370 84 338 144 386 946 336 1050 404 0 561 1279 697 951 300 1000 387
279 320 425 393 161 321 269 377 1112 332 1232 374 707 324 800 369 85 339 145 386 584 316 725 374
279 320 428 393 163 320 270 378 599 316 759 374 1107 332 1228 374 86 339 147 385 708 323 791 368 994 336 1097 403 14 319 98 409
280 320 431 393 615 315 774 375 165 319 269 378 1101 332 1225 375 76 336 149 388 1001 336 1101 404 1189 333 1251 363 14 319 98 410
281 321 431 393 624 316 776 374 171 320 283 378 77 335 150 388 1100 331 1201 373 1022 304 1117 397 1179 333 1259 374 14 319 98 410
282 321 431 393 173 319 285 377 624 316 787 374 79 335 151 388 1100 329 1193 372 1028 306 1122 391 14 319 98 410 1175 333 1257 374
640 316 809 376 177 319 287 377 284 320 430 393 81 335 152 388 1167 333 1228 368 13 319 97 410 1229 336 1264 367 568 333 587 344
633 316 827 376 182 319 290 377 286 320 428 392 83 335 152 387 1070 331 1172 406 1161 335 1226 371 13 318 96 410 1229 336 1263 367 567 333 587 344
185 319 290 377 654 314 839 377 288 320 427 391 84 335 153 387 1160 336 1220 371 13 318 96 411 1229 336 1264 367 567 333 587 345
190 319 290 378 324 320 429 390 85 335 153 388 284 319 381 389 658 315 847 374 611 325 700 367 13 318 96 411 1033 327 1123 374 1229 335 1264 367
193 319 289 377 288 320 428 392 86 335 153 388 690 313 867 377 604 324 702 368 1025 328 1131 374 13 318 96 410
717 314 883 377 596 324 703 368 196 319 289 377 290 320 427 392 1014 326 1137 374 86 335 154 388 1143 335 1237 409 14 318 96 410
200 320 301 378 593 323 699 368 1009 326 1132 374 290 320 427 393 724 315 889 375 86 335 154 388 14 318 96 411
203 320 305 378 288 320 428 393 577 325 687 369 86 336 155 388 735 315 913 377 1006 326 1125 374 14 319 95 410 1101 331 1187 377
573 324 680 368 208 320 307 378 286 321 429 393 986 326 1107 373 93 336 157 389 1098 333 1186 377 764 315 934 376 14 320 95 410
981 326 1100 373 283 321 430 394 1092 333 1184 376 571 324 671 368 212 320 308 378 93 335 157 389 787 314 949 378 14 321 94 410
792 313 957 378 1089 334 1181 376 971 326 1084 372 285 321 428 393 549 326 664 368 93 335 158 389 214 321 308 378 14 321 94 410
971 326 1075 372 1077 333 1173 375 285 321 425 393 92 335 159 389 547 325 657 367 221 318 333 379 811 314 979 379 14 321 94 410
1073 333 1169 375 286 321 423 392 971 325 1064 372 92 335 159 389 225 318 329 378 547 326 649 366 820 313 983 377 14 321 94 410
1068 333 1163 374 844 315 1006 380 283 321 425 392 92 335 160 389 229 318 324 377 522 328 637 366 973 323 1055 371 13 321 94 410
1064 332 1161 375 856 315 1035 380 283 322 426 392 91 335 160 388 232 319 322 377 517 327 631 366 13 321 94 410 1255 324 1278 378
280 322 430 392 91 335 161 388 1053 332 1152 375 238 319 323 377 887 316 1050 378 508 328 610 367 1249 325 1278 378 13 321 94 410
888 316 1060 381 278 321 431 392 91 335 162 388 1052 333 1147 375 501 328 607 366 244 319 326 377 1246 326 1279 379 13 322 95 410 136 20 227 69
274 321 435 393 905 318 1077 383 91 334 163 389 1053 333 1141 374 497 328 602 365 14 322 95 410 248 317 328 376 1243 326 1279 379 0 551 1279 697 136 20 227 69
903 319 1090 383 272 321 436 393 92 334 163 389 484 330 583 365 1057 332 1139 373 14 323 95 410 0 551 1279 695 364 319 456 370 136 21 227 69
272 321 437 393 92 334 164 389 930 318 1107 385 382 321 471 371 482 329 578 364 13 322 95 411 0 429 1256 680 1226 323 1279 379 1072 332 1122 361 533 328 580 354
273 321 436 393 92 334 164 389 382 320 479 372 855 326 958 371 1 431 1250 680 480 328 573 362 1225 324 1279 379 957 323 1135 382 13 322 96 411
275 322 434 400 845 325 963 372 91 334 164 389 970 320 1132 385 380 320 486 374 4 434 1249 682 1223 323 1279 379 496 327 560 357 13 321 96 411
991 320 1147 387 838 325 958 371 276 321 435 401 91 334 166 389 382 318 488 375 5 435 1250 683 1221 322 1279 379 500 328 558 358 14 322 95 411
277 319 438 394 91 334 169 389 992 321 1158 385 835 325 950 371 7 436 1250 684 397 321 505 375 1217 321 1278 379 505 329 552 359 14 322 95 411
1006 322 1178 385 279 319 438 394 90 334 173 389 813 325 936 370 397 318 513 376 7 439 1251 683 1205 322 1279 379 511 331 547 358 14 322 95 411
279 319 439 394 808 325 929 370 90 334 177 389 1039 322 1193 386 1202 323 1278 380 422 317 533 373 7 439 1250 682 14 322 95 411 986 326 1066 373 136 21 228 70
