

508 330 807 581 344 368 469 460 851 387 956 463 968 376 1058 460 0 376 308 565 258 380 339 428 492 386 517 412
508 330 808 580 344 367 470 460 851 387 957 463 968 376 1058 460 0 375 309 565 257 380 338 428 492 386 517 412
508 330 808 580 344 367 470 460 969 376 1058 461 851 387 957 462 0 374 310 564 251 380 331 428 492 386 517 412
509 330 807 581 344 367 470 459 969 376 1057 461 851 387 957 462 0 374 312 564 250 379 329 429 492 386 517 412
509 330 808 581 343 368 471 459 969 376 1056 461 851 387 957 462 0 372 315 563 249 379 327 429 492 386 517 412
509 329 808 582 343 368 471 459 851 388 957 463 970 376 1056 461 0 371 317 562 249 378 325 428 492 386 517 412
509 329 809 581 343 368 472 459 851 388 957 463 970 375 1056 461 0 370 319 561 249 378 324 427 492 386 518 412
508 329 810 582 342 368 472 459 851 388 958 463 970 375 1055 461 3 369 318 561 492 386 518 412 248 379 322 427
507 329 811 583 343 368 472 459 851 388 958 463 971 375 1055 461 6 369 318 561 492 386 518 412 247 379 320 427
507 328 811 583 343 368 471 458 971 375 1056 461 851 388 958 463 10 370 318 562 492 386 518 413 253 384 309 418
507 328 811 583 344 369 470 458 971 376 1056 461 860 387 972 460 13 370 319 562 492 386 518 413 254 383 309 418
506 329 811 584 971 376 1056 461 345 369 470 458 860 387 972 460 17 370 318 562 492 386 518 412 255 382 307 416
505 329 812 584 971 376 1056 461 860 387 973 460 345 370 470 458 21 370 319 559 492 386 518 412 255 381 305 415 328 384 368 413
504 329 813 585 972 376 1056 461 860 387 973 460 346 370 470 458 28 370 319 559 492 386 518 412 10 378 108 431 326 383 369 413 256 381 303 412
504 329 813 584 860 387 973 461 972 376 1057 461 346 370 470 457 34 368 321 559 6 376 107 433 492 386 518 412 319 383 356 410
504 329 813 584 860 387 974 461 972 376 1057 461 347 370 470 457 39 367 323 559 4 377 102 434 492 386 518 412 318 384 357 411
504 328 813 584 860 387 974 461 972 376 1058 461 347 370 469 458 42 365 327 557 2 377 101 434 492 386 518 412 317 384 357 412
504 328 813 584 859 388 974 461 348 370 469 458 972 376 1058 461 44 364 328 554 0 375 89 436 492 386 518 412 315 385 357 414
504 328 814 585 859 388 974 461 348 369 469 458 972 376 1058 461 46 361 329 553 0 375 88 438 492 386 518 412 313 385 358 415
504 328 813 586 859 388 974 460 349 370 468 458 973 376 1058 462 49 359 328 551 0 375 84 448 492 386 518 412 311 386 360 416
503 328 813 585 860 388 974 460 973 376 1058 462 349 370 467 458 52 358 327 549 0 374 76 449 492 385 518 412 309 386 361 417
503 328 812 585 860 388 974 460 974 376 1058 462 349 371 467 457 44 377 339 532 0 373 70 451 492 385 517 411 307 386 361 418
504 328 812 586 860 388 974 461 974 376 1058 462 349 371 467 457 54 379 349 529 0 375 62 450 492 385 517 411 306 386 362 418
505 328 810 586 860 388 975 461 974 376 1058 462 349 371 467 457 56 379 349 529 492 385 517 411 304 385 362 417 0 372 55 454
506 328 810 586 860 388 975 461 974 376 1058 462 349 371 467 457 57 378 350 530 0 376 40 452 492 384 517 411 302 385 362 416
506 328 810 586 860 388 975 460 974 376 1059 462 58 378 352 531 350 371 466 457 492 384 517 411 0 376 32 452 300 384 361 415
506 329 810 585 860 388 975 460 974 376 1059 462 59 378 354 531 350 371 466 456 491 384 517 411 300 384 360 415 0 375 27 456
505 329 810 585 860 388 974 460 59 379 355 530 974 376 1059 462 350 371 466 456 491 385 517 411 300 384 359 414 1 387 22 443
505 329 811 584 860 388 974 460 59 380 356 528 974 376 1059 462 351 371 466 456 491 385 517 412 300 383 359 414
61 380 355 527 504 329 811 583 860 388 974 461 974 376 1059 462 351 371 465 456 491 384 517 412 300 383 358 413 0 381 25 428
63 380 355 527 504 329 810 583 860 388 974 460 974 376 1059 462 351 371 465 456 491 384 517 412 299 383 358 413 0 381 25 428
64 381 357 526 505 328 810 584 860 388 974 460 974 376 1058 462 350 371 465 456 491 384 517 412 298 383 358 413 0 380 25 428
66 381 358 526 505 328 809 585 860 388 974 460 974 377 1058 462 349 371 465 456 491 384 517 412 296 382 357 413 0 380 25 428
69 380 358 525 505 329 808 585 860 388 974 461 974 377 1058 462 349 371 465 456 491 384 517 411 296 381 356 414 0 380 25 429
71 379 357 524 505 329 808 584 860 388 974 461 974 377 1058 462 349 371 465 456 491 384 517 412 296 381 356 415 0 380 25 429
75 378 357 523 506 329 808 583 860 388 974 460 974 377 1058 462 350 371 464 455 491 385 517 412 0 381 24 428 435 380 491 443
506 329 807 582 79 378 358 523 860 388 974 460 974 377 1058 462 350 371 464 455 491 385 517 412 435 380 491 443 66 372 199 435 0 382 24 427
505 329 805 581 860 388 974 460 84 377 361 523 974 377 1058 462 350 371 463 456 491 385 517 412 57 372 169 439 435 380 491 443
504 330 805 579 860 388 974 460 89 377 363 524 974 377 1058 462 349 370 463 456 48 373 173 451 491 384 517 412 435 380 491 443
504 330 803 580 860 388 974 461 93 378 365 524 974 377 1058 462 40 372 175 452 349 370 464 456 492 385 517 412 435 380 491 443
504 331 801 579 859 388 974 461 95 379 366 524 974 377 1058 462 348 371 465 456 35 373 173 452 492 385 517 411 436 380 491 443
505 332 799 580 96 380 367 523 859 388 975 461 973 377 1058 461 17 370 163 454 348 371 465 456 492 385 517 411 436 380 491 443
504 332 797 579 96 381 368 523 973 377 1058 461 860 388 975 461 11 371 161 453 348 371 466 455 492 385 516 410 436 380 491 442
98 381 368 523 503 333 795 578 973 377 1059 461 860 389 975 461 1 369 171 461 348 371 466 455 493 385 516 410 436 381 491 442
100 381 370 522 502 334 794 577 973 378 1060 461 860 389 975 461 0 367 169 464 347 371 467 455 493 385 516 410 436 381 491 442
101 381 371 522 501 334 794 576 973 378 1060 461 860 389 975 461 0 367 162 466 347 371 467 455 493 386 516 410 436 381 490 442
102 381 372 522 501 334 792 575 860 389 975 461 973 378 1059 462 0 367 154 467 346 371 467 455 493 386 516 410 436 381 490 442
103 380 372 521 501 335 790 575 860 389 976 462 973 378 1059 462 0 371 134 459 346 370 466 455 493 386 516 410 436 381 490 442
104 381 371 520 503 335 788 575 860 389 975 462 973 378 1059 461 0 369 130 461 346 371 466 455 493 386 516 410 436 381 490 442
105 381 370 519 503 336 785 576 861 389 975 462 973 378 1059 461 0 367 128 462 346 370 466 455 493 386 516 410 436 381 490 442
106 382 369 519 504 337 783 576 861 389 975 462 973 377 1058 461 0 365 121 463 346 371 467 455 492 386 516 410 436 381 490 442
108 381 369 518 505 338 782 573 861 389 975 462 973 377 1058 461 347 371 467 455 0 367 114 461 492 386 516 410 1061 491 1267 682 436 381 490 442 109 386 168 417
111 381 369 518 505 338 782 570 861 389 975 462 973 377 1058 461 347 371 468 454 2 369 105 460 492 386 516 410 105 386 170 417 1057 373 1161 582 436 382 490 443 1016 488 1211 670
112 381 369 518 506 338 781 567 861 389 975 462 348 371 468 454 0 371 89 463 972 376 1056 460 1001 481 1206 669 102 387 170 418 492 386 516 410 1044 370 1155 576 435 382 490 443
112 382 368 518 507 339 781 567 861 390 976 462 1 373 89 460 349 371 469 455 1008 376 1120 574 101 387 170 419 972 378 1039 460 492 386 516 410 972 480 1160 661 436 382 490 443
112 382 369 518 507 340 779 566 863 389 976 461 1 374 84 457 349 371 469 455 101 387 169 420 493 386 516 410 960 481 1150 653 1002 376 1100 577 436 382 490 443
113 383 369 517 507 341 780 565 863 388 974 460 350 371 469 455 0 375 76 455 101 387 169 420 493 386 516 410 928 457 1084 618 960 366 1050 517 436 382 490 443
122 384 379 516 507 343 782 562 0 375 62 453 350 371 469 455 863 388 970 459 101 387 170 421 493 386 517 410 917 458 1069 610 952 367 1042 509 436 382 489 443
123 384 378 516 507 343 786 560 896 455 1039 603 350 371 469 455 0 373 56 452 856 389 950 461 101 387 170 421 493 386 517 410 921 373 1010 518
123 384 379 515 506 344 792 557 350 372 468 455 974 374 1060 460 101 387 171 422 493 386 517 410 857 387 946 461 898 452 1012 597 0 374 43 453 909 373 992 518
124 384 379 515 506 346 797 556 973 375 1059 460 351 372 467 455 100 387 171 422 0 375 35 452 493 386 517 410 875 373 970 510 872 447 977 588 856 386 944 462
124 385 380 515 507 347 801 555 973 377 1059 461 866 374 962 515 350 372 467 455 863 446 967 583 100 387 171 422 492 386 517 409 0 375 28 454
510 347 803 555 125 385 380 515 974 377 1059 460 350 372 466 455 857 376 951 514 99 387 171 423 492 386 517 410 2 383 22 446 850 456 952 569
514 346 805 555 127 385 380 515 974 377 1059 461 350 372 466 456 100 388 179 422 492 386 517 410 875 383 972 456 2 387 24 441
519 344 806 554 129 384 379 514 975 377 1059 461 350 371 466 456 877 385 972 458 100 388 179 423 832 412 919 539 491 386 517 411
523 342 809 554 131 384 378 514 976 377 1059 461 349 371 466 456 876 387 972 460 832 448 903 545 838 382 901 510 100 388 179 423 491 387 517 411 0 367 37 434
527 341 811 553 133 384 378 513 976 378 1059 461 874 387 974 462 349 371 467 456 100 388 179 423 821 408 901 533 490 387 517 412 0 368 37 434
530 339 813 553 135 385 378 513 976 378 1060 461 872 387 976 462 348 371 467 456 823 446 882 534 823 383 882 506 100 388 179 423 490 387 517 413 510 388 558 463 0 367 37 434
535 337 814 554 137 385 378 513 871 388 978 462 976 378 1061 461 816 418 877 527 348 371 467 456 101 388 180 423 490 388 517 413 818 377 877 475 511 387 561 464
539 335 817 554 138 385 378 513 870 389 979 462 976 377 1061 462 348 371 468 456 811 380 872 508 101 388 180 423 490 387 518 413 511 385 563 465 814 446 867 527 0 378 27 430
540 335 820 555 139 385 379 512 869 390 979 462 976 377 1062 463 349 371 469 456 805 420 861 524 490 387 519 413 100 388 179 423 511 384 563 464 811 376 869 472 0 378 26 430
139 386 380 511 542 336 821 556 868 390 979 462 977 377 1062 463 349 371 470 456 801 422 858 521 490 387 519 413 804 379 856 469 511 385 564 464 100 387 179 424 0 378 26 430
139 386 381 510 544 338 820 556 867 390 980 462 977 376 1062 463 350 371 470 457 797 385 855 506 490 387 519 414 510 386 566 464 107 382 208 428 0 378 25 430
139 385 382 509 867 390 980 462 546 339 819 557 978 376 1062 463 350 371 470 457 793 384 853 507 489 387 520 414 510 387 567 465 108 381 212 430 0 378 25 431
141 385 382 509 867 389 981 462 551 349 791 541 978 376 1062 463 351 371 470 457 792 385 854 507 106 382 209 443 489 387 520 415 509 387 568 465 0 378 24 431
142 385 382 508 868 389 981 462 554 347 836 556 978 376 1061 463 352 371 469 456 100 381 210 445 798 422 857 511 489 387 521 415 509 388 569 465 0 377 24 431
143 386 382 508 553 347 838 555 867 389 981 462 978 377 1061 463 352 371 469 456 94 381 211 446 802 422 857 508 489 387 521 416 509 388 569 465 0 377 23 431
552 347 838 555 143 387 383 508 867 389 981 462 979 377 1061 463 352 371 469 456 85 385 197 447 509 389 568 466 489 387 521 416 804 423 857 505 0 377 23 430
551 348 838 555 143 387 385 508 867 389 980 462 979 377 1061 463 351 371 469 456 80 384 201 448 804 426 855 504 509 389 568 466 489 387 521 416 0 378 23 430
552 348 836 554 142 387 386 509 866 389 980 462 979 377 1061 463 74 384 202 449 351 371 469 456 510 389 568 466 804 429 853 503 489 387 521 416 0 378 23 430
554 347 834 552 142 387 386 509 865 389 979 462 979 377 1060 463 69 384 201 449 350 371 469 456 510 389 567 465 489 387 520 415 803 431 851 502
555 347 832 552 142 387 386 509 864 389 979 463 979 377 1060 463 62 385 198 449 350 371 469 456 510 389 568 465 489 387 520 415 803 431 850 500 1159 480 1277 683
556 348 832 551 143 387 386 509 865 389 979 463 979 377 1060 463 56 383 199 449 350 371 469 456 510 390 568 465 489 387 520 415 803 432 852 499
556 348 831 551 145 387 388 509 865 389 979 462 978 376 1060 463 39 380 188 451 350 370 468 456 1111 495 1279 686 510 390 568 465 489 387 520 416 1135 353 1277 637
557 349 831 551 146 387 388 509 865 389 979 462 32 380 183 452 978 376 1060 463 350 370 467 456 1123 351 1271 633 489 387 521 416 510 390 568 466 1103 495 1278 686
147 387 388 510 558 349 830 551 865 389 979 462 979 376 1060 463 15 379 172 453 350 370 466 456 1088 355 1246 631 1072 491 1262 690 489 387 521 416 510 390 568 466 435 381 488 444
147 387 388 509 558 349 829 551 865 389 979 462 13 380 168 454 979 376 1060 463 349 370 467 456 489 387 521 416 1069 486 1253 688 510 390 568 465 1097 373 1216 590 435 381 488 444
148 387 389 509 865 390 979 462 557 350 829 551 7 380 163 455 978 377 1060 463 349 371 468 456 489 387 520 415 510 390 568 465 1064 480 1240 681 1091 373 1203 580 435 381 488 444
556 350 830 551 864 390 979 462 148 387 391 509 3 380 157 456 978 377 1058 463 349 371 468 455 510 391 568 465 489 388 519 415 1061 372 1171 584 1057 480 1184 670 435 381 488 444
556 350 831 551 865 390 979 462 149 387 392 509 0 377 140 458 978 376 1057 464 348 371 469 455 1050 364 1164 585 1036 474 1191 665 509 391 568 465 489 388 519 415 435 381 489 444
556 350 831 551 866 390 979 462 149 388 393 509 0 378 136 459 978 376 1056 464 347 371 469 455 1042 361 1154 585 509 391 568 465 489 388 519 415 1029 475 1183 660 435 382 489 444
556 350 830 552 149 388 393 508 866 390 979 461 0 377 131 459 345 370 469 455 977 375 1055 465 510 391 568 465 489 388 520 415 1037 363 1144 582 1034 474 1157 653 435 382 489 443
556 350 830 552 150 388 393 508 866 389 978 461 2 376 125 460 344 370 469 455 977 374 1056 465 489 388 520 415 510 390 568 465 1019 369 1123 575 435 382 489 443 133 386 175 421 1030 458 1146 632
554 349 832 553 151 388 393 508 866 389 979 461 5 374 121 460 345 370 469 455 1011 371 1118 573 976 373 1055 465 488 387 520 415 510 389 567 465 997 469 1132 615 132 386 176 421 435 382 489 443
553 349 833 553 152 387 392 508 866 390 980 462 6 373 118 459 346 371 469 455 1004 372 1112 573 488 388 520 415 510 388 567 465 976 374 1056 464 0 366 71 510 991 468 1126 608 132 385 176 420 435 382 489 443
552 348 834 554 153 387 392 508 866 390 982 462 347 371 468 455 998 374 1103 570 0 363 82 511 509 388 568 465 488 388 519 415 975 375 1060 463 11 373 113 455 110 386 170 421 1002 478 1097 603 435 382 489 443
552 348 834 554 155 387 392 508 866 390 983 462 347 371 468 455 995 374 1093 566 509 388 568 466 488 388 519 415 3 360 104 503 998 478 1090 600 17 376 107 428 106 386 171 421 435 382 489 443
552 348 835 554 156 387 392 508 865 390 984 462 3 353 110 512 347 371 468 455 992 458 1086 594 509 389 568 466 994 373 1084 525 488 388 519 415 99 386 179 424 435 382 489 443
