

453 451 707 550 0 465 89 529 395 456 473 513 944 454 1037 497 713 444 755 479 283 464 375 509 1195 435 1229 515 908 451 944 487 348 458 373 496 800 449 837 472
454 451 711 550 0 465 89 529 392 456 472 513 944 454 1037 497 713 444 754 479 283 464 375 509 1195 435 1229 515 908 451 944 487 348 458 374 496 800 449 838 472
455 451 713 549 0 465 89 529 389 456 472 512 944 454 1037 497 713 444 754 479 283 465 375 509 908 451 944 487 1195 435 1228 515 800 449 838 472 348 458 374 495
462 449 733 549 0 465 89 529 385 457 470 511 944 454 1037 497 712 444 754 478 283 464 375 509 1195 435 1228 516 908 451 944 487 799 449 839 472 349 458 374 495
463 449 737 549 0 465 89 529 381 458 471 510 944 453 1037 498 712 444 753 478 283 465 375 509 1195 435 1228 515 908 450 944 487 799 449 840 472 349 459 373 494
465 448 741 550 0 465 90 529 378 459 472 509 943 453 1037 498 711 444 753 478 283 465 375 509 1195 435 1228 515 909 450 943 486 799 449 840 472
466 447 745 551 0 465 90 529 375 459 473 509 943 453 1037 498 284 465 373 509 711 444 752 477 909 450 943 486 1195 435 1228 515 799 449 840 472
468 446 749 551 0 465 89 529 373 459 473 510 943 452 1036 498 284 465 370 509 711 444 751 477 909 450 943 486 1195 435 1228 515 800 449 840 472 348 459 372 494
469 447 753 550 0 465 89 529 371 459 473 510 943 453 1036 498 285 465 368 508 712 439 750 472 909 450 943 486 1195 434 1228 515 800 449 841 472 348 459 371 495
472 449 761 550 0 464 89 529 370 459 473 511 942 453 1037 498 285 465 368 508 712 439 751 472 909 450 943 486 1196 435 1228 515 800 449 841 472 348 458 371 494
474 450 773 550 0 465 89 529 363 456 464 513 942 453 1037 498 711 440 750 471 285 465 368 508 909 450 943 486 1196 435 1228 515 800 449 841 472 349 458 371 492
473 451 788 549 0 465 90 529 359 457 463 513 942 453 1037 498 709 446 748 474 285 465 367 508 909 450 943 486 1195 435 1228 515 800 449 841 472
471 452 798 549 354 458 463 512 0 465 90 529 942 453 1037 498 708 441 748 470 909 450 943 486 1195 434 1228 515 285 464 365 508 800 450 841 472
494 449 800 550 348 458 463 512 0 465 90 529 943 453 1037 498 708 441 748 470 908 450 943 486 1195 434 1228 515 800 450 841 472 285 464 363 508
496 448 802 550 345 458 463 512 0 465 90 529 943 453 1037 498 1195 434 1228 515 908 450 943 486 707 441 747 469 799 450 841 472 285 464 363 509
498 449 812 550 341 457 462 512 0 464 90 529 943 453 1036 498 1195 435 1228 515 908 450 943 486 706 442 746 467 798 449 841 472
500 450 827 550 0 464 90 529 338 456 461 513 943 453 1037 498 908 450 943 486 1195 435 1228 515 706 443 745 466 502 454 543 477 798 449 842 473
500 450 845 551 0 464 90 529 322 455 455 514 943 453 1037 498 505 455 542 479 907 450 943 486 1195 435 1228 515 705 443 744 464 490 459 520 482
500 450 856 553 321 456 451 514 0 464 90 529 943 453 1037 498 507 456 541 478 907 450 943 487 1195 435 1228 515 706 444 744 463
505 450 860 554 318 457 448 514 0 464 90 529 942 452 1037 498 509 456 541 478 1195 435 1229 515 908 450 943 487
313 457 444 514 522 447 869 551 0 465 90 529 942 452 1037 498 508 456 540 478 1195 435 1229 515 908 450 942 486
523 448 876 552 309 457 441 515 0 465 90 529 941 452 1038 498 509 456 539 478 1195 435 1229 515 908 450 942 486 433 464 473 485
525 448 884 552 307 456 439 515 0 465 90 529 941 452 1038 498 509 455 539 477 1195 435 1229 515 908 450 942 486 432 464 474 485
532 450 895 550 296 453 430 519 0 465 90 529 941 452 1038 498 509 455 540 477 1195 435 1229 515 908 450 942 486 433 464 474 485 490 457 525 478
539 451 905 550 293 455 427 519 0 465 90 529 941 452 1038 498 510 455 541 476 1195 435 1229 515 908 450 943 486 488 457 526 478 415 464 454 487
545 451 912 549 288 456 423 518 0 465 90 529 941 452 1038 498 511 456 541 477 1195 435 1229 515 414 465 454 489 909 450 943 486 487 457 526 478
547 451 916 548 0 465 90 529 284 456 423 518 941 452 1038 498 512 456 541 476 1195 435 1229 515 412 465 454 489 488 457 524 478
547 450 918 548 0 464 90 529 277 455 423 518 941 452 1038 498 513 456 541 476 1195 435 1229 515 410 465 454 489 490 457 522 477
559 449 930 547 0 464 90 529 267 455 406 520 941 452 1038 498 513 455 540 476 1194 435 1229 515 491 456 522 477
559 450 936 547 259 455 406 521 0 464 90 529 941 452 1038 498 513 455 540 475 1195 435 1228 516 492 456 521 477
562 451 940 546 254 456 403 520 0 464 90 529 941 452 1038 498 513 455 540 475 492 456 521 476
566 451 949 545 0 464 90 529 244 455 382 523 941 452 1038 497 512 455 540 475 1132 398 1279 690 492 456 521 477
572 451 957 545 237 456 380 523 0 464 90 529 1108 412 1279 680 941 452 1038 497 512 455 540 476
576 451 963 545 229 457 379 524 0 464 90 529 1073 416 1274 674 941 452 1038 497 511 455 540 476 364 458 451 501 574 450 647 502
581 451 966 547 225 458 379 524 1061 412 1272 678 0 464 90 528 941 453 1039 497 512 455 540 476 363 459 452 500 572 454 649 519
585 451 969 548 219 458 380 524 0 464 90 528 1033 439 1273 634 941 453 1040 498 512 455 540 476 361 459 454 499 573 454 648 520 905 450 948 483
602 451 983 547 1006 436 1275 648 0 464 90 528 207 458 368 523 941 453 1039 498 573 453 647 521 359 459 457 499 512 455 540 475 904 450 949 481
600 453 988 545 994 435 1275 642 201 459 364 524 0 464 90 528 942 453 1038 500 573 453 647 521 357 459 458 500 512 456 540 476 903 450 950 479
603 453 990 544 984 433 1272 638 195 459 362 525 0 464 90 529 573 453 649 521 944 454 1034 501 355 458 458 500 512 456 540 476 903 450 950 478
615 454 987 543 968 432 1272 636 0 464 90 529 180 459 348 526 573 455 651 521 355 458 456 500 512 456 540 476 931 451 1021 496 903 450 949 477
953 431 1272 632 628 453 981 543 0 464 90 529 172 461 349 527 573 456 651 521 356 458 454 499 512 456 540 476 933 450 1015 494
939 431 1270 630 643 452 967 543 166 462 346 528 0 464 90 529 573 456 651 521 358 458 452 499 512 456 540 476 942 451 997 488
932 433 1263 625 651 451 956 543 0 464 90 529 573 456 651 521 162 461 345 528 512 456 539 476 360 459 453 499 942 450 994 486 899 450 951 478
659 450 945 543 0 465 90 528 148 461 324 529 573 455 651 522 929 434 1253 619 512 456 539 476 362 459 453 499 900 450 951 478
665 450 939 543 141 462 324 530 916 437 1229 610 572 455 652 522 0 465 89 528 512 455 539 475 363 459 453 499 902 451 950 478 495 457 523 476
673 448 931 542 914 434 1215 605 572 455 653 522 0 465 89 528 114 459 328 531 512 455 539 475 363 460 451 499 1197 435 1230 513 494 457 523 476 904 451 949 477 309 461 392 509
675 447 929 542 913 430 1189 600 571 454 653 522 0 465 89 528 108 459 325 532 512 455 539 475 363 460 451 499 1198 434 1231 514 294 463 384 512 494 457 523 476
678 447 923 542 909 430 1178 599 572 454 653 523 0 465 89 527 102 459 320 533 512 455 539 476 290 463 386 512 363 460 450 499 1197 433 1231 515 494 457 522 476
679 446 920 543 572 455 653 523 0 464 88 527 891 434 1163 592 108 461 302 531 285 463 386 511 513 455 539 476 1197 432 1231 515 363 459 449 499 494 457 522 476
889 432 1159 591 681 446 916 543 89 462 288 532 572 455 653 523 0 464 88 527 281 463 386 510 513 455 539 476 1197 432 1232 515 364 459 448 499 494 457 522 476
887 433 1156 589 681 445 915 542 72 459 286 533 572 455 653 523 0 465 88 527 278 463 387 510 513 455 540 476 1197 432 1232 515 364 460 449 499
683 446 912 541 884 434 1149 588 63 462 277 534 572 455 653 522 0 466 87 526 274 463 388 510 513 455 539 476 1196 432 1232 514 365 460 449 499
685 446 909 540 876 436 1140 572 573 455 653 522 55 463 269 536 0 466 86 526 273 463 388 510 513 456 539 477 364 459 451 498 1195 432 1232 514
688 446 906 539 873 437 1128 571 573 455 652 522 54 464 264 536 0 467 83 525 274 462 386 510 364 459 450 498 513 456 539 477 1194 433 1231 514
689 446 904 539 869 437 1121 570 573 456 652 522 55 463 256 536 0 466 81 525 278 462 384 510 363 459 450 498 513 456 539 477 1194 433 1231 514
690 445 903 539 869 438 1115 568 573 456 653 522 33 462 242 537 279 462 383 510 0 465 77 526 513 456 540 477 364 459 449 498 1194 434 1231 514
17 467 235 536 690 445 902 539 870 438 1111 566 573 456 653 522 280 462 383 510 0 465 75 528 514 456 540 477 1194 434 1231 514 364 459 448 497
863 436 1093 567 11 467 228 537 690 444 901 538 573 455 653 523 280 462 383 510 514 456 540 477 1194 434 1231 514 0 464 72 528 364 460 447 497
862 437 1093 567 689 444 901 539 6 466 224 538 572 455 653 523 280 462 384 510 514 456 540 477 1194 433 1231 514 0 464 72 527 364 460 447 497 413 462 456 490
861 437 1092 566 689 444 901 539 573 455 653 523 2 465 219 539 280 462 384 510 514 456 541 477 1194 433 1231 514 413 462 455 489
861 437 1092 566 689 444 901 539 573 454 653 523 0 464 212 540 281 462 383 510 515 456 541 477 1194 433 1231 514 413 462 455 490
862 436 1091 566 689 444 900 538 0 463 191 539 573 454 653 523 281 462 383 510 515 457 542 478 1195 432 1231 513
863 436 1091 567 0 464 186 540 689 443 900 538 572 454 653 523 281 462 384 510 516 456 542 478 1195 432 1231 513
863 436 1092 567 0 464 175 540 689 443 901 538 572 455 653 523 282 462 384 510 516 456 542 478 1194 432 1231 513
862 436 1092 567 0 463 164 540 689 443 901 538 572 455 653 523 283 462 381 509 516 456 541 478 1195 432 1231 513
861 437 1094 566 688 443 901 538 0 463 159 540 572 455 653 523 284 462 378 509 516 456 541 478 1195 433 1231 514
861 438 1093 565 688 443 901 538 0 463 143 539 572 455 653 523 284 462 375 509 515 455 541 478 1195 433 1231 514
860 438 1095 565 689 443 902 537 0 462 135 539 572 456 653 522 284 463 373 509 514 455 540 478 1195 434 1231 514 361 457 453 501
860 439 1095 565 0 461 126 540 689 443 902 538 572 456 653 522 285 463 374 509 513 455 540 478 1195 434 1231 514 361 457 452 501
860 439 1095 565 0 460 117 541 689 443 902 538 572 456 653 522 285 463 374 509 512 455 540 478 1195 433 1231 514 359 457 452 500
860 439 1094 565 689 443 902 538 0 459 109 543 572 456 653 522 285 463 376 509 512 455 540 478 1195 433 1231 514 359 458 452 500
860 439 1094 565 690 443 902 538 0 459 92 541 572 456 653 522 512 455 540 478 285 463 377 509 1195 433 1231 514 359 458 452 499
861 438 1094 565 690 443 902 538 572 456 653 522 0 459 89 540 512 456 539 478 284 463 378 509 1195 434 1231 514 360 459 452 498 495 457 522 477
861 438 1095 565 690 443 901 538 572 455 653 522 0 461 87 538 511 456 538 478 283 464 380 510 1195 434 1231 514 494 457 523 477
861 438 1095 566 690 443 901 538 572 455 654 522 0 463 87 536 284 464 381 510 511 456 537 479 1195 434 1231 514 494 457 523 478
860 438 1095 566 690 443 900 538 572 455 654 522 0 465 88 536 284 464 382 510 511 456 536 479 1195 434 1231 514 494 456 523 478
860 438 1095 566 689 443 900 538 0 465 89 535 572 455 654 522 284 464 383 510 511 455 536 479 1195 434 1231 514 494 456 524 478
861 438 1095 566 689 444 900 538 0 466 89 535 572 455 654 522 284 464 382 510 1195 433 1231 514 512 455 536 480 493 455 524 478 360 459 452 497
861 438 1095 566 690 444 900 538 0 466 89 534 572 455 654 522 285 463 383 510 1195 433 1232 514 512 455 536 480 494 455 524 478
861 438 1094 565 690 444 900 538 572 455 654 522 0 466 89 532 1195 433 1232 514 513 455 537 480 288 463 381 510 494 455 522 478
861 438 1094 565 691 444 900 538 572 455 654 522 0 465 89 530 1194 433 1232 514 512 455 537 479 288 462 381 510
861 438 1095 565 691 444 900 537 572 455 654 522 0 465 89 529 1194 433 1232 514 510 455 538 480 289 463 381 510
861 439 1094 565 691 444 900 537 572 455 654 522 0 466 89 529 509 455 539 480 1194 433 1232 514 288 463 382 510
861 439 1094 565 691 444 900 537 572 455 654 522 0 466 89 529 509 455 539 480 1194 433 1232 514 290 463 381 511
861 439 1094 565 691 444 900 537 571 455 654 522 0 466 89 529 509 454 539 480 1194 433 1232 514 292 463 379 511
861 439 1094 565 691 444 900 537 572 456 654 522 0 466 89 529 1194 433 1232 513 509 455 539 479 293 462 378 512
861 439 1094 565 691 444 900 537 572 456 653 522 0 466 89 528 1194 433 1232 513 508 455 539 478 291 463 378 511 496 456 522 479
861 439 1094 565 692 444 899 537 572 456 653 522 0 466 89 528 286 463 378 511 1194 433 1232 513 508 454 539 478 496 457 521 479
861 439 1095 565 692 444 899 537 572 456 653 522 0 466 89 529 281 463 380 511 507 454 539 478 1194 433 1232 513 496 456 521 479
861 439 1095 565 692 444 899 537 572 455 653 522 0 466 89 529 278 462 381 511 507 454 539 477 1194 433 1232 513 495 456 520 479
861 439 1095 565 692 444 899 537 572 456 654 522 0 465 89 529 278 463 383 510 508 454 539 477 1194 433 1232 514 494 457 519 479
861 439 1095 565 691 444 900 538 0 465 89 528 571 456 654 522 279 464 383 509 509 454 539 477 1194 433 1232 514 493 457 518 479
861 439 1095 565 691 444 900 538 0 465 89 528 571 457 654 522 281 464 383 509 510 455 538 476 1194 434 1232 514 492 457 518 479
861 439 1095 565 691 444 900 538 0 465 89 529 571 456 654 522 280 464 383 509 510 454 538 476 1193 434 1232 514 492 457 518 478
861 438 1095 565 691 444 900 538 571 456 654 522 0 465 89 529 279 464 384 509 510 455 538 476 1193 434 1232 514 492 457 520 478
861 438 1095 565 691 444 900 538 0 465 89 529 571 456 654 522 278 464 384 509 510 455 538 475 1193 434 1232 514 491 456 522 478
861 438 1095 565 691 444 900 538 571 456 654 522 0 465 89 528 279 464 384 508 510 455 538 475 1194 434 1232 514 491 456 524 477
861 438 1095 565 691 444 900 538 0 465 89 528 571 456 655 522 280 464 382 508 511 455 538 475 1194 434 1232 514 362 459 451 497
