

418 242 602 467 861 297 1275 535 796 322 868 369 344 307 422 388 667 334 684 366 844 331 933 414 1110 210 1130 239
416 242 600 466 860 288 1273 516 797 322 871 370 342 307 421 387 668 335 685 366 846 331 933 414 1109 203 1130 237
413 243 597 464 858 289 1273 515 340 308 420 387 799 322 878 372 669 335 687 367 1109 198 1130 235 850 331 934 414
408 242 601 462 853 289 1275 515 799 323 879 372 338 307 419 387 671 335 688 367 1114 197 1134 236
857 297 1271 536 801 324 881 372 337 307 418 387 673 335 690 367 1117 202 1136 237
860 296 1269 538 803 325 884 372 336 307 416 388 674 334 691 367
400 253 592 474 862 296 1265 537 806 325 889 372 335 308 414 389 676 334 692 367 1132 187 1150 227 199 323 253 389
863 298 1262 534 809 325 895 373 677 335 693 366 185 319 244 390 1138 189 1156 225 1131 204 1150 237
864 288 1262 514 811 325 898 373 683 335 702 367 180 320 240 391
386 245 586 464 867 288 1262 513 813 324 900 373 683 335 703 368 167 330 242 394 1155 187 1174 225 1132 213 1153 237
384 242 584 466 871 287 1259 513 814 323 902 373 324 305 400 388 1160 187 1179 224 685 335 705 368 163 331 238 395 1134 216 1154 236
381 256 576 472 874 287 1258 512 817 323 911 375 321 307 397 388 146 328 228 398 687 335 707 368 552 259 611 377 1136 216 1157 235
377 256 571 473 875 285 1259 514 819 324 912 375 138 330 223 399 319 310 393 389 549 259 609 377 689 334 709 368 1181 182 1203 224 1138 216 1158 234
372 255 567 474 876 286 1261 516 821 324 913 375 121 328 211 400 315 311 389 391 546 259 607 378 691 334 710 369 1188 180 1209 222 1138 216 1160 234
370 256 566 473 876 286 1263 517 823 325 915 375 112 328 209 403 317 311 381 392 692 335 712 369 1139 215 1162 234 1199 178 1221 224
877 287 1264 515 367 256 566 472 826 325 919 374 86 327 193 404 319 310 377 392 1205 174 1228 223
359 249 570 459 877 289 1267 514 828 324 922 374 78 327 191 406 308 313 370 391 1154 212 1175 233
356 248 568 460 877 289 1267 514 830 324 924 374 57 329 176 407 1228 167 1252 227 1156 211 1179 232 307 313 365 391
351 247 565 461 879 288 1267 515 831 323 926 374 47 330 175 408 523 258 604 384 1158 211 1181 232 1234 167 1258 222
884 286 1265 518 834 323 926 374 348 244 557 467 522 259 602 383 1161 210 1184 230 37 329 175 411
913 285 1265 517 836 323 927 374 344 242 554 468 519 259 601 382 15 332 156 416
913 285 1265 518 843 324 935 375 515 260 599 380 1 333 134 418
914 287 1265 517 843 323 938 375 509 259 596 380 0 335 132 419
917 288 1265 516 846 323 943 375 504 259 594 382 0 348 129 430 1182 206 1203 226
920 289 1264 516 850 322 947 375 498 258 593 384 0 347 129 431 1185 205 1207 226
924 289 1264 515 853 322 950 375 315 251 516 479 485 252 591 385 1187 204 1210 226 0 348 126 431
927 291 1265 514 854 322 952 374 309 249 511 482 483 252 592 383 1189 203 1211 226
932 291 1269 515 303 249 506 482 856 322 954 374 481 254 593 382
937 290 1273 515 862 321 969 375 479 256 592 381
942 288 1277 517 863 320 973 375 477 257 591 381
865 321 975 375 945 288 1277 517 276 244 493 468 476 258 590 380
868 321 976 375 951 288 1279 517 267 244 488 468 474 257 589 381 743 331 767 366
871 322 977 377 957 289 1279 516 260 259 482 473 472 257 587 383
873 323 980 378 223 247 490 478 968 291 1279 515 470 256 586 385
875 324 982 380 217 245 487 475 974 293 1276 513 464 260 588 382
206 245 485 471 883 325 996 381 461 261 587 383 983 294 1273 511
195 247 480 466 883 325 1004 381 459 262 584 383 987 294 1271 510
884 326 1010 380 184 250 471 465 457 262 581 384 991 293 1270 509
177 252 461 466 887 326 1015 381 456 262 580 384 1000 305 1245 494 1147 325 1279 634
173 252 448 469 892 326 1015 382 457 262 580 385 1029 300 1265 486 1132 275 1279 603
167 252 443 469 895 326 1016 384 457 263 581 386 1036 301 1265 487 1118 272 1279 603
895 327 1039 386 152 253 421 466 458 263 580 385 1043 300 1266 485 1114 196 1279 588
899 328 1043 386 145 254 418 462 457 265 580 383 1047 299 1266 478 1106 174 1279 605 393 333 425 375
904 328 1047 387 132 256 411 459 457 265 579 382 1059 215 1271 565 392 332 426 375
909 327 1048 387 119 254 401 458 456 266 579 382 1046 201 1272 580 390 330 425 373 362 328 416 381
104 254 390 458 914 325 1062 389 456 267 578 382 1033 188 1275 595 359 331 416 381 390 330 426 371 330 228 348 256
914 326 1066 389 94 254 380 458 457 268 578 382 985 100 1279 668 349 331 420 380 394 330 428 368 612 287 624 308 330 230 347 257
915 327 1072 388 78 255 368 457 466 270 574 382 346 331 418 380 971 111 1279 664 398 330 429 367 613 288 625 310
918 329 1076 387 64 255 361 458 466 270 574 383 343 331 417 381 959 123 1279 663 399 329 430 367 615 289 626 310
926 333 1079 390 468 271 574 384 341 331 417 395 50 255 329 468 948 128 1273 659 400 329 430 367 617 289 629 311
931 334 1074 390 468 273 574 384 43 258 322 472 340 332 417 395 938 131 1269 654 400 330 430 367 619 290 631 312
30 259 311 474 338 332 418 396 470 273 575 385 927 133 1267 652 935 335 1066 389 286 324 341 409 410 332 439 366 622 290 634 311
338 333 418 395 14 258 301 476 917 133 1267 652 471 272 575 384 939 335 1054 389 278 326 340 407 409 332 441 368
338 333 418 396 1 256 291 476 879 147 1269 642 473 272 576 383 942 329 1045 385 262 325 340 408 410 332 443 370
338 333 420 396 0 256 282 477 475 271 577 383 872 145 1267 643 255 320 341 409 411 332 445 371 946 329 1038 383
339 332 422 395 0 257 263 477 854 143 1258 647 476 272 579 383 240 316 337 409 413 332 446 372
339 332 424 395 0 260 247 479 838 141 1242 649 477 272 580 383 230 313 335 411 414 332 447 371
339 332 425 395 0 249 221 483 825 136 1220 651 478 273 581 383 222 312 332 412 414 332 448 371
338 332 426 395 820 134 1202 649 478 273 582 383 0 249 211 482 205 313 327 411 414 332 449 371
337 331 427 395 812 133 1188 644 0 248 181 486 479 273 583 383 415 331 450 371 186 311 331 415 642 286 655 307
337 331 429 395 1 247 166 487 745 131 1175 638 480 272 584 382 415 331 452 371 175 312 331 413 645 285 658 307
742 131 1161 635 336 330 430 396 151 310 319 413 482 273 584 381 0 246 153 488 414 331 453 371 648 286 660 308 1122 357 1163 393
744 137 1150 631 336 330 432 396 145 311 317 412 484 273 585 382 0 259 141 475 414 332 455 372 1095 339 1177 404 650 287 662 308
743 140 1134 635 336 330 434 397 139 312 312 412 1063 336 1179 404 486 273 586 383 414 332 458 372
1039 337 1192 405 337 330 436 398 134 312 308 413 740 187 1100 591 487 273 588 385 415 333 460 372
1022 340 1207 407 339 330 438 399 131 312 305 414 723 190 1084 596 491 276 599 382 415 333 462 372
1018 344 1218 410 340 331 439 401 128 313 303 415 711 196 1084 595 491 277 599 384 415 333 462 371
341 332 440 402 125 315 300 415 494 286 595 393 711 234 1087 618 1051 344 1227 411
122 318 297 415 342 333 441 405 496 286 598 394 1049 346 1239 414 662 245 1067 616 430 344 472 383 1001 353 1083 398
344 334 446 408 121 320 294 416 629 257 1073 618 500 288 600 395 1050 348 1247 415 1003 357 1081 402 431 344 473 384
345 337 446 411 120 321 292 417 502 288 603 397 605 270 1071 616 1057 353 1247 417 1005 359 1084 403 433 346 475 385
347 339 449 414 117 321 290 419 508 289 605 398 1080 351 1258 420 603 292 1063 620 435 347 479 386 1008 358 1089 403
352 339 453 416 113 322 291 422 513 286 609 399 627 322 1053 623 438 346 483 387 1085 347 1260 413 1027 356 1114 402
359 338 459 416 96 317 284 419 1107 344 1279 414 520 282 615 397 1034 355 1118 398 663 352 1047 623 453 346 492 387
111 317 292 420 1118 340 1279 410 529 287 622 394 364 336 464 413 1046 350 1138 396 457 342 499 386 726 354 1103 635
375 329 481 408 1149 333 1279 404 534 275 628 386 1048 347 1144 391 753 356 1124 634 466 342 498 384
111 284 294 409 552 271 650 371 385 318 486 390 1164 317 1278 384 775 351 1146 636 1086 328 1194 370 490 324 523 362
113 276 297 401 396 309 501 388 1188 308 1279 382 562 269 653 364 1097 322 1190 365 803 339 1216 639 488 317 528 361 743 263 758 283
401 302 508 384 116 272 300 393 814 323 1238 639 1199 305 1279 377 1125 317 1205 363
120 266 305 386 846 317 1255 635 579 245 674 351 507 302 551 346 418 298 528 379 1205 304 1279 373 1125 312 1214 352
123 260 312 380 425 296 534 377 922 315 1277 630 586 243 681 346 1126 310 1219 350 533 298 567 334 514 299 553 340
126 257 320 377 434 288 540 370 603 240 695 344 526 295 575 338 940 307 1276 637 0 279 25 325 1141 306 1244 352 790 244 804 263
128 257 323 377 441 287 551 369 610 241 701 344 531 297 581 337 0 278 30 325
448 288 556 372 131 259 326 376 619 239 708 351 1162 316 1269 366 538 297 583 337
134 258 327 376 456 290 561 373 1169 320 1273 365 627 248 717 348 551 300 594 339
137 258 328 375 459 293 568 381 632 250 722 349 1178 322 1276 368 553 299 601 340
138 258 327 374 464 291 577 382 1188 322 1279 370 637 250 726 349 557 299 608 341 616 289 639 317
137 258 327 373 468 293 582 381 1194 321 1279 370 640 250 730 348 560 298 611 340 1033 439 1274 635
136 258 326 373 476 289 586 374 648 252 738 346 572 298 618 341 1198 321 1278 371 837 247 852 267
133 257 326 373 481 288 589 375 652 250 741 345 572 297 623 341
131 257 323 372 483 288 592 375 654 249 744 346 574 296 624 339 637 283 659 312
127 259 319 371 485 287 592 375 658 249 746 347 576 295 625 338 637 283 660 312
125 260 316 370 487 288 600 375 660 250 746 347 579 296 627 339 639 285 662 312
123 263 313 369 488 288 601 375 662 250 747 347 582 298 629 341 642 286 663 313
120 266 309 369 487 291 601 383 662 251 747 348 585 300 630 342 643 289 664 315 857 244 872 266
116 270 305 368 488 291 602 383 662 253 746 349 585 300 631 343 643 290 665 317 857 245 871 267 1223 329 1274 364
113 273 299 367 488 291 603 383 662 254 746 350 585 300 632 342 1221 327 1278 366 857 246 871 268 643 292 665 318
488 291 602 383 110 275 295 366 662 255 746 352 1221 324 1279 368 585 301 631 341 857 246 871 268
