

412 323 537 541 1050 312 1196 367 916 332 1036 370 1207 302 1279 375 752 348 837 391 583 362 705 411 424 443 493 556
412 323 537 541 583 361 712 411 916 332 1036 370 1056 311 1198 366 750 348 836 390 1213 301 1279 376 424 442 493 556
412 323 537 540 589 354 718 410 1066 309 1212 366 917 332 1036 370 1213 301 1279 376 746 349 837 390 424 442 494 556
412 322 537 539 594 353 723 411 917 332 1035 369 1071 309 1213 365 1213 301 1279 376 734 349 827 391 424 442 494 556
412 323 537 539 602 354 739 409 918 332 1034 369 1077 306 1212 361 1213 301 1279 375 732 349 825 390 424 443 494 557
605 352 746 409 412 323 536 538 918 331 1033 368 1078 304 1214 361 1207 301 1279 374 733 349 823 390 424 443 494 557
413 323 536 538 612 351 751 409 917 331 1034 368 1110 305 1217 361 1211 297 1279 367 425 443 494 557 737 349 821 390
413 323 535 538 616 351 753 410 917 330 1035 368 1113 305 1220 360 1211 297 1279 366 425 442 493 558 1055 309 1146 354 739 348 820 391
624 351 766 407 414 323 535 538 917 330 1034 368 1119 305 1223 360 1212 297 1279 367 425 442 493 558 1054 309 1148 354
629 350 770 406 414 323 535 538 917 330 1033 367 1212 296 1279 367 1122 303 1224 359 1051 307 1150 355 425 441 493 558
414 323 535 539 636 348 775 405 917 330 1032 367 1048 305 1154 355 1213 296 1279 368 1136 304 1237 359 425 441 493 558
414 323 537 539 916 330 1032 366 1054 302 1177 354 650 345 796 404 1213 296 1279 367 1144 303 1236 355 425 441 493 558
413 324 537 539 655 343 804 403 916 330 1032 366 1054 301 1180 352 1199 297 1277 366 425 441 493 557 1151 301 1234 352
413 324 539 539 915 329 1034 367 676 343 816 399 1054 299 1181 351 1197 298 1277 365 425 441 493 557
679 343 824 398 413 324 539 540 915 329 1036 367 1197 297 1278 365 1053 298 1184 352 419 427 523 562 511 378 538 409
413 323 538 540 915 328 1037 367 1200 296 1278 365 702 342 841 397 1054 297 1183 352 425 441 494 557 508 375 541 411
413 323 535 540 706 342 849 397 915 328 1037 367 1202 296 1278 366 1056 298 1183 351 425 441 494 556
413 323 533 540 714 340 872 396 915 328 1037 367 1204 296 1278 366 1057 298 1182 351 425 441 495 556
723 341 874 395 413 322 534 541 916 328 1037 367 1204 296 1278 366 1057 299 1181 351 424 441 495 556
413 322 534 542 916 328 1035 367 1204 296 1277 366 738 339 904 394 1057 299 1180 351 424 441 494 556
413 322 534 542 746 338 908 395 917 328 1035 367 1204 296 1277 366 1057 299 1179 351 484 345 569 414 424 442 493 556 698 355 750 388 676 357 721 393
413 323 534 542 918 329 1034 367 758 336 928 395 1204 296 1277 366 1058 299 1179 351 480 342 574 417 424 442 493 556 699 355 751 388 678 357 720 392
769 334 929 393 413 324 534 542 919 329 1033 367 1204 296 1277 366 1058 299 1178 351 472 339 580 416 699 355 749 388 424 443 493 556 681 357 719 390
413 323 534 542 921 330 1032 366 781 334 931 392 1204 296 1277 366 1059 300 1177 351 424 443 492 556 469 338 585 415 699 355 744 387 683 357 721 389
791 333 953 391 413 323 534 542 923 329 1031 366 1204 296 1277 366 1059 300 1177 351 424 443 492 556 467 338 588 414 683 357 723 389 659 362 698 393
413 323 534 542 940 325 1040 364 1204 296 1277 366 800 333 957 391 1059 301 1176 351 504 346 598 413 655 362 698 393 424 443 492 556 684 357 724 388
412 323 532 541 942 325 1039 363 810 331 977 391 1204 296 1277 366 1059 301 1175 351 499 344 604 414 651 362 696 394 424 443 492 556 686 357 724 387
411 323 532 541 1204 296 1277 366 946 326 1040 363 826 328 973 385 1060 302 1174 351 495 343 610 414 649 360 696 393 685 357 720 388 424 443 492 556
410 322 532 541 1204 296 1277 366 950 326 1039 363 1061 303 1174 351 848 328 998 385 496 342 615 414 424 443 492 556 648 359 698 391 684 357 717 389
410 322 531 540 855 327 1002 385 1204 296 1277 366 1061 303 1174 350 516 341 631 414 424 443 492 556 646 358 700 390 955 325 1039 363 682 358 713 389
409 322 531 540 868 326 1023 384 1204 296 1277 366 513 338 637 415 1061 302 1176 350 424 443 491 556 646 358 701 390
409 323 532 540 1204 296 1277 366 513 336 640 415 1060 301 1177 351 878 325 1025 380 424 443 491 555 648 360 701 392
410 323 534 539 903 324 1044 379 1203 296 1277 366 517 335 642 414 1059 301 1178 351 424 443 491 555
909 322 1051 378 411 323 535 539 1203 296 1277 366 520 335 642 414 1059 301 1177 351 425 443 491 555 364 393 400 419
917 319 1060 377 412 323 535 539 1203 296 1277 366 524 335 641 413 1060 301 1176 351 425 444 491 555 364 393 399 419
412 324 535 540 921 319 1067 376 1203 296 1277 366 425 444 491 555 1064 301 1174 349 542 334 662 414
412 325 535 539 1203 296 1277 365 921 319 1077 374 425 444 491 555 573 333 681 410 1069 301 1171 346
412 325 535 539 949 318 1094 373 1203 296 1277 365 567 330 691 411 425 444 491 555 913 336 968 370
410 326 534 539 948 318 1103 373 1203 296 1277 365 424 443 492 555 568 328 697 410 910 336 974 371
409 325 533 539 970 316 1117 372 1203 296 1278 365 425 443 492 555 584 327 715 408 356 398 395 423 909 331 994 370
409 325 533 539 1203 296 1278 365 425 443 491 555 974 315 1124 371 921 326 1014 369 587 324 722 408 354 398 396 423
409 325 534 539 1005 315 1140 370 922 327 1019 368 1203 295 1278 366 425 444 491 555 353 398 395 423
408 325 535 539 922 327 1023 367 1203 295 1278 366 1017 313 1159 370 425 444 491 555 352 398 395 423 608 321 743 407
408 325 534 539 1025 311 1162 369 921 327 1027 367 1203 295 1278 366 424 444 491 555 351 398 395 424 608 321 749 407
409 325 534 539 920 327 1027 367 1034 310 1166 369 1202 294 1278 366 424 444 491 555 345 399 385 427 604 306 755 401
410 325 534 538 920 328 1027 367 1045 309 1184 367 1202 294 1278 366 425 444 491 554 344 399 384 428 602 307 760 400
411 325 535 538 1051 308 1191 368 920 328 1025 367 1202 294 1278 366 425 444 492 555 344 399 382 429 575 374 640 401 387 390 414 419
412 325 536 539 920 328 1025 367 1202 294 1278 366 1056 301 1195 363 425 444 493 555 343 400 379 428 570 372 646 402 387 389 414 419 623 309 794 398
411 325 537 541 919 328 1026 367 1077 301 1208 362 1202 294 1278 365 342 400 375 429 564 371 650 403 425 444 494 555 385 390 414 419 624 311 802 397
411 324 538 542 1086 301 1211 362 919 329 1026 367 1212 293 1279 365 341 400 372 428 561 370 649 404 424 444 494 556 510 386 538 411 385 390 413 419 628 310 811 397
412 324 537 544 1102 301 1219 361 919 329 1028 366 1212 293 1279 366 340 400 372 428 558 370 646 404 508 383 541 413 678 313 823 395 424 444 493 556
413 323 536 545 1114 299 1219 360 919 328 1031 366 1211 293 1279 367 507 381 546 414 339 400 371 428 556 369 643 404 678 308 841 393 424 445 492 556 375 398 401 424
413 322 534 545 918 327 1034 366 1126 297 1220 357 1203 293 1279 367 337 400 370 428 506 379 553 416 556 370 639 403 1054 308 1147 349 374 398 402 423 685 305 850 392 424 445 492 555
413 322 533 545 918 327 1035 366 1202 293 1279 367 1141 296 1234 355 334 399 370 428 1054 306 1153 348 506 377 558 416 555 369 638 403 372 391 405 420 424 445 492 555
413 323 534 544 917 327 1035 366 1201 294 1279 366 1059 299 1166 349 332 397 369 429 1148 297 1232 352 371 391 405 420 493 368 566 420 565 370 636 403 424 444 491 554
412 324 534 544 918 326 1035 366 1059 298 1170 348 1198 294 1279 365 497 368 570 419 329 396 369 429 370 390 406 421 717 303 897 389 1155 296 1234 349 569 370 630 402 424 445 491 553
413 325 533 544 919 326 1035 366 1058 297 1175 348 1196 294 1279 365 498 368 576 419 368 390 407 422 326 395 369 430 424 445 491 553 723 302 904 388
413 324 532 544 921 326 1034 365 1058 297 1177 348 1195 294 1279 364 367 389 408 423 496 366 582 418 321 398 362 431 424 445 491 553
413 324 531 545 937 322 1041 362 500 367 595 417 1058 297 1178 348 1198 294 1278 365 366 389 407 423 319 398 362 431 424 445 491 553
413 324 531 545 500 366 602 416 939 322 1040 361 1058 297 1179 348 1201 294 1278 366 365 389 407 423 318 398 362 432 424 445 491 553 762 300 938 384
412 324 533 545 501 365 608 416 943 323 1040 361 1058 297 1180 348 1202 294 1279 366 317 397 362 433 364 390 406 423 767 300 941 383 424 445 491 553
412 324 534 544 500 364 615 417 1059 297 1178 348 1203 293 1279 366 947 323 1039 361 315 397 360 434 362 390 405 423 424 444 491 553 773 300 945 384
412 323 535 544 502 362 620 418 1058 297 1179 348 1203 293 1279 366 313 397 358 434 360 390 403 423 950 323 1038 362 424 444 491 553
412 322 535 543 513 361 637 417 1058 298 1180 348 1204 292 1279 366 310 398 356 435 357 390 403 423 424 445 491 553 953 322 1036 362
412 322 535 543 516 359 646 417 1057 297 1183 348 1203 292 1279 365 306 398 355 435 355 389 402 423 424 445 491 552
411 322 536 543 521 357 651 417 1057 298 1185 348 1204 293 1279 365 303 398 354 435 352 389 402 423 424 445 491 552
411 323 537 542 526 356 671 416 1057 297 1185 348 1204 293 1279 365 300 398 353 436 424 446 491 551 350 389 401 423 1015 313 1071 342
411 324 538 543 531 353 677 412 1204 294 1278 365 1058 297 1183 348 297 398 352 437 425 445 491 552 861 289 1039 377 350 389 399 422
411 324 539 543 1204 294 1279 366 1061 297 1178 348 556 349 694 414 294 398 352 439 868 289 1046 375 425 445 491 552 337 391 390 433
558 346 703 417 411 325 538 543 1203 294 1279 366 1063 297 1175 349 888 287 1060 375 293 398 353 440 526 374 572 405 425 445 490 553 336 391 390 433 776 361 827 387 707 361 744 386
562 345 708 418 412 324 538 543 1203 294 1279 366 1068 298 1173 348 524 374 577 405 874 287 1060 373 425 445 490 553 335 391 389 434 293 398 353 440 776 361 827 388
412 324 537 543 1203 294 1279 366 581 346 714 415 522 374 579 406 1075 297 1170 347 424 445 490 554 332 391 387 434 290 399 338 440 908 282 1090 368
413 324 536 543 584 346 723 415 1203 294 1279 366 519 375 580 406 918 277 1098 369 288 400 336 441 329 391 384 434 424 445 491 554 1083 297 1168 346
413 325 535 544 603 345 743 414 1202 294 1279 366 518 375 577 407 285 401 334 442 327 390 382 434 919 276 1108 369 424 445 490 554
606 345 752 414 413 325 535 544 1202 294 1278 366 517 374 575 406 282 401 331 443 325 390 382 434 912 276 1112 370 424 445 490 554
413 325 536 543 1203 294 1278 366 629 342 766 409 278 401 330 444 324 389 381 435 520 376 571 406 424 445 490 554 900 277 1117 370
413 325 537 543 630 342 777 408 1203 293 1278 366 324 389 379 436 273 401 328 444 424 445 490 554 890 277 1126 370 521 377 569 405
414 325 538 543 648 342 797 408 1203 293 1278 366 324 388 377 437 269 398 348 448 424 446 490 554 884 277 1136 369 514 378 560 405
414 325 539 544 654 341 803 406 1203 293 1278 366 325 388 377 438 268 400 348 447 424 446 490 554 513 378 560 406 878 276 1148 370 917 330 1018 367
415 325 540 543 680 340 816 403 1203 294 1278 366 917 329 1025 367 258 403 315 446 424 446 490 554 513 378 559 406 314 392 367 439 934 278 1160 366
415 325 540 544 681 338 826 402 1203 294 1278 366 916 329 1031 367 254 405 311 449 311 393 366 438 424 446 490 554 513 378 558 406
696 335 849 402 415 324 540 544 1203 294 1278 366 306 393 364 438 248 405 306 449 916 329 1034 366 513 377 557 405 424 446 490 554
415 324 541 544 704 334 854 401 1203 295 1277 366 303 393 362 438 244 404 318 451 916 329 1033 366 513 378 556 405 424 447 490 553
415 324 541 544 724 334 873 399 1204 295 1277 366 241 405 321 452 300 393 360 439 916 329 1033 366 513 379 554 406 424 447 490 554
415 324 541 544 732 333 879 398 1212 295 1278 366 238 405 324 452 299 393 359 440 917 329 1033 366 513 380 553 406 424 447 490 554
415 323 540 543 743 331 904 398 1212 294 1278 366 297 394 359 441 233 404 327 453 916 328 1034 366 512 381 553 406 424 447 490 554
415 323 540 543 296 393 359 441 1212 294 1278 366 224 406 302 453 916 328 1034 366 749 331 907 398 513 380 552 406 424 447 490 554
415 323 541 544 293 393 357 442 219 407 298 454 1205 294 1279 366 768 329 930 397 935 324 1051 361 424 447 490 555 515 381 548 407
415 324 542 544 215 407 293 455 1204 294 1279 366 291 392 355 443 783 328 964 396 939 324 1046 360 424 446 490 555 516 382 544 408
414 324 541 543 211 407 288 456 1202 294 1279 366 280 391 351 447 945 324 1044 359 794 327 964 397 424 446 490 556 1057 308 1146 349
413 323 539 542 279 391 350 448 813 319 983 392 1202 293 1279 366 208 408 287 461 424 446 491 555 950 324 1042 360
412 324 538 542 279 390 349 449 203 407 278 464 1201 292 1279 366 517 384 543 416 424 446 491 555 1061 302 1170 349 953 323 1043 362
412 324 538 542 197 408 274 465 276 390 347 450 1201 292 1279 366 1061 300 1172 350 424 445 491 555 847 316 1004 389
412 325 538 542 189 409 269 464 274 389 345 451 861 316 1034 388 1202 292 1279 366 1061 299 1173 350 424 445 490 555
184 410 266 464 413 325 538 542 272 389 344 452 1202 291 1279 367 1061 299 1175 349 424 445 490 555
180 411 266 464 413 325 539 543 272 389 342 452 883 314 1063 384 1060 298 1178 349 1203 291 1279 367 424 445 490 555 537 384 566 416
413 325 539 543 271 389 341 453 178 411 267 465 1060 298 1178 349 1202 290 1279 367 891 312 1065 382 541 384 571 416 424 445 490 555 623 363 639 398
173 410 262 470 413 325 540 543 270 388 340 453 1203 290 1279 366 1063 297 1176 349 908 310 1083 380 544 383 575 415 424 446 490 554 623 363 640 398
