


766 334 885 392
767 328 883 383
767 325 884 384
767 324 884 386
768 324 886 386
768 323 887 387
768 324 888 387
769 325 889 387






770 329 892 396
769 328 893 398
769 328 894 398
768 328 894 398
769 327 894 398
771 327 894 398
771 326 894 399
772 326 894 400
772 326 894 401
771 327 894 402
771 326 894 402
770 326 895 403
770 327 894 403
771 328 894 402
772 330 893 401
772 331 893 401
787 331 897 400
787 330 897 400 615 327 650 354
786 330 897 400 615 327 650 354
771 331 893 399 615 328 651 354
771 329 894 398
770 327 895 398
769 315 893 395
770 315 893 396
770 328 893 398
769 329 893 398
768 329 894 398
768 329 894 397
769 330 893 396
770 331 891 394
770 332 890 395
770 332 889 395
770 331 888 396
770 331 886 395
771 332 885 396
770 333 884 397
769 334 885 397
767 334 886 397
766 334 887 397
767 335 886 397
767 334 884 397
768 333 882 397
767 331 881 398
767 332 881 397
767 333 884 396
767 334 885 395
767 333 884 395
767 332 882 396
769 332 879 397
771 334 878 396
775 335 877 395


783 332 876 395
788 332 878 395

797 337 889 395

804 336 904 395
811 331 928 398




















975 321 1163 426
982 320 1164 429

