

108 117 333 556 312 235 557 395 734 172 898 510 619 256 671 379 738 332 908 653 698 275 741 364 936 273 956 334 50 316 320 634 1027 266 1060 366 913 275 933 336 894 278 911 329 616 220 625 237
316 235 556 395 121 126 341 555 619 257 673 378 736 174 901 508 737 336 910 650 108 340 326 615 699 276 742 363 935 271 956 337 1030 269 1063 366 913 275 933 336 895 278 912 330 616 220 626 237
341 237 559 395 150 136 363 547 620 257 674 377 737 341 912 647 735 174 904 507 124 344 333 606 700 275 743 363 937 271 958 338 913 274 933 336 616 219 626 236 1033 271 1065 365 895 277 912 330 1050 260 1080 369
158 141 369 539 344 232 559 377 737 345 912 645 621 260 674 375 736 175 905 505 146 347 361 592 700 275 743 362 938 271 958 338 1051 262 1082 368 914 274 933 336 896 277 912 330 616 218 626 235 1010 279 1040 364 964 278 981 331 1030 275 1063 364
168 142 378 529 349 231 559 375 737 341 912 648 736 177 906 502 621 260 675 374 1053 262 1085 367 939 271 959 338 701 276 744 360 157 346 364 587 963 278 980 330 616 217 626 234 913 274 931 335 897 275 913 328 1012 276 1043 361
181 143 383 517 353 230 561 373 738 337 913 652 738 177 907 498 622 263 675 372 939 270 959 337 963 276 980 329 700 265 742 342 1055 266 1088 366 912 274 931 333 1076 258 1107 372 985 278 1006 332 898 273 914 327 1025 279 1057 363 617 215 627 231
358 230 561 372 203 148 405 504 739 332 915 655 739 180 909 495 188 317 380 551 623 265 676 371 961 272 979 329 701 262 742 341 1075 257 1108 372 939 268 960 337 1028 276 1059 362 986 277 1006 331 1013 275 1031 330 911 275 930 331
215 149 409 498 361 230 562 372 740 336 915 654 625 248 676 360 740 179 909 495 960 268 979 329 1076 259 1109 372 701 260 742 340 1033 273 1063 361 195 330 383 539 987 276 1006 329 939 266 960 336 705 301 739 353 1014 273 1032 331 912 274 931 329
231 155 415 492 365 229 562 372 740 336 916 654 741 181 911 494 625 250 676 358 1078 264 1113 371 960 267 979 332 701 261 741 341 1099 255 1132 377 1037 273 1068 362 938 268 959 335 987 276 1007 329 705 301 739 354 1012 272 1031 334 618 212 628 227
246 162 419 485 232 331 412 527 370 230 563 373 735 375 918 674 625 265 676 371 742 183 911 494 1097 254 1133 377 961 268 980 335 700 263 740 341 1081 270 1117 371 1048 277 1083 370 936 270 957 335 617 214 627 230
273 165 436 480 245 331 415 523 380 231 564 373 735 377 920 676 626 268 676 370 743 186 912 492 1100 259 1136 378 1052 274 1086 372 700 264 739 343 961 269 981 337 617 214 627 231 934 273 955 333
283 174 445 475 399 244 559 387 735 380 920 675 627 267 677 371 743 187 912 492 700 264 739 344 254 335 417 517 1058 270 1090 372 1103 268 1137 377 1125 258 1157 381 963 271 982 337 617 215 628 232
294 182 455 473 736 382 921 672 744 185 913 493 628 267 678 371 409 245 560 387 703 278 745 360 1126 259 1163 385 293 332 427 513 1076 275 1108 378 617 215 628 232 736 276 759 312 956 265 987 347 1149 257 1180 381
307 188 463 470 744 182 913 496 630 268 679 370 1078 267 1111 381 758 384 930 662 301 330 432 510 430 253 565 380 1128 261 1167 387 704 278 745 361 1148 253 1183 388 617 215 628 232 957 266 989 348 789 231 810 260
328 188 477 460 745 177 913 499 631 272 680 369 759 381 931 663 308 329 456 504 1084 264 1115 379 1148 253 1187 388 434 250 567 381 705 279 747 360 613 273 638 329 1173 248 1206 384 959 265 991 347 618 213 628 229 1130 268 1166 382
335 186 482 457 635 248 679 356 746 171 913 503 760 377 933 669 450 236 564 370 704 261 739 341 614 270 639 328 1151 255 1189 386 1171 250 1209 385 312 310 462 488 1100 267 1135 379 1085 264 1118 372 1029 257 1057 346
345 185 488 456 636 247 680 355 759 374 935 672 753 164 934 510 455 233 565 370 615 267 639 327 705 259 740 340 977 259 1007 347 1106 263 1139 377 708 299 741 356 1195 250 1234 382 1033 256 1061 344 1172 253 1215 384
352 312 478 472 752 154 935 520 636 246 681 351 762 345 935 641 358 187 488 407 458 227 565 365 977 254 1009 343 705 256 742 338 1226 234 1258 367 731 247 778 349 1121 264 1161 376 709 296 741 351
765 348 939 638 361 307 485 466 753 146 937 531 637 245 682 346 360 173 504 431 464 221 566 362 981 251 1013 337 1224 231 1262 372 729 245 779 349 1128 260 1166 374
768 345 942 635 757 136 938 541 637 231 682 327 371 301 490 458 375 173 537 422 616 248 641 309 705 239 744 318 732 227 780 326 1149 241 1190 367 1221 231 1267 373 984 248 1016 332
759 134 940 547 396 178 520 405 770 343 945 633 638 230 683 328 390 298 509 453 1152 240 1191 369 733 227 781 327 705 238 745 318 617 248 641 308 1248 227 1278 378 1001 244 1032 337
761 141 939 539 768 339 948 638 395 298 514 459 400 188 524 401 638 251 685 345 1170 254 1211 384 999 248 1032 344
401 304 519 470 766 163 940 595 408 206 524 393 1175 259 1212 389
774 391 952 680 770 183 943 586 416 221 533 443 643 277 691 376 727 275 785 377 417 335 524 494 1003 278 1037 374 1227 284 1265 415
775 188 948 582 779 395 955 684 424 232 538 441 644 278 690 377 426 340 531 490 725 301 789 396 1225 277 1267 421 1007 282 1039 376
781 183 953 587 645 275 690 373 447 232 562 435 784 392 961 683 433 313 539 477 726 301 789 393 1026 276 1060 373 1226 272 1266 418
786 173 956 594 646 270 691 369 452 227 568 426 785 389 965 680 448 318 555 469 726 269 786 374 1027 271 1061 369 1057 272 1086 371
789 168 960 596 455 316 559 463 459 221 573 421 786 389 972 673 646 259 691 348 725 270 787 373 690 281 711 313 625 215 637 231 1027 268 1063 362 620 276 646 329 1108 290 1132 353
462 314 565 455 791 166 963 593 803 389 985 663 647 256 690 347 472 211 574 395 726 273 787 370 623 275 648 327 691 277 711 309 1053 256 1083 354
792 167 965 516 468 309 570 451 809 385 985 657 476 208 575 396 728 247 786 352 646 252 688 345 1053 253 1083 353 1034 253 1063 352 716 263 735 290
804 165 983 515 480 208 576 395 814 380 988 656 727 245 786 352 472 309 572 446 647 251 688 345 1055 251 1084 352 623 274 648 324 715 260 736 290 1127 252 1159 351 1034 252 1063 347
807 162 986 517 817 345 994 642 726 245 786 352 476 221 580 420 647 252 687 345 489 319 574 434 1057 251 1085 352 1032 252 1061 343 1079 250 1106 345
811 160 989 516 823 379 998 659 725 245 786 354 481 222 583 420 493 319 577 436 620 269 646 325 638 256 684 340 1058 251 1086 353 1080 250 1107 350 1148 243 1178 352
813 156 992 522 827 380 1002 658 724 272 787 371 485 223 585 421 638 258 683 344 618 268 643 325 1080 249 1108 355 1152 246 1182 353 493 333 578 441 1058 251 1086 353 1105 249 1130 344
814 158 994 520 828 380 1005 657 721 271 784 372 487 226 585 418 636 260 680 347 616 271 641 326 1082 248 1109 357 1156 245 1188 354 494 334 578 441 1058 252 1087 353 1105 249 1130 346
814 159 996 519 826 378 1007 660 487 231 585 415 719 270 779 372 631 275 677 363 1083 246 1111 360 397 255 547 381 613 271 636 326 1059 252 1088 352 1103 247 1130 351 493 334 578 441 1032 253 1059 343
814 161 998 517 487 233 584 412 825 377 1009 664 715 269 774 374 626 274 671 363 495 320 577 434 1085 247 1113 362 395 256 546 381 1101 247 1131 357 1059 254 1087 350 1126 252 1160 356 1033 252 1060 343 794 264 816 298 704 259 752 347
487 235 583 411 815 161 1000 515 825 375 1012 668 712 266 771 376 622 274 666 362 495 321 577 432 1100 246 1133 362 394 257 545 380 1128 250 1160 354 1084 249 1111 362 595 273 621 327 1058 256 1085 349 1035 253 1062 343
816 162 1003 516 486 235 584 410 829 376 1013 667 1102 246 1135 364 496 320 576 432 394 257 542 378 612 273 662 365 592 273 619 327 1082 252 1108 360 1036 255 1065 342 1129 249 1157 351
819 165 1007 514 487 239 585 408 832 379 1017 668 702 268 762 373 496 320 577 432 393 258 539 377 612 274 661 367 1105 246 1138 365 591 272 618 326 1126 245 1156 356 1080 255 1107 357
820 163 1012 516 486 239 585 410 833 381 1020 670 699 269 758 373 496 319 576 433 609 276 657 366 391 257 536 376 1081 257 1109 355 1123 244 1158 362 1150 246 1182 357 589 270 614 326 1107 247 1139 364 1055 255 1082 346
822 161 1017 518 487 240 585 410 850 381 1034 669 697 268 756 374 608 277 654 366 391 257 536 376 1121 242 1162 371 496 320 577 433 1057 256 1086 347 1171 268 1215 369 1153 244 1182 356 1080 258 1110 352
822 158 1022 520 487 236 584 410 851 376 1037 673 693 267 754 373 1124 242 1164 371 497 320 577 433 391 256 537 376 605 279 650 363 1059 256 1089 347 1174 263 1220 371 1156 242 1184 359 587 271 611 325
825 156 1026 519 851 372 1042 678 488 238 583 407 691 267 752 374 390 256 540 375 497 320 576 428 603 279 647 362 1127 256 1166 376 1176 241 1213 362 1060 257 1092 347 1153 243 1184 362 680 259 727 345
854 371 1048 681 841 158 1049 517 488 238 582 406 385 244 538 369 498 320 575 426 689 265 749 375 602 280 643 361 1127 257 1164 376 1074 253 1107 349 1178 240 1210 364 1147 251 1185 378 637 261 657 299 1197 262 1239 375
856 373 1052 682 846 158 1052 517 488 240 582 405 498 320 575 425 383 245 536 368 599 280 641 360 1076 252 1109 352 1148 251 1187 382 1126 260 1162 376
488 242 583 406 859 372 1056 683 850 158 1053 520 674 266 736 375 498 320 575 426 381 258 531 372 1126 258 1160 376 1153 252 1192 383 1173 247 1211 386 1223 263 1264 386 1080 252 1111 356
855 159 1055 522 864 372 1061 682 488 245 581 403 670 265 734 376 498 320 574 425 373 256 505 373 1173 250 1213 390 588 274 633 360 1151 256 1189 384 1222 261 1261 387 1131 262 1163 376
861 147 1058 610 489 249 579 399 666 264 730 377 497 319 574 422 373 255 505 373 587 274 630 360 1149 260 1187 384 1176 255 1215 391 890 376 1086 683 1223 254 1260 392 1101 265 1135 366 1198 249 1238 396
868 150 1065 614 664 263 728 378 490 251 578 397 888 380 1090 685 1151 265 1188 386 502 319 571 424 587 275 630 360 385 250 526 363 881 207 964 282 1102 268 1138 369 1174 262 1212 393 1199 254 1239 401 1082 271 1111 364 1221 251 1261 397
874 151 1070 617 891 380 1092 686 662 262 726 380 490 251 578 396 386 249 523 363 503 319 570 421 586 274 629 358 884 209 969 285 1171 266 1209 392 1102 270 1135 370 1156 268 1192 385 1123 268 1158 374 1216 235 1278 422 1200 260 1238 400
899 380 1100 688 489 231 579 376 661 261 725 380 386 247 521 361 1123 270 1163 378 505 318 570 419 589 264 628 347 883 163 1071 603 1196 272 1237 405 897 210 986 282 1224 267 1269 414 1105 274 1134 372 1153 271 1190 384 1173 271 1210 390
903 165 1098 606 660 260 724 381 386 243 525 360 490 229 581 376 589 264 628 345 1198 273 1241 406 1124 273 1161 379 911 421 1108 708 900 211 994 287 515 319 574 411 1227 273 1267 412 1149 273 1187 383 1249 270 1277 419 1108 276 1136 372
911 168 1109 605 389 241 529 358 660 260 724 380 591 264 629 345 515 318 576 410 503 231 595 369 1148 274 1188 384 1248 278 1279 418 1127 278 1161 379 1225 279 1263 410 1202 276 1242 406 918 420 1119 712 902 212 1003 294
916 168 1121 604 391 241 533 358 660 260 723 380 515 318 578 410 931 380 1149 687 501 255 595 400 591 264 630 346 921 213 1022 292 1225 281 1263 411 1250 284 1278 415 1130 280 1159 380 1152 277 1187 385 1170 283 1206 398
393 239 535 357 661 261 723 378 942 377 1161 688 518 318 580 409 504 255 597 399 589 263 629 346 924 174 1122 596 1226 287 1264 408 1253 284 1278 418 1168 282 1205 398
948 177 1164 606 395 237 538 355 662 260 724 378 521 319 582 408 510 230 601 369 926 211 1076 351 599 263 639 341 1171 285 1208 398 991 389 1191 680 1203 287 1237 399
961 184 1177 602 934 213 1076 349 398 236 542 354 663 260 725 377 526 310 591 401 515 229 606 370 602 263 642 343 985 386 1204 684 1199 287 1234 402 610 302 640 350
943 212 1087 347 990 380 1215 689 402 236 548 352 664 260 725 376 969 189 1181 598 527 310 593 401 604 263 643 343 518 229 609 370 744 154 916 319 1201 290 1234 401 1223 288 1255 406 612 302 642 349
1001 185 1209 596 951 210 1095 348 607 262 646 343 529 309 593 400 405 235 551 351 657 312 729 384 521 229 611 371 985 403 1266 690 753 143 941 322 670 251 723 351 1226 283 1258 408
610 262 648 343 956 208 1099 350 531 310 593 398 656 312 730 385 524 229 610 372 409 235 552 351 993 401 1272 686 1013 192 1220 586 755 142 945 320 669 253 724 349
970 209 1112 360 1034 351 1273 701 532 309 592 396 612 262 650 343 524 228 608 373 654 311 731 386 411 234 551 352 757 142 953 320 668 255 725 347 1025 196 1227 581
975 208 1117 365 1054 194 1263 585 613 264 650 343 532 311 592 395 653 312 731 388 524 228 607 374 412 234 551 354 757 147 953 323 1004 406 1276 685
982 205 1123 366 531 308 592 396 614 263 650 342 644 308 727 393 1067 189 1268 587 521 227 605 372 420 235 538 346
991 204 1131 366 531 308 592 396 643 308 728 394 520 228 604 372 423 236 540 345 615 264 651 341 1078 189 1268 585 1100 376 1279 697
999 201 1138 365 531 306 592 397 641 309 729 395 520 227 603 371 1110 180 1279 590 426 238 539 343 617 261 652 340
1004 200 1143 364 530 306 590 397 640 309 729 397 518 228 602 371 1124 172 1279 598 427 238 538 343 680 257 727 341 618 260 652 340
529 303 590 396 1011 196 1169 370 639 307 729 397 520 227 601 373 431 241 536 343 1144 162 1279 610 682 256 730 342
1017 194 1170 368 529 303 588 395 521 227 600 377 632 257 722 390 434 242 535 344 682 254 730 342 1159 212 1279 656
1026 191 1178 368 526 223 600 379 531 301 590 394 631 254 722 390 683 252 733 344
1036 189 1189 362 531 219 603 378 631 251 721 388 545 299 598 388
533 214 606 373 1041 174 1203 339 458 226 601 336 544 296 600 387 702 238 746 318 621 231 714 373
529 212 607 370 1061 167 1216 336 703 232 748 318 458 223 601 334 612 232 709 372 545 280 600 375
1059 155 1218 329 519 209 602 363 453 222 554 325 698 227 744 317 603 230 703 369 526 279 587 372
1053 141 1220 321 576 219 668 365 514 207 600 358 677 224 732 317
1044 132 1211 310 562 220 656 368 480 204 568 356 518 211 608 358 673 223 725 316 889 231 906 278
1039 113 1213 303 474 201 555 362 520 212 613 363 653 263 706 340 889 224 907 275
1037 110 1210 302 648 216 703 323 519 215 611 369 471 203 556 366 863 222 881 274
1036 108 1210 302 645 217 698 321 429 198 524 363 476 206 564 370 1254 198 1278 302
1032 106 1212 300 591 240 619 303 476 208 564 372 428 198 517 369 1253 198 1277 301 633 265 685 341 646 217 693 320
1030 103 1214 297 626 218 682 323 585 242 613 303 466 210 550 375 389 201 466 370 630 279 677 350
1030 101 1214 293 621 214 679 324 380 202 456 378 580 244 609 304 441 202 518 376 625 279 673 349
1032 101 1214 293 619 215 675 324 437 206 515 380 372 206 449 384
1030 101 1213 294 373 212 452 389 339 210 417 395 429 218 507 377 566 247 593 308 622 221 670 322
1024 100 1210 295 601 223 654 326 372 218 453 388 603 280 649 355 333 216 412 392 565 251 590 301
1017 100 1207 299 367 236 461 416 289 226 367 417 410 244 498 341 326 230 410 415 600 226 647 327 544 270 570 319
1011 100 1202 302 273 230 357 420 579 245 632 344 328 236 418 418 382 247 484 344 537 271 564 320
1003 100 1198 307 270 235 359 426 324 241 420 421 380 252 477 341 237 232 317 429 579 241 622 342
995 101 1194 309 268 243 364 432 348 253 459 346 224 236 309 430
988 103 1192 311 326 257 447 349 266 249 366 438 191 233 272 437 495 275 522 326 532 244 584 348
986 104 1193 312 323 255 440 348 526 243 580 350 175 231 261 441 256 252 353 439 488 275 516 325
978 101 1197 330 318 253 434 347 223 240 321 436 178 230 262 439 525 243 574 349 143 228 226 446
978 105 1199 333 315 249 431 345 209 233 310 437 131 221 221 440 476 274 501 324 522 243 572 348
980 113 1203 337 317 248 432 343 193 220 278 440 122 215 209 437 523 243 571 348
985 122 1212 340 323 246 438 341 185 214 278 441 521 244 576 346 123 207 200 380
999 132 1224 345 181 209 272 440 330 245 443 339 527 244 581 347 118 203 195 383 492 272 518 321
1010 143 1233 349 347 244 458 338 177 206 266 439 115 200 194 389 532 248 587 345
355 246 463 338 1032 145 1252 364 173 206 257 440 543 244 601 354 513 275 539 322 56 259 295 432
