

774 254 823 288
773 255 823 289
773 256 823 290
773 257 823 292
774 259 822 295
774 262 820 298
775 264 819 299 750 267 767 281
776 267 819 307 748 269 766 283
774 267 819 308 746 269 765 285
773 268 819 309 743 271 764 287
772 269 817 310 741 271 762 287
771 269 817 310 739 270 761 287
771 268 816 310 738 269 760 285
770 266 815 309 735 267 758 283
770 264 814 301
760 261 805 295
760 257 806 293
758 252 808 290
756 248 808 289
754 245 808 285
750 238 805 274
747 236 805 272
747 236 803 271
747 238 801 271 695 240 718 255
749 250 802 284
745 255 800 291
743 262 796 297 689 264 713 280
745 273 793 309 687 270 711 286 730 265 772 290
743 276 792 311
732 276 783 308
731 275 783 307 713 265 739 287 726 267 773 295
725 262 778 295
725 257 779 292
724 251 780 286 708 240 743 263 664 244 687 263
722 247 778 283
722 239 771 274 709 236 746 261
722 239 766 271 643 236 666 254 709 238 749 265
706 238 755 271 639 236 664 255 686 232 713 251
638 238 662 258 706 240 754 273 683 234 715 255
700 250 756 284 681 239 712 261
697 255 752 288
696 260 747 293
695 261 743 297 616 259 638 278
684 262 731 296 615 259 638 279
681 261 733 299 616 258 637 278
677 259 733 298 596 260 619 278
674 257 731 295 595 257 618 277
670 253 728 292 643 243 668 264
668 250 724 289 641 239 667 262
637 236 665 262 593 241 614 264 656 240 718 290
634 236 663 262 654 240 715 289
650 240 711 288 631 237 661 262 570 240 594 262
644 241 706 288 568 239 592 263 593 237 608 263
643 247 702 287 566 240 591 265 618 236 643 260
636 242 699 290 565 240 590 266 616 237 642 261
629 242 692 290 567 240 590 266 612 237 640 263
626 242 689 291 608 238 639 265
622 243 685 290 547 240 571 265 605 238 638 264
620 249 681 289 545 239 571 265 604 238 641 263
543 240 570 265 609 242 679 291 595 237 619 259
541 241 569 266 598 242 673 290 591 236 618 260
594 242 673 291 542 242 567 266 589 236 617 260
589 242 671 292 542 242 566 267 586 236 617 261
583 244 666 294 541 242 563 266
580 244 661 295 540 241 560 266
569 242 652 295 520 252 551 275
564 242 652 294 519 243 547 269
557 240 649 292 515 242 545 270
551 239 645 291 513 240 543 269
548 236 640 289 513 237 540 268
539 232 632 286
534 232 628 285 498 237 523 268
527 238 627 289
521 239 624 291
522 240 620 292
503 241 609 294
498 242 603 294
493 242 599 295
478 243 588 297
475 242 584 296
470 240 581 296
452 241 567 296
445 240 570 296
441 240 565 296
437 238 563 297
434 237 560 298
419 237 555 298
414 237 551 298
409 236 546 298
404 235 542 299
402 236 541 300
387 235 538 301
386 236 537 301
384 236 534 302 136 241 195 314
381 237 532 302 129 240 192 315
378 238 527 303 115 239 200 315
374 240 523 303 95 240 185 320
372 240 521 305 91 241 181 322
