

210 134 369 255 376 139 448 199 2 170 169 506 642 163 946 413 591 148 632 263 533 175 561 212 532 158 560 197 822 167 866 246 548 115 565 141 322 119 353 139
219 131 380 252 379 139 450 197 1 168 177 493 645 164 947 416 534 158 563 197 601 169 638 270 549 115 567 142 824 167 868 245 323 119 353 139
223 130 380 251 381 138 451 195 0 168 183 481 536 158 566 198 648 164 948 417 601 166 640 271 550 115 569 143 324 119 353 138
227 128 382 250 384 137 456 193 601 149 641 263 0 173 189 469 649 161 956 418 540 158 569 198 551 115 570 143 544 133 570 166
233 126 384 250 386 137 456 193 0 180 211 455 603 148 642 262 653 160 960 419 542 158 573 199 551 115 570 144
237 126 387 250 0 172 217 430 388 137 457 193 657 157 964 421 605 150 645 259 544 157 576 200
240 126 389 249 0 173 222 422 389 137 460 193 662 159 963 422 607 152 647 256 546 157 578 200 334 120 370 140
0 171 240 418 242 128 392 247 391 137 463 193 665 156 967 422 609 153 650 256 384 121 418 144
0 168 246 413 245 129 394 246 394 137 466 192 666 157 973 422 612 152 653 260 555 157 584 199 565 115 583 142
0 166 249 405 249 131 398 247 668 155 976 425 396 133 468 187 615 151 655 264 557 158 586 199 388 122 419 143 568 115 585 142
2 165 249 397 252 131 399 249 406 134 468 187 669 157 981 427 560 159 588 198 617 152 658 263 388 122 420 143 570 115 587 142 339 121 373 142
257 133 402 249 9 163 258 386 408 132 471 188 625 159 664 272 563 159 592 198 671 153 989 428 390 122 421 143 340 121 375 141 573 115 589 142
261 133 404 248 17 159 267 381 626 162 668 271 566 157 597 199 409 131 473 188 672 156 994 426 341 120 377 141 391 120 424 144
414 131 477 188 265 143 414 242 30 157 279 375 629 155 670 257 569 155 601 201 675 155 998 424 343 119 379 140 393 120 425 143 669 131 699 210
276 135 418 243 39 157 286 375 417 130 478 187 631 154 671 257 571 155 603 201 677 159 998 422 344 120 379 140 395 121 426 144
55 161 289 375 275 135 422 244 421 130 481 186 634 152 674 260
68 159 296 374 276 135 424 244 423 130 484 185 636 149 677 266 582 154 607 198
75 148 304 363 279 135 426 244 638 146 681 271 426 132 486 184 584 155 611 197 411 119 441 142
80 147 305 360 284 135 428 243 640 146 682 272 429 134 488 183 587 154 614 196 411 119 443 143
94 148 319 356 291 136 427 243 432 133 490 182 646 148 688 270 589 155 616 197 412 119 444 144 698 146 1040 433
107 148 323 355 297 137 426 242 433 132 492 181 647 157 690 274 592 156 620 197 414 120 445 144 704 143 1043 436 593 114 611 142
120 148 328 351 435 130 493 180 315 135 438 232 648 160 692 272 594 156 623 197 709 143 1044 439 414 120 445 143 595 114 613 142
127 145 333 347 316 135 440 232 436 129 494 180 649 150 692 268 595 156 626 196 596 114 613 142 414 119 446 143 691 128 721 210 712 147 1044 436
132 143 340 341 316 135 442 232 651 151 694 266 441 125 497 177 723 147 1071 444 599 114 615 141 693 128 721 210 414 119 446 142
135 141 346 337 318 135 445 232 654 150 696 264 442 124 499 175 607 152 634 194 735 167 1069 476 600 114 615 140 416 120 446 142
154 142 354 335 319 137 447 231 657 150 699 263 447 128 499 168 610 155 636 193 740 163 1079 480 413 132 447 158 416 122 446 141
161 143 356 329 323 137 445 231 658 149 700 265 448 129 501 167 612 156 638 194 743 163 1084 480 414 132 448 157
168 142 360 326 660 148 703 267 328 138 444 230 448 130 502 168 746 164 1090 480 614 155 641 194
173 142 367 325 662 149 706 267 448 131 504 168 332 138 443 229 617 153 644 194 749 166 1093 480 709 135 731 203 614 119 630 142
179 141 372 325 348 134 455 235 663 150 709 266 448 131 506 168 619 152 647 193 750 168 1101 481 616 119 632 141 712 135 733 203
183 141 377 323 350 134 458 234 669 150 713 268 449 131 507 168 620 152 648 193 751 165 1104 483 713 134 734 202 617 120 633 142
187 141 381 323 351 134 460 234 671 150 714 268 451 130 508 167 751 163 1111 484 715 134 737 201 4 376 131 702 618 119 634 142
189 141 384 321 351 134 462 234 673 150 716 267 452 129 508 166 4 370 150 704 755 159 1114 488 630 149 659 193 1209 254 1279 511 619 117 635 142 718 135 740 200
192 141 386 319 352 134 464 234 676 151 719 267 3 354 173 708 452 128 508 166 633 150 661 192 759 159 1116 491 1212 254 1279 505 620 115 636 141 720 135 743 201
195 141 386 317 352 134 465 233 678 151 721 267 452 128 508 165 1 332 183 719 635 151 662 191 763 158 1119 492 722 134 745 201 621 115 637 141
210 141 393 315 355 133 465 234 0 301 223 682 680 151 722 266 454 128 509 165 763 160 1123 493 636 134 664 180 723 133 746 203 623 115 638 142
213 141 396 312 354 133 466 233 0 288 238 689 681 150 724 265 456 127 509 165 639 148 668 189 764 158 1130 495 724 134 746 203 624 115 639 142
215 140 399 309 0 280 253 694 358 132 466 233 682 149 726 265 457 127 510 165 641 147 670 189 764 158 1139 497 625 115 640 142
218 139 402 307 0 281 262 691 683 148 727 264 376 133 468 232 458 127 509 165 643 147 671 189 766 160 1147 498 625 115 640 141
222 139 404 304 378 133 468 231 684 147 727 266 1 261 291 699 458 127 508 165 645 146 672 188 728 134 753 204 768 162 1152 498 626 115 640 141
226 139 405 302 4 252 297 691 379 131 469 232 685 147 728 265 460 126 507 165 728 135 754 204 626 115 640 141 648 145 673 187
228 139 408 301 379 129 470 234 2 248 308 674 686 147 728 267 460 125 508 165 728 135 754 205 487 117 513 136
230 139 410 300 3 240 322 660 380 129 471 235 687 147 730 267 460 126 509 165 730 134 755 205 654 142 685 190 487 117 514 137
231 139 411 301 1 229 338 643 382 129 474 235 460 126 511 164 687 149 732 266 732 133 756 206 657 145 687 189
1 217 352 632 236 141 411 302 384 130 476 236 462 126 511 164 695 150 737 268 735 132 759 207 662 146 689 190 1162 219 1219 333
0 214 362 620 239 142 412 303 386 130 480 238 697 152 737 265 463 126 512 165 738 131 763 209 794 195 1214 517 664 147 692 190 1164 222 1221 333
4 202 366 601 245 143 414 302 388 130 482 238 699 154 737 264 463 127 512 166 741 132 766 209 1168 222 1222 333 666 147 694 191 798 194 1217 521 640 118 655 147
3 210 374 581 249 144 416 299 390 132 483 236 700 155 740 262 473 125 518 162 743 133 768 210 668 147 697 190 806 193 1221 526 642 119 658 147 1171 222 1225 332
0 213 412 559 253 145 419 298 404 134 490 233 474 124 518 162 702 157 743 260 746 135 770 208 811 186 1221 526 645 119 659 147
0 209 422 543 252 147 423 293 406 134 491 233 472 124 519 162 704 156 746 260 816 185 1225 530 647 119 661 147 747 137 771 206 957 154 982 178
0 203 428 535 270 146 430 290 405 134 492 233 472 123 519 163 705 156 748 257 821 186 1226 533 648 117 662 146 960 154 986 177 682 148 710 188 748 138 772 204
1 197 434 525 405 133 493 234 270 146 434 287 707 153 750 259 472 122 520 162 826 190 1232 537 649 116 663 145
11 194 439 520 274 137 439 276 405 130 495 236 473 121 520 162 708 150 751 261 831 192 1239 539 755 137 780 200 650 115 664 143
23 191 448 512 277 136 443 274 405 129 496 238 709 147 754 265 472 121 520 162 757 136 781 202 835 194 1247 540 514 115 536 137 651 116 664 143
34 189 453 505 279 137 443 272 405 129 496 238 710 148 756 264 473 120 520 163 514 115 536 136 758 138 782 204 838 194 1250 541 650 115 665 143 823 142 967 248 980 152 1005 178
47 189 460 491 282 139 445 268 405 129 498 237 475 119 519 163 711 150 758 263 842 197 1252 543 822 143 966 248 515 115 536 135 694 131 720 180 761 137 784 204 650 115 666 145 486 119 517 144
63 189 466 479 284 140 449 262 404 130 498 236 719 151 765 267 476 119 520 163 845 194 1254 545 516 114 536 133 822 143 968 248 696 132 722 179 763 134 786 206
77 188 475 470 288 139 450 259 404 130 500 236 723 157 766 273 849 192 1257 546 475 120 520 164 517 113 537 132 766 131 789 207 822 142 969 250
86 187 481 469 289 138 453 258 405 129 501 237 722 153 769 266 850 185 1258 548 517 113 537 132 477 120 520 165 826 141 972 250 768 130 792 208
90 184 487 466 291 137 456 258 406 130 503 237 724 152 770 264 854 184 1259 552 478 119 520 165 518 113 538 132 830 140 973 252 770 130 794 208 661 117 679 148
95 182 512 460 290 138 463 257 835 143 1279 586 407 129 503 237 727 151 772 263 834 139 976 253 518 114 538 133 479 119 520 164 663 118 680 147 771 131 795 209
103 179 512 459 289 137 468 257 841 145 1279 583 730 148 773 262 407 130 503 236 838 141 979 256 517 114 540 133 479 120 521 163 665 118 681 147 772 131 796 209
114 179 511 457 288 137 470 257 732 147 773 264 846 143 1279 583 408 130 504 236 842 142 986 259 517 115 539 134 480 121 521 163 772 132 796 210 667 117 681 146
115 173 515 437 733 145 773 266 408 130 506 236 290 137 469 255 481 123 522 162 847 143 993 261 518 115 540 135 851 136 1279 582 772 132 797 210 669 117 683 146
125 176 515 434 407 131 507 236 734 143 774 268 482 123 522 162 518 116 540 136 851 142 998 265 291 139 469 250 671 117 684 146 854 133 1279 587 1 310 135 648 773 134 797 208
132 176 519 433 407 132 508 235 734 140 775 268 0 298 152 578 483 124 522 162 518 117 542 137 489 119 520 144 672 117 686 146 856 141 1001 267 778 138 804 205 291 139 471 246 856 132 1279 590
135 175 523 434 4 303 163 570 407 134 507 232 485 124 522 162 735 140 777 266 519 117 543 137 778 134 805 206 490 119 520 144 673 117 687 146 859 142 1001 268 858 136 1279 595
139 174 530 434 486 124 523 162 779 132 806 206 491 118 521 144 408 135 505 228 673 116 688 146 868 141 1018 269 520 117 543 138 736 142 780 264 863 136 1278 600 7 297 170 567
145 171 534 436 37 280 193 567 488 124 524 161 745 146 789 266 781 131 807 205 872 141 1020 267 674 115 689 145 869 135 1276 605 317 136 508 243 733 133 757 175 519 118 540 138
154 170 535 435 59 276 194 499 745 147 789 267 488 125 526 162 874 141 1023 267 315 135 511 245 783 131 809 205 873 132 1274 611 675 115 690 145 73 396 191 576 537 120 559 138 736 135 758 173
165 170 535 435 71 268 202 500 745 146 790 269 495 120 525 146 876 142 1028 270 785 131 811 206 314 135 511 246 536 119 560 138 877 126 1271 620 82 392 195 569 675 115 691 145
169 171 537 434 746 144 791 269 87 258 232 527 879 143 1030 271 491 126 527 162 496 120 526 146 789 131 814 206 903 130 1279 628 536 118 560 137
170 170 540 435 747 143 793 268 101 260 227 501 882 143 1032 273 905 134 1279 631 792 130 817 207 497 120 526 146 493 128 527 162 537 118 561 138 316 145 440 207
165 169 545 438 748 142 794 268 114 257 233 499 890 152 1035 281 908 139 1278 634 795 132 819 208 537 117 562 138 492 129 527 162 496 120 527 145 314 144 444 208
165 168 549 439 121 252 238 499 750 144 795 267 891 152 1037 282 912 135 1276 639 795 132 820 210 537 117 563 138 496 120 526 145 493 130 527 162 315 144 446 208
164 170 555 436 120 249 240 495 751 146 796 267 892 151 1041 284 916 132 1277 646 796 132 821 212 539 116 562 136 492 129 529 162 316 144 443 208 509 118 537 143 496 120 525 143 442 112 479 136
161 172 559 434 894 149 1043 285 753 147 797 265 106 243 253 508 919 122 1275 655 797 134 822 211 541 116 562 134 509 118 537 143 318 144 441 208 492 128 530 162
152 173 560 433 898 147 1046 287 754 146 798 265 928 176 1270 670 97 242 253 509 804 139 828 203 508 118 539 144 691 116 708 145 541 115 563 134 427 135 527 224 319 145 438 207
146 179 557 461 902 146 1048 288 756 145 798 267 931 174 1274 676 804 138 828 205 90 241 252 512 508 117 540 144 541 114 564 134 693 116 708 145 310 142 523 238 427 136 532 223
140 181 555 463 905 146 1050 289 757 144 799 268 937 173 1278 681 805 137 830 205 508 118 541 144 310 142 526 239 695 116 709 145 541 115 565 135
143 184 557 463 758 143 801 270 906 147 1052 289 941 170 1279 686 806 137 831 205 310 142 525 238 509 118 541 143 696 115 710 145 543 116 565 134 466 147 547 240 456 115 490 134 82 257 228 431 503 127 540 160
155 187 560 463 759 141 802 270 914 146 1072 290 946 171 1279 688 311 141 526 238 509 118 541 143 808 136 834 208 697 115 711 145 467 145 550 241 543 116 567 135 504 127 541 161 456 115 491 134
168 187 563 464 917 148 1074 289 760 140 803 268 308 139 527 240 950 172 1279 689 510 118 541 142 50 262 222 524 459 131 550 235 810 136 835 210 697 114 712 144 544 116 567 134 505 128 542 162 456 115 491 134
175 186 566 467 921 149 1077 288 761 140 803 267 308 137 529 242 458 130 550 235 47 291 209 470 511 118 542 141 954 171 1279 693 545 117 569 135 812 134 837 209 698 114 714 143
173 186 568 470 925 150 1083 290 763 139 804 267 455 130 550 235 39 298 201 473 308 136 528 245 512 118 543 141 814 133 839 209 546 117 569 134 959 168 1279 701 226 127 287 216
169 186 571 472 764 138 804 268 928 150 1086 291 454 130 551 234 28 323 207 528 311 136 528 245 816 131 840 208 512 119 545 141 964 164 1279 712 547 117 570 135
168 184 573 478 764 139 804 267 930 149 1088 292 453 130 552 233 312 136 529 244 966 168 1279 718 816 133 841 209 27 325 204 532 512 119 546 140 558 119 585 136
164 182 575 488 763 139 804 266 930 150 1091 295 311 136 532 244 453 131 553 232 966 169 1279 719 815 133 844 212 19 334 202 532 513 119 547 139 558 120 586 137
157 180 576 501 762 140 804 264 930 151 1097 299 308 136 537 244 964 173 1279 719 814 134 845 211 454 131 552 232 13 342 210 532 558 120 586 137 514 118 548 138
152 180 578 509 762 140 805 264 928 152 1104 302 306 137 539 244 812 136 845 211 965 171 1279 719 5 351 216 529 515 118 549 138 457 136 551 247 559 120 585 137 959 189 1046 363
149 181 579 510 761 142 805 262 928 150 1107 303 968 171 1279 719 304 138 537 241 811 136 845 210 4 356 217 531 515 118 549 137 457 137 551 246 559 120 585 136
148 180 579 511 759 144 803 262 930 150 1109 305 976 170 1279 719 300 138 537 241 812 135 845 210 514 118 549 138 1 365 166 526 961 192 1039 359 457 137 551 247 559 119 584 136
144 179 581 512 758 144 801 263 981 171 1279 719 932 149 1110 308 298 137 535 241 816 138 844 208 454 130 552 233 513 118 548 138 559 117 584 135 0 395 154 546 544 115 571 135
139 179 582 513 757 144 799 264 985 171 1278 719 934 149 1111 310 297 136 535 242 817 138 844 207 455 130 550 233 512 118 549 139 558 116 585 135 543 114 571 134 964 189 1038 358 0 402 149 549
137 181 583 512 755 142 797 264 984 171 1276 719 934 147 1113 309 298 135 532 241 455 129 549 233 817 138 843 206 511 117 549 139 558 115 585 135 543 114 573 135
132 181 582 513 753 141 795 263 986 169 1275 719 298 134 533 241 455 130 548 233 956 151 1052 347 511 118 548 141 817 138 843 205 938 141 1108 265 557 116 586 135
127 182 582 515 751 139 793 263 990 168 1275 719 296 134 533 241 455 129 547 234 956 154 1043 348 511 118 546 141 556 116 587 136 817 138 844 202
124 182 581 516 750 139 792 263 961 177 1025 356 997 166 1275 719 295 135 530 241 455 129 546 233 511 118 544 142 556 116 587 136
