

475 454 590 545 867 13 1278 687 91 435 219 473
476 454 589 546 866 15 1278 687 73 435 205 474
475 454 590 547 867 14 1278 686 72 434 202 474
475 454 591 547 866 14 1278 685 66 439 204 485
475 454 591 548 866 13 1278 685
475 454 591 548 866 12 1279 685
475 453 592 549 866 12 1279 686 46 434 176 473
475 453 593 550 865 14 1279 684 39 434 177 473
474 454 594 550 865 15 1279 683 27 434 182 474
472 454 596 550 865 15 1278 684 21 434 156 474
471 454 598 549 867 13 1277 685 18 435 152 475
470 455 600 548 868 13 1277 687 16 439 149 485 696 349 712 366
469 455 602 547 869 12 1277 687 3 438 130 486
469 455 603 547 869 12 1277 687 0 436 132 490
468 455 605 546 868 11 1278 687 0 436 129 490
466 452 603 553 869 12 1277 687 5 437 119 491
467 450 604 555 870 11 1276 686
467 449 605 556 870 11 1276 684 696 345 713 362
467 449 607 556 869 13 1277 683 341 383 379 429 695 344 713 361
465 448 610 556 869 14 1277 683 339 381 377 429 694 343 713 359
462 449 612 556 871 16 1275 681
473 446 617 557 873 17 1275 680 693 340 713 357
471 447 619 557 873 16 1275 680 692 340 713 356
470 446 621 559 871 14 1277 682 692 338 712 355
468 445 624 560 869 11 1278 684 692 338 712 355
467 444 626 562 868 11 1279 686 692 337 712 354
466 443 628 562 867 11 1279 686 692 337 713 354
465 442 632 564 868 11 1279 687 693 337 713 354
462 442 635 566 892 13 1279 688 693 337 713 353
458 443 642 580 896 14 1279 688 693 337 713 353
455 442 648 581 898 16 1279 689 693 336 713 353
454 441 654 584 901 13 1279 690 693 334 712 352
454 439 659 587 903 10 1279 690 693 332 711 350
456 436 662 590 907 9 1279 689 693 330 711 349
458 435 665 592 911 10 1279 690 693 329 712 348
461 432 671 596 915 9 1279 692 462 407 481 430 861 332 878 351
464 429 678 600 917 7 1279 694 461 406 481 430
465 426 684 603 917 6 1279 693 697 323 712 341 461 405 481 429
464 426 689 604 916 5 1279 691 698 323 713 341
462 426 697 608 914 3 1279 690 698 323 713 341 461 404 480 428
460 426 704 610 910 0 1279 692 461 404 480 427 697 323 712 341
469 428 724 615 905 0 1279 696 461 404 480 428 697 323 712 341
469 429 727 615 900 4 1279 696 461 404 480 428 697 324 712 341
464 423 734 625 895 8 1279 693 697 322 713 339 462 406 480 428
463 418 739 631 868 5 1279 687 696 321 713 337
462 413 745 639 865 6 1279 684 696 320 714 337
462 414 752 650 863 5 1279 683 696 321 713 338
461 418 767 665 865 11 1279 681 462 408 481 430
462 421 783 681 865 14 1279 679 462 408 483 432
461 426 797 691 865 19 1278 677 695 332 711 350 461 411 484 436 285 364 338 424
459 430 809 693 865 20 1278 677 695 335 712 353
451 435 823 698 863 17 1279 677 694 337 712 355
444 437 841 705 862 14 1279 678
438 437 856 710 863 15 1279 679 709 339 736 357
435 436 872 709 862 18 1276 680
421 433 904 710 863 20 1273 681 695 337 712 356
409 429 937 714 862 21 1270 682 694 335 711 355
405 428 1002 718 862 22 1270 682 694 334 710 354
390 425 1036 719 856 19 1273 692 694 334 711 353
848 8 1273 698




939 8 1279 705 493 456 1169 699
949 7 1279 719 522 544 1170 715
957 11 1279 719 504 553 1186 711
949 17 1279 719 487 468 1175 714
944 15 1279 719 471 458 1172 719
939 11 1279 719 468 469 1155 719
462 467 1153 719 935 7 1279 719
467 469 1154 718 932 12 1279 719
474 471 1160 719 928 13 1279 716
476 471 1177 719 925 15 1279 704
480 479 1191 714 922 14 1279 684
479 483 1207 709 925 16 1279 666
471 479 1222 708 924 20 1276 659
480 463 1221 714 931 24 1273 672
940 28 1273 687 488 451 1204 719 798 395 812 412
493 455 1180 719
486 459 1161 719
482 467 1154 717 408 0 1245 719
953 16 1274 711 815 395 833 414 476 468 1155 714
948 12 1274 719
823 0 1279 715 459 479 1168 714
929 14 1279 719 450 489 1173 719
942 16 1279 716 445 490 1177 719 585 498 607 538
954 13 1278 719 448 495 1172 719
962 14 1274 719 453 481 1165 713
955 13 1277 719 459 477 1156 715
950 21 1277 711 468 473 1143 717
938 27 1279 711 477 472 1054 712
415 0 1266 719 950 31 1273 704
595 27 1275 712
472 459 1213 719 940 27 1269 674
452 464 1230 719 928 25 1274 669
449 469 1215 719 927 24 1277 669
454 473 1175 719 928 21 1279 682
