

478 341 875 714 21 275 430 521 573 244 627 271
477 341 876 714 19 274 428 520 573 244 627 271
477 341 876 714 20 275 427 518 573 244 627 271
478 342 877 714 21 275 428 517 573 244 627 271
478 345 878 714 23 273 429 516 573 244 627 271
478 346 880 713 24 273 430 516 572 244 627 272
478 347 881 713 26 274 429 516 572 244 627 272
478 346 881 712 25 275 429 516 572 244 627 272
479 346 880 712 26 274 430 515 572 244 627 272
479 347 881 711 26 273 432 516 572 244 627 272
479 347 881 711 27 274 435 516 572 244 627 272
479 347 881 711 28 275 439 514 572 244 627 272
479 347 881 710 29 277 443 513 572 244 627 272
479 347 880 710 31 278 443 512 573 244 627 272
480 347 878 710 33 278 445 512 573 244 627 272
481 348 877 710 36 280 447 510 573 244 626 272
481 349 877 711 40 280 449 509 573 244 626 272 426 391 476 511
481 350 877 712 42 282 451 509 573 244 627 272 430 392 477 509
481 351 876 712 44 282 452 510 572 244 627 271
482 351 875 713 47 285 455 509 572 244 627 271
482 350 875 713 54 318 466 516 572 244 627 271
482 350 874 713 56 321 465 514 572 244 627 271
482 349 873 713 58 323 463 513 572 244 627 271
481 348 874 713 61 327 464 511 572 244 627 271
481 345 875 713 63 330 468 510 572 244 627 271
480 343 877 712 67 333 473 510 572 244 627 272
480 341 878 712 71 334 475 511 572 244 627 272
480 341 878 712 78 337 477 511 572 244 627 272
482 341 877 713 80 338 480 509 572 244 627 272
482 341 877 714 82 339 481 508 572 244 626 272
482 344 876 715 111 344 493 510 572 244 626 272
482 347 876 715 113 345 493 510 572 244 626 272
482 351 876 715 115 347 495 512 572 244 626 272
482 353 875 715 117 347 494 511 572 244 626 272
482 354 875 715 115 349 495 513 572 244 626 272
482 353 875 715 115 349 496 514 572 244 627 272
482 353 876 715 114 350 498 514 572 244 627 272
482 352 876 715 116 349 499 514 572 244 627 272
481 350 877 716 123 345 497 512 572 244 627 272
481 349 877 716 127 344 495 513 572 244 627 272
480 349 877 716 129 345 494 515 572 244 627 272
480 351 877 716 127 348 496 517 572 244 627 272
480 352 876 716 132 349 497 518 571 244 627 272
480 352 876 716 142 347 499 517 571 244 627 272
480 352 876 716 152 345 500 515 572 244 627 272
480 354 876 716 158 345 503 514 572 244 627 272
480 355 877 716 158 348 505 517 572 244 627 272
481 357 876 716 157 374 492 513 572 244 627 272
481 357 875 716 162 374 489 514 572 244 627 272
483 358 875 717 169 372 487 515 572 244 627 272
484 358 874 717 174 370 486 514 572 244 627 272
483 359 874 716 178 369 486 513 572 244 627 272
483 359 875 716 175 369 488 513 572 244 627 272
482 357 876 715 177 369 488 514 572 244 627 272
483 354 876 714 208 366 497 513 572 244 627 272
484 352 875 714 211 368 497 513 572 244 627 272
485 352 874 714 214 369 495 511 572 244 627 272
486 353 873 714 572 244 627 272 217 369 494 509
487 354 873 715 572 244 627 272 220 369 490 508
486 353 873 715 572 244 627 272 221 368 488 508
485 351 873 715 572 244 627 272 224 367 487 509
485 351 873 714 572 244 627 272 227 366 485 510
486 351 873 714 572 244 627 272 230 365 483 510
486 352 873 714 572 244 627 272 233 365 481 511
486 352 874 715 572 244 627 272 236 366 481 510
485 351 874 715 572 244 627 271 178 368 482 518 3 391 213 547
485 350 874 716 572 244 627 271 172 369 484 520 4 393 212 548
485 350 873 716 572 244 627 271 183 348 511 517 2 394 213 546
486 352 872 715 572 244 627 271 184 350 513 520
488 352 871 715 572 244 627 271 187 350 513 520
489 352 871 714 572 244 627 271 187 351 513 520
489 352 872 714 572 244 627 271 181 352 515 519
489 353 872 714 572 244 627 271 25 342 478 530 262 371 486 509
489 353 872 713 572 244 627 271 264 370 488 507
489 351 872 713 572 244 627 271 264 369 487 510
488 350 872 713 572 244 627 271 265 368 488 512
488 350 872 712 572 244 627 271 265 366 489 514
488 351 872 712 572 244 627 271 18 352 487 542
488 350 872 713 572 244 627 271 17 357 494 544
489 351 872 714 572 244 627 271 16 358 498 544
488 351 872 715 572 244 627 271 18 361 496 545
488 351 871 716 572 244 627 271
488 351 871 717 572 244 627 271 251 375 495 524
488 351 871 717 572 244 627 271 247 375 497 524 4 396 254 540
487 352 871 718 572 244 627 271 246 375 498 525 4 397 258 540
487 351 872 718 572 244 627 271 245 375 500 526 5 398 260 540
487 351 871 718 572 244 627 271 5 397 262 541 247 375 500 526
486 350 872 716 572 244 627 271 5 397 263 541 18 355 467 548
485 350 872 715 573 244 627 271 21 352 462 548
485 349 873 714 573 245 627 271 21 350 464 548
486 349 873 714 573 244 627 271 19 349 470 547
485 348 874 715 573 245 627 271 21 347 463 547
484 347 874 716 573 244 627 271 23 346 456 547
484 347 873 716 573 244 627 271 26 344 449 546
484 347 873 717 573 244 627 271 26 344 453 546
483 347 873 717 573 244 627 271 26 346 453 545
482 347 874 717 572 244 627 271 27 347 453 546
481 347 874 716 572 244 627 271 28 348 448 546
