

839 81 1075 506 0 15 227 174 672 109 772 269 855 322 1073 651 1056 143 1231 266 109 383 447 706 83 42 470 502 617 21 680 34 675 216 764 327 816 136 838 173
0 15 231 174 832 79 1069 504 669 108 768 268 848 324 1067 653 112 381 447 708 1054 142 1236 266 98 41 467 647 813 136 834 171 557 106 605 144 615 19 677 33 673 216 762 325
0 15 235 173 840 325 1062 656 664 108 762 269 114 380 445 707 826 79 1066 499 1054 140 1243 267 119 44 494 518 809 135 831 171
0 13 231 171 834 323 1059 659 658 107 756 272 114 383 441 708 1056 138 1252 269 825 75 1061 499 120 43 495 518 660 217 749 324
652 105 751 273 809 81 1046 496 0 12 226 171 831 322 1056 663 114 389 440 709 1058 136 1257 271 117 40 496 521 914 177 1023 312 656 217 745 325
807 74 1040 502 647 104 748 273 116 387 436 710 0 11 189 172 815 319 1035 660 113 36 498 523 1059 135 1261 272 908 174 1017 314 455 114 504 138 652 219 740 323
803 70 1032 509 120 378 435 710 809 324 1032 662 644 104 745 272 0 13 178 173 1060 135 1262 272 111 39 497 521 900 172 1013 316 453 113 499 138
795 61 1024 516 124 364 434 711 801 330 1030 663 0 14 165 173 633 106 733 275 1061 136 1266 272 106 75 501 400 637 217 726 324 891 172 1010 317 435 113 483 136 456 112 501 138
125 356 434 709 630 104 729 274 788 56 1020 519 792 331 1027 665 0 15 150 172 1065 135 1268 273 548 80 701 195 98 75 471 399 428 110 479 136 633 215 722 326 143 95 227 153
124 358 432 709 624 99 724 271 781 56 1016 514 792 358 1017 682 1069 132 1272 276 0 13 123 173 541 76 695 194 104 73 502 394 630 215 717 327 428 108 477 135 132 93 225 153
125 362 429 708 617 94 719 272 786 358 1014 687 1072 129 1273 280 781 62 1011 506 113 94 205 154 0 14 115 168 112 64 498 407 534 73 689 192 866 169 975 306 407 108 459 132 625 213 713 327 432 107 477 133
608 91 714 273 123 365 429 709 1085 125 1279 288 754 67 993 510 781 359 1012 689 116 63 495 411 524 70 696 188 0 16 85 170 409 106 455 131 855 168 969 309 90 94 187 154 612 212 702 326
602 90 709 275 1087 122 1279 290 121 364 428 708 759 358 985 687 747 70 986 503 505 66 651 191 109 67 497 410 0 12 72 174 676 92 766 155 843 166 963 311 81 91 184 154 606 210 699 326 380 105 433 131 409 104 452 130
1090 119 1279 294 594 90 704 272 119 363 426 707 750 359 981 689 700 56 992 437 99 33 468 523 54 90 164 152 500 65 715 181 828 161 963 313 378 102 428 130 600 210 694 326 973 141 1125 262
1095 116 1279 296 119 362 422 704 743 358 975 690 87 32 472 524 590 89 701 267 696 52 989 437 26 89 149 155 488 58 654 187 822 158 963 318 599 196 692 336
1102 114 1279 299 735 358 969 695 116 361 420 702 576 85 681 271 87 32 465 525 704 26 971 654 477 53 664 187 789 153 949 308 22 90 143 155 583 198 678 336 362 101 406 129
1111 113 1279 301 113 364 418 700 731 360 965 702 569 85 678 271 690 21 965 572 92 58 453 425 0 119 77 457 3 86 111 156 467 49 668 190 785 154 938 312 578 211 671 326 361 93 404 126
111 366 417 699 1122 114 1279 300 563 87 672 273 707 359 943 699 685 19 953 574 99 56 443 428 0 125 81 450 780 154 927 316 442 52 598 197 2 88 86 156 359 90 402 128 405 76 450 120 893 129 1007 221 572 199 665 335
111 369 414 698 1133 119 1279 314 558 90 670 276 704 361 938 701 678 17 945 572 100 19 436 539 0 212 88 467 775 152 922 321 115 88 205 129 433 48 600 198 0 87 81 157 914 133 1025 223 567 200 661 336
115 370 413 697 1143 119 1279 318 551 87 665 283 696 359 931 704 671 10 938 572 111 19 435 546 769 149 922 327 4 92 107 489 885 120 1047 227 423 46 605 196 564 199 656 337 107 86 206 130 384 73 431 121
1153 118 1279 325 120 373 412 696 546 84 660 292 689 357 925 709 120 20 434 550 883 119 1051 228 661 5 936 568 762 144 926 334 3 94 115 485 415 40 605 198 90 86 183 133 559 196 650 339 1008 150 1193 292
1165 117 1279 332 127 373 415 696 542 78 656 298 3 41 118 418 681 354 920 711 881 118 1049 232 128 46 440 452 634 0 920 569 741 139 917 328 410 40 611 197 83 84 179 133 1012 148 1205 294 555 193 646 340
130 368 419 700 880 117 1048 235 4 33 123 419 631 0 921 568 541 78 654 297 678 354 919 711 1190 115 1279 343 127 46 440 449 739 139 916 326 406 36 615 200 1016 145 1216 296 0 210 142 525 550 191 644 342
135 362 423 701 626 1 920 570 5 22 133 428 881 117 1050 239 1202 113 1277 348 628 366 918 705 528 72 641 307 127 52 442 446 736 140 909 325 1037 133 1259 312 389 42 553 203 0 213 145 525
138 354 425 704 622 1 916 570 619 364 914 707 884 116 1056 242 526 73 641 301 4 5 147 390 122 54 444 440 1040 136 1264 315 1217 106 1275 363 730 140 902 324 382 36 546 207 0 218 147 525 868 148 946 319 532 196 632 355
619 1 912 672 145 350 426 702 525 75 639 295 644 351 880 709 890 117 1058 244 5 16 157 442 1042 139 1270 319 121 54 444 435 862 144 943 322 377 34 540 208 725 138 896 325 1231 98 1275 378
615 1 903 568 155 341 445 705 603 362 905 715 525 77 637 291 4 9 166 382 891 119 1061 245 1045 141 1274 323 1 177 160 506 859 146 941 323 147 51 463 439 379 34 537 208 720 135 895 326
607 0 897 565 160 347 442 703 4 21 173 439 598 361 899 718 903 120 1084 249 524 75 635 291 855 148 939 325 1050 141 1277 331 156 45 465 450 0 225 162 523 377 34 535 206 715 134 896 327
596 0 896 566 166 355 443 701 0 14 183 379 901 120 1094 251 596 362 892 717 524 75 633 292 164 41 469 459 0 189 176 500 853 150 937 328 1059 142 1278 338 710 134 899 328 106 0 575 196 531 194 630 343
588 0 894 571 183 344 432 708 1 6 211 386 902 119 1103 254 594 363 887 714 523 74 632 292 160 40 481 536 0 193 180 497 850 149 938 330 1070 143 1276 344 119 0 576 199 693 138 858 308 531 193 630 342
585 0 894 578 190 344 434 702 7 7 209 375 904 118 1110 257 626 352 874 717 522 76 630 290 158 41 483 537 848 150 940 334 2 192 213 493 1096 148 1279 348 126 0 576 197 694 139 857 310 529 193 627 341
581 0 894 574 15 14 214 360 905 118 1125 257 183 316 474 671 165 36 489 538 593 370 883 707 521 75 632 290 845 149 943 338 4 204 216 491 1101 153 1279 347 694 142 856 315 154 0 565 196
577 0 896 573 171 33 497 545 24 17 222 355 189 315 485 667 906 120 1139 258 12 240 211 493 593 374 882 704 842 149 946 340 520 75 634 292 695 144 856 319 291 13 533 183
575 0 896 570 17 206 221 489 913 120 1166 264 199 311 494 665 592 379 880 702 32 20 232 361 520 75 636 294 841 148 947 341 190 60 503 481 695 146 856 322 1127 90 1279 385
577 0 893 572 910 120 1174 268 26 202 224 488 520 75 636 296 207 310 498 661 35 16 239 370 592 381 878 702 841 148 947 341 197 62 506 478 1140 81 1279 394 695 147 857 323
581 0 891 574 909 123 1189 268 238 309 479 673 58 8 261 385 520 76 636 296 592 383 877 704 36 199 230 486 241 10 491 562 842 150 945 340 695 147 859 323 213 83 295 130 8 75 104 129
68 9 267 388 910 125 1204 267 246 306 481 663 587 15 895 674 600 352 856 718 520 77 637 296 220 28 519 553 57 201 258 482 845 150 944 339 696 147 860 323 6 76 103 128 213 81 291 131
79 11 275 388 916 125 1215 266 588 17 897 675 68 209 259 478 258 312 482 647 520 152 637 319 601 352 856 719 255 15 509 555 525 67 633 216 2 78 88 129 213 79 288 131 700 152 897 339 847 149 942 338
88 11 281 386 590 18 897 676 920 125 1221 267 77 208 264 477 261 12 512 559 269 319 485 631 520 151 637 318 593 395 873 708 526 68 632 215 2 79 89 129 702 151 895 339 214 78 288 129 849 146 941 339
280 20 527 552 93 12 285 383 591 14 899 675 85 204 271 481 923 126 1225 269 522 150 637 316 595 397 877 710 2 78 89 128 278 325 485 625 528 68 632 213 706 149 893 340 852 146 940 338 217 77 291 129
282 19 531 548 112 15 296 376 92 200 277 483 590 10 903 674 923 125 1261 275 1 77 87 126 597 396 883 712 525 149 636 314 710 148 893 343 530 68 632 212 297 317 509 623
926 126 1265 279 118 16 295 372 283 24 535 537 97 203 281 481 591 1 908 564 1 76 84 125 597 394 887 713 296 292 520 603 713 148 893 344 529 150 637 313 532 67 632 211
594 0 912 567 121 19 301 364 928 128 1268 280 286 32 537 525 99 208 283 474 601 396 892 713 302 298 520 598 1 75 81 123 716 149 894 345 531 152 636 313 534 68 632 212
127 21 310 363 599 0 917 564 938 109 1266 293 314 305 522 588 300 33 540 526 114 203 298 465 611 401 897 713 0 74 77 123 530 75 637 298 720 149 899 346
307 0 555 490 325 311 524 582 135 19 318 366 605 0 922 563 119 202 302 461 947 127 1274 308 624 406 904 713 0 72 74 121 540 70 654 294 725 149 906 347
315 0 559 504 333 315 527 576 144 18 322 372 958 127 1277 311 608 0 928 561 633 409 910 712 126 201 307 457 542 68 653 297 0 70 70 122 730 148 913 349 847 29 989 173
338 0 563 511 336 313 530 574 967 129 1279 315 637 408 914 708 147 16 327 378 611 0 931 561 132 204 309 457 543 68 652 298 734 147 915 350 1 69 68 122 225 0 661 186
342 0 566 509 978 130 1279 322 340 309 532 567 653 411 935 707 150 13 330 382 139 205 315 458 544 66 650 302 609 0 936 562 0 67 61 120 736 146 918 350 215 0 656 188
348 0 570 505 989 127 1279 328 172 11 341 382 351 309 547 558 655 412 941 706 144 208 320 459 606 0 941 564 546 64 648 305 0 65 57 120 742 150 943 353 218 0 651 194
354 0 574 506 1001 125 1279 336 177 9 346 385 356 306 546 549 655 414 950 708 147 211 325 460 604 0 947 569 547 64 648 307 744 152 944 351 0 64 55 119 659 104 691 145
356 0 576 509 1008 122 1279 344 180 8 353 388 658 414 958 711 361 304 546 546 149 212 327 460 630 8 967 555 745 154 944 349 549 66 647 308 139 76 216 128 0 64 53 119 659 103 690 145 253 0 653 198
354 0 579 508 1013 119 1279 353 658 413 963 711 187 8 356 388 630 7 968 555 162 208 344 454 367 299 550 544 549 71 650 304 746 156 943 346 125 73 207 129 658 104 689 146
351 0 585 504 1020 121 1275 363 663 416 964 710 630 7 971 555 168 208 349 455 192 9 363 388 369 263 564 529 116 73 206 130 549 77 652 297 749 157 942 344 657 105 688 146
351 0 590 496 630 1 972 558 376 265 567 525 667 418 962 708 176 204 356 459 1024 121 1272 372 195 8 373 386 107 72 204 130 552 83 653 291 753 170 952 367 658 106 687 147
356 0 596 491 632 0 972 560 380 268 569 523 673 418 961 707 185 204 364 461 1054 103 1270 380 217 13 391 373 93 74 188 129 755 171 955 365 658 106 687 147
361 2 601 481 635 0 979 564 384 271 571 521 675 423 965 705 1060 67 1275 405 193 207 371 464 221 12 397 374 87 74 183 129 760 171 959 365 658 106 687 148 556 78 647 217
388 4 620 482 635 0 988 566 676 431 972 702 226 14 403 377 386 274 574 520 1064 22 1279 441 198 206 378 463 764 171 963 365 83 74 178 129 658 106 686 148 557 76 650 220 198 0 671 186
391 9 624 480 635 0 998 565 675 440 978 702 233 11 413 381 214 204 398 462 1067 0 1279 480 388 273 578 519 65 72 161 130 769 170 966 366 940 25 1094 210 659 106 686 148 558 74 652 225 173 0 687 199
390 8 627 478 635 0 1002 564 220 201 402 468 678 445 983 703 1103 0 1277 469 57 71 159 131 412 271 591 512 242 8 420 384 944 24 1103 211 772 170 967 367 659 107 685 148 559 71 654 229 162 0 533 220
392 15 629 466 231 205 411 477 645 0 999 691 681 448 990 708 415 270 596 510 273 2 433 388 965 18 1127 218 1121 0 1278 472 42 69 139 131 776 171 968 367 159 0 512 264 564 68 655 230 660 107 685 148
399 17 637 466 648 0 1006 692 684 448 999 712 420 270 602 508 974 18 1135 218 241 204 421 479 34 67 135 131 277 3 440 391 146 0 511 268 778 171 967 367 659 106 686 148 572 68 660 228
411 14 644 468 646 0 1010 694 427 266 610 505 684 448 1005 714 260 208 445 472 984 18 1145 218 14 65 116 131 281 8 449 391 132 0 517 271 780 171 966 367 658 104 685 146
641 0 1010 700 438 0 661 481 271 207 446 465 433 261 615 503 680 444 1008 714 108 0 434 273 7 61 114 131 285 10 456 388 780 170 965 367
634 0 1007 701 442 0 661 474 283 205 450 462 440 255 618 496 296 12 461 383 679 446 1010 713 86 0 424 272 781 169 965 365
630 0 1005 700 443 1 668 469 294 206 457 462 444 255 621 493 678 444 1009 714 303 12 468 382 61 0 427 274 778 152 963 347
626 0 1005 696 444 7 677 460 327 13 484 371 303 207 461 463 672 441 1007 714 458 255 638 490 779 150 966 346 52 0 631 280
622 0 1006 692 445 8 686 455 331 15 493 371 665 437 1003 713 464 272 642 480 319 204 485 450 32 1 647 278 780 148 967 344
619 0 1006 687 460 7 686 387 338 12 501 372 330 202 491 450 476 272 647 474 659 443 1001 709 19 2 654 276 782 147 968 342
617 0 1006 686 347 9 509 373 342 201 504 448 467 8 689 381 1050 11 1276 228 485 215 662 469 656 448 1001 706 3 15 450 280 783 147 967 338
615 0 1009 688 351 200 515 448 369 4 528 370 1060 1 1270 237 496 8 702 380 1 14 443 289 496 206 663 467 654 454 1004 704 784 147 968 336
613 0 1016 693 368 202 532 440 373 11 533 366 1 11 437 298 503 23 705 441 1064 4 1273 234 518 241 644 450 650 453 1009 706 783 147 970 336
613 0 1024 692 379 199 540 443 0 8 426 312 378 18 544 361 518 34 708 433 1068 4 1274 236 792 151 1001 347
619 0 1032 693 0 1 419 323 389 198 550 448 1113 2 1274 241 534 39 710 428 386 17 555 366 798 149 1000 349 550 246 668 443
624 0 1040 689 0 0 408 333 397 198 559 449 1122 3 1273 243 547 42 713 425 394 17 567 368 803 147 1000 352
0 0 405 337 627 0 1046 685 400 196 562 451 1123 6 1274 244 551 42 716 420 413 14 588 368 805 147 1002 351 657 455 1028 706 566 257 674 435
0 0 395 339 632 0 1054 672 416 18 597 364 1153 12 1273 242 567 36 739 422 418 199 582 445 658 453 1033 708
0 0 393 347 638 4 1062 669 415 21 613 362 422 199 587 447 576 29 756 357 431 53 522 106
0 0 392 356 644 13 1069 669 412 26 629 361 426 204 594 445 433 53 525 111 585 37 770 351 400 50 447 94
0 0 389 363 646 16 1073 673 405 29 638 360 426 207 601 444 402 50 450 94 435 53 528 114 629 56 787 221 593 232 715 422
0 1 389 372 648 16 1080 672 399 31 683 366 428 210 610 446 407 53 453 95 441 60 526 125 639 55 801 221 843 156 1051 418
649 18 1086 675 0 2 389 377 400 66 693 412 424 232 622 442 446 57 553 127 412 55 455 95 646 62 812 221 850 160 1055 414
671 6 1135 685 1 3 407 377 406 69 707 425 452 58 548 129 668 59 829 222 424 236 631 446 856 162 1062 409 417 57 455 96
678 11 1131 686 0 0 425 402 405 66 712 438 457 59 546 130 674 58 837 226 862 172 1062 375 464 237 655 439
685 11 1130 687 0 12 424 434 464 62 550 133 414 75 719 442 685 59 848 231 871 171 1064 373 472 240 664 440
690 5 1129 694 0 8 425 439 475 62 572 135 456 86 782 432 878 170 1066 372 688 61 859 230
0 4 431 445 690 2 1135 697 481 67 572 140 481 74 791 429 892 154 1096 419 725 438 1092 713 726 72 869 225
0 2 434 451 695 1 1138 699 486 69 578 144 896 153 1098 418 458 73 501 110 727 434 1098 712
0 4 441 457 703 0 1154 696 499 71 600 142 904 154 1105 414 727 441 1114 706
0 6 444 462 711 8 1166 687 506 74 598 144 918 171 1106 372 480 76 521 116
0 8 451 471 713 8 1176 684 517 84 599 151 483 77 527 120 665 70 754 221 928 171 1110 372
0 7 454 478 717 9 1177 684 527 84 619 153 670 72 766 221 934 171 1111 372
0 6 459 494 730 6 1177 684 534 87 624 156 1129 111 1275 257 679 74 773 224 944 182 1145 379
0 9 459 510 742 7 1180 685 554 91 647 159 950 186 1146 381 703 102 806 271 780 111 932 248 632 103 676 144
0 11 464 527 750 7 1182 686 564 97 647 165 712 107 809 264 788 107 937 255 956 189 1146 384 536 99 574 135 634 107 677 147
0 13 470 540 783 0 1223 719 796 109 943 256 718 109 813 259 576 100 671 163 963 191 1150 388
0 15 480 550 792 0 1225 719 585 111 666 179 727 112 818 262 797 110 951 270 558 107 596 145
0 17 490 561 799 0 1226 719 834 109 955 276 735 115 822 265 599 116 696 183
1 19 500 571 800 0 1232 716 607 123 695 190 755 123 846 274 842 114 961 283
