

548 169 749 311 448 153 558 256 972 36 1267 452
549 168 750 310 448 153 557 256 974 44 1269 456
550 167 751 309 449 153 558 256 977 52 1267 461 910 205 1029 372
551 166 751 308 450 152 559 256 978 57 1266 459 898 204 1017 364
552 166 752 307 451 153 560 256 978 59 1266 458 887 204 1005 361
552 166 752 305 452 154 560 256 981 61 1267 453 860 200 977 362
552 166 753 302 453 155 560 256 983 61 1269 460 757 118 968 447
553 166 753 298 453 156 561 255 1008 60 1273 507 757 86 957 401 33 243 1250 691
554 167 751 295 453 156 561 256 1010 68 1274 498 722 106 994 408 814 195 922 347
556 167 745 293 1016 75 1272 485 454 157 561 256 714 111 981 406 807 194 913 343
556 168 740 294 1020 80 1272 480 454 158 562 256
1026 83 1272 475 546 170 722 298 457 158 562 257 708 106 914 449 909 188 929 226
551 172 713 300 1031 84 1273 473 459 158 563 258 697 111 909 448 911 188 931 227
1035 83 1274 470 555 174 702 299 462 157 562 260 983 199 1008 242 679 121 877 435 913 188 932 228 1015 196 1036 244
1039 83 1275 466 557 175 697 297 672 117 876 440 464 157 562 260 985 198 1009 242 915 189 934 228 1017 195 1037 244
1047 79 1275 468 662 119 868 440 558 174 691 295 465 157 580 257 986 199 1010 242 918 189 937 228 1017 195 1036 243
1057 79 1276 469 570 178 681 274 653 121 860 440 466 159 579 255 987 199 1011 241 15 67 220 427 920 189 939 229 1017 195 1035 243 1036 194 1053 249
1066 75 1276 474 13 61 233 434 468 160 579 254 632 127 816 433 988 199 1011 241 571 177 674 274 1038 195 1055 249 921 189 941 230 1015 197 1034 243 1054 188 1072 254 858 231 903 309
1071 75 1278 475 7 58 247 437 624 123 808 439 469 160 579 253 990 197 1012 241 1055 190 1073 254 571 176 671 274 1036 195 1054 248 922 188 942 231 1013 198 1032 243 773 148 865 340
615 121 798 441 470 161 577 253 6 80 273 418 1057 192 1076 254 991 198 1015 242 1035 196 1053 247 929 189 947 228 763 147 860 344 564 177 657 272
470 162 574 253 1059 193 1079 254 7 76 290 426 758 145 861 403 931 188 949 229 992 198 1016 243 1035 196 1053 246 608 125 793 439 565 177 654 269
1099 75 1275 473 467 166 572 261 749 142 856 406 589 135 757 433 1063 194 1083 254 8 74 304 431 934 188 951 229 1036 195 1054 245
1104 76 1273 473 746 139 852 412 468 167 571 260 583 134 753 433 1065 195 1086 255 12 68 322 427 937 189 953 229 1036 195 1056 245 1002 198 1027 247 844 187 901 310
1114 79 1271 472 741 135 848 415 469 168 570 260 582 199 754 479 1004 198 1029 246 1037 194 1058 246 938 194 954 237 9 66 334 423 605 138 720 343
1125 81 1272 469 739 136 847 415 471 168 567 260 575 198 744 479 1006 199 1031 246 940 194 957 238 1038 194 1059 247 9 66 344 419 1077 192 1098 259 598 140 710 339
1134 80 1273 467 736 138 847 415 472 168 566 259 571 199 732 478 1009 199 1033 245 1080 190 1100 259 943 194 960 238 1040 192 1060 247 7 67 344 420 569 141 681 339
1138 77 1274 467 735 139 847 415 474 161 572 256 1010 200 1035 245 544 197 718 470 568 137 682 339 1083 192 1104 259 840 189 898 307 1041 192 1062 248 945 194 962 238 10 64 346 422
734 138 847 417 1150 78 1275 468 475 161 571 255 541 196 706 467 562 142 672 338 841 228 897 310 947 193 963 238 1086 196 1110 255 841 176 893 273
724 136 840 408 1162 81 1276 469 476 179 549 253 554 144 662 335 835 193 898 305 537 192 694 462
724 134 840 409 1173 85 1277 473 531 144 679 445 837 228 899 310 479 185 542 250 628 175 728 269 1052 188 1075 249 1095 189 1128 269 953 184 973 234 840 177 893 271
719 130 843 422 530 146 670 443 1188 89 1277 471 837 228 900 310 954 184 976 234 624 175 728 271 1053 187 1076 248 479 186 539 249 1098 190 1133 269 840 177 893 269
717 131 844 423 511 144 654 437 830 225 905 312 957 184 979 233 1056 188 1078 248 619 175 728 269 1104 191 1139 270 840 178 893 267
713 134 845 422 830 225 906 312 1059 189 1081 249 961 184 983 233 1109 193 1144 270 587 167 730 287 840 177 894 269
709 135 845 421 516 179 632 396 830 225 905 312 1061 190 1084 249 963 189 983 241 1026 197 1054 248 580 168 731 288 839 176 893 271
707 134 846 421 511 178 627 399 965 190 985 242 1063 190 1086 250 829 225 905 313 1028 197 1054 248 575 169 733 287 1123 190 1151 274 839 175 893 272
705 134 846 423 503 174 618 404 571 169 732 285 1030 196 1057 248 830 226 906 313 968 190 988 242 1064 191 1088 251 1129 190 1157 275 839 175 893 273
703 133 847 425 495 171 614 408 568 170 730 285 831 226 907 314 1032 197 1060 249 1134 191 1163 275 838 176 893 272
700 135 847 426 489 170 609 407 566 170 728 284 831 226 910 315 1034 196 1063 249 977 182 997 232 839 176 893 273
698 136 847 426 486 167 607 405 567 172 727 284 831 226 911 316 1035 196 1065 250 1076 190 1099 254 977 187 999 246 840 175 894 275
698 134 848 426 567 173 728 283 474 166 595 403 832 225 913 317 979 187 1001 246 1037 194 1066 250 1078 190 1101 254 1152 197 1181 280 842 173 895 275
697 131 849 428 473 169 593 404 565 172 729 283 1081 189 1104 254 981 188 1004 245 833 227 913 316 1157 197 1188 281 1039 194 1068 249 9 57 411 421 842 172 897 275
696 128 850 428 6 62 417 421 562 171 730 282 472 178 590 402 1083 188 1107 255 985 188 1007 245 833 228 913 317 1161 198 1195 281 842 172 898 275 1039 196 1069 248
696 125 851 428 4 64 420 423 558 171 731 279 470 183 583 397 1085 188 1110 255 988 189 1010 245 833 228 913 317 1167 200 1204 281 842 171 898 276 1049 198 1078 251
696 123 851 431 9 69 421 421 553 170 735 279 1172 199 1210 282 467 188 575 392 1088 190 1113 255 834 229 914 318 1051 197 1080 251 843 172 899 274 991 191 1013 245
697 122 851 433 12 73 424 418 536 169 724 282 1177 198 1215 284 464 190 568 389 1054 195 1082 250 834 229 915 318 1090 192 1115 254 845 171 900 273
17 75 430 412 698 122 851 435 532 168 724 286 460 190 563 385 1057 195 1085 250 834 228 916 319 1182 199 1219 284 1001 187 1023 248 846 173 901 273
17 72 436 408 698 121 852 435 529 166 724 289 456 188 561 382 1059 195 1087 250 835 228 918 319 1002 187 1024 247 1100 189 1122 258 1192 197 1227 285
18 67 442 406 697 121 853 436 518 164 724 296 1004 187 1027 247 450 184 556 381 1060 194 1089 251 835 227 918 320 1102 189 1124 257 1197 197 1232 286
16 62 443 403 696 119 854 437 1007 187 1029 247 515 164 726 302 447 179 553 379 1061 194 1090 251 1104 190 1126 257 835 228 918 319 847 173 901 272
15 56 447 402 695 118 855 437 516 166 726 308 1011 187 1033 248 1063 194 1092 251 1106 191 1129 257 846 171 902 272 835 229 917 320
16 57 449 401 694 116 855 437 526 169 724 309 1014 187 1036 249 1107 192 1131 258 846 170 901 270 1064 195 1092 251 835 230 916 320
24 61 454 394 692 115 855 435 530 170 722 305 435 177 534 374 846 171 902 269 1109 193 1134 259 836 232 917 320 1017 192 1039 248 1065 198 1093 250
40 69 461 384 691 114 855 433 531 171 720 304 846 172 903 268 837 233 918 320 1112 194 1138 260 1074 196 1102 255 1024 189 1050 250
55 74 468 376 690 114 856 430 532 170 720 303 1025 186 1051 251 846 171 904 269 838 234 919 321 1074 194 1103 254 1110 193 1144 268
71 80 472 369 689 113 855 431 533 170 719 304 1027 186 1053 250 846 170 904 270 839 234 919 321 1076 193 1104 253
688 112 853 433 533 169 719 304 78 63 465 342 1030 186 1056 250 846 169 905 272 839 234 919 321 1078 193 1106 252 1124 193 1148 264
687 109 852 437 532 169 719 304 105 92 518 353 1033 186 1059 251 846 169 904 273 1080 194 1109 252 419 167 512 334 838 233 917 321 1125 192 1149 265
685 108 852 438 531 169 717 305 134 75 502 332 1037 186 1063 251 1126 191 1151 266 417 166 507 332 846 169 903 273 1082 194 1111 252 838 232 917 320
684 107 855 438 529 170 716 307 139 77 503 326 416 168 504 331 1040 188 1066 251 1083 194 1112 253 1128 192 1152 264 847 170 902 272 838 232 916 321
681 107 857 438 528 172 715 308 148 81 505 317 416 169 501 331 1085 193 1114 254 1125 190 1157 269 837 232 917 321 848 171 902 270 1048 192 1076 250
678 109 857 436 528 173 715 309 157 86 512 312 416 168 498 329 1126 190 1160 269 1048 190 1076 252 1086 194 1116 255 836 232 917 321 847 169 902 271
675 110 856 436 528 173 716 311 169 91 517 307 1049 190 1077 253 418 168 496 327 1128 191 1163 270 833 231 916 322 846 165 902 273 1087 194 1117 253
674 112 858 435 528 172 717 314 178 93 519 304 1051 190 1078 253 418 169 496 324 1130 191 1165 271 832 230 913 323 843 160 902 253 1080 195 1123 265
674 111 856 435 528 172 716 313 194 95 519 303 1054 191 1081 254 419 171 496 324 1132 192 1167 271 831 154 912 302 837 230 902 325 1079 195 1125 266 431 260 486 336
527 172 716 311 674 112 853 435 208 96 519 302 419 171 495 324 1057 192 1083 256 1134 193 1168 272 836 231 902 325 831 154 912 302 431 259 486 335 1092 193 1130 267
526 172 715 310 673 110 849 436 420 170 495 324 1061 193 1087 258 220 96 517 304 831 232 911 324 1093 192 1129 268 1135 193 1169 272 840 162 901 280 430 259 485 332
527 172 714 313 672 110 848 437 420 169 494 322 1064 193 1089 259 831 231 912 325 1095 192 1129 268 429 258 484 332 218 95 515 304 839 164 901 278 1134 193 1169 272
526 173 712 319 669 109 852 441 421 170 494 321 831 231 912 326 429 257 484 330 1101 197 1126 255 1068 196 1091 258 837 165 900 275 1147 191 1173 275
524 174 708 324 665 109 853 442 422 170 494 322 1102 197 1127 255 829 231 910 327 1077 192 1100 259 430 257 484 328 835 159 898 253 1149 192 1174 275
661 110 854 444 522 174 704 327 1076 191 1099 261 423 170 496 322 1104 197 1128 255 828 231 908 328 1150 192 1176 275 835 161 897 252 431 256 486 326
520 175 701 328 659 110 850 445 1077 192 1099 262 424 169 497 320 1105 197 1129 255 828 232 907 328 1151 192 1177 275 835 162 896 251
656 110 847 449 518 174 700 330 425 169 499 318 1079 193 1102 262 828 232 906 328 1152 192 1179 275 1107 197 1130 255 835 174 896 264
655 109 845 454 515 174 699 332 428 169 504 319 1081 191 1112 269 827 232 906 328 1153 193 1180 275 835 173 896 266 1108 197 1131 255
652 109 844 456 512 174 698 333 430 172 510 320 1085 190 1116 268 827 231 905 328 1152 201 1184 277 834 172 896 268 1097 193 1136 271
650 108 845 456 510 175 696 330 432 177 519 320 1096 192 1135 270 835 173 896 268 826 231 905 328 1153 201 1185 277
648 107 845 455 510 176 696 325 1096 191 1136 270 434 180 523 315 826 230 905 329 1156 193 1185 275 834 173 896 268
647 106 843 456 510 176 697 324 1098 192 1138 270 436 180 525 312 825 230 904 328 1157 193 1187 275
632 104 829 454 509 174 699 325 1099 193 1140 269 816 233 897 323 433 239 514 313 1158 192 1188 274 832 167 881 241
632 105 827 453 507 171 700 329 1101 194 1141 269 813 232 897 324 432 240 513 311 832 167 881 242 1158 192 1189 274
506 170 695 330 632 107 822 448 1102 194 1141 270 809 231 897 325 829 167 880 244 420 239 502 306
508 171 691 332 631 107 818 445 806 228 897 328 1103 193 1142 270 828 164 880 247 419 238 501 303
510 172 686 333 630 107 814 444 1105 192 1143 271 803 227 895 329 827 162 880 249
511 172 685 334 629 106 813 446 802 226 894 328 1107 193 1145 271 825 162 879 249 350 125 571 264
511 172 684 333 628 106 810 446 801 227 893 327 1108 193 1147 271 825 163 877 248 355 126 571 264
510 172 684 332 628 106 806 448 800 228 891 327 1116 193 1155 273 825 165 875 246 360 130 568 267
627 108 801 448 511 172 683 329 800 229 890 327 1118 194 1155 274 825 166 874 247 367 132 566 268
623 109 798 447 510 172 683 328 799 229 890 327 1120 194 1156 274 825 166 873 247 370 134 565 269
618 111 792 447 799 228 889 327 512 172 681 326 1123 195 1158 274 375 136 565 267 821 166 875 275 643 310 801 465
613 111 789 447 798 228 887 327 513 173 679 325 1125 195 1161 274 379 137 565 264 639 304 796 466 820 165 875 276
610 111 785 451 503 173 665 325 798 226 885 327 1127 195 1162 275 383 137 564 261 669 299 783 470 818 164 875 279 1170 199 1200 281
609 108 784 454 502 172 664 325 797 226 885 325 1127 194 1163 275 671 298 782 469 385 137 561 260 1170 199 1200 281 819 165 871 246
611 108 781 457 501 172 665 325 797 226 884 325 1128 194 1164 275 630 301 783 464 377 234 494 301
613 108 779 455 497 171 667 325 787 232 874 318 1128 194 1164 275 377 232 497 302 670 300 777 464
614 108 775 453 495 171 667 321 787 232 873 318 375 231 500 303 665 301 771 460 1127 195 1163 273
616 109 774 449 493 171 666 317 787 230 874 319 374 232 502 304 663 301 766 458 1148 193 1180 276 804 173 860 273
617 110 773 447 493 170 665 315 786 231 872 319 373 234 502 304 656 299 762 458 1148 193 1181 276 1129 199 1150 252 805 173 859 271
619 113 770 443 495 171 663 316 784 231 872 320 373 236 501 305 1149 200 1181 277 652 297 760 458 807 170 853 243 1127 199 1149 253
621 116 767 439 498 171 662 319 782 232 872 320 1150 199 1183 279 373 238 501 305 806 171 851 242 648 295 759 458 1126 198 1148 254
