

3 335 262 490 443 340 592 464 388 356 443 406 724 0 1279 549 623 345 683 395 589 357 620 384 679 352 728 387 447 362 471 389
0 329 250 498 442 340 591 464 385 356 443 406 720 0 1279 545 622 346 682 396 588 357 620 385 1117 214 1279 561 679 351 728 388 446 362 471 389 235 368 270 413 655 296 665 313
0 322 235 505 440 341 591 463 381 355 442 407 719 0 1279 544 588 356 620 385 620 346 681 396 1059 238 1266 610 681 351 727 389 655 298 665 314 45 399 1245 718 444 362 472 390
0 317 223 512 437 342 590 462 1050 223 1259 550 716 0 1279 541 378 353 439 408 587 356 620 386 620 347 680 396 682 352 724 388 196 364 272 419 42 404 1249 716 654 298 665 314 443 363 473 391
0 316 212 515 441 353 587 471 713 0 1279 538 375 352 436 409 586 356 619 387 1016 242 1257 531 620 346 678 396 192 366 270 420 683 352 724 387 40 405 1246 716 442 363 473 392
0 317 188 518 441 353 585 471 710 0 1279 540 372 352 433 410 1004 235 1205 534 586 356 617 387 618 346 676 396 681 352 723 387 206 368 264 418 38 404 1244 714 441 363 472 391 568 360 594 388
0 320 181 522 441 352 584 472 709 0 1279 546 368 352 431 410 586 357 616 388 965 241 1170 527 617 346 674 396 215 373 260 415 681 353 721 386 440 363 471 391 169 374 205 422 38 399 1241 713 568 361 595 388
0 323 172 522 442 352 583 472 959 245 1155 528 363 354 432 408 707 0 1279 554 154 366 207 426 584 358 614 388 615 346 673 396 216 372 259 415 679 353 720 387 439 362 470 389 568 361 597 388
443 352 582 472 0 324 163 520 355 353 425 410 702 0 1279 557 148 366 205 427 581 360 613 388 217 372 259 415 620 353 671 393 436 361 469 389 678 354 719 388 950 245 1147 530 568 362 599 388 652 299 662 315
443 353 581 472 0 320 135 520 354 354 424 409 922 252 1099 529 128 367 202 430 699 0 1279 554 580 360 611 388 435 361 469 389 218 372 257 415 608 350 668 399 675 354 718 389 652 299 663 315
442 354 579 471 0 318 126 520 349 354 422 409 125 368 199 428 694 2 1279 549 608 350 667 399 912 253 1089 533 435 360 469 388 217 372 255 415 579 360 610 387 674 353 718 390 651 300 662 316
442 354 578 471 344 353 419 410 121 368 196 427 690 3 1279 550 6 326 117 512 608 351 666 398 885 262 1049 534 434 360 468 388 215 372 253 414 579 360 609 387 673 354 716 389 651 300 661 316
442 354 577 470 336 353 417 410 119 368 194 427 684 4 1279 557 606 356 663 393 211 371 251 415 871 265 1050 533 433 359 468 387 421 362 450 386 578 361 609 387 663 357 701 388
330 354 415 417 442 354 576 470 117 368 192 427 680 6 1279 565 605 357 662 394 420 361 452 387 662 358 704 390 845 272 992 530 208 369 249 415 569 361 602 387 435 360 467 387
442 354 575 470 327 355 415 418 116 367 190 428 680 8 1279 568 418 361 453 388 603 357 659 394 834 273 990 531 660 358 705 391 569 361 602 387 176 367 248 420
321 354 404 421 442 354 575 470 681 8 1279 570 416 359 452 388 106 366 181 429 600 357 657 394 660 358 704 391 822 280 992 550 569 360 600 386 11 362 119 444 183 369 241 419
313 353 401 421 436 343 582 459 104 367 179 428 679 5 1279 573 414 358 451 388 9 366 117 443 598 356 653 393 659 357 702 390 570 359 599 386 811 283 988 548 183 368 240 418
305 353 397 421 437 343 580 458 101 367 176 427 6 370 112 442 410 357 449 387 676 3 1279 577 597 355 650 391 660 356 699 389 570 357 598 385 797 291 953 543 164 366 239 418
2 371 107 442 437 343 579 458 302 353 393 422 97 367 174 427 408 357 448 388 662 5 1279 566 596 354 649 391 659 356 697 389 570 356 597 384 163 366 238 419 794 283 899 489
437 343 578 459 293 353 384 424 2 369 104 443 92 368 171 428 406 358 447 391 659 3 1279 571 594 353 647 391 659 355 696 390 163 367 236 420 568 357 595 383 771 280 875 479
286 352 382 425 437 343 577 458 2 368 103 444 655 1 1279 576 88 369 168 429 405 358 445 392 592 352 646 392 657 355 695 390 566 357 593 383 154 363 229 420 760 286 866 483
278 349 377 426 651 1 1279 576 437 343 575 458 0 376 94 448 80 368 159 431 405 358 442 392 154 362 227 421 593 352 644 391 657 355 695 389 374 361 399 387 565 356 592 383
647 2 1279 578 272 348 375 427 436 343 576 457 0 376 91 448 79 367 158 431 150 363 225 422 406 359 441 392 372 361 399 386 583 348 641 396 656 355 693 389 564 356 591 384 744 311 865 539
258 349 364 429 644 3 1279 576 0 376 87 448 75 368 155 433 434 344 576 457 146 366 222 423 391 358 434 393 367 359 397 386 585 352 636 390 736 315 864 540 655 355 690 389
249 348 360 431 642 2 1279 576 0 376 82 450 69 368 152 433 432 345 578 457 390 358 435 396 141 369 218 423 585 352 635 391 363 359 394 386 655 355 688 390
641 1 1279 575 243 345 354 432 0 375 78 452 65 369 149 434 431 345 579 458 388 358 435 397 138 369 216 424 583 353 633 391 714 312 830 537 359 358 393 386 654 356 687 390
640 0 1279 576 231 346 348 434 62 370 146 435 0 373 74 452 438 349 576 458 385 359 433 397 126 365 208 425 582 353 632 390 710 314 822 535 654 356 686 391 360 358 392 385
641 0 1279 574 220 346 346 436 438 350 576 458 0 373 73 452 381 358 431 397 60 371 145 435 127 367 206 426 581 354 630 391 703 318 815 534 655 357 684 391
640 0 1279 572 438 350 575 458 194 344 345 447 54 371 135 437 0 371 63 454 377 358 429 398 579 354 628 391 129 370 203 427 697 321 806 534
641 0 1279 571 183 347 334 448 438 350 574 458 51 371 133 438 0 368 58 456 371 356 429 403 578 354 627 391 127 370 200 427 683 314 779 532
639 0 1279 572 177 349 329 450 438 350 574 458 48 370 131 439 0 367 56 459 369 356 427 403 576 354 626 391 681 313 776 533 124 368 196 425
639 0 1279 575 154 349 321 452 438 349 574 458 43 370 128 440 575 354 625 391 367 356 425 403 675 318 771 532 0 369 53 458
638 0 1279 574 144 347 312 456 438 349 574 458 39 370 125 441 574 354 624 390 671 323 766 530 0 376 45 455 366 356 424 403
639 0 1279 573 131 345 302 459 438 350 575 458 36 371 123 440 666 325 761 528 361 355 421 406 574 354 623 390 0 376 41 453
639 0 1276 573 118 344 295 461 439 350 575 458 359 356 420 407 662 324 756 526 574 354 622 390 0 375 36 453 35 372 122 438
640 0 1276 575 439 350 574 458 357 354 418 407 85 346 281 460 17 369 111 443 658 325 750 526 574 355 621 389 0 376 33 454
639 0 1275 572 68 346 275 480 440 350 573 458 355 353 415 408 654 326 743 523 575 355 620 389 13 368 105 441 449 314 456 326
638 0 1277 573 48 341 268 486 440 350 573 458 353 352 413 408 573 355 620 389 643 330 719 510 448 314 455 327
635 0 1279 573 440 350 573 458 21 340 256 488 351 352 411 409 641 332 716 507 573 355 620 389 449 314 456 326
633 0 1279 574 13 334 242 496 440 349 573 458 348 351 409 410 637 337 711 502 573 356 618 389 448 314 455 327
631 0 1279 573 2 331 227 504 440 349 574 458 345 350 407 411 626 314 704 484 576 357 616 388 448 314 456 327
628 0 1279 573 0 326 213 514 440 349 575 458 338 356 405 417 565 355 603 385 447 314 455 327
623 0 1279 570 0 324 190 517 439 349 576 458 336 355 404 418 565 355 603 384
619 0 1279 567 0 323 178 522 438 349 576 458 564 354 604 384 622 347 701 498
618 0 1277 563 437 349 576 458 325 356 398 421 0 325 168 524 564 354 604 384
618 0 1277 562 438 349 576 458 320 355 396 422 2 322 125 533 624 409 680 493 563 354 604 384 111 370 167 433
620 0 1277 561 316 355 394 422 438 349 577 459 623 411 678 491 90 369 171 436 3 322 110 534 563 354 603 383
624 0 1276 560 311 354 391 422 439 343 576 457 65 365 162 441 621 411 675 491 0 329 74 526 645 294 658 316 563 354 602 382 424 366 444 387 595 303 673 477
626 0 1271 560 440 343 576 457 306 353 389 423 56 366 159 443 621 409 673 490 595 305 671 477 645 293 658 317 564 354 600 382 3 366 62 467 423 365 443 387
628 0 1269 557 440 343 576 457 296 355 384 422 52 366 153 444 0 372 60 455 593 309 669 474 619 408 671 490 564 354 600 383 645 293 659 318 423 365 442 387
627 0 1268 556 439 343 576 457 290 354 384 424 0 372 57 457 54 367 150 443 564 354 600 382 607 405 658 484 591 312 667 471 645 292 660 318
630 0 1267 556 282 354 380 425 438 343 577 458 42 365 146 443 605 405 660 485 0 371 53 457 564 354 598 382 646 293 660 318 600 344 657 449
629 0 1265 559 277 354 376 427 438 343 578 458 603 406 659 486 0 375 44 456 37 367 146 442 646 293 660 318 564 352 595 382 599 343 657 451 422 363 443 389
629 0 1263 560 438 344 578 459 273 354 372 429 602 406 657 485 0 374 40 456 30 381 144 444 647 293 660 317 563 351 593 382 421 361 444 390
628 0 1264 561 263 356 365 431 438 344 578 460 602 406 655 485 0 374 35 458 31 381 139 444 647 293 660 317 563 351 593 382
631 0 1265 559 255 355 360 432 442 355 573 469 601 404 653 485 31 380 134 444 647 294 661 318 562 352 593 383
633 0 1265 559 249 353 355 434 443 355 574 469 600 402 651 486 33 379 131 444 580 315 657 469 347 364 383 394 648 293 662 318 563 352 593 382
636 0 1265 557 236 351 346 437 443 354 575 469 598 370 652 473 8 377 129 450 346 363 385 395 124 381 151 405 649 293 662 318
638 0 1265 558 228 350 344 439 443 354 575 469 343 363 384 394 7 378 128 449 598 371 651 472 650 292 663 317
638 0 1266 558 438 343 580 462 220 349 340 440 340 364 382 394 5 379 122 449 598 373 649 471 650 293 663 317
637 0 1268 559 442 352 576 471 337 364 381 394 4 378 115 449 186 349 350 445 599 400 644 485 650 293 662 317
636 0 1269 562 442 352 576 471 2 378 107 450 189 350 327 447 337 364 380 394 599 401 642 484 650 293 662 317
637 0 1269 564 441 352 576 471 2 377 105 451 176 350 331 449 339 363 379 394 651 293 662 316 597 401 641 484 403 362 424 391
639 0 1269 564 441 352 577 471 151 351 316 454 3 376 103 451 339 363 378 394 97 378 133 408 402 362 424 393 651 293 662 316 596 400 640 484
641 0 1269 562 141 349 306 457 440 352 579 472 4 374 100 452 339 364 376 394 592 370 642 470 402 362 423 394 651 292 662 315
643 0 1269 561 126 346 295 461 436 342 583 465 0 375 91 453 338 364 375 394 400 363 422 394 594 398 640 484
645 0 1268 563 435 341 582 465 0 376 87 453 338 364 374 394 119 345 289 462 399 363 421 393 593 398 640 484
645 0 1267 563 435 341 583 466 84 344 274 465 0 376 83 453 337 364 374 394 397 363 421 393 590 396 635 482
644 0 1266 564 66 340 265 470 434 339 585 467 336 363 373 393 588 370 637 471 396 363 420 393 0 374 79 455
643 0 1267 565 432 338 588 468 27 342 250 482 337 362 371 391 587 372 636 471 394 362 420 394 0 371 64 456
642 0 1268 568 11 338 247 486 430 337 591 468 586 370 637 472 337 361 371 389 391 361 420 394
642 0 1270 569 0 330 233 495 430 346 602 479 388 359 419 394 338 361 370 389
641 0 1270 569 428 344 615 482 0 323 217 504 337 361 368 388 384 359 418 395
640 0 1271 567 426 341 630 485 0 321 189 512 336 362 368 389 381 359 416 395
640 0 1270 567 424 341 637 486 0 321 177 517 335 362 367 390 379 359 415 394
639 0 1269 566 422 341 638 486 0 322 163 517 334 362 367 390 372 362 404 394
637 0 1268 562 422 341 635 487 0 319 130 519 333 361 367 389 370 361 406 394 322 365 353 392
636 0 1267 559 422 340 626 486 0 315 114 522 367 361 407 395 322 364 354 392 333 361 366 388
637 0 1268 556 420 340 620 486 0 313 85 526 365 361 406 395 323 365 353 392 333 361 366 388
637 2 1269 557 416 340 609 485 362 360 404 397 323 363 353 391 570 314 670 479
635 2 1270 558 413 339 602 487 322 363 353 390 359 360 401 398 573 314 673 481
633 1 1269 558 411 338 596 489 576 313 676 481 322 362 353 388 356 360 400 400 245 374 269 402
633 0 1269 556 411 337 593 492 578 314 679 480 321 362 352 388 353 360 398 399
633 2 1272 555 410 336 591 493 319 362 350 388 582 313 680 479 245 374 269 401 592 405 677 486
635 4 1275 555 409 336 589 494 318 361 349 387 591 406 680 485 583 353 617 376 584 314 681 479
634 5 1277 556 407 335 589 496 596 406 689 485 583 354 617 377 329 357 391 407 271 365 296 393 224 374 248 402 317 361 346 386
631 4 1272 558 404 336 590 496 595 407 690 485 320 355 393 407 585 354 616 376 270 364 296 392 223 373 248 402
625 3 1270 563 391 334 584 494 316 355 390 408 597 409 690 486 587 354 615 376 271 364 294 392 223 374 247 402 604 322 700 470
622 3 1269 566 388 331 585 496 313 354 388 409 590 354 615 375 619 353 634 380 607 324 704 473 599 412 692 487
623 3 1269 565 387 329 586 498 310 355 386 417 270 363 294 392 620 353 634 380 591 353 614 375
625 4 1267 563 385 328 587 499 308 353 386 410 269 363 294 392 619 353 634 382 592 353 614 375
384 327 587 501 629 3 1263 561 300 351 380 413 618 353 633 381 590 353 614 374 269 363 293 392
381 325 588 503 630 1 1257 561 296 357 378 418 590 353 615 374
381 325 587 503 630 0 1253 558 290 357 376 419 589 354 615 374 245 363 275 394 17 376 63 414
381 325 587 504 628 0 1251 554 284 356 373 420 588 354 615 375 244 364 274 394 16 376 64 414
382 324 586 506 627 0 1247 549 280 354 371 421 587 353 615 375 245 364 272 392 617 354 632 379
382 323 586 509 628 0 1239 549 269 360 355 420 586 352 616 375 594 409 718 496
381 321 587 512 630 0 1225 547 260 359 356 421 584 352 617 375 594 408 720 498
