

478 346 530 378 692 332 818 372 568 355 589 366 539 198 577 215
695 332 817 372 476 346 527 378 538 196 577 213
698 330 814 373 538 194 578 211 474 347 524 376
539 191 578 208 699 330 843 372 476 340 524 372
700 330 846 372 540 188 578 204 475 340 525 371 564 350 586 362
702 330 846 371 540 185 578 202 565 350 586 362
705 329 844 371 459 338 507 371 566 350 587 362
567 349 587 361 459 339 502 371
709 326 841 372 456 339 498 371 568 350 587 361
711 326 842 373 453 339 496 372 568 350 587 362
715 327 842 375 449 347 495 377 569 351 586 363 537 170 578 190
717 326 843 375 570 351 587 363 536 168 579 187
719 325 843 374 570 351 588 363 535 166 577 184
720 324 844 373 570 351 589 364 534 163 576 180
721 324 844 374 533 160 575 177 571 351 589 364
727 324 863 374
731 322 866 375
734 321 869 376 529 147 576 169
736 319 873 377 528 144 576 167
739 317 874 377 527 140 577 163
748 318 890 376 526 135 577 157
745 318 895 377 525 131 576 153
747 319 899 378 524 123 575 148
752 318 902 379 522 119 575 145 275 343 385 395
753 319 908 383 520 115 574 141 527 197 562 217
753 320 931 386 519 111 575 136 256 346 368 393 570 355 592 368 525 196 563 216
753 322 936 388 518 107 575 133 249 347 367 394 569 356 592 370
757 322 940 390 519 104 576 130 569 359 592 372 244 347 365 394
767 330 939 392 226 350 342 394 569 362 591 374 521 95 574 124
769 331 963 392 217 351 341 394 522 89 573 121 568 363 590 376
768 331 968 394 211 353 317 396 523 85 573 116
770 328 978 403 203 352 315 396 524 80 573 110 517 185 556 210
772 328 985 405 194 351 317 395 568 367 589 379 517 184 556 209
779 329 1002 404 178 354 287 395 505 62 561 97 568 368 588 379 517 182 556 206 354 113 409 143
781 328 1003 406 172 354 286 394 498 53 577 95 351 111 407 140 568 368 588 380 516 182 556 205
786 327 1009 408 162 355 259 395 568 369 589 381 495 46 577 92 515 181 554 203 352 107 405 135
793 325 1019 409 568 369 588 382 494 32 575 77 140 358 235 397
801 325 1030 410 491 25 575 70 136 360 228 398 567 370 588 382
806 326 1038 412 567 370 588 383 510 168 550 195 489 13 574 58 652 118 699 145 121 365 211 414
808 326 1045 414 485 8 572 51 507 166 550 193 568 370 589 383 652 113 700 140 116 366 206 414
824 325 1064 413 481 4 571 41 505 163 551 190 94 366 181 413 570 370 590 383 650 107 702 135
829 323 1073 414 503 159 552 186 89 366 175 412 477 2 572 34
836 322 1082 415 501 154 554 183 288 58 368 100
844 321 1094 417
851 321 1102 420 501 140 552 172
862 320 1130 420 501 137 553 167 575 371 594 382
868 319 1143 421 500 133 554 163
875 318 1159 422 497 129 556 158
901 320 1188 423 228 5 336 42 498 118 555 148
909 321 1198 428 495 112 557 145 587 370 606 382
917 322 1214 431 495 108 558 140 587 370 607 383
942 324 1248 438 493 102 559 137 586 371 607 385
948 327 1259 447 587 373 607 386 498 93 558 127
960 333 1273 456 496 89 558 125 588 375 607 387
964 340 1279 460 490 84 569 125
999 336 1279 468 491 78 572 120
1016 343 1275 483 490 72 574 116
1034 341 1272 492 493 60 576 107 30 322 126 467
1049 345 1275 497 490 55 577 102 27 318 125 469
1067 352 1274 505 22 314 123 473 489 48 579 96 592 384 612 397
1100 355 1279 514 15 309 120 479 0 377 151 515 488 30 580 82 594 384 612 397
1116 366 1279 519 9 307 117 485 485 23 583 76 0 398 145 532 595 385 611 397
4 304 115 491 1136 380 1279 516 595 385 612 397 0 397 145 541 482 8 584 63
478 4 588 55 0 296 114 504 596 386 612 397
0 313 118 539 473 4 588 42 597 386 613 397
0 312 112 547 598 386 613 396 471 2 589 33



















620 325 636 336
620 326 635 336











