

513 358 686 528 231 276 523 514 675 390 717 435 665 383 705 419
515 358 686 526 230 276 523 514 675 390 718 435 665 383 705 418
517 359 687 523 229 277 523 514 674 390 719 436 664 383 705 418
519 360 688 522 229 277 523 514 674 390 719 436
521 361 688 521 230 276 523 515 673 390 719 436
522 362 688 519 229 276 523 515 673 389 719 437
229 275 523 516 523 363 687 517 673 389 720 437
524 363 686 515 229 274 522 516 673 389 720 437
526 364 686 514 230 273 521 516 673 389 721 437
526 364 687 513 232 273 521 516 673 389 721 437
527 364 687 512 233 274 521 516 673 389 721 437
528 363 687 510 232 276 522 514 672 388 722 437
229 277 523 513 530 363 687 509 667 384 721 438
225 278 527 512 531 362 686 508 667 384 721 437
214 314 537 524 532 361 686 506 665 378 722 433
212 315 538 524 532 361 685 504 665 378 722 434
212 314 536 524 532 361 685 503 665 378 721 434
221 279 526 512 533 362 685 502 667 384 722 438
221 278 525 513 534 363 684 501 667 384 722 439
220 278 525 514 535 363 683 500 667 384 722 439
219 280 525 514 535 362 683 499 666 383 723 439
219 280 525 514 536 363 683 497 666 383 723 440
220 280 526 515 537 364 683 498 667 383 723 441
218 279 526 516 539 365 684 497 667 383 723 441
216 278 526 516 539 367 685 495 668 384 723 441
213 277 525 517 540 368 686 494 667 384 724 441
211 277 524 516 541 368 687 494 666 383 724 441
209 278 524 515 543 367 687 492 666 382 725 441
196 306 538 531 545 365 687 490 667 382 727 441
194 306 539 531 547 364 687 489 668 381 728 441
191 306 539 530 548 364 687 489 669 381 729 442
186 305 539 531 549 364 688 489 669 381 729 442
193 281 528 512 551 366 688 488 669 382 730 442
189 284 529 510 551 367 687 488 670 383 731 443
186 285 530 509 552 367 687 487 670 382 732 444
182 285 529 508 553 367 688 487 670 381 733 445
179 283 529 509 554 367 689 486 671 381 734 446
175 281 530 509 554 368 690 486 672 380 735 447
171 280 533 510 673 381 736 447 554 369 690 485
165 280 535 510 554 370 691 484 674 381 737 446
161 279 536 511 676 381 738 445 556 370 691 483
159 278 535 512 677 382 738 444 564 375 693 477
157 276 533 514 679 382 739 444 565 375 693 477
154 298 538 540 679 383 740 445 562 368 694 483
152 298 537 542 680 384 740 446 563 368 695 483
152 299 538 542 680 385 741 446 564 368 696 483
149 302 537 541 565 367 697 482 683 386 748 449
145 302 539 541 683 386 749 449 567 365 697 482
141 300 540 542 683 385 750 450 569 366 698 482
138 296 541 545 684 384 751 450 577 363 693 486
135 293 541 548 685 382 752 450 578 363 693 486 554 388 589 419
133 291 540 551 687 382 753 451 578 375 706 479 554 388 589 420
132 290 538 552 578 374 706 479 688 382 754 451 555 388 590 420
131 288 536 554 579 374 706 479 690 383 755 451 555 389 590 420
127 256 537 530 579 375 705 480 688 383 759 451 555 389 590 420
125 289 536 554 580 375 705 479 688 384 760 451 553 389 590 420
122 290 538 554 580 375 706 479 689 384 761 452 552 389 590 420
117 292 539 552 580 375 705 478 689 383 763 453 552 389 590 420
113 254 540 528 580 375 705 477 689 383 765 454 553 389 589 419
690 384 767 454 110 294 540 552 580 375 706 477 553 388 589 419
690 384 769 454 580 374 705 478 107 294 540 554 553 386 589 420
581 374 704 478 691 385 770 454 103 293 540 556
582 375 703 478 691 384 771 454 99 292 541 556
584 376 703 477 692 384 772 454 94 289 543 556 551 385 596 422
693 384 773 454 584 376 703 475 89 252 544 539
585 377 703 474 694 384 774 455 85 247 545 543
586 377 704 474 694 384 775 456 83 246 545 544
587 378 703 473 694 384 775 457 71 285 551 558
588 379 703 473 65 287 552 557 694 383 777 457
589 379 703 472 59 289 552 557 694 382 777 458
590 379 703 472 698 380 782 458 58 288 552 558
587 377 702 473 698 380 783 459 52 287 555 560
697 380 785 459 583 373 703 473 49 283 558 561
697 378 786 458 45 283 561 562 574 368 696 470
696 376 789 458 43 283 563 563 562 363 702 470
698 374 791 458 35 286 575 562 557 361 705 471
699 372 793 458 28 286 583 562 553 359 704 472
701 371 794 457 18 287 596 560 550 356 702 473
702 370 794 457 22 233 541 550 548 352 699 474
703 370 796 456 14 288 600 559
704 370 798 455 21 288 536 560
705 371 802 455 19 292 534 560
707 372 805 455 14 229 539 547
708 373 807 455 5 189 550 560
710 373 809 456 3 191 554 559
714 370 816 459 0 191 559 559
714 369 817 459 0 188 672 569
715 368 817 459 0 186 678 570
716 365 817 460 0 183 684 571
715 364 818 462 0 182 682 572
715 362 818 462 0 183 678 571
713 361 819 462 0 180 677 571
712 361 819 463 0 179 545 565
710 361 820 463 0 175 539 565
709 360 820 464 0 163 678 575
709 361 820 464 0 163 674 576 661 377 691 401
705 364 817 462 0 163 674 577 659 376 691 400
704 365 817 463 2 176 530 567 656 375 691 400
