

399 359 600 498 704 348 816 438 330 356 414 435 649 346 702 449 1189 333 1279 427 267 366 309 392 559 352 602 395 44 314 226 414 605 359 645 389 0 353 53 437 651 405 703 468 317 368 348 389
708 346 823 440 398 358 600 499 330 356 413 435 1193 332 1278 428 647 348 697 445 267 366 308 392 0 355 39 437 559 352 602 395 44 314 222 415 605 358 645 388 316 367 348 389 647 404 698 467
709 347 824 438 397 356 600 498 330 355 413 434 1197 330 1279 426 646 346 691 444 266 366 307 392 560 351 602 395 606 358 644 389 313 365 347 388 41 315 219 414 0 352 30 438
711 348 826 436 396 355 600 496 330 354 414 433 1215 327 1279 425 265 366 305 391 560 351 601 394 310 364 347 388 637 346 685 446 607 357 643 389 39 315 214 414 677 352 720 395
714 348 829 436 396 355 599 495 330 354 414 433 634 345 682 444 264 365 304 391 561 351 601 393 1219 324 1279 424 308 362 347 387 35 315 211 413 670 342 722 399 608 356 642 388
717 349 832 435 396 354 599 495 331 354 414 432 629 346 678 442 262 365 303 391 560 351 601 392 667 343 724 399 306 362 347 387 1223 322 1277 423 608 356 640 388
721 349 835 435 396 353 599 496 332 354 412 432 623 345 675 440 666 342 726 399 260 366 301 391 560 351 601 392 304 362 347 387 1240 326 1277 424 630 401 674 448
723 349 838 435 396 352 599 496 332 354 412 431 618 345 673 440 665 341 728 400 257 366 298 391 560 351 601 392 304 362 347 386 627 401 670 447
724 347 842 436 396 352 599 496 332 354 411 431 615 346 671 440 665 341 730 400 14 304 199 407 255 366 296 391 560 351 602 392 304 362 346 386 624 400 667 446
396 353 599 496 723 346 846 437 332 354 411 431 666 340 732 401 11 303 198 407 609 348 663 441 253 366 295 391 560 352 603 393 295 365 336 387
397 353 598 496 722 345 849 438 332 355 412 431 608 349 660 440 664 341 733 403 10 303 197 408 559 352 604 393 295 365 336 388 252 366 294 391 519 322 532 334
396 353 598 496 725 346 857 438 332 354 412 431 665 341 737 403 605 348 656 438 293 365 335 389 560 352 604 393 245 366 288 392 612 398 654 446 519 322 532 334 310 363 344 385
395 353 598 496 728 348 862 437 331 353 414 431 666 340 741 403 603 348 651 436 292 364 334 389 242 365 287 392 560 352 603 393 610 397 649 444 519 321 533 334
394 352 599 496 733 349 866 436 331 352 415 431 668 339 745 403 600 348 646 435 290 363 332 390 239 363 285 392 5 315 170 417 561 351 602 391 606 396 644 441 519 321 533 333
393 351 599 495 737 349 868 436 331 351 416 431 670 338 747 403 289 362 331 389 236 363 283 392 598 348 643 434 5 313 167 418 561 351 601 390 603 395 640 440 520 320 533 332
392 350 599 495 739 346 872 436 331 349 416 431 671 338 748 402 288 361 330 387 233 362 281 390 3 293 163 415 595 350 641 432 560 350 600 388 521 319 533 331
391 349 600 494 331 348 415 430 739 344 876 437 672 338 749 401 230 362 278 390 287 360 329 386 0 293 157 413 560 348 599 385 521 318 533 330
390 348 601 493 737 341 888 442 331 347 414 430 673 337 757 404 225 361 276 390 285 360 329 385 584 356 631 432 0 290 150 412 560 347 598 383 615 352 649 387
390 349 601 493 740 343 893 442 331 347 414 430 673 337 758 404 222 361 276 392 582 356 629 432 284 360 328 385 0 287 147 413 618 354 651 385 560 348 597 382 522 318 534 331
390 349 601 494 746 345 898 444 332 346 415 431 674 335 762 405 283 361 327 386 580 355 626 433 223 362 274 393 619 355 653 385 0 285 143 414 523 318 534 331
391 348 601 494 751 346 902 445 332 347 416 431 675 335 767 406 213 362 270 397 281 362 327 387 618 356 654 386 0 284 140 415 523 319 533 331
756 345 906 445 391 347 600 495 332 348 416 431 677 333 771 408 211 363 267 399 280 363 326 388 615 357 656 387
391 347 600 495 756 345 909 444 679 334 772 409 332 349 415 431 208 363 265 399 278 363 327 388 613 357 657 388 0 275 119 422
390 347 601 495 769 345 913 447 682 334 775 409 332 349 415 431 205 364 261 399 267 365 313 391 612 357 658 388 0 277 114 422 563 348 609 430 0 374 46 597
389 346 603 496 770 345 919 448 684 334 777 408 333 349 415 431 201 363 258 399 266 365 311 391 612 357 658 388 0 382 51 591 563 348 609 429 285 362 328 386
388 344 604 496 773 346 927 450 333 348 415 431 687 334 780 408 197 363 256 399 264 364 309 391 0 389 56 587 612 357 658 388 146 361 180 387 525 318 536 330
387 342 604 497 775 345 935 450 332 347 416 431 691 334 791 408 263 364 307 391 0 391 60 586 612 357 659 389 195 363 255 398 560 346 612 413 526 317 536 329 145 361 179 387 0 276 94 418
387 340 605 497 779 345 944 451 692 334 794 409 331 345 417 431 260 363 306 390 0 392 63 584 611 356 660 389 188 362 245 399 525 317 536 329 561 346 611 411 0 277 90 418 144 361 179 387
784 344 953 451 388 340 604 497 694 333 796 410 331 344 417 431 259 363 305 390 183 362 246 400 0 391 67 583 611 356 661 389 525 316 536 328 0 277 84 420 562 346 611 409 144 360 176 386
788 347 963 452 388 340 605 497 696 332 797 412 331 344 417 431 178 362 245 401 0 394 72 582 256 363 303 389 611 356 660 389 524 316 536 328 563 346 611 407 144 360 176 387
387 339 605 497 789 347 970 452 697 333 801 413 331 344 417 431 0 395 75 582 255 362 301 390 175 362 243 401 612 357 660 390 525 315 537 328 143 360 176 387 563 346 611 406
386 340 606 497 700 333 805 416 797 346 984 454 331 344 417 431 0 391 79 584 252 362 299 391 174 362 239 400 613 357 659 391 142 361 176 388 562 345 613 406 526 316 537 328
385 340 607 497 702 333 810 418 798 346 990 457 332 344 417 432 1 386 82 585 250 362 298 391 613 357 659 392 175 363 234 399 144 361 174 388 526 317 537 328
801 346 998 459 385 341 608 497 704 333 812 421 332 344 416 432 1 380 86 586 245 364 290 393 613 357 658 392 160 364 220 399 294 361 330 387 525 318 537 329
803 346 1005 459 385 341 609 497 711 332 821 424 333 343 416 432 0 377 89 585 243 364 289 393 156 363 221 400 613 357 658 392 291 362 328 388
384 341 610 498 810 346 1017 460 713 332 824 426 333 343 416 432 0 371 93 584 241 363 286 394 153 363 218 401 621 354 670 393 288 362 324 388 318 362 349 385
817 345 1027 462 383 340 611 498 716 332 829 427 333 343 416 432 238 364 283 394 0 361 98 585 145 360 217 402 284 362 321 388 621 355 671 394 318 362 350 385 524 318 537 329
383 339 612 499 719 332 835 428 824 344 1035 464 333 343 416 432 2 350 103 587 236 364 281 395 141 360 213 402 317 361 351 385 620 356 673 395 284 362 318 387 525 318 538 329
382 339 612 499 720 332 840 429 824 343 1039 465 333 343 417 432 0 319 106 577 233 364 279 395 620 356 674 396 317 362 351 385 134 361 204 402 525 318 538 329 284 361 318 386
382 340 612 499 832 342 1056 469 720 332 845 428 0 315 110 576 333 343 418 432 228 362 277 395 130 361 201 403 316 361 352 386 621 357 673 395 271 360 310 387
838 340 1067 471 382 340 611 500 729 332 857 428 0 312 113 573 333 342 419 432 126 360 197 403 316 361 352 387 623 357 673 394 224 360 275 393 269 360 311 388
847 339 1080 471 381 340 612 500 729 332 863 429 0 309 116 569 333 342 419 432 120 360 193 403 315 361 352 387 266 359 311 388 218 360 267 396 626 357 674 393 568 350 626 410
853 338 1090 472 379 339 613 501 733 331 866 430 0 308 117 566 333 342 419 432 117 360 189 403 215 360 266 396 265 359 310 388 314 361 351 387 627 357 674 392 568 349 627 410
378 339 615 502 737 330 869 432 0 284 129 578 333 342 420 432 859 337 1096 471 211 360 262 396 262 359 307 388 312 360 350 387 569 349 629 410 631 357 673 391 113 358 188 402
377 339 615 502 740 329 871 432 0 288 132 575 871 334 1117 474 207 360 259 396 333 342 420 431 260 359 304 388 312 360 350 387 104 359 176 404 570 348 631 412 633 356 671 390 526 316 537 327
873 332 1130 478 376 338 615 503 742 328 872 432 0 292 133 574 96 359 173 404 202 358 256 396 332 343 421 431 257 359 301 387 311 359 349 386 564 347 641 410 637 356 670 390 527 315 537 326
885 335 1136 489 376 337 615 504 0 294 135 573 748 327 884 432 90 358 169 404 332 342 421 431 198 357 255 397 255 359 300 387 310 360 348 386 564 347 644 411 638 356 670 390
888 334 1151 492 376 337 614 506 0 295 137 573 750 328 890 433 333 342 420 431 308 360 348 386 566 347 648 410 252 359 299 387 199 356 253 397 74 356 162 408 641 358 669 390
375 340 600 502 0 296 138 572 754 331 898 433 890 335 1162 493 334 342 419 432 73 356 157 408 568 348 651 409 306 360 346 386 252 359 298 387 188 358 242 399 642 359 669 390
907 332 1185 500 374 341 601 504 758 333 904 436 0 298 141 571 334 341 419 433 70 356 151 407 183 359 240 401 569 349 651 407 303 360 346 386 240 360 291 391
912 333 1198 500 372 342 602 505 0 301 145 570 765 332 918 440 334 342 420 434 179 360 237 402 68 357 147 407 238 362 291 392 569 349 652 407 302 361 346 387
371 342 603 507 769 333 924 442 0 302 151 569 923 331 1215 511 334 343 420 434 235 364 289 394 568 348 655 408 176 360 234 402 296 365 337 389 67 357 145 406
371 341 603 508 773 331 930 445 0 304 156 568 334 345 421 435 923 334 1228 513 573 348 664 412 232 365 287 395 295 366 337 392 172 360 231 404
939 336 1251 518 370 340 603 510 779 331 937 447 0 305 161 567 572 348 666 414 333 345 422 435 294 366 337 394 229 365 284 396 162 366 219 407
947 337 1260 523 370 339 603 512 782 329 943 447 0 308 164 566 573 347 668 415 333 345 421 435 293 366 336 395 230 366 281 396 157 365 216 409
369 339 604 513 959 338 1271 530 786 329 953 449 1 311 167 563 574 346 672 415 332 346 421 435 291 366 335 395 152 365 211 408 229 365 279 396 542 321 552 331
368 339 604 512 790 330 962 451 972 338 1278 535 1 314 169 560 575 346 676 415 332 346 420 435 290 365 333 394 229 364 277 395 152 359 210 405 542 321 552 331
367 338 604 512 1 315 170 559 790 330 970 453 987 338 1279 543 576 345 679 415 332 347 419 434 288 364 331 394 144 360 213 404 213 365 269 398 542 320 553 331
366 338 604 513 804 326 985 453 1 315 172 560 997 337 1279 546 333 347 418 434 577 345 681 415 287 364 330 393 209 365 268 398 141 360 211 403 542 319 552 331
365 337 605 513 810 325 992 455 1 314 174 562 1011 337 1279 553 579 344 683 415 333 346 417 434 285 363 329 392 204 364 268 398 128 358 202 405 543 318 553 330
365 337 605 513 816 325 1000 456 0 313 176 564 1025 336 1279 559 333 345 417 434 580 344 684 415 283 363 327 391 201 363 265 398 124 358 199 405
364 337 605 513 821 324 1012 458 0 310 177 567 1037 345 1276 546 332 343 417 433 581 344 686 414 281 362 325 391 118 357 195 404 198 362 263 398
824 323 1021 461 364 335 604 515 0 308 178 569 1057 319 1271 572 594 341 698 420 331 343 417 433 279 362 324 391 116 357 192 404 199 362 261 397
364 333 603 518 0 307 179 571 1065 319 1276 573 824 325 1032 464 597 341 703 421 331 343 417 434 278 362 322 391 200 362 258 396 105 356 180 405
363 331 602 521 0 307 180 573 841 319 1052 471 600 341 708 421 1074 315 1277 575 331 344 417 434 278 360 320 390 183 363 244 397 104 355 178 405
843 320 1064 474 363 331 603 523 0 308 181 574 1097 320 1278 571 600 341 716 420 270 361 311 392 331 343 417 433 175 360 253 399 112 360 161 398
849 317 1074 476 363 331 603 524 0 309 183 575 1108 319 1279 571 598 341 719 419 269 361 311 393 171 360 249 399 331 343 418 433
852 316 1089 477 363 329 603 524 0 307 185 575 602 339 733 421 267 360 310 393 1126 315 1279 573 167 360 245 399 331 344 417 432
363 328 603 525 0 305 187 576 603 339 738 420 264 360 309 392 858 314 1097 477 1156 342 1277 557 163 360 241 399 331 343 417 431 782 355 811 401
869 309 1125 488 363 326 604 525 0 302 189 576 607 340 743 418 261 360 306 391 161 358 238 398 330 344 417 430 1173 360 1274 575 782 355 813 400 588 353 619 378
875 310 1139 488 0 301 190 577 611 340 748 417 360 322 609 542 259 360 304 390 1199 368 1278 572 147 358 234 399 331 340 418 419 586 352 620 381 783 355 813 399
0 300 192 574 358 321 611 540 882 310 1154 487 255 358 303 390 617 340 749 415 146 356 232 399 586 352 621 384 331 340 417 418 1221 328 1278 568 786 355 813 398
0 309 203 566 356 320 612 538 624 339 767 419 883 315 1204 488 252 357 302 390 143 355 229 398 586 352 622 387 331 338 417 418
627 340 774 418 0 312 205 565 355 320 613 537 909 306 1194 493 249 356 301 391 143 354 227 398 585 352 623 388 612 355 638 385
0 314 206 565 355 320 614 536 632 340 778 419 901 309 1236 492 142 354 223 397 248 356 300 391 585 353 622 388 611 355 640 388
0 315 207 564 354 321 614 536 638 340 777 419 900 303 1248 497 241 357 291 390 611 356 645 392 584 354 620 389 141 355 219 397
0 316 209 563 354 322 614 536 930 299 1265 504 645 339 796 421 240 358 290 392 612 357 650 396 154 359 209 393 584 355 618 389
0 317 210 562 353 324 616 537 941 305 1273 525 649 346 805 426 237 360 288 395 613 358 653 399 584 356 617 391 157 360 203 393
0 319 213 561 352 324 617 537 952 304 1279 528 642 340 817 426 235 362 286 396 620 360 667 398 584 357 616 392
0 319 216 562 352 325 618 538 965 304 1279 533 231 362 283 397 655 344 833 425 619 361 670 400 584 357 616 393
351 326 619 537 0 318 219 562 980 302 1279 541 661 343 840 426 228 362 281 396 617 361 672 401 584 357 616 393
349 325 619 537 0 318 221 562 996 299 1279 548 667 341 852 428 225 360 279 395 614 355 674 404 586 357 616 391
348 324 619 536 0 317 221 562 1007 296 1279 554 673 340 862 429 223 358 278 393 615 355 675 404 587 357 616 390
347 322 619 537 0 315 222 562 679 339 871 429 1019 298 1279 556 615 355 676 403 215 357 268 393 587 356 616 389
347 321 618 537 0 312 224 564 684 340 875 428 1030 302 1279 559 213 357 268 393 614 355 676 403 585 355 616 390
345 321 619 537 0 309 224 564 1061 282 1274 563 690 344 899 426 210 356 266 392 607 356 679 402 584 354 616 390
344 321 619 536 0 308 224 564 1069 280 1275 566 696 342 906 427 206 357 264 391 607 355 678 402 584 354 616 389 548 310 557 321
343 322 620 537 0 307 226 562 707 339 916 429 1096 286 1277 568 205 356 260 391 608 355 678 403 584 353 617 389 548 310 557 321
343 323 619 537 717 337 922 430 3 307 227 561 1106 289 1277 564 203 356 258 392 608 355 677 403 584 353 617 390 548 309 557 321
343 323 619 538 0 319 229 539 724 337 923 430 1121 293 1279 565 202 356 256 393 615 356 677 403 585 353 618 390 548 309 557 321
343 324 619 538 0 320 230 537 728 338 922 430 1136 295 1279 565 615 356 677 403 200 356 255 393 584 353 619 390 548 310 557 322
342 324 619 538 0 321 231 535 736 339 962 431 1157 324 1279 563 616 356 677 403 200 356 253 392 584 353 619 391 548 310 557 322 711 349 742 384 404 194 444 210
343 324 618 538 0 323 234 533 742 340 962 432 616 357 677 403 190 357 246 392 584 353 619 391 711 349 745 385 1199 355 1278 586 403 193 443 209 548 310 557 322
341 324 618 538 0 323 239 530 747 341 967 432 1203 358 1279 582 616 357 676 404 190 357 245 392 584 353 619 391 403 191 443 208 713 349 744 385 548 310 557 322
340 323 618 538 0 324 243 530 752 340 974 431 615 357 676 403 1216 361 1278 590 584 353 618 390 403 190 442 207 190 357 245 392 548 310 557 322
338 324 620 537 0 322 249 528 759 338 980 430 614 355 676 403 402 188 441 205 583 354 617 390 548 309 557 322
337 324 622 537 0 320 253 528 766 336 983 430 609 353 679 402 401 186 441 203 583 353 617 390 548 309 558 321
337 325 623 536 0 318 257 526 770 335 986 431 608 352 680 402 584 352 618 390 549 309 558 321 402 184 440 201 502 297 516 310
