

430 438 485 471 618 436 638 450 487 459 527 480
430 439 479 470 618 437 638 450 487 461 525 481
428 439 479 469 618 436 639 450 487 461 523 480
428 439 477 469 617 436 639 451 487 461 525 481
428 439 479 469 616 435 639 451 486 463 525 483 547 441 565 452
429 440 477 469 614 435 640 452 485 464 525 483 546 441 564 452
428 440 476 468 614 435 639 453 484 463 526 482 545 440 563 451
613 435 638 455 428 440 475 467 588 442 617 464 544 441 563 452 483 461 526 481
613 436 637 455 544 440 563 453 587 443 615 463 482 462 526 482 417 446 462 475 429 441 472 465
415 446 463 476 613 436 636 454 543 440 562 452 482 463 524 482 587 443 615 462 468 444 490 458
413 446 463 476 612 437 635 454 542 439 561 452 585 448 618 475 588 443 615 461 480 465 523 483 468 445 493 459
410 444 463 477 585 447 619 475 611 436 634 453 589 443 618 461 541 439 560 451 468 445 496 460 479 464 522 483
406 443 463 477 589 442 621 463 611 437 632 453 469 445 496 459
403 442 463 478 589 441 624 465 520 440 543 453 488 445 514 457
401 442 462 478 489 444 516 456 518 439 541 452
586 440 623 467 398 441 460 478 492 444 518 456
585 439 622 469 399 438 461 471
585 438 621 469 397 437 461 471
585 438 621 468 395 437 463 470 510 435 542 452
584 437 621 468 390 435 464 474 511 435 543 452
584 437 620 468 388 435 462 474 514 436 541 451
583 436 620 469 386 434 460 475 543 440 562 452
582 436 620 469 384 433 459 475 543 440 563 452
581 436 621 469 378 431 452 476 545 438 566 451
580 436 622 470 377 433 453 476 547 437 569 451
375 433 452 477 580 436 621 469 550 437 572 450
372 433 453 477 580 437 620 469 550 437 572 451
368 432 452 477 581 438 620 467 551 437 572 450
365 433 449 477 581 438 620 466 551 437 571 449
582 439 620 465 361 433 446 477
584 440 621 465 359 433 444 477
585 440 621 465 355 432 445 477
347 439 431 483 585 441 620 464 548 436 570 449
344 438 430 483 586 442 618 462 548 436 570 449
341 438 430 483 548 436 572 450 587 443 619 461
337 438 428 483 587 443 620 461 548 436 572 450
332 438 427 483 585 443 620 461
326 439 426 484 584 444 620 462 395 345 425 359
322 438 427 485 584 443 619 463 545 435 569 449
317 437 430 486 584 442 620 465 543 434 566 449
312 436 434 486 584 441 621 466 540 433 563 449
310 437 415 487 583 441 622 466 537 433 560 449
306 436 415 487 583 441 621 466
301 436 415 486 582 440 621 466
296 436 414 486 582 440 622 466 522 434 548 451 615 389 624 399
290 436 415 487 519 432 547 450 0 394 115 578 582 439 622 466 614 388 624 399
285 435 414 488 0 395 119 575 516 431 544 451 614 388 624 399
281 434 400 490 2 391 124 583 615 388 625 399
277 434 398 490 3 390 128 582 615 388 626 400
273 435 393 489 4 393 130 577 615 388 626 400 375 332 397 346
270 435 389 490 0 407 143 544 615 388 626 400 375 331 397 346
263 433 389 491 0 409 148 540 615 388 626 399
256 432 395 492 0 408 154 539 615 388 625 399 581 438 621 468
254 431 378 493 0 407 160 542 615 388 624 399 582 438 622 469
251 431 379 492 0 406 166 549 582 438 622 468 615 387 624 398
244 431 377 493 0 405 173 555 581 438 622 468 615 386 624 397
238 430 377 494 0 405 179 559 581 438 621 468
232 429 374 496 0 407 182 548 581 438 622 466
228 429 374 495 0 409 183 541 581 438 621 465
223 427 361 496 0 411 186 535
218 428 359 495 0 412 187 539
214 429 355 495 0 411 189 541
208 429 351 496 0 409 189 542 319 431 402 479
204 429 349 498 7 410 209 534 317 429 400 481
202 428 347 498 11 412 211 528
198 427 334 500 15 415 214 524 313 434 395 486
197 427 335 498 19 416 216 524
195 428 330 499 21 418 223 524
195 427 325 500 23 418 230 524 574 440 628 481
195 427 320 502 20 420 236 523 573 440 628 481 292 425 383 484
195 428 319 501 21 420 234 525 573 440 630 482 293 427 384 483
194 428 322 501 21 421 235 522 572 439 631 482 293 430 384 491
194 429 324 501 26 422 236 521 293 430 383 491 572 439 631 483
193 428 329 500 25 423 239 518 572 439 631 483 294 431 381 490
193 428 333 499 25 423 240 517 571 439 630 483
193 427 335 498 22 422 241 516 572 438 630 483
23 422 239 515 195 427 333 498 572 439 630 483
23 421 237 516 216 429 342 496 573 439 629 483
22 420 234 516 214 428 345 496 572 439 630 483
19 419 235 517 211 427 350 496 572 438 630 483
18 418 237 516 206 426 353 497 572 438 629 484
203 427 357 497 16 418 241 516
204 427 357 499 15 418 243 517
202 428 355 499 12 418 238 519
201 427 355 499 9 418 232 519 572 439 630 484
202 427 354 498 7 418 229 520 572 440 630 483
203 425 354 500 8 418 231 519 572 440 630 484
202 424 353 500 6 418 231 519 571 439 631 484
200 425 353 500 5 418 228 519 571 440 631 484
184 430 338 501 571 441 632 484 3 418 225 519
184 431 334 501 571 442 632 484 2 417 222 520
183 431 330 500 0 416 224 521 571 441 630 484
181 432 329 501 0 414 185 521 571 440 630 484
179 431 328 502 0 413 182 523 570 440 630 484 251 430 363 493
176 431 327 502 0 412 175 524 570 441 631 484
174 431 329 502 0 412 168 527 570 442 632 483 259 430 360 494
173 431 330 502 0 411 161 526 570 443 632 483 259 430 360 495
173 432 329 502 0 410 156 525 570 444 631 484 260 430 359 494
