

396 289 545 406 41 358 116 420 902 345 998 389 652 342 689 371 108 364 151 408 104 114 156 152
395 289 546 406 41 358 117 420 902 345 998 390 652 342 689 371 104 114 156 152 107 365 150 408
395 289 546 406 41 358 120 421 904 345 998 390 652 342 688 371 105 114 156 152 107 360 148 400
395 290 547 407 41 358 123 421 905 344 998 391 652 341 688 371 105 114 156 152 108 360 147 399
395 291 546 408 41 358 125 421 907 344 998 391 651 341 687 371 105 114 155 152 108 360 146 398
395 292 546 409 41 358 127 421 907 344 998 392 650 341 687 372 105 113 155 152 109 360 146 398
397 292 546 409 41 358 129 421 908 344 998 392 650 341 687 372 109 359 146 398 104 113 155 152
398 292 546 409 41 357 130 421 908 344 998 392 650 341 687 372 103 113 155 152 110 359 146 397
399 291 547 409 41 357 132 422 908 345 999 392 650 341 688 372 103 113 154 152 591 342 605 370
41 357 135 423 399 291 548 409 908 346 1001 391 649 341 688 372 104 113 154 152
39 356 138 424 400 291 548 409 908 347 1002 391 649 341 689 371 105 114 153 152
39 356 139 424 401 291 549 408 909 347 1002 391 649 342 688 371 105 113 152 152
39 356 141 424 402 291 548 408 909 346 1002 392 104 113 153 151 644 343 689 380
39 356 142 424 404 291 549 408 909 346 1001 392 643 347 679 378 103 113 153 151
39 356 144 424 404 291 550 408 909 346 1002 392 643 346 680 379 102 113 153 151
39 355 146 425 406 291 550 408 909 346 1002 393 642 346 680 379 102 112 153 152 652 341 688 369
39 353 148 426 407 291 550 408 910 345 1002 393 641 346 680 380 102 112 153 152
409 292 550 408 39 352 151 428 641 346 680 382 911 345 1002 393 94 111 143 153
46 350 158 431 409 292 549 409 639 344 682 384 911 346 1002 392 94 111 142 152
46 350 161 431 409 292 549 410 637 343 683 385 910 347 1003 392 94 111 142 152
46 352 165 430 409 292 548 410 635 343 684 385 909 347 1003 392 94 111 141 152
48 353 168 429 409 292 547 411 634 343 683 385 909 347 1004 393 94 111 141 151
50 354 172 429 410 292 546 411 633 343 683 385 909 347 1004 393 94 111 141 151
53 353 176 430 409 292 545 411 631 343 682 386 909 346 1004 393 94 111 141 151
54 353 179 430 408 292 544 411 629 343 681 386 909 346 1004 393 94 111 141 151
406 292 544 411 54 352 182 431 627 343 680 386 917 346 1009 397 94 111 140 151
62 349 192 435 405 293 544 411 625 343 680 386 917 346 1009 397 94 111 141 151
60 351 198 435 404 293 544 411 917 346 1010 397 624 343 679 387 93 111 141 151
60 353 203 434 403 293 545 412 918 346 1010 398 622 339 681 390 93 111 141 151 665 341 690 367
61 354 209 434 402 293 546 412 918 346 1010 398 621 340 681 391 93 111 141 151 664 341 690 367
62 354 211 434 403 293 546 412 918 346 1010 398 620 341 680 391 93 111 141 151 664 341 690 367
56 349 223 442 403 293 547 412 918 347 1010 398 618 341 679 393 93 111 140 151 664 341 690 367
56 350 227 443 403 294 547 412 919 347 1010 398 615 342 677 394 93 111 139 151 663 341 691 367 747 341 758 352
55 351 231 444 403 294 547 412 613 343 675 395 919 347 1010 397 663 341 690 367 93 111 139 151 747 341 758 352
66 353 237 439 402 293 547 412 611 344 674 395 920 347 1010 397 662 340 689 368 93 111 139 150
64 353 243 440 402 294 547 412 921 347 1010 397 661 340 689 369 607 342 668 395 93 111 139 150
64 354 249 441 403 294 547 412 605 342 667 396 922 347 1010 397 660 340 689 370 93 111 139 150
65 354 254 441 402 294 547 412 601 341 669 398 923 348 1010 397 658 341 689 370 93 111 139 151
68 353 258 441 401 293 549 412 599 342 668 399 923 347 1010 397 657 341 688 370 93 111 139 151
74 352 266 443 400 293 549 412 596 342 668 399 923 347 1010 397 655 342 687 370 93 111 138 150 908 352 953 386 63 362 103 395
79 351 274 445 399 293 550 413 594 344 666 400 923 347 1010 397 655 342 687 370 93 111 138 150 63 362 104 397 908 352 953 386
84 350 282 447 398 293 549 412 590 344 665 402 923 347 1010 397 654 342 687 370 92 111 138 150 63 362 106 399 908 351 953 386
88 350 287 449 398 293 548 412 588 345 663 403 923 347 1010 397 654 342 687 371 92 110 138 150 62 362 107 400 908 352 953 386
585 346 660 404 89 350 292 450 397 293 548 412 921 347 1010 397 654 341 686 371 62 363 107 400 92 110 138 150
581 346 657 405 397 292 549 412 102 352 302 450 920 347 1011 397 654 340 686 372 92 110 137 150 63 363 107 400
102 352 306 452 577 345 656 405 397 292 549 413 919 347 1012 397 654 339 686 372 92 110 137 150 64 365 110 406
105 351 309 452 574 342 652 407 398 292 549 413 918 346 1012 397 654 339 686 373 64 365 110 406 92 110 135 150
108 350 317 452 571 342 652 410 397 292 549 413 918 347 1012 397 654 339 686 373 64 365 109 405 93 110 134 149
113 349 326 453 567 341 651 413 396 292 548 413 917 347 1012 397 653 338 685 373 64 365 108 406 93 110 133 149
118 350 335 452 562 340 649 416 394 293 547 412 917 347 1012 398 653 338 685 374 63 365 107 406 93 110 132 149
122 351 341 453 559 341 648 417 394 293 546 412 917 347 1012 398 653 338 685 374 63 363 104 399 94 110 132 149
124 351 347 454 555 341 646 418 392 293 546 411 918 347 1012 398 62 363 105 399 94 110 132 149
123 351 354 455 550 341 644 418 391 293 546 411 62 363 105 399 918 347 1012 397 94 110 132 149
547 341 642 419 123 350 359 455 390 293 546 410 62 363 106 399 919 348 1012 397 94 110 132 149
128 353 381 454 545 340 641 421 390 294 546 410 62 363 106 398 919 348 1011 397 94 110 133 149
135 353 390 454 540 339 636 423 390 294 545 411 920 348 1011 397 62 362 106 398 94 110 133 149 645 340 674 372
144 354 402 453 536 338 638 426 390 294 545 411 920 348 1011 397 62 362 106 398 94 110 133 149 644 339 674 372
153 353 411 453 530 337 638 427 389 294 543 410 920 348 1011 397 62 362 106 398 93 110 133 149 643 345 676 377
158 353 417 453 524 342 638 430 388 295 542 411 920 348 1012 397 63 362 106 397 93 110 134 149 642 345 676 378
520 341 635 432 170 354 433 451 387 296 540 409 920 348 1012 396 64 361 106 398 93 110 135 149 642 344 676 379
515 339 631 434 172 353 442 452 388 296 538 407 921 348 1012 396 640 344 675 380 65 361 107 398 93 110 135 149
177 353 452 452 510 337 629 436 390 296 538 405 638 345 675 380 921 348 1011 396 65 361 107 398 92 110 135 149
183 352 459 452 507 336 629 438 389 296 539 405 637 345 675 380 921 348 1011 396 65 361 108 398 92 110 135 149
191 352 467 452 500 342 623 436 636 345 675 381 386 297 541 404 65 361 109 398 921 348 1011 396 92 110 135 149
198 351 472 452 495 343 623 437 636 344 675 381 383 297 543 402 66 361 110 397 921 348 1011 396 92 110 135 149
489 343 624 437 212 348 489 454 636 344 674 382 920 348 1012 396 381 295 545 400 67 361 110 397 92 110 135 149
213 349 493 454 484 343 624 438 635 344 674 382 921 348 1012 397 67 361 110 396 380 294 545 396 92 110 135 149
213 350 499 453 478 342 627 445 921 347 1012 397 634 343 673 383 68 361 110 396 392 307 519 388 92 109 135 149
213 351 502 452 476 341 623 446 921 347 1013 397 392 307 515 387 634 342 672 383 69 361 110 396 92 109 135 149
214 352 503 453 476 340 621 447 922 347 1013 397 393 307 514 385 70 361 111 396 633 341 672 383 92 109 135 149
214 352 503 454 477 339 619 449 922 347 1013 397 392 306 514 386 70 361 111 396 632 340 671 383 92 109 136 149
214 352 503 454 475 338 620 450 922 347 1013 397 631 340 671 384 391 306 515 386 70 360 111 396 92 109 136 149
214 352 504 456 472 338 621 452 922 347 1013 397 629 340 671 384 390 306 515 387 71 360 111 395 92 109 136 149
469 338 623 454 221 356 503 467 922 348 1013 397 628 340 672 384 390 306 515 388 71 360 110 395 92 109 135 149 0 531 334 717
466 337 625 457 221 356 495 468 922 348 1013 397 627 340 672 385 390 305 514 388 72 361 110 394 92 109 135 149 0 531 334 717
443 341 626 457 221 356 487 469 922 348 1013 397 626 340 672 385 72 362 111 394 389 305 514 388 92 109 135 149 0 531 334 717
440 341 627 458 209 349 468 456 923 348 1013 397 626 340 672 385 72 362 111 395 389 306 514 387 92 110 135 149 0 530 334 717
442 342 626 458 222 353 481 473 923 348 1013 397 624 339 672 386 73 362 112 395 389 306 514 388 93 110 134 148 0 530 334 718
442 342 625 459 220 353 482 475 923 348 1013 397 624 339 672 386 390 306 512 389 73 362 112 395 93 110 134 148 0 530 335 718
442 342 622 460 212 351 467 473 922 348 1013 397 391 306 511 390 623 339 672 387 74 362 112 395 92 110 134 149 0 530 335 718
441 342 620 462 212 352 465 473 922 348 1012 397 622 339 671 387 391 306 510 391 92 109 135 149 74 361 112 394 0 530 335 718
440 343 619 461 212 353 464 472 922 348 1012 397 621 339 671 387 391 306 511 390 92 109 135 149 75 360 113 394
439 343 619 461 212 347 461 459 922 348 1012 397 620 339 671 388 391 306 511 390 92 109 136 149 74 360 113 394
438 343 619 461 214 347 459 459 921 348 1012 397 620 339 671 388 391 305 510 389 92 109 136 149 75 360 113 394
440 342 617 461 218 352 485 475 922 348 1012 397 376 306 496 391 619 339 670 388 92 109 136 149 75 360 113 394
443 341 616 461 219 351 484 476 922 348 1012 397 376 306 496 391 618 335 668 390 92 109 136 149 76 360 112 393
445 340 617 462 218 351 484 475 922 348 1012 397 376 305 496 391 617 335 668 390 91 109 136 149 87 361 120 393
446 340 617 462 219 352 483 474 922 348 1012 397 376 305 496 391 616 335 668 390 92 109 136 149 87 360 120 392
446 340 617 462 219 352 483 474 376 306 495 391 922 348 1012 397 616 335 668 389 92 109 136 149 87 361 120 391
447 341 617 461 221 351 484 476 376 306 495 391 922 348 1012 397 611 335 663 389 92 110 135 149 87 360 121 391
222 350 484 477 445 341 618 460 376 306 495 391 921 348 1012 397 611 335 663 389 92 110 135 149 87 361 121 391
223 350 485 477 445 342 619 460 375 306 496 390 921 348 1012 397 611 335 662 389 87 360 122 391 92 110 135 149
224 351 484 476 445 343 619 460 375 306 496 389 920 348 1012 397 611 336 662 389 88 360 122 391 92 110 134 149
446 343 620 460 223 351 483 476 610 336 662 389 375 306 496 389 920 348 1012 397 89 361 123 391 92 110 134 149
445 344 621 460 223 351 483 476 609 335 662 389 920 348 1012 397 375 306 497 389 89 362 123 391 93 110 133 149
444 344 621 460 222 351 482 476 608 335 662 390 920 348 1012 397 374 306 497 390 89 363 123 391 93 110 133 149
444 344 620 460 223 351 482 476 607 335 662 390 920 348 1012 397 375 306 496 390 90 363 123 391 92 110 134 149
446 345 618 460 222 351 482 476 606 335 661 391 920 348 1012 397 375 306 496 390 91 363 123 390 92 110 134 149
