

787 379 875 609 331 380 629 654 109 331 322 719 718 442 774 546
788 380 874 609 114 336 331 719 330 378 629 657 718 442 773 546
788 381 874 610 113 342 335 719 332 376 626 658 717 442 771 545
788 382 873 610 337 376 621 659 167 339 356 719 706 488 786 552 717 441 770 545 8 395 307 716
789 382 871 610 341 373 618 660 171 340 365 719 8 396 298 718 705 488 786 551 717 442 770 545
790 382 867 610 339 372 618 662 170 348 373 719 8 396 299 719 705 487 786 551 717 442 769 545
790 381 864 610 216 334 402 719 363 355 634 635 11 395 299 719 705 486 787 551 710 442 758 547
791 381 862 610 217 336 413 719 372 357 632 632 13 394 308 719 705 486 787 551 711 443 758 547
793 380 861 610 387 354 624 639 217 350 417 719 13 394 322 719 705 485 787 551
795 381 861 611 398 355 623 639 269 337 453 719 13 397 333 719 705 484 787 550 220 438 392 711
795 382 860 610 409 355 622 641 276 340 464 719 25 405 412 718 229 448 394 707 705 484 786 550
790 384 861 609 20 407 420 717 284 360 461 718 704 484 786 550 417 353 623 642
786 384 862 609 19 405 423 719 330 350 501 719 704 485 786 550 365 348 647 629
782 384 864 608 18 404 421 719 367 338 555 719 704 486 786 550 710 444 758 546
782 383 864 609 332 349 633 619 21 406 407 719 704 485 786 550 328 441 492 714 710 443 758 546
775 380 865 608 14 403 353 719 331 355 632 611 704 486 786 550 710 443 758 546
15 403 353 719 771 377 867 607 328 360 632 604 705 486 786 551 710 443 758 546
15 403 357 719 769 375 868 607 411 346 613 719 705 487 785 551
776 377 868 607 14 401 358 719 415 357 614 717 706 488 784 551
780 378 867 607 14 401 358 719 705 488 784 551
784 379 866 608 15 401 356 719 469 357 649 719 705 488 784 551
16 400 354 719 783 379 865 608 475 372 660 711 705 487 784 551
16 399 353 719 777 377 865 609 488 385 663 702 705 486 784 551
16 399 353 719 769 375 865 609 339 355 591 627 511 350 705 718
17 399 353 719 341 355 594 631 765 372 865 610 526 365 708 711
17 399 354 719 344 353 600 634 767 371 865 610 559 352 746 719
17 400 354 719 344 353 606 635 774 371 864 610 573 366 751 719
17 399 354 719 344 353 616 638 780 372 863 610
17 399 354 719 343 354 622 640 784 373 863 609 628 366 788 717
16 399 354 719 345 354 622 642 786 374 863 608 636 373 798 711
16 399 354 719 346 355 620 640 784 376 864 607
15 399 353 719 345 356 620 637 673 374 841 707 776 381 863 602
15 399 353 719 345 358 621 635 677 380 847 698
15 399 353 719 345 358 621 634 684 384 853 689
15 399 354 719 345 359 619 633 690 387 856 684
15 399 355 719 346 359 618 634 724 369 880 699
14 399 355 719 346 359 617 635 737 382 887 689
15 399 355 719 347 359 617 636 753 436 887 651 726 439 773 547
15 399 354 719 347 359 618 637 779 372 930 699 727 440 776 546
14 398 353 719 347 358 618 637 803 438 922 644 727 441 777 544 813 359 977 717
14 397 352 719 348 358 617 637 821 366 986 704 817 443 930 638 772 378 855 589 726 442 776 545
13 397 352 719 348 357 617 637 774 377 857 605 836 366 993 695
14 398 351 719 349 358 616 636 775 377 857 609 851 431 981 636
14 399 351 719 350 358 616 636 775 377 856 609 871 358 1030 690
15 401 351 719 351 357 615 636 774 378 856 609 882 358 1039 690 901 415 1019 591 729 450 778 543
14 401 352 719 352 358 614 635 771 379 857 609 728 450 778 543
14 400 353 719 353 358 613 634 766 379 858 609 916 410 1037 586 897 347 1054 701
13 401 353 719 353 358 613 634 758 381 859 608 943 392 1056 583 916 336 1076 704
13 400 353 719 352 359 615 634 755 382 860 608 953 388 1067 576 923 330 1082 703
12 401 354 719 352 359 616 635 758 383 859 608 964 387 1080 568 930 328 1088 699
12 402 354 719 352 359 616 635 763 383 858 608 966 387 1085 563 934 329 1092 696
12 404 354 719 351 360 616 634 771 384 857 607 942 325 1100 661
12 405 355 719 350 359 617 635 777 384 856 607 941 325 1106 663 996 379 1101 575
11 406 354 719 349 359 618 635 781 386 855 606 938 323 1113 669 1010 382 1108 572 706 487 787 550 724 439 774 542
11 406 354 719 351 358 643 635 777 386 855 606 935 318 1117 677 1021 387 1113 567 724 438 774 543
10 407 354 719 351 358 643 634 775 390 854 606 1026 390 1118 565 934 317 1119 681 724 437 775 543 616 437 688 590
10 408 354 719 351 357 643 634 1029 393 1122 563 775 394 854 605 935 317 1120 681 622 434 695 591 725 437 775 543
10 410 355 719 347 356 621 636 780 418 853 604 1029 394 1126 562 958 321 1136 671 632 440 682 559 725 438 774 542
9 410 355 719 352 357 642 634 780 419 855 604 1029 394 1127 559 956 322 1138 671 630 419 705 583 724 439 773 542
10 410 354 719 349 357 619 636 778 420 857 603 960 321 1138 671 633 417 710 583 723 440 773 542
9 410 354 719 349 358 619 634 775 420 858 603 970 319 1137 674 1044 381 1135 563 636 417 715 583 723 442 773 542
11 410 354 719 348 357 619 634 770 421 856 604 981 318 1137 675 1047 380 1137 558 639 417 717 582
12 410 353 719 347 357 620 634 766 421 853 605 990 317 1138 675 1049 377 1139 557 642 417 718 581
13 411 352 719 347 356 620 635 763 421 850 607 1054 377 1142 555 998 318 1140 673 659 411 730 579
14 413 351 719 348 356 620 636 762 420 848 607 1060 377 1145 553 1003 317 1144 670 664 411 730 581
15 414 351 719 349 357 618 636 759 420 846 606 1066 379 1148 550 1006 317 1147 668 676 420 726 564
15 415 352 719 349 357 617 637 756 420 844 606 1068 382 1150 546 678 419 730 567 1006 318 1150 668
15 415 352 719 349 359 617 635 754 421 840 604 1071 384 1153 545 1008 307 1171 683 681 419 733 568
15 417 352 719 349 359 618 634 753 423 836 603 1074 388 1157 543 1011 311 1174 683 700 420 745 561
15 418 352 719 349 360 619 633 752 425 832 602 702 414 748 565 1017 315 1174 683 1078 390 1161 544 801 409 842 542
15 420 351 719 349 360 618 633 752 426 831 602 706 411 752 566 1024 319 1175 679 1079 391 1165 545 800 409 842 542
13 422 350 719 350 359 618 633 1031 323 1176 675 743 429 820 600 800 410 842 541 709 418 754 564
12 424 350 719 350 359 618 633 1036 324 1177 673 742 430 818 598 799 410 841 541
11 425 349 719 351 359 618 634 1037 324 1179 674 740 430 816 596 799 410 841 542
11 424 348 719 352 357 618 637 1038 324 1180 673 739 430 815 595 799 409 840 544
11 423 347 719 351 355 618 640 1040 322 1182 673 739 429 814 596 798 410 840 545
11 423 348 719 345 371 627 659 1042 322 1183 671 740 429 815 596 798 410 840 545
10 423 349 719 343 372 628 659 1043 321 1184 671 741 431 815 596 1108 380 1177 526
9 425 349 719 343 373 628 658 1043 320 1185 673 741 431 814 596
8 426 350 719 343 373 628 658 1045 320 1184 675 741 431 814 595 797 417 840 558
9 426 351 719 344 373 627 658 1047 321 1183 675 741 432 813 594 799 410 841 546
9 425 352 719 344 372 626 658 1050 323 1182 675 741 434 813 591 799 413 841 562 1132 380 1186 522
8 425 353 719 351 354 616 643 1053 326 1182 674 800 414 842 562 740 436 813 588 1132 381 1186 522
7 425 353 719 351 354 616 642 1050 327 1183 702 800 413 842 563 1132 382 1186 522 740 436 811 588
7 424 353 719 351 354 616 642 1051 328 1184 702 800 412 842 563 1131 383 1186 521 754 428 805 571 613 450 655 574
8 423 351 719 350 354 617 641 1052 330 1185 700 801 410 842 564 1125 387 1181 510 754 424 805 574 613 450 655 574
9 421 351 719 349 353 618 642 1053 330 1185 699 802 412 844 564 741 436 808 590 613 449 655 574
9 419 351 719 348 353 619 641 1053 331 1186 698 804 413 848 562 740 437 808 589 613 449 655 575
9 417 352 719 348 352 619 642 1054 331 1186 696 803 405 850 551 738 436 809 588 613 449 655 576
8 417 352 719 348 352 619 642 1060 330 1184 671 737 434 810 588 805 408 854 548 613 448 655 576
9 417 353 719 1060 329 1183 671 347 351 620 643 733 417 811 585 810 409 877 554 613 449 654 577
9 417 352 719 1060 328 1183 671 347 351 620 644 734 433 810 589 818 411 870 545 1124 386 1181 504 613 449 655 576 803 410 842 544
9 416 351 719 1061 328 1182 672 341 370 628 660 733 433 809 588 814 412 884 556 1125 386 1181 504 800 412 836 543 614 450 654 576
9 416 351 719 341 370 629 661 1061 329 1181 671 731 418 809 585 827 413 880 544 797 419 837 555 1125 386 1181 503
9 416 351 719 341 369 629 661 1062 330 1182 669 731 417 807 585 797 419 840 554 820 413 891 554 1125 387 1181 503
9 416 350 719 349 352 648 643 1063 331 1183 667 798 413 839 545 731 433 804 588 839 412 893 543 1125 388 1181 503
9 415 349 719 348 352 648 643 1065 332 1183 666 840 408 894 546 729 433 801 589 798 413 840 546 1125 389 1181 505
9 415 349 719 348 352 648 643 1065 333 1183 665 727 432 799 590 798 416 843 554 843 406 894 549 1125 390 1182 507
