

804 278 1032 689 1049 362 1145 527
792 282 1018 682 1012 397 1108 555 247 558 485 719 854 312 890 338
760 281 989 683 998 364 1098 529 827 311 868 337 225 555 438 718
750 282 983 675 206 554 442 719 973 407 1066 552 688 279 717 324 804 309 847 336
741 280 972 678 969 363 1069 526 192 554 436 719 801 310 849 336 684 276 712 325 721 293 782 333 474 239 528 293 973 450 1056 550
736 281 963 677 963 365 1063 526 182 554 430 719 959 450 1044 550 800 311 845 336 1102 445 1195 599 469 240 526 293 668 280 699 326 718 294 775 333
734 282 954 676 956 366 1060 528 179 553 424 719 665 278 696 328 1099 411 1197 580 956 452 1041 550 776 308 825 335 460 239 511 291 800 312 842 336
734 285 950 674 952 366 1056 527 1095 415 1197 577 663 278 692 327 953 451 1038 550 180 554 420 719 774 309 828 335 457 238 508 291 692 291 770 335 801 314 840 336
734 287 949 672 949 367 1054 524 1093 416 1196 575 951 450 1037 550 173 550 402 719 661 277 689 326 775 309 826 335 455 237 507 291 696 293 768 331 802 313 839 335
716 287 943 671 949 366 1052 520 950 447 1036 550 1091 414 1195 575 174 550 401 719 660 277 689 325 775 308 826 333 453 237 506 292 698 294 766 331 802 312 839 335
716 284 942 671 950 366 1052 520 1089 411 1194 576 951 446 1037 550 174 550 401 719 660 274 689 324 698 290 762 324 776 306 825 331 453 236 507 291 801 310 840 333
734 280 949 674 951 363 1053 521 1088 410 1194 574 951 445 1037 549 661 271 690 323 180 553 420 719 697 288 764 323 452 230 504 286 774 303 824 329 802 308 840 330
735 277 949 676 952 362 1054 522 1088 409 1195 571 952 445 1037 548 178 552 424 719 661 268 690 322 696 287 764 322 453 230 505 285 803 305 841 328 776 302 822 327
735 274 949 680 952 361 1056 522 1087 409 1196 568 177 551 427 719 662 267 690 321 952 444 1038 548 696 286 765 321 453 229 505 285 803 304 841 326 778 301 821 326
734 272 950 682 952 361 1056 522 1086 407 1195 568 178 551 428 719 662 268 690 320 953 444 1038 547 697 286 764 321 803 303 841 326 454 229 505 285 779 301 820 325
734 272 950 683 952 360 1057 523 1086 407 1194 568 179 549 428 719 662 270 691 320 953 445 1038 546 698 285 764 320 454 229 506 284 804 303 841 325 779 300 821 325
734 269 950 685 952 358 1057 524 1085 404 1194 568 181 548 428 719 662 269 692 319 954 445 1039 545 455 228 507 282 700 283 763 318 778 293 818 321 805 302 842 325
739 258 947 629 953 356 1058 524 1085 401 1194 568 183 546 428 719 664 267 693 317 954 445 1040 543 456 227 508 280 777 292 819 320 718 282 772 319
741 258 947 628 954 355 1059 521 1086 399 1194 568 184 545 429 719 955 445 1041 541 665 266 693 316 717 281 773 317 456 224 509 278 777 291 821 319
742 260 949 623 955 355 1060 517 1087 398 1194 567 186 544 431 719 955 445 1041 538 775 290 823 318 457 222 509 276 716 279 773 316
742 260 955 621 959 355 1060 515 1090 396 1194 566 188 541 433 719 958 444 1041 535 704 276 785 318 458 220 510 274 777 288 823 317 803 292 841 317
743 260 963 617 962 353 1062 516 1093 394 1195 564 192 539 434 718 960 444 1042 533 705 274 786 316 469 217 526 275 778 286 822 315 804 290 843 316 682 253 707 300
744 259 969 616 965 350 1064 516 1096 393 1195 560 804 288 845 313 469 216 526 272 195 537 434 717 682 252 708 301 720 273 777 310 962 427 1044 528 780 284 819 313
747 258 974 615 968 351 1067 513 1100 393 1196 554 684 250 710 300 804 284 846 309 199 536 437 716 472 214 529 268 962 424 1046 525 780 281 816 311 724 271 777 306
749 257 978 616 970 351 1070 511 686 248 712 297 1103 393 1197 550 202 533 438 716 725 264 781 298 804 279 847 304 962 420 1049 523 475 207 529 259 831 284 861 306
753 257 982 616 974 350 1073 509 688 245 714 294 1104 364 1200 527 725 259 786 296 478 204 531 258 205 532 439 716 832 280 864 301
756 256 982 622 976 352 1074 506 1106 362 1200 524 689 244 715 292 207 529 440 716 482 203 522 248 725 254 789 292 800 266 847 294
758 250 985 628 989 321 1087 472 1110 357 1200 518 208 527 442 715 799 260 847 288 692 231 719 276 483 195 534 248 978 400 1064 499 829 265 867 289
990 316 1088 466 759 242 988 639 1113 351 1199 512 210 525 444 714 982 398 1065 494 693 228 721 273 748 242 796 269 832 258 869 282 801 255 846 281
991 307 1092 462 760 234 993 650 745 234 801 269 1117 344 1199 504 212 522 444 713 492 180 529 224 985 395 1067 487
993 302 1094 459 762 228 994 658 746 227 802 264 805 239 841 265 496 173 550 227 831 242 868 265 213 518 444 713 1119 342 1199 502 707 206 734 253
995 294 1097 455 764 217 993 667 707 200 735 251 670 139 685 162
766 207 991 672 996 295 1096 450 749 208 808 244 709 197 736 244 500 153 552 208 217 510 445 716
786 181 998 696 996 271 1098 423 747 199 812 238 830 212 870 239 502 148 553 204 712 182 737 229 808 211 837 241 1123 308 1203 462 853 217 885 240 997 354 1081 445
787 170 997 703 997 266 1097 417 712 178 738 228 502 143 553 198 829 207 871 234 852 212 887 235 1125 302 1204 457 998 350 1081 440 676 119 691 140
790 166 994 701 996 260 1096 413 711 175 738 223 749 187 811 222 506 148 549 192 1136 312 1198 431 676 113 691 134 854 207 887 230
791 165 992 694 994 256 1095 407 748 183 809 219 709 171 738 219 984 325 1071 421 829 193 870 220 1134 310 1197 428 675 108 689 129 732 410 924 679
991 253 1092 402 772 170 982 686 747 178 807 215 983 323 1069 418 730 438 917 696 830 190 872 217 1135 297 1198 400 499 132 551 185 806 187 839 217 215 470 435 716
988 250 1091 399 771 163 985 622 746 176 805 213 727 435 914 699 832 188 872 214 981 324 1067 414 1111 277 1200 413 806 185 839 213 708 158 735 204 666 98 684 121 497 130 551 183 211 468 432 718
772 159 980 621 974 250 1078 399 832 186 870 210 1107 272 1195 408 490 126 528 172 746 173 802 210 806 182 841 209 981 324 1065 409 204 464 428 719 664 97 682 119 706 155 732 203
973 248 1077 393 772 158 975 619 1104 268 1192 404 832 183 869 206 486 124 526 170 694 156 724 202 746 169 799 200 1111 337 1169 410 808 180 841 204 198 461 424 719
971 249 1074 390 772 157 970 613 692 155 722 201 831 180 866 203 1110 335 1164 407 1100 264 1188 399 742 166 798 201 483 123 524 169 193 459 420 719 993 309 1054 396 807 178 843 202
968 225 1074 383 770 158 968 608 690 154 719 201 1115 276 1176 377 832 180 865 203 1109 333 1162 406 976 307 1057 393 482 125 524 170 743 166 797 201 189 463 418 719
964 251 1067 389 767 164 968 505 688 154 716 202 1114 277 1171 376 726 398 912 678 1100 336 1155 405 481 127 522 172 830 184 861 207 988 311 1048 395 1087 276 1111 321 806 180 845 204 652 92 667 116
763 163 964 509 959 251 1062 390 686 155 713 204 725 395 908 682 1098 336 1152 407 1085 278 1109 326 807 183 845 208 475 124 527 180 1114 278 1167 374 650 96 665 119 725 174 784 208
760 163 959 514 954 252 1057 391 1092 291 1155 397 723 393 905 685 721 175 784 211 807 187 846 213 685 158 711 205 473 128 526 184 1084 279 1108 329 122 485 397 700 974 330 1031 405 647 99 663 121 783 185 812 214
756 165 954 514 951 251 1055 390 1090 291 1152 397 723 395 902 685 720 177 783 213 808 188 845 215 958 331 1036 404 469 130 504 176 115 488 389 699 782 185 814 215 1083 281 1107 330 645 99 661 121
754 167 950 507 949 250 1052 389 1088 291 1149 395 722 397 899 680 720 176 781 213 806 188 844 215 957 331 1035 403 101 491 375 698 467 128 503 174 643 99 661 121 683 158 709 203
752 168 950 502 949 249 1051 386 1087 293 1145 394 722 398 895 671 88 491 361 698 805 186 843 212 464 124 503 170 721 174 780 210 682 155 708 202 966 312 1029 395 643 96 660 118
751 165 949 500 721 395 894 661 950 249 1050 383 1090 279 1146 376 78 486 349 699 1087 332 1135 404 966 313 1027 391 680 150 709 201 805 182 842 207 644 91 661 112
750 160 947 502 724 387 893 654 951 229 1055 372 1089 276 1145 374 75 479 344 701 955 309 1032 383 723 162 781 197 681 146 709 196 1088 331 1135 399
751 152 940 428 952 222 1054 363 724 348 898 639 1088 273 1143 370 73 467 344 701 805 165 839 190 955 307 1032 377 470 100 526 153 725 154 781 191
750 145 939 423 952 216 1053 353 726 342 895 630 1088 274 1140 367 955 285 1033 365 683 128 712 175 1093 321 1131 374 649 65 665 86 806 158 839 183
749 137 939 419 953 210 1051 344 727 336 891 618 955 285 1032 358 1087 254 1142 351 682 123 712 171 723 138 784 171 1093 317 1129 368 650 59 665 80
748 134 939 420 954 207 1050 340 728 333 888 611 1087 251 1140 348 956 284 1031 353 722 132 786 167 807 142 835 168
748 117 933 376 955 203 1048 336 724 304 890 590 1086 248 1138 344 685 106 711 153 649 45 665 69 464 76 501 121 725 127 784 162 956 282 1032 348
746 106 934 377 722 307 882 578 955 201 1047 333 1087 247 1137 340 684 103 711 152 968 265 1028 337 1093 298 1129 345 650 41 665 63
732 109 920 366 719 309 875 566 956 183 1048 321 956 262 1031 331 1086 248 1136 337 683 101 710 149 878 146 932 254 726 116 782 150 649 37 664 58
728 111 912 364 955 183 1046 320 716 307 872 562 875 147 930 252 955 260 1030 329 1085 234 1137 324 725 116 781 150 683 101 709 148
718 109 901 366 695 303 859 565 952 183 1043 320 870 148 926 254 965 261 1022 332 1073 231 1129 327
689 300 852 568 709 107 891 371 949 182 1040 321 1070 232 1125 325 962 260 1018 334 664 106 692 151 864 151 922 254
689 109 860 375 682 298 843 570 945 202 1036 333 834 152 915 290 1066 233 1120 323 948 260 1006 336 847 212 896 290 661 106 687 151 625 44 641 69 701 126 761 162
680 114 845 374 675 301 834 566 832 157 912 289 937 260 1013 335 840 212 894 293 701 130 756 165 621 48 638 72 1064 236 1116 321 427 77 481 131 3 44 312 683
664 114 839 375 826 163 906 291 942 264 1002 340 934 206 1015 335 644 297 814 560 830 231 879 301
635 116 808 376 636 303 802 557 819 167 898 294 927 207 1010 335 1041 252 1095 339 824 231 876 303 42 21 411 702 938 265 998 340 805 163 847 192
624 114 791 371 627 303 786 555 809 167 891 295 919 208 1003 335 68 23 423 502 816 231 871 303 802 166 847 197 923 264 983 341 1036 250 1090 337 782 161 814 185 596 66 611 87
816 170 880 277 613 106 782 378 912 207 997 334 919 263 979 339 1023 256 1076 336 782 162 818 187 760 157 788 179 1028 295 1066 344 619 301 778 556 798 166 842 196 1139 364 1189 483 90 25 447 504 812 229 868 302
584 109 752 376 172 44 478 437 904 208 990 335 588 302 749 548 779 163 820 193 801 232 852 299 813 173 872 273 915 261 972 338 759 160 788 182 1019 237 1072 319 738 159 765 180
195 51 503 459 794 203 854 292 571 102 738 385 887 208 968 339 554 291 706 559 1116 348 1196 505 737 165 764 185 1005 298 1041 341
216 69 523 475 536 119 704 373 787 195 849 296 544 302 701 554 883 214 964 339 993 254 1042 338 892 282 948 353 1105 353 1195 508 785 238 833 307 998 299 1035 346 761 183 798 208
262 76 510 484 526 133 689 425 877 219 957 345 549 329 675 548 785 195 846 296 782 238 832 312 755 188 799 217 1100 355 1195 510 888 285 944 358 735 184 762 204 990 257 1039 340
297 85 525 471 867 224 948 352 776 233 829 315 873 287 931 363 489 136 662 430 711 186 738 208 977 259 1024 347 1094 356 1192 511 550 332 655 542 752 195 794 220 734 190 764 212 789 203 841 291
314 93 520 461 858 228 938 358 769 226 824 316 867 289 927 366 482 125 645 372 497 327 625 547 710 191 738 213 1075 362 1169 509 690 190 715 212 739 203 773 229
335 100 515 449 853 231 933 362 764 221 820 317 487 132 612 350 1067 364 1162 508 731 203 777 233 306 137 360 199 710 196 737 217 467 328 594 541 690 193 715 215 956 285 1003 357
345 95 516 395 487 135 601 348 851 234 931 364 1061 363 1155 506 762 220 818 316 727 207 775 236 457 327 590 542 953 286 1001 357 302 139 357 202 689 196 715 217 288 312 590 553
353 90 516 390 837 231 920 360 478 129 586 355 754 226 806 317 1056 294 1149 459 846 290 908 366 724 209 770 238 1053 386 1146 499 291 310 580 551 946 286 997 354 449 324 577 536 714 206 741 230 688 199 713 218
351 89 514 391 475 127 575 351 753 213 806 296 1051 290 1144 458 833 227 916 353 842 287 902 362 712 205 745 230 940 265 995 339 728 209 764 239 686 197 713 216 282 144 334 207
751 208 801 293 345 84 514 392 838 251 902 344 467 120 563 353 1045 288 1138 457 685 192 711 211 938 261 995 335 665 190 691 211 708 196 744 218
746 203 797 291 838 220 902 325 459 115 556 359 338 86 507 388 704 191 750 221 926 256 975 331 664 184 692 205 1045 273 1133 430 684 186 711 207 1031 364 1120 468 308 291 527 487 609 178 644 212 264 142 345 197
331 93 504 386 1018 272 1110 425 813 214 898 332 451 119 551 367 299 290 529 485 682 187 715 210 663 183 690 204 744 202 794 289 707 189 746 218 612 179 642 208 923 243 973 321 822 266 880 337
1006 272 1098 422 264 252 553 479 322 103 507 386 727 205 774 290 582 179 618 215 679 189 719 217 427 117 536 375 803 213 890 332 639 183 665 205 662 186 689 206 1004 351 1086 452 896 243 946 318
721 206 767 289 255 255 550 484 399 128 539 429 997 272 1085 422 796 218 862 326 638 186 665 207 583 181 617 212 676 191 721 223 249 527 480 716 301 112 454 437 661 190 691 213 894 244 944 320 997 349 1080 453
394 138 535 427 791 220 856 325 241 260 530 491 292 122 444 432 979 272 1067 421 981 348 1065 452 637 190 663 210 710 211 756 291 560 183 595 219 713 252 749 298 617 190 641 210 533 199 572 245 1104 309 1140 393 211 142 260 207
386 156 530 426 968 274 1055 421 704 214 748 292 227 261 527 493 282 135 439 438 1101 308 1140 398 765 218 853 337 706 252 742 300 615 196 639 215 975 351 1058 449 561 188 594 220 197 548 448 716 775 284 829 347
239 145 404 446 204 261 508 493 340 165 510 429 957 276 1042 419 682 216 725 292 771 284 824 349 773 229 828 326 613 207 642 227
333 177 497 426 177 254 481 483 227 152 399 452 588 207 620 229 917 268 1003 418 680 217 724 290
180 153 358 450 561 205 595 227 752 238 803 317 874 257 964 409 587 208 618 232 700 225 755 320 289 174 455 431
610 206 656 289 177 155 349 430
92 148 267 418
603 185 661 273 6 109 163 385






10 30 308 295
774 151 846 333 26 5 214 279 615 253 805 414 10 125 300 390 1112 309 1209 467
