

566 13 1279 581 364 278 604 480 18 177 221 396
561 15 1279 577 363 279 603 480 16 179 220 396
558 15 1279 572 362 280 603 478 10 179 218 396
559 14 1279 572 361 282 602 477 6 180 215 397
562 13 1279 573 361 284 600 476 0 182 214 398
560 15 1279 575 362 287 597 477 0 184 213 397
559 18 1279 574 361 289 596 477 0 185 213 397
556 20 1279 572 360 290 595 478 0 185 210 397
551 21 1279 572 358 292 595 478 0 184 209 397
548 21 1278 571 358 292 595 477 0 185 206 398
545 20 1279 572 358 292 595 477 0 184 192 400
541 17 1278 572 357 292 595 477 0 183 189 401
538 16 1278 574 357 292 594 478 1 181 187 404
532 15 1278 574 357 292 593 476 1 180 186 407
532 15 1276 575 357 291 591 479 0 179 185 407
532 17 1272 573 357 292 589 480 1 178 184 405
536 17 1266 570 357 292 588 480 1 176 183 406
538 19 1262 564 356 292 587 479 1 174 180 406
539 17 1259 562 354 292 587 479 1 173 178 410
538 16 1256 562 352 292 587 478 0 171 173 412
540 12 1252 566 352 291 587 477 0 167 170 415
543 12 1247 564 352 289 588 475 0 163 167 416
535 6 1226 569 351 288 589 475 0 160 165 417
538 9 1222 560 348 289 590 475 0 158 162 417
544 9 1216 554 348 288 590 475 0 157 161 418
547 8 1210 548 0 153 158 419 348 288 590 475
549 8 1204 543 351 288 588 475 0 150 157 421
553 10 1196 542 348 288 605 493 0 148 153 425
557 11 1188 538 347 290 607 496 0 149 151 427
561 8 1184 537 345 292 609 498 0 151 147 429
563 8 1180 533 342 294 611 498 0 150 145 429
566 8 1172 534 341 294 609 500 0 151 140 431
568 13 1162 536 340 292 607 503 0 152 138 430
569 13 1154 540 338 291 605 505 0 154 137 430
569 14 1153 538 336 291 606 507 0 155 139 427
571 13 1149 535 335 290 607 507 0 153 141 427
573 12 1141 529 334 289 608 507 0 151 142 427
577 11 1133 527 334 287 609 507 0 148 144 427
580 10 1129 528 335 287 611 506 0 145 142 426
579 12 1126 529 336 284 611 507 0 143 141 421
579 12 1123 528 335 282 613 508 0 140 138 418
333 282 614 508 573 15 1120 528 0 139 138 418
330 283 617 508 571 17 1114 529 0 138 137 421
328 283 617 511 571 22 1103 530 0 137 136 427
571 26 1092 531 326 282 617 515 0 135 134 431
568 30 1084 527 324 281 617 518 0 134 133 435
323 281 617 519 568 31 1080 526 0 136 130 435
322 279 616 520 572 33 1074 522 0 137 129 437
323 278 615 521 578 36 1068 517 0 136 129 440
323 276 613 523 580 40 1064 511 0 132 129 447
323 275 614 524 580 39 1060 509 0 129 129 451
323 275 615 523 583 41 1055 507 0 127 130 455
583 44 1050 503 323 277 617 521 0 128 131 453
581 48 1047 496 323 278 618 519 0 126 132 452
324 278 619 519 578 48 1045 496 0 125 130 450
324 274 618 521 575 46 1040 496 0 120 128 455
323 272 620 523 574 45 1034 496 1 117 126 459
322 269 621 526 571 45 1029 493 3 109 122 474
322 269 620 527 570 44 1026 490 4 101 116 483
322 271 618 526 573 42 1022 489
321 272 617 526 577 38 1016 487
320 273 617 527 579 36 1012 486
320 272 619 528 580 37 1010 486
319 271 621 529 552 51 1002 479
319 271 623 530 556 52 996 481
321 271 623 529 557 50 991 484
322 273 625 527 574 73 983 466
321 273 627 526 574 73 978 463
573 73 972 463 318 273 628 527
573 71 965 462 317 273 627 526
574 71 962 466 319 275 626 525
576 71 957 467 318 274 627 526
581 72 951 465 318 273 629 527
580 73 947 460 316 272 629 528
576 73 943 455 317 272 629 528
571 74 939 453 316 270 627 529
570 76 935 451 315 270 625 527
572 80 932 452 313 271 623 524
573 79 928 454 313 272 619 521
576 78 924 453 314 272 617 521
577 78 919 451 312 272 616 522
577 78 917 447 310 273 617 524
578 81 913 445 305 271 620 527
582 82 908 443 299 269 622 530
584 83 903 442 284 278 629 556
584 82 897 440 292 266 622 535
581 84 894 439 291 265 622 535
286 265 625 535 577 86 888 438 0 179 66 404
280 265 627 535 574 90 887 438
274 265 628 536 571 89 883 437
271 265 628 536 568 91 882 436
262 273 630 562 567 91 878 435
256 272 631 565 565 93 876 434 0 185 57 397
249 267 631 572 565 97 873 433 0 184 57 398
244 263 630 579 561 99 872 434 1 184 58 399
239 259 628 586 560 100 869 434 1 183 58 400
234 258 627 588 560 101 867 433 2 182 57 401
228 257 625 591 564 102 863 431 209 299 223 348
