




831 295 881 356
427 240 731 451
425 240 733 459
425 239 733 464
426 240 733 466
420 242 734 469 374 564 936 704 829 309 877 370
409 244 734 468 368 562 931 703
399 243 728 470 370 562 926 704
387 244 716 474 371 566 925 702
378 250 702 478 367 570 930 701
369 258 691 481 358 572 942 700
362 263 690 481 352 570 948 700 818 320 870 379
350 261 692 484 359 567 942 698 817 320 869 378
339 258 695 486 355 565 935 697 816 319 868 377
328 253 695 490
321 251 701 497
314 244 706 508 662 265 745 321
661 263 746 322
657 263 746 324
653 262 746 328
652 264 746 329 810 327 854 370
650 265 745 329 809 326 853 369
807 325 852 369 650 268 742 327
807 324 850 368



635 239 730 311
631 237 735 310
626 238 737 310 757 238 794 265
623 240 739 312 757 239 791 263
619 241 740 312 758 239 791 262
580 230 757 322
11 205 657 697 581 231 757 328
5 213 658 696
10 221 656 693 623 263 739 338
18 221 653 692 584 268 757 365
32 219 652 690 587 269 757 363 766 185 789 211
589 269 758 364 41 213 649 690 768 185 790 209
593 268 760 365 50 209 646 692 770 184 791 207 810 317 857 379 638 210 662 239
600 268 760 365 57 205 641 694 810 317 857 381 638 210 663 240 771 185 792 208
606 267 758 364 55 203 640 692 638 210 662 240 807 256 851 339 808 317 857 382
606 265 757 364 60 199 640 692 637 210 661 239 805 316 854 382 805 257 854 339 486 271 572 320
603 263 757 365 57 199 637 697 802 315 852 380 635 209 659 237 467 270 551 319 802 256 853 339
595 262 756 365 62 198 626 704 798 313 848 378 458 269 551 319 797 256 847 340
591 263 753 366 58 202 614 708 795 314 844 379 793 255 843 344 451 269 549 320 536 273 578 309
586 267 752 367 51 205 606 708 435 272 532 325 789 263 843 371 532 276 574 312
583 271 750 369 51 209 601 707 429 275 529 330 788 260 841 374 529 280 571 316
578 278 751 374 56 216 594 709 782 267 832 373 419 280 532 332
575 284 751 382 64 222 585 707 404 287 512 349
572 290 751 390 396 292 511 350 772 298 826 390 73 228 575 707 507 298 551 336 775 345 822 396
569 292 750 395 392 294 508 351 770 294 824 391 503 300 548 338 773 346 820 397 64 228 576 705 842 299 867 354
568 294 752 399 393 297 504 353 770 295 823 390 500 300 545 340 59 231 573 706 773 347 819 398 738 204 763 230
570 295 755 401 373 299 495 355 771 295 824 390 499 301 545 343 0 223 549 719 774 348 820 399 740 207 764 232
572 297 759 403 372 301 494 357 773 295 825 392 498 301 545 344 0 219 543 719 610 240 635 268 741 209 766 233 777 349 822 400
575 298 762 404 369 301 495 359 774 337 826 406 497 302 546 346 742 210 768 235 612 240 635 269 775 288 824 364
576 299 763 405 366 301 495 361 774 336 825 408 742 211 768 236
577 308 762 419 772 334 822 410 364 301 495 363 741 211 768 237 485 306 538 348
574 309 763 422 366 309 491 367 769 332 820 413
569 308 763 427 369 312 487 369 767 330 818 416 482 316 529 360
566 309 761 433 342 314 472 379 477 317 526 364 764 327 817 419
564 312 761 436 338 317 470 382 473 319 524 366
566 313 758 436 336 318 467 382 467 318 524 364
571 311 756 432 316 314 451 381 762 325 816 419
573 307 755 426 312 308 450 376 762 329 817 413 459 304 515 355
574 306 756 424 308 304 451 372 457 302 514 353 763 332 817 408 729 205 758 232
568 294 766 411 308 299 451 367 454 299 511 350 764 331 817 404
565 291 773 410 306 298 449 365 451 298 509 347
564 287 777 409 278 295 436 363 446 294 506 342
564 284 777 407 276 292 432 359 418 288 499 341
565 280 780 406 257 290 411 359 418 285 497 339 716 187 743 212 840 279 875 369
566 277 785 403 258 289 407 359 415 280 496 336 714 185 740 210
567 270 793 397 258 285 405 356 414 278 493 333
575 264 822 390 255 279 405 354 411 275 491 330 1128 96 1279 671
576 260 822 385 250 274 406 352 409 273 488 328 1136 120 1279 719
574 258 823 383 247 274 406 352 393 274 477 328
570 256 825 381 238 277 381 354 392 274 472 327
569 256 825 380 238 278 380 355 390 274 469 328
570 259 826 381 238 282 378 355 387 276 465 331
576 261 826 383 239 287 378 355 385 278 464 334
575 261 831 385 237 289 377 354 382 279 465 335 0 214 466 715
235 289 377 355 572 262 832 389 369 280 452 337 0 228 461 714
235 291 377 358 561 268 782 392 373 286 448 340 0 238 451 710
240 293 378 361 373 288 446 342 565 268 839 401 0 237 445 711
369 288 444 342 567 268 847 403 248 294 375 361 0 233 448 713
568 267 857 404 0 227 451 717 366 286 442 341 255 292 370 357
573 265 858 403 0 222 456 717 364 280 446 337 272 288 385 354
575 265 859 402 0 222 461 717 363 279 445 337 275 288 385 350
578 265 862 401 0 224 467 712 361 280 446 336
579 264 867 399 0 224 471 704 362 279 449 336
581 263 868 400 0 226 476 696 363 277 452 335
584 259 863 400 0 226 476 690 365 277 454 335
584 258 859 405 2 230 476 686 367 277 454 335
580 258 858 409 66 260 472 619 365 278 451 336
573 260 859 413 60 257 470 617 363 279 448 337 487 275 526 315
