

887 364 998 465 316 389 429 443 115 373 289 487 422 393 492 429 605 390 651 421 650 294 697 308 593 336 609 345
307 388 417 446 890 365 1002 466 100 372 279 487 421 393 490 429 605 391 651 420 649 294 698 308 592 336 609 345
304 389 415 447 91 373 274 489 892 365 1007 469 418 395 487 430 605 392 650 419 649 294 699 308
299 391 414 448 80 372 267 492 894 365 1011 471 415 395 486 432 605 393 650 420 649 294 700 309
297 390 411 448 69 371 261 495 413 394 487 432 605 392 650 420 1194 484 1276 650 649 293 700 308
58 372 259 495 294 389 408 447 603 391 651 420 409 392 487 430 648 292 699 307 1199 435 1278 643 592 336 608 345
51 372 259 495 292 388 406 448 604 392 652 419 410 392 484 432 907 363 1041 478 649 292 699 307 1198 418 1278 644
278 388 399 451 35 367 239 499 604 391 652 419 408 391 483 432 649 290 700 305
275 388 398 450 27 367 230 500 604 390 652 419 408 391 482 432 649 289 699 303
272 388 395 450 15 366 222 503 604 389 651 419 406 390 483 431 649 287 699 300 1155 315 1279 663 592 334 607 343
6 364 216 506 267 389 392 450 604 389 651 420 395 390 481 432 1148 311 1279 664 930 355 1072 480 648 287 698 300 592 334 606 343
2 363 212 508 605 389 652 420 265 387 387 451 1141 317 1279 656 392 389 479 432 933 355 1085 480 648 285 698 298 592 333 606 343
245 387 375 454 0 364 188 510 1136 325 1279 650 605 389 652 420 390 390 477 432 649 284 696 298 593 333 606 343
240 387 372 456 0 366 178 514 1130 330 1279 646 605 389 653 420 389 390 474 432 939 352 1173 488 592 333 606 343 650 284 695 298
235 387 370 457 0 365 166 516 1126 332 1279 644 605 390 653 420 388 390 472 433 946 353 1169 488 591 333 606 343 651 283 694 297
1118 332 1279 642 231 386 368 458 605 390 652 420 0 363 153 518 384 391 469 433 957 353 1164 490 649 282 697 297 590 333 605 343
218 388 359 461 1112 331 1275 638 965 351 1166 493 381 390 465 434 605 390 652 420 4 355 127 525 649 282 697 296 590 333 605 343
211 389 356 462 1107 329 1272 639 3 354 119 525 379 389 463 434 972 347 1170 497 606 390 652 420 590 333 605 343 651 281 697 295
205 389 351 463 377 388 463 435 2 351 113 527 1106 326 1273 642 605 390 653 420 975 345 1177 498 591 333 604 343
203 388 346 463 370 389 459 438 1085 334 1264 643 605 389 653 419 995 339 1190 500 0 351 111 530
191 390 336 463 367 388 458 438 1078 335 1265 642 606 388 652 419 1003 339 1193 499 0 350 111 530
184 390 333 463 362 387 456 438 1072 339 1260 642 606 388 653 419 1013 337 1204 500 588 329 607 338 650 273 697 290
358 387 455 438 180 389 327 465 1066 342 1258 645 606 388 653 419 1018 338 1216 501 650 273 697 290 587 329 607 338
352 387 452 438 607 388 653 417 155 383 319 473 1063 345 1253 645 648 272 699 289
146 382 315 475 349 386 449 439 608 388 653 418 1061 345 1248 642 646 271 700 288
132 384 309 477 346 386 446 439 1058 343 1240 638 609 388 652 417 644 269 702 286
123 386 304 478 1054 337 1234 638 342 388 438 441 609 387 652 417 645 268 703 285
114 387 299 480 1038 340 1204 636 337 388 438 441 610 387 652 417 646 267 704 285 1050 501 1234 647
1030 339 1197 638 332 387 438 442 110 387 295 482 610 387 654 418 647 267 704 285
92 386 278 488 1023 341 1188 636 326 387 436 444 610 388 654 421 1153 318 1279 557 647 267 703 285
82 387 274 488 323 387 433 445 1020 340 1185 634 1152 318 1276 560 611 389 654 421 648 267 701 285 589 397 602 407
69 389 267 490 319 387 430 447 1015 342 1182 633 1156 320 1277 561 612 390 654 422 648 267 701 285 589 398 602 408 648 270 665 286
57 389 264 492 1011 341 1178 634 316 387 428 448 1161 324 1277 560 612 390 655 422 648 266 702 284 647 269 665 285 589 398 602 408
308 389 419 449 1008 342 1172 638 47 389 268 494 1171 326 1277 564 648 266 704 283 647 268 665 284
304 388 417 450 30 390 234 500 1001 337 1151 638 1188 315 1279 576 649 265 704 283 647 267 666 283
21 388 223 503 299 387 414 451 999 339 1145 638 1202 371 1278 581 646 266 665 282 651 265 703 281
13 386 215 504 293 387 411 453 993 342 1139 635 1217 385 1277 586 646 265 665 281
7 386 211 504 986 344 1132 633 289 387 408 455 646 264 664 280
281 390 400 457 0 389 185 505 981 343 1128 630 647 264 665 279
0 388 178 508 277 389 399 458 974 346 1123 625 647 262 666 277
271 389 396 458 0 386 169 508 969 348 1119 623 647 261 666 274
264 389 393 459 0 385 159 509 955 348 1095 626 614 388 656 421 648 259 667 272
258 389 390 459 0 385 148 509 962 350 1075 595 614 387 656 421 959 447 1122 637 648 257 667 271
246 390 381 462 0 384 138 509 958 349 1066 547 614 386 656 421 942 446 1103 629 572 324 599 334
240 388 379 462 950 354 1069 590 3 377 113 518 615 386 656 420 571 323 598 333 960 451 1118 633
233 387 374 463 944 354 1067 588 615 386 656 419 2 376 105 519 569 323 597 333 645 250 665 267
228 386 371 463 940 355 1065 588 0 373 89 523 615 385 657 420 569 323 597 333 644 249 666 266
216 390 365 465 934 353 1060 590 1 370 75 524 615 386 657 421 568 323 597 333 643 247 667 265
210 389 364 466 932 350 1056 593 615 386 657 421 0 363 62 529 643 245 668 264 568 324 597 333
204 390 360 467 929 349 1052 593 615 387 658 422 644 244 668 264 568 324 597 333 571 396 593 409
201 389 355 469 925 358 1027 581 615 387 659 422 925 461 1076 619 568 324 597 333 644 243 668 263
922 358 1025 581 191 392 338 469 615 387 659 423 923 466 1069 619 569 324 597 334 644 243 667 263
919 359 1023 578 180 396 337 474 615 387 659 424 921 472 1063 617 569 324 596 334 643 242 667 263
164 393 343 477 917 359 1014 540 615 388 658 425 569 323 596 334 921 479 1058 617 643 242 666 262
161 393 341 479 914 360 1013 537 615 388 658 425 906 478 1047 607 568 323 595 334 643 241 666 261
152 395 328 483 910 361 1013 537 615 388 658 425 905 478 1045 605 568 323 594 334 643 240 668 259
143 395 327 483 905 362 1013 535 615 388 658 424 902 475 1042 602 566 323 594 334 643 238 668 257
131 396 322 483 900 362 1015 536 614 387 658 424 901 471 1040 601 565 323 592 332 642 235 670 253
120 393 316 484 899 360 1017 540 614 386 658 422 900 468 1037 599 565 321 591 331 642 232 671 251
896 360 1014 541 111 392 308 486 614 385 658 421 907 469 1015 598 564 319 589 329
894 367 1015 567 106 392 302 487 905 469 1011 597 613 385 658 421 564 319 589 328
91 393 283 490 890 359 1004 543 905 467 1008 597 614 385 658 420 568 396 587 408 563 317 589 326
82 392 281 489 889 358 1004 544 904 466 1006 597 614 385 658 420 564 317 589 327
69 390 280 489 887 355 1001 547 614 384 658 419 904 466 1004 596 564 316 588 325 641 218 673 240
56 390 280 494 884 353 997 549 614 384 658 421 902 466 999 595 640 217 672 240 564 317 588 326
879 355 980 542 43 390 282 498 614 385 656 419 899 466 994 593 640 215 672 237 565 317 587 325 680 216 726 239
880 355 977 539 34 391 285 501 613 386 655 418 896 471 983 584 640 214 672 236 565 317 587 326 681 215 727 238
878 354 973 537 20 395 242 505 612 386 654 418 894 470 982 584 639 213 673 234 564 317 586 326 681 212 730 235
876 354 971 537 11 393 235 508 707 379 794 418 611 387 655 419 892 469 982 584 638 210 672 232 563 317 586 326 680 210 732 232
872 354 968 538 3 390 230 511 611 386 656 420 884 465 977 577 697 377 792 417 638 207 672 229 678 207 734 229 562 316 585 324
871 355 967 540 0 389 235 511 610 386 656 418 884 466 974 575 682 378 775 414 637 205 672 227 562 315 585 323 678 206 736 227
868 357 966 540 0 386 235 512 610 385 657 418 882 467 970 574 675 377 770 415 638 204 674 226 567 395 586 407 562 314 585 323
867 358 966 539 882 469 966 574 611 386 658 419 2 386 231 511 638 203 677 226 562 315 585 324
865 359 965 536 881 471 963 575 0 389 181 513 610 388 660 420 654 379 747 416 563 316 585 325
862 361 961 534 881 472 962 575 609 389 659 421 0 389 173 514 563 316 586 325
860 363 955 528 879 472 960 575 604 391 656 420 0 395 160 535 563 318 586 327
858 365 951 525 877 472 958 574 599 391 652 421 0 395 148 537 561 318 587 328
857 366 949 523 875 470 957 574 0 395 139 538 595 392 648 421 561 319 587 329
857 365 949 525 875 470 958 572 597 392 646 421 2 397 131 535 561 319 586 329 641 192 677 216
856 364 947 527 574 392 632 418 875 470 960 569 640 188 679 213 560 318 586 327
855 363 944 527 570 390 631 417 874 470 960 566 640 185 680 209 559 316 584 325
854 361 941 528 568 388 631 417 627 384 682 415 559 313 583 322 639 181 682 206 874 469 959 563
855 360 938 528 626 383 682 414 560 311 584 321 568 387 629 416 1 394 81 539 869 450 932 550
856 358 935 529 624 381 678 413 561 309 583 319 869 450 932 550 552 387 611 414
857 357 932 528 869 449 932 549 561 308 584 318 535 385 627 417 625 379 673 412 640 166 680 192
857 358 931 527 868 449 932 550 532 385 622 417 563 308 584 318 604 378 657 411 641 163 693 189
857 360 932 528 867 450 932 550 601 381 656 412 563 309 586 319 529 388 619 417 641 163 695 189
855 363 933 526 642 164 697 189 598 384 655 415 866 451 931 550 562 312 587 322
854 364 933 524 642 161 698 187 597 386 652 419 864 454 930 550 562 313 587 324 515 394 609 428
851 364 933 520 641 160 699 186 597 387 650 421 864 454 929 549 562 313 587 324 514 394 604 428
850 365 933 518 639 155 700 182 862 455 929 549 562 313 586 323 600 389 646 419 509 395 599 428
848 365 933 514 863 454 927 547 638 152 702 182 640 394 662 410 581 389 632 417 561 313 586 323 504 395 592 427
847 364 933 512 862 453 925 545 578 387 629 418 640 393 662 409 644 144 700 172
840 363 921 508 573 384 628 417 863 451 922 541 639 391 663 406 643 142 700 171 488 389 576 420 561 308 585 319
840 362 920 507 639 137 701 167 570 382 625 416 862 450 921 540 486 389 571 419 640 389 662 405 561 305 584 318
839 363 919 507 638 136 702 166 639 392 663 407 482 390 567 421 861 451 919 536 560 306 583 319 570 384 621 418
839 363 917 505 636 130 705 162 639 392 662 407 852 447 912 537 557 383 608 417 559 306 584 318
837 365 914 503 554 384 607 418 637 129 705 161 851 448 910 535 639 392 662 407 466 389 552 420 559 307 583 318
