

898 422 1279 663 635 333 660 346
866 427 1279 656 800 436 843 471 635 333 659 346
867 427 1278 650 800 437 848 472 636 332 660 344
865 428 1276 639 802 437 851 472 843 367 1006 490 636 331 660 344
862 428 1271 632 854 367 1031 487 804 437 853 472 778 434 817 464
858 425 1258 623 853 365 1035 486 779 433 821 464 806 437 853 472 621 432 641 444
856 424 1239 618 850 364 1041 483 780 433 824 466
855 420 1217 614 849 362 1046 479 781 433 828 467 708 432 740 451 743 429 795 459
853 418 1198 611 742 429 796 458 706 432 741 450 783 433 829 467
851 416 1181 610 743 428 796 457 705 431 741 450 805 436 885 484
840 416 1177 590 745 427 796 457 703 430 741 451 804 436 886 485 634 321 661 340
837 412 1163 586 750 427 796 455 704 430 743 450 635 319 662 338 795 429 845 467
845 425 1138 574 705 430 745 450 753 428 796 454 635 317 663 336 787 427 866 476
827 429 1117 574 708 431 747 450 756 429 798 453 788 425 866 475
824 430 1108 572 710 431 747 451 757 429 799 455
817 429 1094 571 712 430 748 452 757 428 802 457
809 427 1083 571 993 339 1212 518 757 429 804 458
801 426 1058 569 986 335 1266 532
802 425 1048 566 995 332 1273 536
800 426 1035 563 1008 326 1279 549 767 428 819 460 621 433 641 445
796 426 1018 555 1013 325 1279 558 766 428 821 460 345 298 365 362
791 429 1008 548 1048 295 1275 582 766 428 823 460 342 296 361 358
782 428 977 541 1054 291 1273 583 766 428 823 462 394 314 423 346 975 443 1067 529 645 372 652 382
779 429 980 541 1063 296 1276 575 770 428 823 462 392 312 420 343 974 443 1071 512 639 295 665 318 645 372 652 381
788 429 996 542 990 441 1101 517 1097 293 1279 577 775 427 822 461 390 311 417 341 645 371 652 381
777 428 979 539 1109 293 1279 577 1007 445 1125 528 936 441 1020 491 326 291 346 347 644 371 651 380
777 427 971 538 1010 447 1133 528 1125 296 1279 579 944 442 1036 497
774 428 963 537 941 441 1046 505 1021 444 1182 541 1147 293 1279 585 619 433 640 446
769 429 955 535 939 440 1059 512 1029 448 1201 544 620 433 641 446
765 431 947 532 1059 442 1237 555 941 439 1066 516 620 432 642 446
1067 445 1256 556 762 434 940 530 949 439 1089 518 640 282 667 305 621 433 643 448
761 434 930 527 1099 446 1279 556 953 442 1091 515 620 435 642 448 639 280 667 304
1109 447 1279 560 747 433 915 525 972 444 1124 527 895 424 994 504
975 443 1152 536 747 430 912 523 1129 444 1279 562 887 418 1004 507
983 441 1163 538 754 429 896 523 885 417 1011 508 1145 446 1278 578 639 367 649 379
753 428 892 523 1003 442 1198 543 883 415 1032 514 1163 450 1278 587 639 367 649 378
755 425 885 519 1009 442 1219 547 891 414 1044 512 639 363 649 375
757 426 880 517 1040 439 1254 553 927 415 1055 514 639 363 649 376
1052 440 1263 555 738 426 870 511 923 413 1068 519 638 362 649 374
735 428 867 512 931 410 1082 522 1067 439 1272 560 638 362 649 374
734 429 865 511 931 407 1098 526 1098 439 1279 563 638 361 649 372
733 429 862 512 1112 440 1279 565 964 410 1127 533 638 361 649 372
732 429 859 511 971 408 1141 534 1126 441 1279 564 638 360 649 372 810 425 888 476
732 429 854 511 973 407 1157 533 812 426 891 478 1141 447 1276 577 639 360 650 372 914 419 1022 505
733 429 850 509 1006 407 1198 540 915 418 1030 506 813 425 894 478 639 359 650 371
721 431 840 504 1016 408 1210 544 827 427 906 479 932 419 1050 510 639 359 651 371
720 431 837 503 825 426 908 481 934 419 1057 510 1019 408 1222 544 639 359 651 371
718 432 833 502 1051 407 1259 554 823 426 914 483 940 422 1059 509 639 358 651 371
718 432 830 501 826 426 921 485 1064 405 1270 556 944 412 1095 517 542 438 574 459 638 358 651 370
719 432 826 500 1096 402 1279 565 830 425 928 485 960 411 1129 519 537 435 580 459 783 298 801 345 639 357 651 369
721 433 824 500 1109 400 1279 567 965 412 1140 518 834 425 930 485 531 434 586 459 639 357 651 369 785 297 802 342
720 433 822 500 840 423 948 487 975 414 1156 522 526 433 589 460 1124 403 1279 568 639 357 651 369 787 297 803 341
720 434 819 499 844 428 957 494 524 433 589 459 1003 413 1201 531 1161 405 1277 572 788 297 804 340 640 357 651 369 616 433 636 446
719 434 817 499 848 427 965 497 1010 416 1215 536 1193 410 1279 572 790 298 805 340 523 432 588 458 981 428 1058 480 640 357 652 369 616 433 636 446
720 434 813 498 854 428 977 497 1018 417 1225 538 790 297 806 339 524 431 587 458 983 428 1066 480 1207 406 1279 573 641 357 652 369
721 433 810 498 859 429 982 498 1042 416 1265 547 792 297 808 339 524 434 615 467 999 427 1085 481 641 358 653 369
724 433 807 496 865 428 988 499 1059 415 1271 552 525 434 619 467 795 295 811 337 998 426 1096 482 528 432 574 458 699 162 751 186
725 433 806 496 875 427 1005 499 1076 415 1272 556 529 432 624 467 1014 426 1123 483 797 294 814 336 614 437 634 452
727 433 805 495 877 428 1010 500 1097 414 1279 559 1013 425 1135 485 533 431 628 466 799 293 815 335 532 434 565 458
729 433 804 496 1116 414 1279 561 884 429 1014 501 1032 424 1155 486 537 430 632 466 800 292 817 334
731 433 804 495 899 428 1036 504 1134 414 1279 561 548 435 651 468 1036 423 1161 488 641 351 654 362
899 428 1047 505 733 433 806 495 1162 412 1279 564 1047 426 1193 494 551 435 659 468 808 293 825 334 642 351 656 361
735 432 808 494 907 427 1050 507 555 433 663 469 1050 426 1200 495 1189 415 1279 560 809 293 826 333 643 350 658 360
737 433 810 495 914 428 1070 509 1070 427 1218 495 567 432 682 470 810 283 827 331 1202 412 1279 565 643 350 658 360
737 434 812 495 917 427 1092 513 573 431 687 470 1080 426 1219 497 811 282 829 332 644 349 659 359
738 436 814 495 924 429 1106 515 1097 428 1244 499 588 432 702 472 813 281 831 332 644 348 659 359
930 429 1116 515 740 436 817 495 590 432 708 472 1115 429 1261 499 814 281 832 332 644 347 660 358
743 436 820 495 1123 429 1265 502 947 428 1140 517 596 433 713 473 816 280 834 333 644 347 661 358
953 427 1151 521 745 436 823 494 1146 426 1278 502 602 431 714 471 644 345 661 356 818 279 837 331
962 426 1165 524 1152 426 1279 505 755 437 826 492 608 430 747 477 644 345 661 355 820 277 839 330
968 425 1175 526 1161 426 1279 507 614 430 749 477 755 437 828 491 645 344 662 354 822 276 841 329
986 425 1204 528 755 437 830 489 1194 426 1279 508 629 428 765 479 645 342 662 352 824 274 843 326
994 425 1216 533 634 430 767 480 755 438 834 488 1200 427 1279 509 646 340 662 350
1003 426 1233 535 640 431 768 480 755 438 839 488 1219 427 1279 512 646 340 663 350 831 267 850 326
757 438 843 489 1009 430 1239 538 639 434 774 486 1243 427 1277 516 646 341 663 352 832 268 851 327
1035 429 1265 543 652 434 793 488 760 437 848 489 833 270 852 327 646 342 664 352
1050 429 1272 547 652 434 799 489 761 436 852 488 835 269 854 327 646 341 666 351
1063 427 1277 552 655 435 804 489 773 437 859 488 837 268 856 326
1071 429 1277 555 659 436 805 490 839 267 858 326 773 438 863 486 331 423 390 452
668 436 824 493 1091 427 1279 557 841 266 861 327 326 423 391 453
673 438 824 495 1105 428 1279 560 843 265 864 326 324 423 389 453
677 439 828 497 1119 427 1279 561 287 420 387 454 1001 449 1046 483 845 263 866 326
678 439 833 497 1132 426 1279 560 278 421 388 454 1003 449 1051 483
691 439 846 498 271 421 387 454 1156 420 1276 564
689 441 855 498 269 420 385 455 1170 426 1276 563
690 442 864 499 1192 429 1279 561 269 420 385 455
692 441 869 498 1201 428 1278 565 268 419 386 455
714 438 869 498 267 418 386 455 1218 436 1279 565 508 431 542 452 661 325 680 338
713 439 877 499 265 417 387 454 509 432 542 451 661 324 685 336
710 440 888 501 265 417 388 454 509 430 544 451 663 323 687 335
709 441 895 503 265 417 388 454 882 245 902 313 509 431 545 452 665 323 689 335
711 442 897 506 266 417 389 455 886 246 906 315 509 432 547 454 667 323 692 335
724 443 910 511 268 418 389 456 510 433 548 456 668 323 694 335
719 445 920 513 269 419 389 456
711 440 929 515 271 419 389 457
716 442 936 517 271 419 389 457 510 433 550 459 682 322 707 335
717 444 942 520 271 420 389 458 511 433 552 461 684 323 709 335
734 448 953 522 270 421 389 458 512 434 552 462 642 441 667 458 687 323 712 335
