

68 485 378 714 8 563 164 713
76 493 366 719
1154 507 1184 538 80 494 358 719
128 493 322 719 1148 510 1182 540
119 490 319 719
114 489 316 719
110 490 311 719
110 490 307 719 0 566 140 719 1135 512 1160 542
108 489 305 719 0 567 138 719 1132 512 1159 542
107 488 305 719 1129 512 1159 542
107 487 304 719 1128 512 1160 542
105 482 307 716 1128 511 1161 540 0 566 136 719
106 482 307 716 0 559 116 719 1130 510 1161 539
107 480 308 716 0 558 115 719 1132 508 1161 537
107 480 308 717
36 468 314 719 414 697 443 719
36 468 314 719 1136 506 1161 533
33 468 313 719 1137 505 1160 531
32 466 312 719 1136 503 1159 530 484 698 522 719 0 557 114 719
31 465 313 719 482 698 524 719 1133 501 1159 529 0 557 112 718 412 695 442 719
31 463 314 719 481 697 524 719 0 557 112 718 1132 499 1157 527 411 696 442 719
32 463 314 719 0 557 112 719 478 697 524 719 1131 497 1158 525
0 557 112 719 78 467 302 719 478 697 524 719
0 557 112 719 104 476 306 718 478 697 524 719
105 477 306 718 0 560 111 719 479 698 523 719
105 477 306 718 0 562 111 719 481 699 523 719
77 469 303 719 0 562 112 719 482 699 523 719
105 478 306 717 0 559 114 719 482 699 525 719
0 557 115 719 105 478 306 717 481 698 526 719
0 555 116 719 105 478 307 718 481 698 526 719
0 555 117 719 104 477 306 719 480 698 525 719
0 554 117 719 104 478 306 718 480 698 524 719
0 566 138 719 104 480 306 717 481 699 524 719
0 567 139 719 105 481 307 717
0 569 143 719 109 489 305 719 1132 500 1156 528
112 490 306 719 0 568 147 719 1135 502 1159 529
116 490 308 719 1 569 151 719 1136 502 1163 531
1 569 155 719 34 493 314 719 1136 500 1166 530
2 568 154 719 120 477 317 719
1 566 153 719 121 475 319 719
1 564 148 719 79 479 355 719
76 476 356 719 2 554 121 719 1149 488 1180 519
73 474 358 719 1 562 148 719 1151 487 1180 519 504 698 549 719
3 560 154 719 73 475 361 719 1154 486 1181 517 505 697 552 719
3 560 159 719 74 475 366 719 506 696 556 719 1158 484 1182 514
4 555 165 718 78 474 375 719 506 695 559 719 1160 482 1183 510
3 551 167 718 82 474 376 719 507 693 559 719 1162 480 1184 508
2 546 162 717 78 474 376 719 508 691 559 719 1162 477 1185 504
1 541 158 716 73 470 375 719 901 637 1135 719
1 538 158 714 899 632 1129 719 73 464 378 719 1111 598 1138 628
0 535 164 713 896 625 1125 719 77 459 377 719 575 549 615 588 1163 459 1188 488
888 618 1123 719 0 528 166 714 75 452 379 719
881 612 1120 719 72 446 379 719 0 522 165 714
874 606 1118 719 67 441 377 719 0 514 162 716 578 525 618 564
71 435 380 719 871 604 1117 716 0 511 160 716 580 519 619 561
76 426 386 719 871 591 1112 708 5 508 140 715
80 419 388 719 855 591 1100 706 6 510 140 714
81 412 390 719 853 587 1096 705 12 491 145 707 342 625 362 662 1199 599 1219 636
79 409 392 719 849 582 1094 704 12 491 147 707 344 624 364 660 1198 597 1220 633 1172 411 1202 441
77 401 394 719 847 574 1089 702 5 480 165 716 345 623 365 657 1175 408 1201 436
76 396 396 719 847 569 1085 699 6 478 166 716 1177 404 1202 432 346 621 367 654
79 391 397 719 848 565 1082 694 9 477 166 718 1179 400 1203 429
83 386 401 719 848 564 1083 690 12 475 165 719 350 606 370 643 1183 389 1204 420
85 380 410 719 848 560 1086 683 14 468 163 719 1185 386 1208 416 352 600 372 637
85 372 420 719 847 555 1087 676 15 459 161 719 1187 382 1212 411 3 489 68 691
81 368 434 719 15 449 161 719 843 550 1087 669 1187 378 1214 406
81 364 433 719 838 539 1084 662 13 446 161 719
76 357 425 719 828 531 1078 658 9 442 158 719 1181 362 1207 391
72 350 414 719 821 523 1071 653 6 437 155 717 1173 357 1205 386
65 344 412 719 813 515 1069 648 3 431 151 715
795 515 1058 648 61 339 415 719 1 425 148 715 1161 354 1189 382
794 509 1052 645 57 330 413 719 1 402 143 691
794 505 1045 638 54 322 410 719 0 398 139 692 1159 340 1182 370
795 500 1040 631 52 313 405 719 0 393 136 694 1155 337 1180 366
793 497 1036 625 48 315 405 719 0 390 131 697 1153 333 1178 361
45 280 403 713 791 481 1034 617 0 385 127 699
41 272 402 712 787 475 1030 610 0 380 124 701
41 266 402 713 785 468 1029 603 0 375 123 701 340 562 584 715 1146 310 1177 338
40 266 403 711 785 464 1026 600 0 371 120 701 336 556 582 716 318 500 340 538 1145 307 1177 333
22 262 439 719 785 463 1023 597 334 553 582 717 0 365 118 699 319 499 343 536 1140 307 1164 335 303 496 325 535
19 263 437 719 785 461 1021 596 331 552 582 716 1 360 118 698 1139 307 1164 334 1088 437 1112 466 301 495 324 533 320 499 345 535
781 461 1021 595 17 266 436 719 2 356 117 697 329 552 582 716 1138 306 1164 334 1087 437 1111 466 300 495 325 533 319 500 347 535 391 495 412 539
778 460 1021 595 17 268 435 719 2 353 114 698 327 552 582 716 1138 306 1163 334 300 495 323 532 1085 437 1109 467 319 500 346 534 391 495 411 539
774 460 1020 595 13 270 435 718 3 353 111 699 327 552 581 717 1137 306 1161 334 299 496 323 532 1083 437 1107 468
771 459 1019 596 9 271 432 717 326 552 582 717 0 370 84 686 1135 307 1159 335 297 498 321 532 1080 437 1105 469
769 461 1017 598 6 271 432 716 0 367 82 690 324 553 580 719 1132 309 1157 336 295 499 320 532
768 462 1016 599 5 273 433 714 0 364 81 691 319 556 583 719 1128 310 1156 337 293 499 319 532 413 492 442 544
3 273 436 713 768 464 1015 599 306 556 557 715 1126 311 1154 337 0 366 79 687 292 498 318 532 416 491 443 543
1 273 435 712 768 465 1015 600 305 555 557 715 1125 312 1152 337 290 498 319 532 0 333 82 652 366 494 388 539 416 492 443 542
2 270 439 713 768 466 1015 600 1127 312 1151 337 304 552 555 714 290 498 319 532 0 330 81 655 365 494 389 539
3 270 442 713 768 466 1014 601 1127 312 1152 338 0 328 81 656 304 552 555 714 291 497 319 531 343 500 368 534
4 267 445 714 767 467 1015 600 1127 313 1154 339 0 327 81 656 308 552 554 714 293 496 319 531
4 267 446 714 766 466 1016 600 1127 314 1156 340 323 551 579 719 0 328 81 654 561 498 640 549
6 266 445 715 764 466 1017 601 323 550 579 719 0 329 82 653 1128 314 1157 341
8 270 449 714 767 466 1016 601 326 551 580 719 0 331 83 652 1130 314 1158 341
11 269 444 715 772 468 1015 602 329 554 580 718 1132 315 1157 341 0 334 83 649 472 493 526 553
778 471 1014 604 12 269 440 716 1134 315 1157 342 1 375 80 683 474 494 527 556 1082 448 1102 476 332 558 581 717
779 474 1016 607 11 266 443 718 1136 316 1158 343 1083 449 1104 477 476 494 529 558 0 382 82 679
