

262 193 494 299 758 234 854 421 885 314 943 389 888 257 943 347 534 254 621 295 605 251 655 288 771 346 834 443 385 247 515 314 1179 278 1203 328
256 192 493 298 760 232 855 420 884 314 942 388 178 263 232 329 887 258 941 346 534 255 620 296 382 247 514 316 773 342 835 443 603 251 652 288 686 243 714 269 737 247 763 259
252 191 492 301 762 232 857 421 884 313 941 389 534 256 619 297 887 259 940 345 776 342 837 444 602 252 652 289 361 248 511 317
250 191 492 305 764 231 860 424 883 306 934 389 533 257 616 298 887 259 939 345 778 342 837 444 602 253 651 290 361 248 507 318 685 252 711 275
243 190 493 310 766 231 864 426 883 307 934 389 531 259 613 300 881 260 934 347 785 346 846 443 601 255 650 292 357 246 502 320 684 253 711 276 507 261 546 283 657 253 693 282
236 189 490 311 769 231 869 429 883 307 933 389 881 259 933 348 532 260 609 301 356 254 500 324 787 346 849 445 600 228 697 283 600 257 648 294 683 253 711 277 505 261 545 283
226 187 488 314 772 233 873 433 884 307 932 388 881 258 933 348 530 261 608 303 351 254 498 326 600 228 697 283 790 349 852 444 599 257 649 295 681 254 711 279 98 287 171 347 503 262 545 283
218 186 488 315 777 233 877 439 883 307 932 388 881 257 932 348 333 252 480 331 530 260 607 305 680 255 710 281 597 259 648 297 601 228 695 283 793 349 856 447 74 290 151 351 503 263 546 285
781 234 879 445 195 187 469 311 883 308 932 389 881 259 931 345 327 252 477 335 516 257 603 308 601 228 694 282 681 257 710 283 596 259 648 298 69 292 147 354 796 348 860 452 83 260 136 339
784 235 880 450 186 187 471 313 882 309 932 390 523 263 600 314 882 259 930 343 253 253 484 334 594 260 648 299 681 258 709 284 601 229 692 281 663 261 695 290 486 269 529 291 44 291 126 357 58 259 113 339
789 243 892 443 178 184 473 315 519 263 598 316 299 259 463 344 881 312 932 391 881 260 929 339 680 259 709 286 663 261 697 292
167 183 473 317 791 248 893 431 513 263 596 317 881 313 931 392 267 263 467 343 881 259 927 337 663 261 698 292 9 278 64 366 680 259 708 285
156 181 472 316 795 249 895 422 508 262 593 317 265 262 457 345 883 313 930 391 883 258 925 336 663 260 698 292 804 351 886 451 586 259 634 299
801 245 897 423 504 260 591 316 259 257 451 345 150 181 466 317 885 313 929 389 884 256 925 336 663 259 697 290 817 350 882 450
807 240 902 424 216 247 436 343 89 151 453 324 499 252 592 313 663 255 696 286 582 241 674 295 884 312 928 386 820 346 884 448 885 253 924 336
212 239 429 342 483 246 586 306 81 148 446 321 813 233 912 425 458 259 504 285 570 244 643 295 741 247 760 259
483 241 585 301 73 140 436 317 199 231 423 339 819 218 921 371 451 252 502 281 828 325 918 423 664 240 695 267 568 239 638 292 741 242 758 255 717 241 737 254
478 239 582 297 64 136 426 316 825 212 930 375 157 223 398 341 835 323 919 424 663 237 697 266 633 238 671 273 568 231 644 280
57 132 420 316 827 209 932 379 476 238 580 297 153 222 393 343 664 236 697 265 839 322 921 420 633 237 670 271 567 231 642 279
44 131 416 322 470 239 577 301 834 215 947 371 664 237 697 267 132 222 396 346 632 238 669 272 564 230 643 281 850 305 936 443
31 133 411 330 468 242 575 308 842 215 948 373 855 311 939 450 78 229 365 353 667 241 695 266 629 250 668 281 718 242 736 255 562 240 633 292
11 138 411 338 853 216 953 434 560 243 641 297 454 247 562 313 626 254 670 289 866 337 932 456 668 254 694 281 67 234 360 353
0 147 418 343 449 258 563 329 860 227 960 433 665 259 693 288 26 256 325 392 628 261 670 293
0 150 377 356 865 242 964 431 445 266 559 333 20 262 308 397 872 351 956 496 545 266 619 322 666 267 691 289
0 157 378 358 541 273 618 328 869 252 968 429 877 357 964 503 436 281 559 353 0 286 307 455 831 288 860 314 661 278 690 306 610 280 659 315 716 272 736 285
0 155 372 358 421 281 548 360 0 276 234 466 534 279 616 332 874 260 971 427 659 279 690 309 882 361 972 509 607 284 660 318 573 243 671 306 833 290 861 316 716 275 738 289
416 282 546 361 0 150 368 356 0 276 220 476 531 279 616 332 876 262 974 427 658 278 689 308 883 359 975 511 606 284 659 318 573 242 671 306 833 289 861 315 716 275 738 289
409 276 544 361 3 143 358 361 0 277 184 475 528 273 613 329 605 279 655 313 897 358 989 505 833 287 864 312 657 276 687 305 879 259 975 423 717 271 737 285
5 143 350 364 406 272 541 359 603 275 654 309 521 265 601 329 900 268 995 482 834 284 866 310 659 267 686 290 0 276 168 469
2 141 336 371 518 258 600 326 389 268 529 357 904 241 998 442 833 281 870 307 655 262 686 292 876 328 921 405 601 270 651 305 562 232 656 278 913 355 1002 499 873 284 920 363
0 134 324 372 510 255 600 326 911 241 1003 447 378 265 528 359 833 280 871 307 561 229 655 277 653 260 685 291 876 307 924 391 600 266 652 301 920 358 1010 503
0 129 310 386 501 259 598 331 918 249 1012 443 832 284 872 309 880 330 928 404 558 232 654 276 877 286 930 363 363 271 537 365 595 270 650 309 926 359 1019 513 655 263 685 291
0 122 298 396 339 278 516 377 926 273 1024 475 833 288 870 313 486 264 586 341 881 332 931 408 590 274 650 314 716 268 734 282 879 289 933 362 557 236 653 300 645 274 676 309 941 361 1037 525
329 283 512 386 4 119 291 407 480 268 587 346 927 278 1030 472 643 277 679 312 884 295 944 394 555 237 654 301 944 395 1041 535 587 278 649 318 694 272 716 287 714 273 734 287
317 287 507 392 475 272 587 354 5 118 285 408 641 280 679 313 928 280 1030 477 885 299 946 391 947 395 1046 539 555 239 653 301 835 299 873 328 881 335 933 412 582 284 640 321 693 273 717 289 714 275 734 289
470 270 581 344 0 87 247 407 638 278 676 311 941 277 1045 478 887 300 948 390 951 394 1049 542 308 284 505 394 580 281 638 320 552 237 653 301 693 272 716 287 882 335 933 411
271 281 475 400 6 129 223 412 948 270 1051 483 889 334 946 410 960 393 1056 544 576 277 635 316 892 291 952 364 832 286 868 312 467 267 577 339 635 276 672 307
438 259 568 339 249 272 469 400 2 102 212 396 954 262 1061 486 895 284 954 363 892 333 947 406 968 389 1065 544 832 281 871 309 632 262 670 293 544 228 653 277 572 272 631 309
213 266 450 403 423 252 551 336 629 255 670 291 2 101 183 392 961 257 1069 489 897 280 954 363 974 387 1070 544 894 331 949 401 557 251 641 301 531 216 634 277 692 248 713 262
412 248 553 336 628 252 667 289 557 252 637 301 2 99 166 388 898 311 953 389 969 254 1076 494 690 247 714 262 193 263 443 408 832 265 870 295 976 387 1076 549 739 245 760 259 529 211 633 278 899 270 952 336
381 246 556 341 554 252 635 302 626 252 666 289 902 312 955 390 0 101 143 389 689 246 714 262 138 268 405 419 528 211 632 281 998 393 1096 552 831 265 870 295 740 245 761 259 304 251 421 295
97 258 403 448 372 249 550 344 552 254 634 304 625 254 666 290 990 260 1100 492 906 311 957 391 527 213 632 282 1002 395 1104 555 0 104 126 388 688 248 713 264 313 250 414 298 911 277 972 365 740 247 761 260 832 266 868 294 804 257 832 281
366 248 547 347 68 261 391 456 543 252 627 306 993 263 1105 487 907 309 958 392 624 254 665 290 528 214 631 281 309 250 409 299 1005 391 1111 555 688 248 712 264 911 275 970 368 740 247 761 260 0 115 111 378 832 265 866 293 805 258 832 281
539 250 624 304 1000 264 1113 484 51 258 385 461 912 307 966 390 327 244 533 346 686 244 710 260 613 250 658 290 1009 388 1118 555 524 212 630 280 832 262 868 291 739 242 760 256 672 247 690 261 301 246 410 299 917 267 971 342
316 240 526 348 8 260 334 487 535 247 618 301 610 246 659 287 915 309 968 385 1009 248 1126 448 832 258 870 289 686 240 707 256 919 263 971 344 1013 384 1127 556 671 243 690 258 770 238 788 255 790 241 813 262 242 243 370 301 507 249 546 289
0 263 306 509 298 236 520 350 530 244 614 299 605 243 659 284 920 310 971 381 921 260 972 344 832 255 873 286 1008 225 1138 538 515 201 632 256 671 240 691 254 792 239 817 261 685 237 705 252 896 258 939 293 246 238 362 304 769 236 786 252 1067 292 1126 399
0 264 281 525 258 239 499 356 526 245 612 301 923 313 975 380 602 245 656 285 924 260 973 344 830 257 876 288 1023 224 1159 539 791 240 818 263 670 240 690 255 514 202 630 255 769 237 785 253 688 238 706 253 897 260 940 294 1033 393 1153 563
513 246 605 306 927 314 979 384 597 249 654 289 1029 229 1167 533 669 243 691 259 240 248 492 381 926 263 975 343 829 261 874 290 0 269 241 588 1035 390 1161 568 790 242 818 266 768 240 785 256 970 289 1028 349 717 241 733 254 690 242 708 256
507 249 602 310 594 253 651 293 1037 235 1177 526 929 269 981 371 668 246 690 263 1031 390 1188 578 765 243 785 260 191 250 458 388 717 243 734 256 3 274 158 589 829 265 871 293 441 251 516 300 130 247 321 357 501 211 612 277
178 248 460 397 499 255 598 322 2 279 141 584 1044 237 1183 526 592 255 649 296 931 269 982 372 1035 393 1197 586 666 247 690 265 111 248 322 379 439 255 511 304 763 245 785 262 498 212 613 275 717 245 736 258 842 274 894 309 792 254 819 277 977 297 1054 358
161 250 456 401 494 253 596 323 1049 235 1190 525 665 247 689 264 1038 396 1201 590 932 267 993 372 592 253 647 296 426 254 501 304 762 244 785 261 493 212 614 273 717 244 736 258 978 297 1056 360 792 254 819 277 2 264 131 600 841 273 894 309
89 238 434 409 483 253 586 324 664 246 689 263 417 253 497 305 934 266 993 372 762 243 784 261 489 210 613 273 1048 236 1198 523 581 251 641 299 717 243 736 257 1063 405 1222 584 978 296 1062 363 791 253 820 275
54 238 415 424 477 252 583 328 1070 234 1223 529 579 253 641 300 408 252 493 304 663 247 687 263 483 208 612 278 935 314 993 390 761 243 784 262 938 266 988 339 1068 403 1235 589 716 244 734 257 790 253 819 275 992 304 1091 374
23 240 397 445 469 253 579 331 389 256 481 309 576 255 639 303 1077 243 1236 529 936 312 994 393 992 305 1095 378 477 207 613 283 662 248 686 264 939 268 987 337 1068 432 1248 607 788 254 819 278 760 245 783 264 716 245 735 259
6 246 360 462 467 256 576 335 996 308 1099 384 470 209 603 286 1085 251 1245 530 378 259 472 318 937 308 993 395 570 257 641 307 787 255 819 281 1066 438 1256 614 759 247 782 266 661 249 686 265 939 271 987 337 715 248 735 261
4 251 332 492 449 259 563 343 465 210 602 285 360 262 457 324 565 259 636 308 938 302 992 395 1016 309 1117 389 785 255 819 283 1110 245 1269 539 1074 443 1259 620 759 248 782 267 1051 275 1088 319
440 261 560 345 4 254 307 515 350 262 457 326 461 210 600 286 561 261 631 314 942 330 993 402 1019 310 1125 393 939 280 988 368 1115 252 1269 531 783 255 818 284 849 280 895 315 832 277 866 310 1048 275 1084 321
4 251 279 524 433 258 558 344 458 208 596 287 334 263 441 325 557 261 629 313 941 332 993 400 939 281 989 366 1036 313 1143 397 1120 252 1272 530 783 254 819 283 1112 400 1273 662 1046 274 1081 323 850 280 893 313 833 277 867 309
417 260 553 347 329 261 439 326 457 204 592 286 556 257 630 307 942 331 994 399 939 279 989 366 1037 323 1151 404 0 254 249 594 783 254 820 282 1128 249 1276 533 644 249 666 265 850 278 895 312 1119 440 1278 630 757 246 782 267 1045 273 1081 323 833 276 868 308 306 261 361 288
394 252 555 348 548 257 622 307 940 277 991 366 942 331 996 398 643 248 664 264 457 200 586 286 325 259 433 323 782 252 820 279 1156 267 1272 496 2 241 221 532 1044 326 1150 404 758 245 781 266 747 244 767 260
378 252 546 352 542 255 621 308 940 275 992 368 298 258 412 328 943 329 996 398 446 201 577 285 642 247 663 264 782 252 819 278 746 244 766 260 1090 325 1194 413
356 261 544 365 536 255 618 309 278 260 391 331 940 275 994 369 943 329 996 399 444 201 577 286 640 247 663 264 781 252 820 279 1167 402 1269 574 1091 325 1200 421 745 244 766 261 31 258 137 326
331 259 529 370 530 259 614 317 940 276 994 369 268 261 391 335 942 330 996 401 439 202 576 286 639 247 663 265 13 259 117 329 1093 317 1241 439 780 253 819 281 1172 403 1271 577 745 246 766 263 1021 269 1067 340
307 256 526 380 939 275 993 369 526 253 617 312 423 192 594 295 8 259 111 332 941 331 995 399 639 246 662 263 247 262 370 334 1017 267 1065 341 744 244 765 261 1121 318 1265 439
286 254 523 387 938 273 991 369 416 187 590 290 515 256 605 320 1014 265 1065 341 4 258 106 335 744 242 765 259 640 244 661 261 224 261 345 336 1130 316 1267 440 942 331 995 395
258 250 497 390 510 250 605 312 937 268 991 369 410 179 589 284 0 258 84 334 1013 260 1063 338 744 238 763 256 215 257 345 335 640 240 660 258 1160 308 1268 450 776 242 815 272
242 250 489 397 507 249 603 312 936 265 993 370 407 178 591 284 0 258 82 338 199 260 318 334 744 236 762 254 639 238 660 256 777 242 816 271 1003 260 1053 336
500 247 603 314 936 263 993 370 384 179 581 290 190 255 462 407 777 243 816 270 1000 259 1052 336 744 236 762 254 640 238 660 256 861 258 891 294 188 262 322 326 0 259 79 339
149 247 489 441 379 181 577 294 938 316 997 387 490 251 603 326 938 262 990 344 743 237 763 256 997 260 1052 337 641 241 660 257 778 244 814 271 623 243 641 260
88 254 435 466 375 184 569 298 480 253 590 327 938 317 997 388 939 261 987 344 742 239 764 259 985 293 1061 354 994 259 1050 338 643 243 660 258 781 250 819 275 622 246 641 263 692 241 709 254 877 273 913 312
46 257 420 489 474 254 586 329 369 183 560 302 937 316 996 388 740 239 764 260 932 259 982 346 983 292 1064 357 620 247 640 263 779 250 818 276 993 259 1049 339 644 244 660 258 691 241 710 255 877 274 914 314
358 181 555 302 467 254 581 330 930 257 981 347 739 240 763 260 619 246 638 263 991 258 1048 339 778 250 818 277 21 256 415 498 645 243 660 257 691 241 710 255 978 291 1065 360 937 313 995 388 878 274 915 313 669 243 683 255
350 180 552 302 452 254 564 334 8 269 342 609 618 245 636 262 930 257 980 347 739 239 761 260 545 246 598 305 989 259 1047 339 669 242 683 254 778 250 818 277 691 241 710 255 646 243 660 255
441 253 564 337 328 178 537 301 14 259 310 654 618 244 637 261 930 258 978 345 738 240 760 260 669 242 684 254 691 241 710 255 777 250 817 278 934 307 1062 383 543 246 595 304 646 242 659 254 988 259 1046 339
326 178 529 304 435 254 564 341 10 262 288 651 928 258 976 346 777 250 817 278 934 306 1063 385 617 245 637 261 530 242 589 310 737 241 760 261 669 242 683 254 692 242 710 256 645 243 658 255 975 258 1032 345
317 178 516 308 416 257 550 348 932 308 1062 389 776 251 817 280 524 245 586 312 921 262 977 372 617 245 637 262 692 243 709 256 1 255 238 696 972 257 1032 348 736 242 759 263 670 243 684 255 882 276 917 312 645 244 658 256
305 177 509 311 387 264 543 364 929 309 1065 392 774 252 817 281 519 247 582 315 918 262 976 374 617 246 636 262 1 272 163 400 597 248 618 266 162 266 254 316 882 276 918 314 971 256 1034 354 855 277 893 310
366 266 539 367 292 176 509 315 133 266 237 318 772 253 817 281 912 293 1079 392 594 247 617 267 5 275 152 400 916 261 976 377 509 256 580 321 619 246 636 262 720 244 741 262 855 279 896 311 883 277 918 314
264 171 499 315 340 264 530 376 493 251 575 327 129 266 233 319 771 253 817 282 592 247 615 267 919 259 975 339 856 279 897 311 0 273 80 425 620 246 637 261 94 295 175 356 986 264 1050 375 884 277 919 315
326 266 523 384 253 170 493 316 486 251 572 329 112 267 211 322 771 253 817 283 590 247 615 268 915 260 976 381 70 293 157 362 620 246 637 262 857 280 898 312 718 243 740 263 883 278 918 316 987 264 1052 378
307 268 516 393 240 170 486 318 481 254 568 330 107 269 209 324 772 254 817 284 591 248 615 268 914 261 975 382 619 247 637 262 69 295 151 363 978 260 1067 404 858 281 900 314 901 326 994 403 879 278 916 317 646 246 661 259
226 168 483 319 475 254 567 331 266 269 501 400 771 255 819 285 83 270 192 327 976 262 1069 419 590 247 616 268 618 247 637 263 716 244 741 265 897 324 992 406 914 262 974 382 5 305 62 385 875 278 915 316 666 244 688 257 647 246 662 260 42 309 131 372
245 269 497 411 205 145 492 347 465 254 561 333 79 269 190 328 772 253 821 284 991 262 1094 434 590 246 614 267 618 245 637 262 716 244 741 263 895 305 990 396 1 299 35 391 42 307 124 373 873 278 914 314 646 245 662 259 666 243 687 256 917 262 971 333
178 158 475 307 457 248 560 334 56 267 170 328 589 243 613 264 896 304 993 396 717 239 741 259 618 241 636 257 235 268 485 414 775 251 822 280 917 257 975 337 3 303 60 381
159 151 471 300 447 242 560 335 51 265 165 327 972 303 1144 454 147 263 491 453 899 304 994 397 588 238 613 260 918 249 979 348 778 242 822 270 1 307 77 379 720 234 741 254 619 236 636 252 762 240 783 262
69 268 467 472 435 238 561 338 147 145 464 296 903 304 995 397 779 238 828 268 589 235 614 257 31 262 148 329 5 303 62 381 764 236 784 257 979 310 1146 459 919 243 983 359
29 274 457 495 429 238 562 340 25 263 145 333 143 148 464 308 908 305 996 398 589 236 615 258 781 237 825 265 1016 359 1197 494 768 235 787 256 920 245 983 358
123 139 446 319 418 246 556 343 0 290 443 554 915 259 1002 388 24 267 136 334 590 239 616 261 1028 369 1197 511 794 241 842 271 734 230 759 252 783 238 819 264
0 288 426 596 112 136 447 333 412 248 562 352 923 317 1009 412 737 233 763 255 12 269 115 338 591 242 615 265 798 244 844 272 936 252 1000 386 1058 405 1229 546 618 240 636 258
95 133 448 341 408 254 566 356 0 291 414 643 928 319 1013 415 939 257 1004 384 742 237 763 256 590 243 616 268 1058 412 1235 566 618 243 636 261 804 248 855 279 1049 285 1142 364 642 240 657 255 13 274 102 331
79 129 448 344 3 281 374 693 406 255 568 358 933 321 1018 415 1069 447 1246 614 942 260 1007 385 589 243 617 270 814 249 869 281 617 244 637 264 558 243 594 272 642 241 659 257 1072 286 1166 368
8 284 348 708 402 256 571 370 64 121 447 351 942 321 1033 415 615 242 639 263 556 241 597 272 1073 461 1255 622 589 240 619 269 640 238 660 256
396 251 578 363 47 109 450 366 6 287 320 707 948 321 1038 407 612 237 642 262 950 233 1039 374 560 240 602 270 811 235 839 260 586 237 618 266 826 237 868 266
389 247 586 367 28 97 457 382 0 296 267 700 956 233 1045 371 958 305 1042 398 846 233 898 266 612 233 645 260 832 231 865 259 583 234 619 262 637 231 660 255 714 222 736 237
400 243 596 367 17 89 463 393 5 326 230 719 966 233 1054 369 975 303 1055 402 582 234 624 262 851 229 896 262 635 228 663 256 788 218 812 240 667 223 690 240 837 228 862 254 690 222 711 239 716 220 736 235 609 230 644 259
398 241 604 371 9 82 468 400 983 303 1061 400 633 227 669 257 976 232 1063 370 870 230 923 264 4 341 153 719 583 236 628 263 857 229 889 257 689 222 713 240 714 221 735 236 606 231 644 259
392 242 612 386 9 75 473 406 998 303 1077 402 811 217 838 241 877 229 920 262 692 222 715 239 635 228 671 258 861 229 885 254 995 232 1084 371 603 233 644 261 714 221 735 237
386 239 619 390 0 54 493 427 1003 305 1079 400 1000 233 1086 371 892 231 946 266 605 235 649 262 655 227 688 255 712 221 735 238 695 222 717 239 867 228 888 253 816 217 839 239 741 219 758 233 881 229 914 260
