

316 141 607 416 639 322 845 483 468 235 652 629 466 437 644 702 626 313 680 377
310 142 602 419 626 323 837 479 461 236 648 626 461 438 641 700 623 310 680 376
303 143 598 421 621 321 833 482 456 234 644 625 458 436 638 703
294 144 592 425 612 324 827 503 437 232 624 632 434 437 628 710
284 144 585 426 607 323 822 503 427 233 620 637
275 144 580 428 601 323 816 503 416 234 615 637
264 145 587 428 595 323 812 503 407 233 610 637
589 322 808 504 256 148 600 427 401 234 606 634
586 321 806 505 249 149 612 425 389 233 581 636 391 436 605 700
584 320 805 507 245 149 613 426 383 231 581 638 376 446 588 711 825 344 914 397
582 320 807 509 245 147 619 427 378 226 581 644 370 535 572 710 827 345 915 398
578 318 810 512 371 221 582 651 243 144 613 429 360 541 566 710
576 317 813 514 363 217 585 659 240 144 605 430 348 541 564 711
560 319 803 512 354 217 586 662 235 141 601 432 339 541 564 712
559 319 802 512 344 217 585 658 231 140 600 433 329 543 538 715
557 318 803 513 226 133 601 435 335 214 578 658 317 543 533 717
556 317 805 512 220 128 606 435 311 212 555 661 303 542 527 719
310 205 550 674 216 123 605 432 554 316 806 513 752 336 836 397
309 201 548 679 554 317 807 512 213 121 605 430 753 334 839 399
305 198 548 679 555 315 806 514 212 117 598 426 753 332 842 400
556 315 804 515 299 196 545 678 208 111 609 423 754 333 846 402
555 316 803 517 203 105 626 420 290 198 543 673 754 335 850 402
553 317 801 517 282 197 539 670 200 105 629 419 755 336 851 403
547 320 798 517 197 101 626 418 276 197 534 666 755 336 851 402
539 316 805 517 197 93 560 418 754 336 853 405 276 196 528 664 502 334 551 423
534 314 803 520 177 92 636 413 251 199 504 664 751 335 854 408
531 312 801 522 167 90 643 412 244 196 496 672 749 334 856 411 489 328 533 431
528 312 801 522 156 89 652 409 233 190 490 682 749 332 858 413
522 314 800 521 145 88 663 406 746 331 861 413 227 181 481 686
513 314 800 521 136 88 675 404 742 330 864 414 175 182 480 708
503 314 798 521 132 86 678 402 166 178 472 702 740 331 865 413
493 314 795 522 153 84 605 413 741 332 866 415 157 176 472 696
484 315 793 522 741 333 868 418 147 173 475 694 140 75 683 456
477 315 792 523 741 334 873 419 113 173 441 708 147 73 679 462
476 314 793 522 113 169 437 709 153 70 678 462 750 334 885 419
478 312 793 522 186 70 642 412 739 331 893 436 113 169 435 706
482 310 795 524 202 64 640 417 115 169 434 702 745 331 902 439
482 308 800 526 218 55 639 420 120 165 432 700 748 331 909 443
482 307 803 527 220 54 645 421 116 163 432 699 764 334 925 443
477 307 804 527 222 53 648 420 107 160 434 702 766 333 931 448
473 306 804 529 223 57 653 422 95 153 432 708 768 332 938 452
468 306 806 530 226 57 652 423 89 144 429 714 768 331 943 458
466 306 807 532 229 57 657 423 87 138 423 717 772 332 948 459
464 306 808 533 232 55 657 421 86 134 420 718 777 332 954 463
463 306 807 536 236 54 662 422 785 333 961 468 86 132 416 718
463 306 808 538 237 53 663 423 786 334 969 473 85 128 414 718
463 304 809 540 237 54 672 424 85 105 408 693 785 334 976 475 28 420 432 719
463 304 812 542 216 53 709 443 797 330 993 479 80 102 409 694 26 418 430 719
461 305 815 545 218 57 711 445 800 327 1002 484 77 100 410 696
221 59 711 447 461 304 817 548 806 323 1013 489 74 100 410 695
226 60 714 448 460 301 820 550 814 328 1020 497 73 101 414 693
233 57 715 446 463 297 823 554 815 328 1032 499 76 100 414 694
235 55 722 444 465 296 825 557 80 102 414 694 814 329 1042 500
468 295 827 561 232 58 729 442 832 323 1062 509 84 100 413 696 34 423 431 719
470 296 829 563 229 64 735 441 835 322 1068 512 82 102 415 696 30 423 431 719
471 297 835 566 228 70 736 444 836 324 1081 514 80 106 416 694 29 424 428 719
473 297 840 568 234 72 731 448 817 320 1111 514 75 133 414 714
474 296 844 571 819 318 1123 519 237 75 770 452 77 136 415 713
475 296 846 571 253 88 709 430 820 317 1133 522 76 136 416 711 829 334 870 449
474 295 848 573 257 90 703 431 845 319 1138 526 76 136 416 711 14 309 107 379 831 335 874 451
470 296 851 572 259 91 700 432 846 317 1149 535 77 137 414 710 14 312 111 379
465 296 854 573 847 315 1163 542 260 93 698 431 79 141 412 708 16 314 113 380
461 296 853 575 851 314 1175 546 259 94 699 431 80 144 411 705 17 316 113 381
456 296 853 583 856 313 1194 552 255 104 749 438 79 148 411 704 21 319 108 381
449 296 854 593 859 311 1208 557 260 111 745 443 76 148 411 704 21 321 103 381
265 119 744 448 861 310 1224 560 443 293 857 600 74 149 410 707
268 122 742 444 862 310 1233 562 435 292 860 606 74 146 408 709
275 123 737 443 865 307 1250 568 425 290 864 615 79 148 404 705
279 124 731 441 80 152 401 700 866 302 1266 577 411 296 872 627
84 155 401 696 284 123 723 435 379 285 904 671 864 292 1279 586
83 148 398 699 860 281 1279 591 374 275 904 670 285 117 724 426
860 268 1279 595 83 139 399 705 364 253 904 666 285 108 729 409
81 113 410 687 862 261 1279 602 289 102 730 397 354 240 906 668
85 112 412 688 893 253 1279 621 290 99 727 388 346 228 905 673
895 253 1279 628 300 102 711 389 95 132 397 703 341 238 904 676
902 250 1279 632 304 107 702 390 342 243 901 673 95 148 388 697
322 114 691 388 906 253 1279 629 340 257 904 671 92 161 380 697
339 121 692 387 341 265 905 673 912 254 1279 632 84 178 374 699
357 125 698 387 339 273 906 676 913 256 1279 635 74 193 371 704 803 311 882 381
364 136 700 384 333 278 904 679 910 251 1279 636 61 212 368 707
330 276 901 678 371 146 694 379 908 248 1279 634 49 229 371 708 787 313 869 380
333 272 898 678 375 159 687 375 42 238 378 709 909 245 1279 635 787 313 868 376
340 267 900 678 40 242 388 707 915 245 1279 639 385 169 683 378 33 530 402 716
349 256 900 680 36 251 399 707 922 248 1278 646 415 156 611 354
355 249 901 684 927 254 1277 647 33 259 407 705 425 170 615 367 285 339 378 390 803 320 884 386
360 246 902 688 53 273 386 705 927 256 1277 648 285 342 387 395 432 176 622 367 803 322 886 387
363 254 905 689 56 279 390 701 924 258 1277 648 438 189 677 362 306 345 398 394 803 323 888 388
373 260 906 691 65 279 389 700 922 258 1278 650 452 195 675 366 807 325 892 387
383 270 906 693 71 276 384 701 920 260 1279 651 463 201 681 367 810 331 898 395 341 350 420 394
391 279 905 694 77 271 374 704 924 262 1278 651 476 208 727 359 820 333 908 396 345 350 425 395
395 288 906 691 74 268 364 703 932 263 1277 654 486 212 726 357 822 336 910 397
403 291 915 688 81 258 364 700 951 269 1276 654 506 216 726 351 823 336 920 400
414 285 923 689 969 272 1278 656 100 258 355 698 854 337 948 401 545 220 773 335 425 343 532 390
418 284 929 689 977 274 1279 660 105 254 359 701 860 338 947 398 427 342 535 387 557 222 772 328
410 279 924 691 98 260 355 706 975 269 1279 668 855 336 942 398 428 344 529 389
397 278 914 692 964 264 1279 673 88 275 346 706 844 335 941 399
387 272 904 694 953 260 1277 672 81 288 336 703 827 333 913 396 908 286 989 561
380 270 896 697 944 258 1276 670 63 279 301 713 809 333 898 393 895 275 965 577
