

779 0 1248 719 276 424 368 483
776 0 1248 719 277 425 368 482 411 331 859 624
769 0 1248 719 279 426 370 481 405 340 863 616
758 0 1250 719 398 416 865 651 284 427 372 480
749 0 1254 719 394 416 863 649 288 428 374 480
739 0 1256 719 392 410 862 649
734 0 1257 719 387 407 862 649
732 0 1258 719 383 411 862 650
726 0 1261 717 377 416 865 655
716 0 1266 712 375 406 867 663
706 0 1269 707 367 396 873 671
699 0 1269 703 360 383 874 672
706 0 1269 696 353 384 883 668
669 0 1262 695 363 337 886 632
675 0 1255 691 364 328 894 630
715 0 1260 691 358 289 899 656
725 0 1256 686 361 319 884 623
736 0 1252 681 360 320 877 621 16 398 206 572
728 1 1254 661 361 318 878 620 16 392 219 571
670 35 1256 637 360 317 874 620
661 64 1254 622 355 313 873 619
652 91 1258 614 347 309 868 615 48 385 287 547
647 102 1261 621 351 306 863 615 71 388 289 539
641 116 1269 619 375 306 851 615 107 380 314 521
642 120 1268 624 382 308 844 620 125 378 318 518
640 116 1265 625 379 308 844 621 142 377 322 514
646 112 1254 627 360 310 844 624 146 376 324 510
647 104 1237 624 365 309 834 623
365 311 826 622 655 110 1211 609
347 313 808 613 656 116 1184 596
659 129 1167 585 344 315 808 612
657 140 1159 585 352 315 796 613
357 320 789 613 655 145 1161 585 1124 436 1261 563 252 413 357 485
360 323 782 616 650 161 1161 586 1125 438 1262 562 260 418 356 484 2 378 117 590
645 166 1164 590 359 323 779 615 0 336 140 613 1146 430 1254 568 265 418 355 484
648 175 1158 593 356 321 775 623 0 338 163 602 1154 430 1257 569
650 158 1161 598 355 317 767 625 5 369 220 572
351 323 767 627 651 137 1160 599 4 365 226 567
3 366 245 562 348 323 768 623 651 123 1158 601
4 372 261 554 347 325 775 625 647 122 1154 606
346 321 772 624 649 129 1150 610 10 368 294 563
648 128 1152 612 340 322 771 620 22 386 295 542
645 119 1159 608 35 391 298 537 336 329 765 614
643 118 1175 611 322 335 768 621 39 400 301 532
639 117 1192 614 119 403 313 523 306 373 774 690
648 129 1200 617 289 280 783 688 137 404 313 519
653 125 1195 615 290 275 779 688 138 391 322 513
653 124 1203 610 285 273 774 693
656 134 1197 589 311 312 743 630
657 147 1197 573 316 308 734 616 221 398 332 494
656 149 1200 579 317 306 731 609 225 399 331 495
646 151 1196 600 310 313 731 630 234 402 331 494
631 143 1195 619 299 318 730 655 3 405 150 556
622 143 1177 615 295 317 723 669 1 396 160 574
616 128 1186 614 292 320 719 664 1 354 171 589
612 124 1192 618 300 333 707 650 3 372 177 570
604 112 1199 624 305 341 695 645 2 375 176 557
596 104 1200 628 0 374 250 552 313 344 684 644
589 96 1207 629 0 379 257 548 316 343 676 645
580 100 1214 628 319 344 671 640 8 381 258 546
570 103 1223 626 321 345 666 631 55 389 280 539
561 106 1230 628 311 337 647 625 80 395 283 536
556 104 1235 629 316 331 636 619 118 404 299 525
549 100 1243 629 324 336 621 608 140 408 302 523
545 99 1247 624 0 347 159 627 153 409 308 523
541 94 1252 626 0 354 213 613 182 411 329 519
543 97 1249 624 335 341 601 578 0 355 222 602 220 425 330 507
542 98 1242 625 0 382 248 572 226 427 332 502
525 110 1211 617 5 384 262 561 340 401 586 574 260 412 351 485
529 116 1197 621 22 394 295 549 343 402 585 570 266 413 355 484
530 123 1184 622 39 395 299 544 347 403 584 568 284 412 365 486
531 141 1164 623 349 409 585 565 51 401 304 542
528 151 1150 622 354 406 582 562 115 407 334 534
531 163 1136 617 153 413 354 528 356 405 581 563
529 164 1133 614 168 414 355 526 359 405 577 563
527 157 1131 617 185 416 357 522 361 410 570 561
521 143 1140 619 199 417 361 519
516 128 1149 621 220 428 345 505
513 121 1159 617 226 429 347 502
510 112 1166 619
504 106 1175 616 253 434 354 496
498 99 1184 613 263 419 357 481
491 98 1188 607 267 420 359 480 354 418 543 536
490 99 1192 603 284 420 367 479 353 421 544 537
492 101 1193 604 291 421 369 479 355 422 542 535
494 101 1192 612 305 423 366 478 356 420 539 535
494 101 1190 622 308 423 367 478 2 442 151 602 356 417 537 535
490 100 1190 626 342 420 520 536 3 436 154 602
486 102 1194 622 353 421 540 537
482 102 1198 619
484 103 1199 618 1 396 254 553
483 103 1197 622
481 103 1195 626 58 380 280 521
476 100 1197 632 81 401 284 528
476 98 1199 634 108 404 315 526
476 97 1204 635
477 97 1204 639
476 98 1204 640
