

772 191 925 481 409 347 508 391 1125 127 1205 326 513 314 588 373 5 471 61 568 844 133 860 153
772 190 925 481 408 346 506 390 512 311 587 372 1127 124 1201 323 1162 119 1243 331 843 132 860 152
771 189 926 481 976 157 1157 411 406 345 504 391 512 310 586 372 1129 123 1201 319 1163 115 1245 330 583 291 640 345 1 459 78 527 217 420 256 470
772 187 929 481 980 152 1158 416 404 344 501 391 512 308 584 372 1163 114 1246 324 0 455 61 531 1206 111 1277 327 582 290 637 344 1131 124 1202 313
772 185 932 483 983 147 1160 421 402 343 499 391 512 309 582 371 1216 106 1276 330 1158 114 1240 321 580 289 634 344
771 181 934 486 984 142 1161 427 400 342 496 391 1161 106 1242 308 1218 111 1276 325 511 309 579 371 577 289 632 344
767 179 934 487 996 231 1189 438 386 345 486 394 1168 105 1249 306 1218 111 1276 326 8 465 61 570 811 326 936 509
763 176 933 486 1000 226 1196 437 386 342 486 395 497 308 572 373 1176 107 1256 301 569 291 624 342 810 326 936 509
763 171 938 488 1004 227 1205 436 383 341 486 395 495 306 570 373 566 290 621 341 1207 100 1277 300 1014 139 1129 331 810 326 937 508
764 166 942 494 1009 232 1216 439 381 339 484 395 492 306 568 373 5 470 56 560 568 291 619 341 1003 105 1147 388 1210 104 1277 293
768 159 948 502 377 340 481 395 1014 235 1224 440 1018 101 1181 388 492 306 566 372
770 157 950 503 373 340 477 396 1029 96 1187 388 492 305 563 371 1038 237 1243 432
773 156 952 497 370 340 474 397 491 304 561 372 1034 114 1214 441
1051 112 1255 453 771 156 953 496 361 343 464 399 491 305 559 371 16 434 108 507
1061 106 1262 452 770 152 954 498 358 344 462 400 490 305 558 371 10 435 107 511 552 288 607 341 312 374 351 409
1068 109 1270 447 769 149 959 503 352 345 461 401 488 306 556 370 311 374 351 410 637 262 715 313 844 94 859 112
770 150 964 502 1073 110 1273 450 346 343 460 401 486 307 554 370 845 90 860 108 634 258 717 308 214 389 296 444
771 153 967 498 1073 113 1276 452 341 343 460 403 478 306 550 372 845 86 860 105 633 258 716 308 191 392 282 450
772 154 967 497 338 344 459 404 1095 122 1278 457 480 307 546 371 533 290 592 343 844 84 860 103 191 396 277 452 633 258 715 307 286 380 331 415
773 154 966 498 330 345 448 409 1101 113 1277 462 477 307 546 372 532 291 591 343 190 396 275 455 633 259 714 308 844 82 862 103
775 154 963 501 327 345 447 410 1120 47 1271 419 474 306 544 373 531 292 589 343 633 265 712 310
776 156 964 500 325 345 446 411 471 305 542 374 1129 38 1272 428 528 293 587 344 633 265 711 310 849 72 862 92
776 157 966 497 320 347 445 413 469 305 540 376 1141 34 1273 430 525 292 584 346 634 265 711 310
776 159 967 495 318 353 444 421 465 307 538 377 519 294 580 349 1143 178 1279 483 633 264 711 310 9 448 63 540
774 157 967 500 310 355 443 423 461 310 536 379 1164 221 1278 447 633 264 710 311 516 295 576 349 862 65 877 83 4 452 60 537 145 419 228 475
773 156 965 502 305 357 443 426 456 311 535 382 1173 222 1278 453 865 61 881 80 509 299 567 354 633 264 709 312
770 155 963 503 297 361 432 428 445 311 527 385 1194 213 1279 458 632 264 709 312 870 61 885 79 507 300 567 354
764 159 958 504 294 362 432 430 443 313 523 389 1202 209 1279 460 504 302 564 356
757 164 954 510 290 363 431 433 438 315 520 391 502 303 562 358
748 169 950 518 285 364 431 436 437 318 516 392 499 305 559 359 1049 180 1089 213
282 365 430 437 759 219 960 545 435 319 515 392 498 304 558 361 1050 184 1091 217 1081 182 1114 208
278 366 430 440 740 168 910 514 768 326 956 538 492 310 554 364 1080 186 1115 213 1051 189 1092 221
273 366 432 441 766 308 945 546 736 174 906 507 490 312 552 365 1082 191 1114 217 1102 185 1129 208
268 367 434 442 731 179 906 507 416 328 503 400 763 326 939 542 488 313 550 366 61 429 157 503 1103 189 1130 212
730 183 903 507 265 367 437 442 762 315 932 547 419 331 501 398 488 314 549 368 42 432 137 509
726 202 913 540 418 332 497 399 244 371 435 439 485 314 544 370 37 432 134 507
722 201 909 543 416 332 493 398 250 364 451 443 485 315 543 372 14 435 112 510 1228 181 1262 212 216 406 254 439 1158 191 1180 208
718 202 904 545 230 364 444 444 485 315 540 373 7 431 110 509 1226 184 1265 213 1106 209 1135 233 214 404 255 436 1159 195 1180 213
230 362 444 445 719 203 898 544 413 332 488 397 5 427 102 508 1229 185 1266 213 211 403 253 434 1107 211 1137 235
230 359 444 444 716 212 889 542 412 334 485 394 1 426 85 509 1248 186 1276 216 208 399 252 432 1231 187 1261 211 760 372 890 559
242 357 465 441 714 220 882 538 1249 187 1278 219 2 424 80 506 957 250 985 304 757 372 884 560 1129 210 1153 231 1210 195 1228 211
240 353 468 440 709 218 852 543 1252 188 1279 219 725 365 888 565 2 415 76 489 1211 196 1229 211 1130 210 1153 230
243 349 469 437 709 219 851 538 1252 188 1278 217 3 414 67 489 1212 195 1229 210 1131 209 1154 229 726 368 885 562
241 345 474 438 708 220 849 533 1255 191 1277 214 2 412 61 491 631 280 712 334 1212 195 1228 209 1131 209 1154 229
242 342 479 435 709 222 844 525 1258 194 1276 212 633 279 714 332 1212 196 1227 208 0 419 37 511 359 112 417 139 394 287 408 304
241 337 487 434 733 334 856 533 700 213 838 485 0 404 38 496 360 105 416 133 1261 196 1276 210 1212 196 1226 207
243 333 492 429 703 218 820 461 732 332 853 525 0 403 31 491 1212 195 1227 207 50 397 77 454
245 329 503 428 694 213 836 483 732 332 851 518 1212 194 1227 206 46 395 74 454
246 327 512 428 692 214 837 481 720 335 845 509 186 359 270 416 1134 210 1157 230
247 323 519 430 692 214 838 479 722 336 844 503 186 357 271 417 42 391 88 465 1135 210 1159 230
248 321 523 432 702 221 818 456 725 337 841 500 186 356 271 417 43 388 92 468
261 317 540 432 705 222 818 458 727 338 838 497 185 357 272 416 42 389 89 468
259 316 551 433 707 226 817 457 730 337 834 495 182 358 277 416 1155 205 1179 226
260 315 562 435 708 226 816 456 180 360 281 417 1154 205 1182 227 732 337 831 494 1258 194 1272 206 1186 199 1201 213
259 314 571 435 710 227 816 454 181 360 283 418 733 336 830 493 1258 193 1273 206 1155 205 1183 229
263 313 582 434 711 224 815 451 185 360 279 419 1258 192 1273 206
268 312 591 435 713 224 815 446
291 307 613 436 714 225 816 443 367 58 433 87 260 341 297 439
299 307 616 437 716 226 819 442 1099 218 1137 298 261 342 302 444 114 384 209 439 365 56 435 86
304 307 629 439 717 229 820 439 111 385 208 441 261 342 303 447 190 367 279 426 1103 216 1140 298
305 307 644 441 719 232 820 433 110 386 205 444 193 368 277 427 260 343 303 448 42 401 82 483 1128 217 1165 296
305 306 658 442 720 235 820 429 107 387 204 447 195 370 276 427 372 40 438 71 1260 195 1272 209
304 306 661 443 722 237 821 428 108 387 204 446 197 371 277 428 1259 196 1272 210 373 38 440 69
328 305 685 445 726 239 823 426 197 371 277 430 106 389 205 447 1204 205 1232 231 1259 197 1272 211
339 304 693 448 730 241 825 422 196 372 277 432 104 390 205 450 69 393 107 469 753 325 836 429 805 255 883 325 1260 198 1273 211
333 297 722 463 735 243 825 419 83 392 195 462 808 254 887 326 194 372 276 433 755 324 838 428 62 400 102 477
336 297 730 464 739 243 822 415 757 305 843 442 83 393 193 463 811 254 894 327 192 373 275 434 50 399 87 483 373 16 445 47 295 356 375 402
343 296 746 463 741 243 821 417 79 393 190 463 762 305 849 440 824 257 914 329 291 355 376 403 43 403 83 483 367 8 449 46 188 371 273 437 244 346 281 451
350 294 765 463 74 393 187 462 752 251 848 428 822 255 926 331 286 354 378 403 12 402 56 490 176 386 255 443 240 345 277 452 362 2 448 42
361 293 780 465 754 249 850 426 66 394 168 465 175 387 253 445 10 405 55 489 846 259 943 332 283 354 379 402
366 292 789 467 759 249 852 425 61 393 169 467 167 388 252 450 843 259 952 334 2 400 36 494 281 355 381 403
380 289 833 464 51 391 168 467 762 253 854 423 160 386 249 450 842 260 955 332 1 398 29 496
387 288 839 469 42 390 167 467 766 258 857 421 154 383 248 452 865 260 980 338
397 284 847 473 36 389 166 467 767 261 860 416 155 386 231 445 858 258 989 339 331 352 385 389 266 357 348 404
403 283 853 474 30 388 158 468 773 261 868 416 153 385 231 445 859 257 986 338 332 352 387 389 265 357 347 403
412 276 870 475 25 386 162 465 919 254 1021 337 150 384 230 446 778 256 874 416 267 357 349 402 334 353 390 388
425 270 887 476 22 384 164 462 269 357 351 402 801 254 904 422 914 251 1034 338 352 349 400 383 148 383 230 448
434 264 909 476 21 382 164 459 943 250 1051 340 271 356 354 401 351 347 406 383 430 332 482 359
457 266 957 470 21 380 163 457 282 350 375 398 434 331 482 360 353 346 411 383 942 249 1058 339
474 262 971 473 17 379 159 454 282 347 375 395 958 236 1156 341 144 368 233 437
493 259 986 473 11 376 155 452 281 344 375 393 958 234 1151 341 138 365 232 436 379 332 429 366
511 255 1002 471 6 375 148 453 280 340 377 390 458 318 504 343 986 227 1222 340 130 361 230 436 379 329 430 364
526 257 1005 473 4 372 135 459 282 339 378 390 990 228 1217 340 127 363 230 437 460 317 506 343 379 328 434 364 481 316 522 340
569 250 1085 482 3 374 134 463 285 340 380 391 1004 229 1210 343 481 316 526 341 124 369 210 437
604 250 1077 493 2 376 132 467 287 344 384 394 1054 227 1255 340 484 317 528 341
639 247 1077 501 0 379 133 471 1067 228 1252 341 288 348 387 397 506 316 548 339 640 293 663 312 404 329 459 367
0 382 133 475 693 241 1136 505 1123 223 1275 335 300 343 403 396 508 317 551 341
730 235 1134 509 0 389 129 492 1127 221 1277 338 300 346 410 402 206 357 301 430 513 317 548 342 534 316 571 339
203 358 304 439 759 230 1159 504 0 396 124 497 1131 214 1276 339 331 344 431 401 295 361 414 416 535 316 576 343
827 211 1204 501 0 414 138 534 196 368 306 460 296 364 420 420 555 314 597 340 354 345 453 401
848 197 1229 497 647 286 706 340 1 424 138 547 193 372 307 466 1161 194 1279 385 324 361 436 423 554 315 600 342
654 279 710 332 865 177 1253 490 142 382 301 488 555 315 600 344 332 363 434 430
936 154 1278 489 656 276 713 328 278 395 379 451 555 315 602 345 436 340 521 395
953 119 1271 455 81 415 275 549 724 251 775 294 654 273 711 324 267 408 358 469 437 341 520 397 553 314 601 345
961 108 1269 447 87 424 269 557 259 414 360 476 648 272 705 322 436 342 518 400
952 85 1267 445 655 279 694 312 257 420 363 480
935 55 1268 441 206 453 309 531
917 35 1270 442 8 505 163 654 204 459 314 531
