

439 198 527 336 459 259 518 343 1208 168 1278 323
439 196 529 339
438 196 530 339 464 266 526 346
437 196 530 341
438 197 529 341 346 258 375 274
440 197 529 343 466 270 527 344
441 198 529 344 468 273 526 358
441 199 528 344 467 274 525 357
442 199 527 344 466 275 524 357
443 199 527 344 461 272 517 360
445 200 527 345 467 273 524 360
445 201 527 346 466 273 524 360 1155 220 1276 648
445 202 527 345 466 274 524 360 1129 140 1279 639
1106 16 1278 565 445 202 526 345 466 274 525 359
1076 0 1271 577 446 202 527 345 466 275 524 359
1064 0 1271 559 445 202 526 345 465 275 524 359
1046 8 1272 549 446 201 525 347 460 274 516 363
1000 0 1278 570 458 274 515 363 445 201 524 347 1034 263 1276 682
987 8 1273 570 445 200 523 346 457 274 513 363 1028 267 1276 675
982 7 1268 565 443 199 524 345 457 274 514 362
989 20 1230 528 443 198 525 344 457 273 515 361 1018 247 1278 625
982 25 1217 524 984 252 1272 619 442 196 526 344 457 273 515 362
951 18 1184 527 976 251 1260 611 441 196 524 343 456 272 513 361
944 19 1166 529 965 253 1244 599 438 197 521 343 452 262 512 350
907 29 1124 475 917 193 1201 573 450 262 511 349
898 37 1114 510 447 260 509 350 907 260 1187 577 605 163 897 277 442 182 504 270
883 223 1155 546 861 38 1071 468 444 259 507 350 431 180 512 324 604 160 893 277
852 46 1063 502 441 256 505 349 427 179 509 322 884 240 1113 539 603 163 853 272
826 52 1024 493 425 177 506 322 439 254 503 349 607 162 848 272
815 59 1010 482 422 175 504 320 435 253 493 347 613 163 837 271 837 251 1057 512
804 62 996 478 421 174 503 319 434 253 493 347 617 163 828 272 524 228 544 256
779 63 953 439 420 172 501 320 432 252 491 347 524 227 544 256 799 255 1007 492 609 133 821 271 335 242 372 269
770 71 939 431 418 171 500 319 429 251 490 347 525 227 544 255 771 249 975 488 334 241 373 269 611 129 807 273
417 170 498 319 742 78 909 418 427 251 488 347 764 257 955 481 525 227 543 255 332 241 373 270
736 85 896 412 416 170 497 316 427 250 488 346 332 241 372 269 525 228 543 254 759 259 940 475
727 89 878 405 415 171 497 315 426 251 487 345 731 241 908 459 332 240 371 269 524 229 543 254
720 96 871 399 416 172 497 315 726 241 896 455 426 251 487 345 525 228 545 253 331 239 371 269
698 100 853 393 721 240 883 452 416 172 498 315 427 251 487 344 330 237 370 268 525 229 546 252
694 103 839 391 416 172 498 316 427 251 489 346 719 246 874 446 330 237 371 269 527 229 547 252
685 110 827 387 429 251 490 346 417 173 500 315 331 236 372 269 710 250 837 424 629 43 1231 258
677 111 816 384 431 252 492 346 419 174 501 315 702 247 828 420 331 236 372 270 622 45 1243 257
678 242 827 421 433 253 494 348 664 111 800 380 421 175 502 316 332 237 374 271 533 216 560 252
667 121 788 357 686 245 811 417 422 176 504 317 435 256 495 348 538 228 561 253 332 237 376 272
663 128 779 357 425 177 507 320 439 256 504 350 671 244 795 412 333 237 378 273 541 229 563 252
658 131 771 357 670 248 790 408 442 257 507 349 430 178 510 321 602 49 1263 280 543 230 565 253
652 136 765 359 598 51 1265 284 444 259 509 351 666 253 780 405 433 178 512 323
647 138 763 362 601 50 1263 286 447 259 511 352 664 259 772 403 434 178 514 322
604 47 1260 289 451 259 513 351 640 147 757 354 656 260 760 403 437 178 518 322 339 250 377 278
596 38 1264 292 455 261 516 348 637 153 752 348 651 261 752 401 440 179 523 325 340 251 378 279
595 41 1269 297 629 156 732 339 646 260 744 400 446 198 526 341 340 252 379 279
631 158 729 338 605 39 1271 302 646 259 742 397 456 195 537 344 341 252 379 280 465 267 527 345
625 162 722 335 608 39 1269 306 460 194 538 344 633 251 729 394 471 275 527 359 342 254 380 282 396 256 424 277
610 40 1269 311 620 168 714 331 465 193 539 345 629 250 722 391 475 276 530 360 342 255 380 283 396 257 425 279
598 38 1269 313 615 174 706 330 469 194 542 345 631 269 710 383 479 275 532 360 343 257 381 284
602 37 1267 319 613 177 701 330 471 194 544 347 481 274 534 362 343 259 381 286 621 252 707 389
605 24 1264 325 610 178 695 332 474 196 549 347 344 261 382 289 483 273 538 363 626 264 690 379
610 192 694 360 476 198 552 347 615 16 1257 330 344 264 381 293 485 272 540 364
478 200 555 347 608 196 687 362 490 273 549 363 629 11 1253 333 344 265 381 295
480 200 557 347 492 274 551 362 607 200 683 363 804 17 1272 327 344 266 380 295 397 262 428 289
483 199 561 348 495 275 553 362 615 264 676 372 826 13 1258 335 342 267 378 296 396 264 426 290 593 173 674 330
485 199 565 347 499 275 557 364 614 264 674 370 395 266 424 292 340 267 376 297 592 175 674 328
484 197 570 347 501 273 559 367 608 261 665 371 393 267 422 294 956 0 1279 365 590 177 673 326 336 267 374 298
484 196 575 347 503 272 562 369 607 260 666 371 392 267 421 294 976 0 1279 379 336 266 373 297
485 193 580 349 607 260 666 371 388 267 419 295 1033 0 1278 388 506 272 565 369
608 261 665 369 385 267 416 295 500 195 593 351 517 269 578 369 321 275 356 302
504 192 593 350 604 247 663 359 316 275 356 303 521 270 581 366 383 267 414 294
604 245 662 359 506 191 594 351 315 274 354 302 381 266 413 294 524 270 582 364
602 246 660 356 511 183 595 329 372 266 406 294 485 260 515 281 312 274 351 302
371 265 404 293 514 181 597 327 306 266 349 300 484 258 514 279 581 205 666 350
369 264 402 292 304 266 347 300 515 179 599 325 483 257 511 278 474 261 496 275 575 203 664 349
368 262 400 290 304 264 346 299 515 178 603 322 483 256 509 277 474 258 497 274 516 217 679 353
365 260 398 287 519 176 608 321 304 262 346 296 518 219 681 349 485 255 508 276 475 257 497 273
363 257 397 284 523 174 613 321 302 260 345 293 520 220 683 343
360 254 397 281 528 170 616 322 489 247 510 264 523 219 683 339 301 258 345 289 476 250 493 264
359 251 396 280 529 217 683 337 529 165 617 319 490 246 510 262 292 257 340 289 475 249 494 263
536 214 684 335 290 254 340 287 489 243 510 260 532 160 617 315 359 251 395 279 476 246 494 259
287 252 339 284 540 212 684 331 488 239 509 257 356 240 396 273 544 157 612 287 476 242 495 256
283 249 340 282 354 237 396 271 547 155 617 288 487 235 509 255 542 209 683 328 476 238 495 253
281 247 337 281 354 236 395 268 552 219 662 329 475 235 495 251 488 233 508 253 547 158 617 284
280 246 334 280 554 221 658 325 475 233 496 250 354 235 394 267 489 231 508 251
279 242 331 275 337 212 392 267 476 230 497 249 558 224 655 320 536 185 699 308 489 229 508 250 573 160 638 283
277 240 330 275 337 211 392 266 562 226 650 317 476 229 497 249
275 239 329 274 492 221 513 241 563 227 649 316 642 157 699 287 341 226 387 265
273 238 328 274 494 220 512 241 567 229 648 315 341 227 387 265 571 166 666 300 652 208 706 295
271 237 328 274 494 220 513 240 340 228 386 264 578 226 663 315 478 229 496 251 622 160 678 282 668 208 720 292
620 161 682 283 585 226 662 314 339 227 385 263 496 219 512 240 270 235 329 274 671 208 722 294 478 229 495 251
590 229 666 312 339 227 384 263 495 219 512 239 271 234 328 273 544 215 563 236 676 211 725 292 625 163 689 280 477 229 494 251
643 162 707 284 495 218 511 239 264 236 318 275 337 228 383 262 543 215 563 236 603 227 693 309
262 236 318 275 496 218 512 239 474 222 493 242 336 228 382 262 544 215 563 236 609 229 694 308 648 166 712 283
259 236 316 275 496 218 511 238 665 162 731 285 544 214 564 236 623 205 735 304 334 229 381 262
257 236 315 276 497 219 512 239 474 222 492 242 544 214 563 237 326 203 380 263 625 205 734 305 672 166 735 284
256 237 313 278 497 219 512 240 544 214 562 238 630 226 725 306 325 203 378 264 474 223 491 242 477 229 492 250
498 220 512 241 254 238 313 278 544 215 562 239 328 229 379 264 635 229 723 303 474 223 490 242 477 230 491 251 697 173 759 278
498 220 513 241 544 216 561 239 644 227 750 304 476 230 491 251 702 162 800 289 253 240 311 277 474 223 490 242
498 220 512 242 544 215 563 240 321 213 379 270 650 230 743 303 711 160 805 289 476 230 490 252 248 242 311 284
320 212 378 270 545 216 564 240 497 220 512 242 243 242 310 285 474 231 488 253 654 231 743 302 721 162 812 293
319 213 377 270 547 216 566 241 242 242 308 286 497 221 512 242 660 232 746 300 473 231 486 252
319 213 376 271 242 243 307 286 548 218 565 242 471 232 485 252 665 234 751 298 752 206 850 284
