

352 368 495 496 528 405 578 442 569 403 669 467 133 348 239 452 1099 387 1150 463 736 407 762 442 981 401 1016 450 364 257 386 290 790 408 814 442 907 400 934 447 926 397 955 448
351 369 495 496 569 403 668 468 529 407 578 444 127 349 239 453 737 408 762 442 1097 388 1147 463 980 401 1014 451 363 257 386 291 790 410 812 441 907 401 932 447 926 397 954 450 817 406 840 446 2 404 82 494
351 371 496 495 569 403 668 468 529 408 579 446 737 409 762 443 979 402 1013 451 1095 387 1143 463 122 350 238 454 362 257 385 292 906 402 931 449 790 410 812 442 925 397 954 452 3 403 86 495 818 406 840 447 839 405 865 448
352 371 496 495 529 409 579 446 570 403 666 468 737 408 763 444 1093 385 1140 462 978 401 1012 451 110 349 246 459 790 409 811 441 907 402 932 448 361 257 385 291 213 376 320 451 817 406 838 447 3 402 89 496 909 420 943 459
353 371 496 494 529 407 579 445 570 404 665 467 1091 382 1138 461 737 407 762 443 108 348 246 460 976 401 1011 450 790 409 811 441 907 402 932 448 818 407 839 446 360 256 384 290 335 366 396 436 8 406 96 497
355 370 496 493 529 404 579 442 570 402 654 456 1089 381 1136 459 736 404 761 442 104 346 247 460 789 408 810 439 975 400 1010 449 907 400 933 447 334 365 397 436 817 406 840 445 359 252 384 288
358 369 495 492 529 402 578 440 569 400 655 455 736 402 761 440 99 343 249 459 1087 381 1134 457 787 406 809 439 334 362 397 435 907 396 934 447 973 398 1007 448 817 404 841 445
569 397 655 453 528 399 577 438 360 368 495 489 91 340 246 457 736 399 761 438 332 360 396 433 784 404 808 438 908 394 935 446 973 397 1005 446 814 401 841 444 1085 380 1134 455
567 393 655 451 528 395 577 435 362 366 495 485 84 337 246 454 331 355 396 430 738 398 761 435 1077 382 1128 455 782 402 807 438 907 394 936 445 813 399 839 441 838 404 869 441 972 396 1003 445 9 363 111 493
565 390 655 449 528 391 577 433 364 363 495 481 78 334 249 451 331 352 395 428 739 397 761 433 1074 381 1126 452 964 394 995 443 906 394 936 443 781 400 807 436 10 362 113 492 812 398 837 439 840 402 869 438
564 387 655 448 366 360 495 478 528 388 576 432 74 332 254 449 331 350 395 426 741 397 762 432 962 393 994 442 1072 381 1123 451 199 363 312 432 782 400 807 434 14 361 114 492 812 398 836 437 352 236 378 268
564 387 654 447 378 356 489 480 528 388 575 431 54 328 215 451 961 394 993 441 332 345 394 418 198 363 311 433 1069 381 1119 451 742 397 761 431 782 400 807 434 812 398 836 436 22 366 121 492 351 234 377 266
564 386 654 446 378 357 489 478 528 388 576 431 959 394 991 440 332 344 394 418 1065 381 1116 453 47 328 218 449 197 362 311 435 783 399 807 433 813 398 836 436 742 398 761 431 30 371 130 494 900 379 930 428 351 234 376 266
564 387 654 446 378 359 489 478 529 388 576 431 957 395 989 441 322 346 399 430 1062 383 1113 453 54 328 284 448 812 398 835 436 37 375 139 496 899 378 929 428
564 388 654 447 529 389 575 431 379 360 489 479 956 395 987 441 322 347 400 431 1060 383 1111 454 811 398 835 437 53 329 289 447 39 422 168 505
564 390 653 448 528 391 574 432 321 348 401 433 379 361 489 480 955 397 986 442 42 423 176 507 810 398 834 439 1054 382 1103 453
563 391 651 448 528 392 574 432 318 349 400 434 380 361 490 480 953 397 984 443 808 398 834 440 1052 381 1101 453 841 400 864 439 50 424 179 509
562 393 650 448 527 393 574 433 315 350 400 435 382 361 491 480 166 363 301 443 950 396 983 444 1049 381 1097 453 64 425 197 509 807 398 833 440 842 401 864 440 767 401 791 437 76 368 171 495 62 359 111 479
562 392 649 447 528 392 574 433 313 350 398 436 167 363 301 443 383 361 491 479 1047 381 1094 453 949 396 981 443 806 398 833 440 70 424 203 511 767 401 791 436 842 401 864 439 106 359 162 483
561 392 648 447 312 349 400 436 529 392 573 432 171 363 298 442 385 362 490 477 1044 381 1091 453 805 397 832 440 948 396 979 443 767 401 789 435 842 401 864 439 90 365 181 498 888 396 914 442 92 427 219 512
561 392 646 447 312 348 401 435 530 391 572 431 174 362 296 440 386 365 492 475 1040 381 1089 453 96 427 227 514 768 401 788 434 888 395 913 442 805 398 830 440 842 400 863 438 3 310 164 449 942 396 969 441 96 366 180 498
561 392 644 447 310 349 402 435 531 391 572 430 388 366 492 475 180 363 293 440 1037 382 1087 452 941 396 968 441 888 396 912 442 842 400 861 437 767 401 787 435 0 308 160 454 125 369 219 501 794 399 816 437 805 397 828 439 108 360 156 479
561 392 643 447 310 349 401 436 531 392 572 431 388 365 493 476 118 427 251 517 181 363 292 440 940 396 967 441 886 395 912 442 841 399 861 438 0 309 153 458 767 400 787 435 1036 383 1086 451 794 397 817 438 805 396 825 439 115 361 159 479
562 394 642 448 310 350 398 436 531 394 571 431 394 364 495 479 939 397 966 442 0 309 148 462 793 396 818 440 884 398 911 441 185 364 291 440 841 399 862 438 767 400 786 436 1030 384 1080 452 136 369 228 499 143 427 267 517
562 395 641 448 530 396 571 432 310 350 397 437 395 363 494 479 936 399 965 442 0 309 151 465 791 397 817 441 1028 383 1076 453 882 399 911 442 842 399 863 440 766 401 786 436 695 402 714 431 146 427 275 521 187 364 289 437 143 365 228 498
530 397 569 432 562 396 640 448 397 364 494 478 308 350 397 437 935 400 964 443 790 397 817 442 1026 382 1071 454 2 309 157 467 842 400 863 439 694 402 715 431 881 402 910 442 717 400 738 430 766 401 786 435 165 428 296 521
561 397 638 448 530 398 569 431 398 364 493 477 306 350 397 437 789 397 816 441 933 401 962 444 1023 383 1067 455 694 402 714 431 3 308 166 467 841 400 863 439 718 399 738 430 161 418 310 522 766 401 785 434 880 402 910 443
530 397 569 429 561 397 637 448 400 366 494 476 280 350 390 436 1018 384 1064 454 789 397 814 442 932 401 960 445 693 401 714 432 2 309 223 467 718 400 739 430 840 400 863 439 879 401 909 443 179 416 333 521
530 397 569 429 561 397 637 447 401 366 494 476 282 351 390 437 1015 385 1061 454 789 398 811 441 694 401 713 433 1 309 227 466 931 401 957 446 840 400 861 439 718 400 738 430 192 418 341 522 878 397 907 444
531 397 570 429 561 398 637 448 282 351 391 440 402 368 496 476 788 398 809 441 693 401 714 434 1 308 230 466 929 401 955 447 716 402 738 431 1012 385 1059 453 840 401 861 440 230 375 330 504 766 400 783 434 876 395 905 444
531 399 570 431 561 399 636 449 403 369 497 475 789 398 809 442 5 309 234 466 713 403 739 432 694 403 714 434 236 374 335 506 928 400 953 447 1009 385 1053 455 766 399 782 434 839 401 861 440 866 396 892 442
531 400 570 432 561 401 635 449 404 370 498 475 6 313 244 466 711 404 739 434 789 398 810 442 1132 413 1215 472 1007 385 1050 456 694 404 716 434 764 400 781 435 926 400 952 448 864 397 892 442 263 379 362 507 837 400 861 440
530 401 570 432 560 401 634 449 9 316 250 468 405 371 498 475 711 404 739 435 1125 414 1210 473 1003 386 1047 456 255 422 396 523 863 397 891 443 789 399 810 442 694 404 715 435 763 401 781 435 918 402 944 447 836 400 860 441 1145 378 1190 462
530 401 570 432 560 402 634 449 8 319 256 470 406 371 498 474 710 403 738 435 999 388 1043 456 917 400 946 448 1120 413 1204 474 862 399 890 443 694 404 716 435 267 423 408 524 789 399 809 442 763 402 781 434 835 400 859 442 1144 378 1190 461
530 401 569 432 560 402 633 449 407 371 498 473 8 322 253 470 917 400 945 448 710 403 738 436 996 388 1040 456 862 400 888 443 278 421 425 525 694 404 715 434 789 399 809 441 836 401 858 441
530 402 569 431 410 371 497 471 560 401 632 448 1108 415 1190 473 916 402 944 447 711 404 738 436 861 401 888 443 993 388 1037 455 293 423 436 525 6 328 248 469 837 401 858 441 693 405 713 433 788 399 807 440
530 402 569 431 413 372 497 469 1101 415 1184 473 916 403 942 446 332 379 425 512 560 401 631 447 712 404 737 435 860 400 887 443 990 388 1035 453 836 402 858 440 6 331 240 467 787 399 805 439 1122 382 1173 462
530 402 569 431 415 372 497 469 914 403 941 445 560 400 631 446 712 404 736 435 1096 415 1178 473 357 378 448 517 859 400 886 442 835 402 857 441 988 388 1033 453 992 422 1033 457 6 330 237 467 342 451 463 531 1122 384 1172 462
362 378 455 515 531 401 568 431 913 403 939 445 712 403 736 436 560 400 631 446 416 372 498 467 1089 414 1168 470 859 400 886 442 348 451 468 531 983 389 1026 454 834 401 857 441 7 327 237 465
371 377 465 513 530 401 568 431 911 403 936 444 712 404 736 436 563 399 624 448 1084 414 1164 471 860 401 885 441 981 389 1023 454 9 325 237 464 833 401 857 442 747 406 765 433 1098 382 1149 462 360 451 463 529
530 401 569 431 908 403 933 444 712 403 736 437 1078 414 1158 472 563 400 624 448 860 401 886 441 382 377 474 511 978 387 1021 455 832 400 858 443 746 406 764 433 11 325 234 463
530 402 569 432 907 404 931 444 712 403 737 438 279 343 382 446 860 401 886 441 563 401 623 448 977 421 1020 458 1074 414 1152 472 413 374 510 514 980 398 1012 447 398 450 513 533 832 400 860 443 228 404 291 444
422 373 520 513 528 402 569 433 906 403 930 445 712 403 736 439 974 386 1016 459 277 342 382 448 223 404 289 445 562 402 623 449 861 401 884 441 834 400 860 442 417 450 534 533
219 407 288 447 971 386 1013 461 712 404 736 439 905 403 929 447 531 402 568 432 276 341 380 450 431 374 528 510 766 406 787 438 836 401 861 441 745 407 762 436 861 401 884 441 562 402 623 449 426 451 535 533
459 377 554 518 274 327 380 451 711 405 736 439 969 388 1011 461 216 407 287 448 903 403 929 447 766 406 787 439 743 407 762 436 836 401 860 442 569 408 621 440 861 401 884 441
473 376 567 517 271 328 379 451 765 406 787 440 835 400 861 444 742 407 761 436 901 403 928 448 466 449 584 536 567 408 623 441 216 404 285 448 966 392 1010 461 861 401 884 441
486 373 575 518 421 380 488 462 257 333 392 451 764 406 787 440 567 408 624 443 741 408 761 437 835 402 860 445 475 447 588 536 966 400 993 446 821 403 838 442 207 405 275 448 892 404 919 448 861 403 884 441
421 380 500 466 958 323 1274 638 506 378 599 517 964 401 993 447 257 333 394 451 763 407 785 440 741 408 760 437 203 399 276 449 835 403 857 445 892 403 918 450 578 407 621 440 821 404 838 441 961 422 997 460 862 404 883 443
423 380 503 468 954 324 1269 642 518 375 613 515 198 399 273 449 257 331 395 451 962 401 993 449 740 408 759 438 764 407 784 439 893 404 918 451 835 403 854 446 691 407 711 432 862 404 883 445 959 423 996 460 822 404 838 441 520 447 629 536
424 380 505 469 948 326 1263 644 194 401 271 450 531 370 626 513 763 408 783 439 740 408 759 438 257 330 396 451 959 402 990 448 892 404 916 452 714 408 734 435 691 408 709 432 528 445 633 539 862 404 882 448 822 404 838 442 957 422 994 461 835 403 852 446 463 190 536 208
429 381 509 468 190 402 269 451 944 329 1259 643 739 408 758 439 762 408 783 439 257 330 394 452 957 402 988 449 891 403 915 452 551 373 645 515 713 408 734 436 691 408 711 433 822 404 838 443 862 404 882 449 546 446 652 539 463 188 536 206 835 401 852 447
431 380 508 466 185 402 268 452 562 373 658 514 936 337 1262 633 739 408 758 439 760 407 783 439 890 403 914 451 256 329 392 452 954 403 984 448 712 408 735 435 690 408 711 433 821 403 838 443 862 403 882 450 556 448 654 535 835 401 852 446
433 380 507 464 576 372 671 517 928 342 1265 621 255 328 388 451 174 394 261 451 739 407 760 438 890 403 913 448 758 406 783 439 952 401 982 448 862 400 882 449 713 407 734 434 690 407 710 432 820 402 839 441 581 450 675 534
434 378 507 462 172 392 261 451 254 327 386 451 918 348 1271 609 740 406 761 438 889 403 912 447 861 397 882 450 559 404 597 437 588 370 679 519 757 404 781 438 713 406 734 432 536 402 569 428 951 401 980 445 688 406 709 431 603 455 694 532
436 377 507 462 607 372 697 523 253 327 386 451 914 350 1272 607 560 403 603 438 861 396 881 449 888 402 911 446 741 406 763 438 757 403 779 438 536 402 566 426 820 400 839 440
621 367 710 524 437 377 508 462 907 351 1275 600 249 325 387 450 560 402 608 437 740 406 764 438 535 401 566 425 861 397 880 450 888 402 909 447 757 403 778 437 630 456 718 529
634 363 721 523 437 377 509 461 874 358 1270 582 247 323 388 449 561 401 609 435 536 401 566 424 739 405 766 437 887 402 908 446 818 400 840 441 862 399 879 449
864 359 1275 586 437 376 509 460 649 368 741 518 244 321 387 448 561 401 609 435 536 400 565 424 737 405 768 437 886 402 906 444 658 455 740 529 817 400 840 441
860 358 1275 592 656 367 747 515 438 375 510 459 139 351 243 442 241 321 384 448 560 400 610 434 737 404 769 437 816 400 839 441 887 401 906 441 537 400 565 423 665 452 745 528
857 357 1267 600 669 366 758 512 439 374 511 458 135 349 242 444 239 319 382 448 560 399 611 434 815 399 839 440 886 399 905 437 538 400 566 422 861 399 879 446
852 358 1258 597 681 364 769 510 440 373 513 456 129 384 237 450 236 316 383 448 561 398 610 432 814 400 838 440 858 399 879 442 885 399 905 435 539 400 566 421
849 362 1241 595 441 372 515 455 128 347 237 446 691 361 775 508 234 311 386 448 562 396 610 432 813 401 837 439 857 399 882 439 535 393 568 417 452 148 557 170
846 362 1237 589 700 364 790 509 126 347 235 446 442 371 516 454 233 308 396 446 563 394 610 431 534 392 568 417 812 401 836 438 453 145 557 168
841 360 1234 582 708 365 795 507 106 383 221 451 443 371 517 453 230 305 406 445 564 395 610 431 534 392 568 417 811 401 836 437 455 140 559 162 720 430 783 516
838 356 1242 576 715 365 802 508 99 383 217 451 227 303 418 444 444 372 517 452 534 392 567 417 564 395 609 430 811 400 833 435 456 136 561 157 726 432 787 513
831 357 1243 573 722 364 809 504 221 301 425 445 92 383 213 451 449 372 513 451 535 392 568 417 565 395 608 429 739 434 801 515 457 133 562 153
827 357 1242 572 81 385 204 453 727 360 813 503 216 297 427 446 450 372 514 450 535 392 568 417 565 394 608 429 743 433 804 514 454 131 564 150
823 358 1228 569 72 382 201 454 734 360 818 502 209 294 435 447 450 372 515 451 535 392 568 417 565 394 608 429 708 399 737 431 748 429 808 513 12 373 95 434 453 125 565 147
820 359 1215 567 65 380 196 456 738 360 822 502 450 372 516 451 203 292 440 448 535 392 568 417 565 394 609 429 455 121 565 144 710 400 738 431 5 370 85 434
819 358 1203 566 52 386 180 457 196 290 448 449 450 372 516 450 742 359 824 503 5 373 82 433 565 394 610 429 535 392 568 417 456 117 564 141 770 434 824 515
817 357 1197 568 46 387 179 458 192 292 446 450 451 373 518 451 750 362 833 509 563 395 611 430 2 375 78 432 536 393 569 417 457 113 565 137 773 436 825 515
819 355 1189 567 39 386 174 461 188 293 443 451 452 374 520 451 752 361 834 508 563 396 610 430 0 375 75 432 536 393 569 417 457 111 566 134 774 434 826 515
819 353 1184 567 185 294 441 451 454 375 522 452 752 362 837 504 21 388 159 463 563 397 609 430 455 109 567 130 775 434 828 514 0 375 72 431 537 394 569 417
822 353 1180 565 12 387 159 467 455 375 523 453 183 293 444 452 752 363 840 499 564 398 608 430 778 435 831 515 455 107 567 127 0 376 61 430 693 402 709 424 714 403 736 428 536 394 568 417
823 353 1179 564 6 386 154 468 456 375 523 453 181 291 446 454 752 365 842 497 563 400 608 430 779 436 834 515 692 402 709 424 452 106 568 125 0 375 58 429 714 403 735 428
824 354 1177 564 456 375 523 453 6 385 130 469 751 365 843 497 180 289 447 455 563 399 609 430 781 436 835 513 121 336 185 441 692 402 710 425 714 403 735 428 257 88 310 163
826 355 1175 562 4 384 128 473 457 375 523 454 751 365 845 499 562 399 610 431 178 288 445 457 255 83 307 160 781 436 836 511
831 357 1175 563 2 382 122 476 457 376 523 454 749 366 846 501 563 400 610 432 253 80 305 158 175 289 442 457 110 335 177 443 530 93 571 117 540 400 566 421
835 358 1174 563 1 379 113 478 748 365 847 502 562 400 610 432 459 376 528 453 108 335 174 443 252 79 303 157 172 288 440 459
838 358 1177 562 749 366 847 505 562 401 609 432 459 376 528 453 105 337 170 442 3 378 103 478 170 288 438 458 250 79 302 156 455 85 567 110
839 357 1178 560 750 366 849 507 562 402 608 432 460 376 529 453 103 337 166 443 156 278 393 468 0 378 87 478 461 84 583 104
841 357 1184 558 751 366 850 507 563 403 607 432 461 376 529 452 101 337 161 444 148 275 401 469 0 378 82 479 459 81 587 100
844 358 1190 557 751 365 850 504 461 376 530 451 563 402 608 431 142 273 404 468 1 375 63 481 100 334 157 446 457 72 588 98
847 359 1199 556 751 364 849 499 462 376 530 450 563 400 607 430 135 272 403 468 455 66 590 93 3 372 54 483 773 438 830 511
852 361 1206 555 463 376 530 449 563 399 607 429 753 366 849 496 127 271 404 467 454 60 592 86 2 369 37 481 772 437 829 510
855 360 1212 554 464 377 530 448 753 367 849 492 564 398 606 428 128 255 414 477 754 429 835 506 453 56 593 80 1 370 33 477 433 380 472 419
856 361 1217 554 464 377 530 447 123 254 411 477 753 368 849 491 564 399 606 428 755 430 834 505 0 370 30 469 453 55 594 77 433 380 472 419 713 402 733 426
861 362 1223 553 466 377 531 447 752 366 848 489 117 252 408 478 565 399 606 428 754 429 832 504 714 402 733 425 693 402 710 424 433 381 472 420 455 43 595 74
867 365 1228 552 468 377 531 447 564 400 605 428 110 253 405 481 751 368 844 489 754 428 830 504 456 37 596 70 715 402 734 426 432 382 473 420 693 402 710 425
874 367 1231 551 469 378 532 447 103 252 403 484 563 400 605 428 751 368 841 488 754 428 830 504 456 32 599 64 432 382 474 420 716 402 735 426 692 401 710 425
877 369 1232 549 470 378 532 446 97 254 399 486 563 400 605 428 747 392 841 496 453 30 603 59 766 433 823 505 692 401 710 425 433 382 474 421 716 402 735 426
884 369 1235 548 93 256 393 485 471 378 532 446 748 395 839 495 564 399 604 428 765 432 823 503 453 28 606 56 692 401 712 425 880 396 911 441 715 401 736 426 432 381 474 421 667 402 683 425
889 367 1239 548 86 257 389 486 472 379 532 445 748 396 837 496 564 399 603 428 455 18 608 52 692 401 713 426 879 397 909 443 714 401 736 427 432 381 475 422 667 402 684 425
893 366 1246 551 78 257 391 486 749 396 836 496 473 380 532 445 456 14 611 48 564 399 603 428 691 401 713 426 714 401 737 427 432 380 475 422 667 402 684 426
896 365 1250 554 71 253 396 488 749 394 836 495 473 380 532 444 564 399 602 427 456 10 611 43 691 401 713 425 714 401 738 427 432 380 475 421 667 402 684 426
900 367 1251 557 63 251 401 489 474 380 532 444 750 395 834 494 564 399 602 427 456 7 609 38 690 401 713 425 865 401 897 449 715 401 739 427 432 381 475 421
920 358 1261 569 53 250 404 488 475 380 533 444 565 399 601 427 750 397 833 494 863 402 896 450 690 401 713 425 716 402 738 427 431 381 474 422 457 5 607 34
921 360 1262 568 44 245 410 486 476 380 533 444 566 399 601 427 750 398 833 493 862 402 895 450 691 402 712 425 717 403 737 426 431 381 474 422
