

46 257 1250 715
45 245 1256 719
55 236 1253 719
56 233 1253 719
55 238 1253 717
45 233 1261 717
48 232 1263 716
49 235 1261 715
52 240 1252 714 540 288 554 323 4 447 309 698
49 244 1251 716 542 289 557 323 3 456 314 695
43 248 1254 717 544 289 559 322
41 253 1259 716 544 290 559 319
29 257 1266 713 545 290 560 317
24 255 1271 713 547 290 561 316
26 259 1267 709 551 289 565 315
21 255 1271 708
18 248 1276 706
8 231 1279 712
16 216 1277 717 566 291 580 313
17 205 1270 719 567 290 582 314
15 200 1272 719 567 290 583 317
17 191 1273 719
24 189 1269 719
25 179 1267 719
19 190 1270 719
16 202 1276 719
19 219 1272 719
14 222 1276 719
15 212 1270 719
15 205 1263 719
18 213 1255 719 591 292 605 316
14 228 1260 716 594 292 608 318
15 237 1267 714
25 228 1264 716 839 319 1276 582
40 231 1255 716
46 225 1244 719
54 230 1235 719
54 230 1227 719
56 241 1222 717
55 251 1222 714
50 250 1230 716
54 257 1234 714
54 250 1232 719
64 251 1226 719
72 244 1226 719
83 228 1229 719
83 222 1230 719
83 211 1227 719
87 228 1223 719
90 228 1222 719
80 232 1240 719
79 226 1235 719
83 223 1230 719
94 218 1213 719
96 218 1216 719
176 220 1278 719
87 211 1222 719
89 206 1221 719
85 199 1226 719
86 198 1228 719 850 422 1274 693
87 193 1229 719 614 279 687 331 851 424 1278 691
94 193 1229 719 684 288 703 322
99 190 1226 719 595 279 666 335 684 287 704 320
105 184 1223 719 684 286 705 318
101 180 1226 719 684 285 706 316 566 285 646 342 843 430 1278 682
101 176 1227 719 684 284 706 315 560 284 638 345
95 184 1233 719 685 283 707 314 542 287 627 350 851 433 1273 684
105 182 1223 719 687 282 709 311 535 286 621 353
103 180 1222 719 689 281 711 309 850 435 1271 688
95 174 1225 719 500 287 602 364 692 280 714 307 857 431 1269 689
90 177 1231 719 694 281 716 306 862 427 1269 691
89 175 1225 719 695 282 718 306
90 170 1223 719
84 152 1224 719
86 154 1221 719
85 164 1217 719
85 165 1212 719
71 161 1219 719
62 155 1219 719
68 161 1209 719
83 163 1206 719
99 157 1196 719
98 160 1199 719
95 171 1198 719
92 184 1206 719
79 194 1227 719
69 187 1236 719
50 179 1253 719
48 169 1249 719
49 168 1247 719
52 174 1244 719
52 165 1246 719
44 157 1253 719
41 146 1256 719
39 149 1253 719
47 155 1252 719
47 163 1254 719
47 163 1259 719
