

634 251 1075 397 27 232 431 377 1139 270 1268 393
634 251 1076 397 26 232 430 377 1139 270 1268 393
634 252 1076 398 26 232 430 377 1139 270 1268 393
634 252 1076 398 26 232 429 377 1139 270 1268 393
634 253 1075 398 26 232 429 377 1139 270 1268 393
633 253 1075 399 26 232 429 377 1139 270 1268 393
633 253 1074 399 26 232 429 377 1139 270 1268 393
633 252 1074 399 26 232 429 377 1139 270 1268 393
633 252 1073 399 26 232 429 376 1139 270 1268 393 708 224 746 265
631 251 1073 399 26 232 429 376 1139 270 1268 393
629 251 1072 399 26 232 430 376 1139 270 1268 393
624 251 1071 399 25 232 431 376 1139 270 1268 393
620 252 1070 400 25 232 432 376 1139 270 1268 393
619 253 1069 400 25 232 431 376 1139 270 1268 393 648 220 707 281
615 253 1069 399 26 233 431 376 1139 269 1268 393
617 254 1067 398 26 233 430 376 1139 269 1267 392 615 220 693 290
612 254 1067 397 26 233 430 376 1139 268 1267 391
613 253 1066 397 26 233 429 376 1139 268 1267 391 581 215 672 347
612 253 1066 398 26 233 429 376 1139 268 1267 391 578 216 667 347
615 252 1065 399 27 233 429 376 1139 268 1267 391 572 216 661 348
619 252 1064 399 27 233 429 376 1139 268 1267 391 568 215 658 352
623 252 1064 400 27 233 429 376 565 214 655 356 1139 268 1267 391
628 252 1065 400 27 233 429 376 567 214 652 358 1139 268 1267 391
633 252 1066 400 27 233 429 376 1139 268 1267 391 565 213 650 358
635 251 1067 400 28 232 429 376 1139 268 1267 391 563 214 649 356
635 251 1068 399 28 232 428 376 1137 270 1268 391 560 214 647 355
636 251 1068 398 28 232 429 376 1132 271 1268 390 560 215 646 354
636 251 1065 397 28 232 429 376 1130 272 1268 390 559 215 645 353 792 219 814 239
637 250 1061 398 28 232 429 376 1131 272 1269 391 525 212 624 347 786 219 809 239
637 251 1061 398 28 232 430 376 1131 272 1269 393 522 210 622 347
636 251 1065 398 28 231 430 376 1130 272 1269 394 519 209 620 349
635 251 1071 399 28 231 429 376 1130 271 1267 393 517 211 617 351
636 251 1074 399 29 231 429 376 1135 270 1267 393 514 210 615 352
636 251 1073 399 29 231 428 376 1138 268 1266 393 512 210 614 352 767 218 788 238
637 251 1073 398 29 231 428 376 510 208 614 352 1138 269 1267 393
637 252 1072 398 29 231 427 376 509 208 612 353 1139 269 1267 393
636 253 1073 397 29 232 428 376 507 208 609 354 1139 269 1267 393
636 253 1071 397 29 232 428 375 506 209 607 355 1139 269 1267 393
636 253 1070 397 29 232 428 375 505 209 605 355 1139 269 1267 392
636 253 1070 398 29 232 427 376 503 207 603 356 1139 269 1267 392
636 253 1070 398 29 233 427 376 503 207 601 356 1139 269 1267 392 736 217 760 243
636 254 1071 400 29 232 427 376 502 205 598 357 1139 269 1267 392 732 216 756 244
636 254 1071 400 29 232 427 376 502 205 597 358 1139 269 1267 393
635 253 1071 401 29 232 427 376 501 205 594 358 1139 268 1267 393
634 252 1071 401 29 232 426 376 501 205 592 359 1139 268 1267 393
635 251 1071 401 29 231 426 377 501 205 589 359 1139 268 1267 393
636 251 1070 400 29 231 426 377 486 211 588 361 1139 268 1267 393
637 251 1070 400 29 232 426 377 486 210 587 361 1139 268 1267 393
636 251 1069 400 30 232 426 377 485 208 587 362 1139 268 1267 393 679 216 732 278
636 250 1068 400 30 231 426 377 485 208 587 363 1139 268 1267 393 677 217 729 278
636 251 1067 400 30 231 426 377 485 207 586 364 1139 268 1267 393 674 216 726 278
633 251 1066 399 30 232 426 377 485 207 584 365 1139 268 1267 393 672 216 721 278
633 251 1066 398 31 231 426 377 484 207 582 365 1139 268 1267 393
631 252 1066 397 30 232 427 376 483 206 581 366 1139 268 1267 393
632 252 1066 398 31 232 428 376 482 206 579 367 1139 268 1267 393
630 252 1065 398 32 231 429 377 481 206 578 368 1139 268 1267 393
630 251 1063 399 31 231 430 377 480 207 574 369 1139 268 1267 393 649 214 702 281
630 252 1063 399 34 230 430 377 477 206 572 367 1139 268 1267 393
630 252 1063 399 42 230 428 376 473 205 568 366 1139 268 1267 394
629 253 1063 398 50 231 429 375 468 204 563 368 1139 268 1267 394
628 253 1063 397 59 232 428 374 465 204 558 371 1139 268 1268 394 621 210 682 328
626 253 1063 396 56 232 429 371 461 205 554 375 1139 268 1268 394 32 260 197 389 621 208 679 331
623 252 1064 396 52 233 430 371 457 204 551 377 1140 268 1268 395 74 202 171 370 40 257 214 392
618 252 1065 396 452 203 549 378 45 228 425 371 1140 268 1268 395
613 252 1068 397 449 202 548 379 1141 268 1269 395 46 226 421 374 174 203 272 371
615 251 1068 398 428 203 539 385 1141 268 1269 395 158 260 385 400 215 196 317 380
617 252 1068 397 426 204 535 385 1142 268 1269 396 579 221 673 346 227 197 323 377 151 266 408 397 29 221 308 361
620 252 1065 397 429 204 527 374 1142 268 1270 396 32 224 313 364 618 206 670 339 185 269 458 390 576 265 667 364
622 253 1063 396 34 224 324 367 1143 269 1270 396 423 201 519 372 618 206 668 338 295 270 548 410 366 199 469 382 574 267 666 363
630 254 1060 397 45 231 369 365 1143 269 1270 397 421 196 519 376 606 205 663 339 345 271 576 418 368 196 472 381
639 254 1058 399 42 231 387 367 1143 269 1270 397 604 204 662 339 353 272 590 418 416 196 515 380
648 254 1057 403 35 230 412 380 1152 267 1264 401 571 211 664 364 384 252 674 428 419 199 514 381 608 209 660 297
665 253 1055 406 34 231 418 379 1153 267 1265 401 565 205 671 385 404 254 705 431 418 205 508 382
34 232 419 378 677 252 1057 406 1153 267 1266 401 416 210 514 393 559 203 678 401 478 271 747 417 904 241 1050 310
34 232 420 378 684 251 1061 406 1153 267 1266 401 600 201 720 408 480 253 779 441 419 233 526 400 904 241 1050 310
34 230 419 379 712 246 1085 407 1154 267 1267 401 415 239 531 401 529 296 791 440 606 207 714 390 903 241 1051 310 574 212 668 365
35 230 418 379 722 243 1085 403 1155 268 1267 402 415 246 527 401 571 211 659 355
37 230 416 379 1156 268 1267 401 723 243 1092 397 567 212 661 357 395 258 552 402 637 296 885 448 745 218 866 428
37 230 417 380 1157 268 1268 401 715 242 1100 396 566 211 662 360 392 264 555 407 760 220 874 431 688 298 924 450
36 230 420 379 1159 268 1268 401 663 244 1043 410 564 210 662 364 391 275 555 413 695 299 930 454 803 225 914 433
34 230 424 379 679 243 1036 415 1160 268 1268 401 565 208 661 373 858 231 958 435
32 230 428 378 566 207 660 376 685 244 1032 416 1162 268 1269 401 864 233 975 439
32 230 430 379 568 206 660 377 1164 268 1269 402 787 286 1031 461 905 232 993 440 470 280 662 415 651 253 967 385
31 231 428 379 567 207 659 376 676 240 1012 411 1165 268 1270 405 476 278 665 419 403 325 510 428 912 239 1008 439 809 290 1027 459
29 231 427 378 832 286 1084 460 667 246 966 388 563 208 660 375 480 278 664 419 1163 293 1274 392 957 241 1055 435
26 232 424 378 665 244 968 388 848 286 1090 462 479 276 663 420 560 208 658 375 959 242 1061 438 1165 292 1273 391
27 232 426 378 659 244 970 388 558 208 656 374 479 277 663 421 858 284 1094 464 966 244 1065 440 1167 293 1272 389
30 231 426 378 658 243 966 389 882 278 1110 466 558 207 652 374 475 275 662 422 972 244 1070 432 1175 295 1271 390
32 230 425 378 678 242 1011 417 891 274 1116 467 477 273 658 423 558 207 651 373 1181 298 1271 390 1001 246 1092 438
33 230 423 378 681 243 1018 422 900 273 1126 466 402 304 636 436 1189 298 1277 389 558 206 649 374
32 230 423 378 679 243 1019 423 401 302 635 439 907 270 1130 465 1192 297 1276 389 558 205 647 373
33 230 422 378 679 243 1014 423 397 301 636 441 916 250 1123 446 555 204 644 374 1196 297 1277 389
33 230 422 378 679 244 1006 421 393 303 636 442 944 269 1145 467 555 203 641 374
33 230 422 378 681 243 1007 419 390 303 638 443 948 268 1149 468 554 203 639 374
33 230 421 378 685 242 1006 418 954 254 1152 445 390 303 640 444 555 202 638 374
33 230 421 378 689 241 1011 415 956 254 1157 446 388 305 642 443 554 201 636 373
32 230 420 378 693 241 1014 413 951 267 1162 472 539 196 629 385 1050 245 1148 452
32 230 421 378 696 241 1022 412 953 269 1165 473 540 197 628 385 1056 241 1149 452
