

511 455 743 635 427 459 513 524 12 415 361 627
509 455 744 637 427 459 513 524 26 409 393 634
508 455 744 638 428 460 513 524 30 405 389 637
507 456 743 637 429 460 512 525 33 405 388 637
507 456 742 637 429 460 511 525 30 392 396 606
506 458 743 636 429 461 511 525 32 412 411 634
505 459 743 633 431 461 511 525 46 412 400 629
502 459 744 632 60 416 395 627 432 463 518 528 1 440 111 539
500 457 733 633 76 415 384 625 0 431 118 541 434 462 518 530
82 420 399 628 499 457 731 634 0 430 121 542 433 462 518 530
497 458 729 632 89 422 405 631 434 459 512 529 1 431 123 541
1 434 126 538 494 477 750 657 106 446 398 605 428 458 520 526
0 435 129 537 114 438 395 604 497 465 747 606 430 460 519 525
0 429 133 542 121 432 396 601 495 465 749 603 432 460 519 525
490 458 747 612 127 423 418 613 440 462 512 527 0 434 129 538
474 453 766 660 130 424 421 615 440 462 512 527 0 433 123 540
472 455 764 666 131 425 425 619 441 463 511 528 0 433 117 540 94 453 177 526
469 459 762 667 133 426 428 617 441 464 511 528 89 455 181 529 0 431 111 542 940 462 962 513 429 116 540 150
469 459 760 669 152 432 412 601 85 455 184 531 442 464 511 528 0 424 90 546 426 112 541 147 943 462 965 514
467 461 758 669 159 433 412 599 80 454 186 534 444 466 510 526 0 424 85 547 425 107 541 140
466 462 758 669 164 435 413 597 445 467 510 526 75 453 190 538 0 425 79 549 421 103 542 135
463 461 758 673 186 439 422 601 444 467 509 525 0 438 69 544 70 452 195 540 421 92 540 127 958 461 980 514
462 462 759 675 192 440 420 600 444 467 509 524 0 439 67 544 57 452 168 537 419 88 537 123
459 460 760 677 199 442 421 597 445 467 509 523 417 83 535 114 0 439 64 543 50 442 214 549
456 460 760 678 205 442 424 593 446 467 508 521 46 442 220 549 0 439 63 543 414 78 534 108
450 458 763 679 212 442 429 588 447 467 507 520 42 441 226 548 414 65 536 100 0 437 62 542
445 458 764 679 218 443 432 586 414 60 535 94 448 466 506 518 39 440 228 549
440 457 768 678 226 444 435 584 450 465 503 518 413 56 534 85 26 446 134 532
436 456 770 678 233 444 437 582 7 430 117 521 450 467 497 513
432 455 772 679 238 444 438 580 8 431 114 523 407 38 517 71
431 454 771 679 240 446 438 577 7 431 112 522 404 33 518 62
430 451 771 680 254 449 445 574 5 431 108 520 397 29 520 57
429 448 771 681 260 447 447 574 3 432 107 517 389 14 523 47
427 446 774 682 269 436 444 569 2 432 106 515 386 8 523 40
424 445 776 682 275 437 445 567 383 5 523 34 1 430 89 515
422 444 780 683 282 441 445 565 0 430 86 513 383 3 523 32
419 443 783 684 286 445 446 561 0 429 83 512
416 441 785 685 291 448 448 559 0 429 79 511
414 440 786 687 296 449 450 558 0 427 63 512
410 440 788 689 302 451 451 556 0 428 59 513
407 440 790 692 307 453 453 553 0 428 57 514
405 442 791 696 311 454 454 553 0 426 55 516
404 443 792 697 314 454 453 553
399 446 796 701 323 457 446 547
394 447 801 705 327 459 441 544
388 449 806 709 332 459 439 542
385 448 810 708 337 460 438 541
381 446 814 708 343 460 436 541
378 445 816 707 347 459 434 540
374 442 819 709 355 456 441 537
370 439 821 710 358 455 440 533
365 434 825 712 362 457 438 529
362 430 827 712 367 460 432 528
360 428 830 713 371 459 432 524
359 429 831 714 0 486 124 689
355 432 835 717 2 482 136 687
352 436 838 719 0 492 170 684
348 440 841 719 0 491 185 684
349 444 841 718 0 412 203 674
349 446 841 716 0 409 216 676
347 446 843 714 0 406 228 677
328 440 839 704 1 419 254 672
346 436 846 711 2 425 253 673
335 434 862 710 0 426 261 676
314 439 886 716 0 425 269 679
292 438 911 719 0 424 278 682
280 435 922 719 1 423 284 687
269 430 935 719 4 426 290 685
4 429 295 682 258 423 948 719 1073 432 1108 517
2 430 306 676 250 410 959 719 1075 425 1109 514
0 430 316 670 244 403 968 719 1078 420 1112 511
0 429 328 660 238 399 984 718
231 398 1002 719 0 429 335 652 1096 406 1137 498
223 399 1017 718 4 425 341 640 1097 405 1136 496
226 397 1013 718 17 425 337 637 1098 403 1138 499
227 397 1012 718 32 426 335 630
231 398 1004 719 49 432 369 631
229 400 1002 719 62 432 367 625
234 403 994 719 78 434 375 623
247 406 978 719 99 437 389 626
267 420 957 719 119 441 401 629
275 425 944 719 133 446 390 602
279 431 938 719 146 446 390 602
287 435 925 719 161 443 393 597
295 438 912 719 174 445 394 593 0 425 58 449
310 440 895 717 194 448 410 593 791 473 867 523 0 424 58 449
319 442 884 714 203 451 409 588
325 445 874 712 219 452 414 582
330 446 866 710 232 454 419 575
339 448 855 708 246 454 424 572 0 489 127 689
351 450 844 705 253 454 424 570 0 432 155 711
361 453 832 702 265 457 436 566 0 430 170 710 1114 436 1142 520
369 455 824 698 274 459 437 564 0 400 183 691 1113 436 1142 521
373 456 818 695 284 460 439 564 3 406 206 689 1113 436 1142 520
359 459 809 689 291 459 441 563 2 402 214 692 1113 435 1142 520
366 458 802 692 1 398 228 695 301 459 446 562 1113 435 1143 521
375 457 794 695 0 395 243 698 307 461 450 561 1112 434 1143 522
380 457 789 699 0 392 254 701 316 471 447 557 1112 434 1144 523
