

672 317 1016 521 393 328 559 456 2 318 165 429 213 328 286 379 471 272 582 377 318 327 379 377 1115 324 1225 511 289 329 319 361 370 319 452 388 627 325 720 379
674 317 1018 522 393 329 561 457 0 314 158 432 210 329 287 379 470 272 583 376 318 328 379 378 1137 321 1252 521 373 322 453 404 289 329 319 361 630 325 720 379
675 316 1021 523 392 329 563 460 0 312 151 436 470 272 583 376 209 329 287 380 1139 318 1258 523 317 328 380 379 634 325 721 379 370 319 452 387 288 330 318 361 0 575 1279 711
675 314 1024 523 392 329 565 461 0 311 142 442 1142 317 1265 524 209 329 278 384 470 272 584 376 317 328 380 379 639 324 721 379 370 319 451 387 286 331 318 362 0 574 1279 711
672 314 1028 523 392 328 566 462 0 311 137 448 1149 317 1272 527 208 329 277 384 317 328 380 380 470 272 584 375 370 319 452 387 642 324 721 379 284 331 317 363
670 315 1032 523 393 329 568 463 204 329 276 384 1154 316 1275 531 1 307 121 455 470 272 585 374 316 328 380 381 370 320 452 388 644 323 721 379 269 330 311 364
668 315 1036 522 393 329 569 464 1 305 117 459 200 329 275 385 1161 316 1277 534 470 272 585 373 317 327 380 381 372 320 455 404 269 330 310 364 645 324 720 378
666 315 1040 521 391 329 572 466 1 303 111 462 196 328 274 386 470 271 584 371 314 327 385 381 1166 320 1277 534 372 321 455 403 268 330 309 363 1049 379 1097 449 290 333 317 363
666 316 1045 519 389 329 573 467 193 327 273 387 470 271 584 371 313 326 386 381 0 305 93 467 1197 313 1279 538 267 330 309 363 654 328 738 381 373 323 454 402
666 318 1049 519 387 329 575 468 189 327 271 387 0 305 84 464 471 270 584 370 312 325 386 382 1201 324 1279 535 265 331 309 364 656 328 741 382 1072 382 1116 453 372 323 451 384
668 319 1054 521 387 329 577 469 0 306 74 461 184 326 270 388 472 270 584 370 312 325 386 382 1205 334 1279 531 264 330 309 365 660 327 744 382 373 323 451 384 1077 381 1123 454
667 321 1057 523 386 329 579 471 473 271 584 368 178 331 257 394 304 324 376 383 262 330 308 366 0 302 61 468 1212 345 1278 532 1095 379 1140 459
665 322 1061 525 387 330 581 473 173 330 257 395 473 271 584 366 305 324 376 384 259 331 306 367 1121 377 1163 463 1099 381 1145 459
664 321 1066 527 386 331 583 473 167 330 255 395 304 325 376 384 473 272 584 365 256 331 305 368 1119 383 1168 462 74 330 103 365 367 331 402 363
661 319 1070 529 387 332 584 473 161 330 253 394 304 325 376 385 474 272 584 364 255 331 305 368 73 331 103 365 367 331 404 363 47 332 78 369 1124 379 1172 463
662 318 1071 530 386 331 586 474 155 330 250 395 303 324 376 385 477 273 583 362 252 331 305 369 72 330 103 365 367 331 404 363 47 331 78 369
663 317 1072 529 385 329 589 476 150 330 249 395 302 324 376 385 479 273 583 361 250 330 304 369 367 331 404 363 72 330 102 364 47 331 77 368 1170 373 1214 469 0 567 1261 717
665 317 1073 530 383 329 591 477 140 329 245 399 302 324 376 385 482 275 583 359 249 329 304 369 368 331 405 363 73 331 102 365 47 331 75 368 1170 375 1221 470 3 569 1244 716
664 317 1078 530 382 329 592 475 135 330 244 399 301 325 376 385 483 274 583 359 47 331 73 367 239 332 294 372 73 331 100 364 368 331 406 363 4 332 24 372 1189 374 1239 473 0 568 1249 715
666 318 1082 532 393 326 599 481 128 330 239 399 301 325 376 385 237 332 294 373 47 330 72 367 368 332 407 362 73 330 98 364 25 332 49 370 4 332 23 372 1191 374 1242 473 0 568 1249 715
668 320 1084 533 393 327 600 482 122 329 235 401 299 326 375 384 236 332 293 374 368 332 407 362 46 330 71 367 3 332 22 371 1219 368 1270 481 1 567 1247 714
670 322 1084 534 392 327 603 483 109 327 226 404 298 326 375 383 368 332 408 361 233 327 292 374 46 330 70 366 3 332 21 372 26 331 49 369 1222 369 1277 482 476 270 587 338 0 570 1249 713
392 327 604 483 688 318 1098 532 104 326 225 405 297 326 375 384 229 326 290 373 368 331 409 361 25 330 50 368 476 269 587 339 3 332 20 371 1243 367 1279 483 0 569 1252 713
393 325 604 485 688 316 1098 531 96 325 220 406 297 324 375 386 226 325 289 373 369 330 407 359 26 330 49 368 477 268 588 339 70 329 93 364 0 571 1256 714
393 324 605 486 689 315 1098 530 296 323 375 387 89 324 216 407 220 323 291 376 380 329 416 361 478 268 588 340 0 572 1261 716
394 322 607 487 690 316 1097 529 73 325 210 409 294 322 375 387 218 324 289 376 379 329 416 362 477 268 589 340 0 574 1269 717
393 323 609 487 689 316 1097 527 67 324 205 410 292 322 375 387 216 324 287 375 379 330 416 363 477 268 590 341 0 575 1278 717
394 321 610 488 688 316 1100 527 290 322 374 387 213 324 287 375 379 330 417 362 55 325 178 411 476 268 590 340
395 320 612 489 686 315 1102 528 289 321 374 387 43 322 181 413 379 330 417 361 476 267 590 339 209 322 288 375
396 319 614 490 685 313 1103 529 288 321 374 387 20 322 192 417 201 322 279 378 476 267 590 339 380 331 417 360
401 324 616 500 684 310 1103 531 287 322 374 387 198 322 277 379 11 322 172 418 476 267 590 339 369 331 407 358
401 325 620 499 682 307 1106 532 287 321 374 388 6 321 163 420 196 325 274 380 476 266 591 339 382 331 417 360
402 325 623 499 682 308 1108 531 286 320 373 388 1 319 153 424 192 326 270 381 382 331 418 359 476 266 592 339 679 333 719 425
402 325 626 500 680 309 1112 529 283 320 373 389 0 316 144 429 187 326 268 381 381 331 420 359 679 333 717 425 475 266 594 338
403 324 627 502 680 310 1113 531 282 320 373 389 183 325 266 382 0 316 136 430 381 331 419 359 678 333 715 426 475 265 594 338
403 323 629 502 681 309 1113 534 281 320 372 391 180 325 267 383 0 314 127 431 381 331 419 360 678 332 714 426 474 265 595 337
403 323 630 503 685 311 1112 537 280 319 372 392 173 324 259 389 0 313 115 429 381 331 419 361 679 333 714 426 475 266 595 337 91 326 167 384
404 323 631 503 689 313 1113 536 169 324 257 389 279 319 372 393 0 312 93 438 381 332 419 361 679 333 715 425 75 323 159 389 474 266 596 336
405 323 632 502 691 315 1114 537 164 323 255 390 278 318 372 393 0 313 85 439 75 325 156 389 382 332 419 361 679 332 715 424 474 265 596 336
406 323 633 502 692 316 1113 538 158 321 252 391 278 318 371 393 67 326 151 388 0 311 74 442 383 333 418 361 476 265 596 334 679 328 712 425 548 86 664 110
408 323 636 502 693 316 1110 539 152 319 250 392 278 318 371 393 383 333 418 361 478 265 595 334 1 311 59 439 549 83 667 106 60 326 148 388 679 324 710 426
409 324 638 502 692 316 1108 539 144 316 242 396 36 330 138 394 278 318 370 393 0 308 42 443 385 334 418 360 480 264 593 334 549 81 669 103 369 334 403 360
410 325 640 501 688 314 1110 539 139 315 243 397 27 331 135 393 264 316 367 398 479 264 593 334 0 312 33 439 385 334 418 360 369 334 403 360 550 78 670 103
409 325 643 501 686 311 1113 539 132 315 239 398 262 316 367 398 478 263 593 334 13 330 121 397 385 333 418 360 368 333 405 361 0 317 26 428
409 325 645 502 686 310 1119 539 256 324 369 401 124 316 236 398 6 331 116 398 477 263 594 335 367 333 406 361 386 333 418 360
408 325 646 503 689 311 1125 538 253 324 369 402 1 331 109 399 112 323 221 403 476 264 595 335 366 333 406 361 387 334 418 360 629 68 673 95
409 323 645 505 691 313 1128 538 252 325 367 401 107 323 222 404 0 331 104 400 476 264 595 336 366 333 406 362 388 334 418 361 629 65 675 91
410 322 644 510 692 315 1126 540 101 322 219 405 250 325 364 401 0 331 90 404 477 263 595 336 365 334 406 363 387 334 419 362 629 61 680 87
410 322 643 514 694 315 1123 543 248 326 362 401 95 321 214 406 0 331 85 405 478 262 595 336 365 335 406 363 387 334 419 362
409 323 643 517 696 318 1121 546 246 327 360 401 82 322 205 409 0 330 77 407 478 263 596 336 365 335 404 362 388 334 419 362 676 334 714 422
408 324 644 518 697 319 1123 546 77 322 203 410 244 326 360 402 0 331 72 408 365 336 402 361 478 263 596 336 390 335 419 362
407 324 645 517 699 320 1124 545 240 324 360 404 69 321 198 410 0 327 60 410 365 336 402 361 390 336 419 362 478 264 596 335
702 319 1126 545 406 325 646 516 237 321 360 407 55 322 178 411 365 336 402 362 389 336 419 363 2 327 38 413
704 319 1127 547 404 324 646 516 45 322 182 412 236 319 360 409 363 336 403 365 0 330 36 412 388 335 420 364
706 319 1129 548 404 324 647 516 236 319 360 409 38 320 181 414 362 336 404 366 387 335 421 365
710 318 1130 551 403 324 648 517 225 323 357 408 360 336 405 367 23 324 157 418 476 262 597 333 387 335 422 365
713 317 1134 553 404 326 648 518 223 323 355 408 7 320 161 424 359 336 406 367 475 261 598 334 582 16 719 53 387 335 422 365
714 316 1139 555 404 327 648 520 221 324 353 408 1 318 156 427 357 336 405 368 581 10 725 52 683 335 722 420 388 335 424 365
714 318 1143 555 403 327 646 518 221 325 351 408 0 317 151 430 357 336 403 368 684 335 723 421 582 6 729 49 389 335 425 365
716 319 1145 558 402 330 644 518 220 326 351 409 0 316 143 434 356 337 401 369 684 334 724 422 390 335 426 366 174 336 246 390
717 321 1147 559 401 333 644 518 217 327 351 411 0 317 135 436 684 335 725 421 356 337 400 370 169 336 243 391 390 335 427 367
720 319 1151 562 400 334 643 518 215 327 351 412 0 317 122 435 683 335 726 420 356 338 400 372 163 335 241 393 390 336 427 367
722 319 1155 563 400 333 641 518 213 327 350 414 6 313 111 442 356 338 401 371 158 335 241 394 685 336 727 420 391 336 427 367
723 317 1159 565 212 327 348 416 399 332 639 518 355 338 401 371 154 335 227 395 5 311 103 443 686 337 727 420 391 335 426 365
722 317 1162 566 211 327 346 417 398 332 637 518 148 333 223 395 355 338 402 371 0 308 83 447 688 338 725 420 392 335 425 363
723 319 1170 566 397 333 637 517 210 327 344 418 139 332 219 396 0 307 73 447 354 338 402 371 689 338 724 421 1164 322 1267 463
726 321 1176 567 396 335 636 518 211 327 342 418 134 331 218 397 352 338 403 372 0 304 64 451 1168 323 1270 464 690 336 725 422
734 325 1182 572 396 335 636 518 188 334 340 423 127 334 208 398 350 338 405 372 1 315 54 439
739 328 1186 576 185 334 340 423 396 334 637 520 118 335 208 400 349 338 406 372 522 308 702 444 0 315 31 439
744 330 1189 580 183 334 339 423 109 336 208 401 371 318 678 553 350 338 405 372 517 306 704 449
747 331 1193 584 177 328 340 424 371 317 674 551 103 334 207 402 351 337 403 372 457 300 693 453 1218 341 1269 458
759 327 1234 579 173 326 338 424 371 316 673 547 95 332 188 401 351 337 403 371 459 300 692 454 346 338 378 366
755 324 1245 588 390 325 637 515 170 323 337 424 86 328 190 401 352 336 403 370 514 302 707 448 345 338 378 366
754 319 1257 591 387 322 634 514 167 320 336 425 78 328 189 402 353 334 403 369 508 298 711 448 344 336 379 365
755 316 1263 592 386 319 629 515 73 329 188 403 166 319 335 425 355 333 401 368 343 335 379 366 458 294 696 453
762 315 1269 592 383 317 625 518 149 322 327 426 60 330 171 405 354 332 402 367 342 335 380 366 499 296 720 448
773 313 1271 596 381 315 622 521 144 322 327 429 50 329 170 406 353 332 403 367 340 335 380 366 494 294 727 449
780 311 1274 599 377 313 623 522 138 320 326 431 41 328 170 406 352 331 403 365 487 292 742 449
783 309 1277 606 375 312 623 522 133 318 323 432 27 324 158 408 353 329 402 364 485 289 751 449 242 308 329 390
790 308 1278 612 128 316 319 431 374 310 623 521 19 322 154 408 353 327 402 363 240 305 329 393 459 275 814 474
800 310 1279 617 122 314 314 430 373 309 623 519 15 321 146 409 353 326 401 363 237 303 327 395 463 270 818 478
813 310 1278 619 118 313 311 429 5 318 132 413 339 302 632 534 336 326 390 363 470 268 818 479 234 303 324 396
823 312 1277 618 113 311 309 430 6 320 126 414 340 300 631 536 336 325 391 362 491 271 817 480 232 303 323 396 878 323 908 364
833 310 1274 619 107 309 309 431 3 321 118 415 357 318 614 507 546 294 783 453 335 325 392 362 471 241 601 322 915 321 942 360 879 325 909 364 231 302 322 396
841 311 1276 621 102 307 308 432 360 317 609 486 0 321 111 416 552 292 785 457 334 324 392 363 880 326 911 364 212 299 313 400 470 246 601 335 915 325 943 360 927 324 953 359
847 308 1279 625 359 317 607 487 85 309 290 440 558 290 785 461 0 324 93 417 333 324 390 364 214 299 312 401 881 328 912 363 469 244 602 338 930 325 955 361 1150 79 1191 157 914 328 941 361
852 308 1279 629 358 317 604 488 83 308 289 443 560 289 787 462 0 325 88 420 334 325 385 365 215 300 310 401 932 326 956 361 883 329 912 363 469 244 602 341 1166 70 1209 149
858 306 1279 635 356 315 601 492 78 308 288 446 566 289 785 463 334 326 381 365 934 327 957 361 0 327 81 422 886 330 913 364 214 302 310 401 1173 67 1216 145
868 309 1279 638 354 312 597 497 73 307 289 449 570 287 785 464 333 327 378 366 936 328 957 362 0 325 65 426 888 330 914 364 212 301 309 402
352 306 593 516 892 308 1279 632 67 305 290 453 579 282 813 467 332 327 376 367 937 329 959 363 0 320 58 431 890 330 916 365 794 331 849 423 210 300 308 402 979 332 999 361 962 332 980 358
349 305 588 518 898 310 1279 632 64 305 286 455 580 281 813 472 938 329 960 364 332 327 375 367 0 324 43 428 891 330 918 366 798 332 854 422 208 298 307 403 980 332 999 361 903 329 931 366 960 333 978 359 1221 52 1264 139
345 304 584 519 904 310 1279 630 55 305 285 457 582 283 815 475 333 328 373 366 939 329 962 364 983 333 1000 362 902 328 932 368 0 323 32 429 205 299 305 402 959 333 977 361 801 333 855 420
343 304 582 519 912 307 1278 630 47 305 284 459 585 284 818 477 473 246 599 365 333 329 372 365 940 329 964 365 903 329 933 368 985 334 1001 363 958 333 976 363 895 331 918 368
342 304 582 520 927 305 1270 629 37 303 287 462 588 288 823 478 473 246 599 365 904 329 935 369 331 329 373 365 819 345 880 442 942 329 967 365 956 332 977 365 987 335 1005 365
340 304 580 520 31 300 286 465 946 306 1265 622 574 270 848 504 905 329 937 369 473 246 600 365 330 329 373 366 956 331 979 367 824 348 883 442 941 329 967 364
339 305 580 520 27 299 286 468 965 309 1264 623 575 266 856 509 908 330 939 368 957 331 982 368 473 245 601 365 329 329 373 367 841 343 898 444 547 101 878 431
17 307 263 475 338 308 580 518 979 313 1266 623 579 266 863 511 958 331 983 368 911 331 941 368 329 330 373 367 846 343 906 447 547 99 880 432
12 309 264 479 331 302 605 531 988 317 1268 627 960 331 983 368 582 261 870 515 330 330 372 367 914 331 943 367 548 96 884 437 154 298 298 431 863 321 920 429 1044 336 1138 373
