

629 385 719 450 711 392 803 452
629 385 719 450 713 393 803 452
629 385 719 450 714 393 803 453
629 385 721 450 715 392 803 453
629 385 722 450 716 391 802 453
628 386 723 450 717 391 802 452
628 386 723 449 717 392 802 452
628 386 723 449 717 393 802 452
629 386 723 449 717 394 802 453
629 385 723 449 717 393 802 453
629 385 723 450 716 392 802 454
628 385 724 450 716 393 802 455
627 385 726 450 716 394 803 455
626 386 726 450 716 394 803 455
627 385 727 450 723 394 807 454
627 384 725 451 723 393 807 454
628 384 724 451 723 392 807 454
628 383 723 452 723 392 807 454
628 383 724 452 723 393 807 454
628 383 725 452 724 395 806 454
628 383 726 452 724 395 806 454
627 384 725 452 724 396 805 454
626 384 725 452 724 395 806 454
625 383 725 452 724 394 807 454
625 383 725 453 723 393 807 454
625 382 725 453 723 393 807 454
625 382 725 454 723 394 807 454
625 382 725 454 723 394 807 454
624 381 724 454 724 395 807 454
624 381 723 455 724 396 806 455
623 381 722 456 723 397 806 455
623 381 722 456 723 398 806 455
622 382 723 456 723 398 806 456
622 383 722 457 723 398 806 456
622 384 722 458 724 397 805 457
623 384 722 459 724 397 805 457
622 384 723 461 725 397 805 457
622 384 724 462 725 398 805 457
622 384 725 462 725 398 805 457
621 384 726 462 724 398 805 457
620 384 726 463 724 397 805 457
619 383 724 463 724 397 805 456
618 383 722 463 723 396 806 456
618 383 722 463 723 395 806 456
618 383 721 464 723 395 806 456
618 383 722 464 723 395 806 456
618 383 722 465 723 395 806 457
617 385 721 466 723 395 806 457
616 385 721 467 723 396 806 458
615 386 720 468 722 396 806 459
615 386 720 468 722 396 806 459
615 386 721 469 721 396 807 460
614 385 722 469 721 395 807 461
614 385 723 469 721 395 807 462
613 385 723 469 721 395 807 462
613 384 723 469 721 395 807 463
613 383 722 469 721 394 807 463
613 382 721 469 721 394 808 464
613 381 721 470 721 393 808 465
610 382 714 471 721 391 808 466
608 383 715 471 721 391 809 466
606 383 716 471 719 390 811 466
605 383 716 471 719 390 811 465
604 383 717 472 718 390 812 466
603 383 718 473 718 391 812 466
601 383 718 472 718 390 812 466
600 382 718 472 717 391 812 466
600 381 717 472 717 391 813 467
600 379 716 473 717 392 813 467
598 379 716 474 717 392 813 467
597 379 715 474 718 392 813 467
595 380 715 474 718 392 813 467
594 380 716 475 719 391 814 468
592 380 717 475 719 391 814 469
591 380 718 475 719 391 814 469
590 380 718 475 720 391 814 469
590 380 718 475 720 391 814 470
589 379 717 475 720 391 815 470
588 379 716 476 721 391 815 470
587 379 716 476 721 391 816 470
586 378 716 476 721 391 817 470
586 378 717 477 721 391 818 471
584 378 718 477 721 391 819 471
583 378 719 477 720 390 819 471
582 377 719 477 720 390 819 471
582 376 720 478 720 390 819 471
581 376 720 478 719 390 820 472
581 376 720 478 716 391 822 479
581 376 720 478 715 391 822 479
580 376 720 478 715 391 823 479
580 376 719 478 715 391 823 479
580 375 718 478 714 392 823 479
579 375 718 478 714 392 823 479
579 375 717 479 714 392 823 479
579 375 717 479 714 392 823 479
578 375 717 479 714 392 823 479
578 374 716 479 713 392 823 479
577 374 716 479 713 392 823 479
