

127 469 317 572 339 428 611 657 1076 409 1119 562 764 452 856 613 3 455 106 607 618 482 642 511 784 538 848 641 574 397 583 412 1180 417 1218 510 715 477 731 515 603 395 611 408 617 439 630 454 328 467 379 536
117 470 310 572 338 428 613 657 0 454 87 615 760 451 853 609 777 537 838 636 618 481 642 511 574 396 583 411 714 475 732 516 1081 412 1124 558 1190 417 1232 513 323 467 377 537 618 438 631 454 370 389 384 411 604 393 612 407
107 470 304 573 334 428 615 658 0 455 77 616 1094 403 1139 566 757 451 847 606 772 524 835 626 1195 414 1238 512 618 481 642 511 575 396 584 410 713 474 733 516 320 468 376 538 603 392 611 405 368 389 382 409 551 394 561 412 617 437 631 454
88 465 294 579 333 428 614 658 767 525 831 623 752 453 842 604 1101 402 1146 566 0 454 65 620 618 480 642 511 714 473 733 516 1201 412 1244 513 575 395 584 409 601 391 609 404 315 468 368 538
84 463 290 580 329 428 611 659 762 526 827 622 748 453 838 605 617 479 643 510 664 476 684 497 312 467 368 539 714 474 733 516 600 390 608 404 1116 408 1158 563 575 394 584 407 0 448 57 626 1214 402 1258 504
75 462 284 581 328 426 610 660 1120 394 1166 567 307 466 367 541 739 453 825 603 758 526 824 619 664 475 684 496 600 389 609 402 1219 400 1262 504 713 474 733 515 576 393 584 406
65 461 277 580 324 424 608 663 302 465 364 542 1124 402 1183 568 752 521 812 616 736 455 823 601 600 388 610 401 664 475 685 496 2 451 58 717 576 392 584 404 1227 395 1266 505 616 386 625 399
54 461 270 580 323 422 610 662 750 523 809 612 1134 400 1195 568 295 462 371 543 732 456 818 598 599 387 609 400 665 475 686 495 577 392 585 404 616 385 625 398
46 462 265 582 317 421 611 662 289 460 370 544 746 526 804 609 1142 397 1205 568 614 477 646 507 729 454 813 596 599 386 609 399 616 385 625 398 576 391 585 403 1248 383 1278 506 353 388 367 407
23 459 254 586 313 421 612 661 283 459 371 544 742 525 800 606 615 478 644 508 1156 398 1222 564 724 453 809 593 1254 383 1279 510 575 390 584 403 599 386 609 399 615 384 625 397 352 389 366 407
22 459 243 588 310 422 612 660 1168 392 1232 567 616 478 643 509 279 459 371 545 738 523 796 603 721 455 805 592 352 388 366 406 600 385 611 398 575 390 584 402 1259 381 1279 515 615 383 625 396
21 459 230 588 309 420 612 657 1181 384 1246 568 616 477 643 508 273 462 350 544 728 507 785 594 350 386 364 405 601 384 611 397 721 454 785 543 573 388 583 400 554 388 564 403
19 458 218 589 309 418 610 652 268 461 348 546 615 476 644 507 724 508 781 593 717 450 781 545 1190 374 1258 570 601 384 611 396 347 386 361 404 574 386 583 398 553 388 563 402
308 416 607 649 18 458 206 589 1212 375 1274 568 259 461 346 546 719 509 776 591 614 476 644 506 0 463 119 718 713 452 777 544 602 383 612 397 344 385 358 403 574 384 583 396
306 416 604 648 19 457 194 588 252 460 348 546 1226 369 1277 573 715 508 771 591 614 476 643 507 0 440 130 714 603 383 612 397 574 384 583 396 705 455 760 542 342 385 357 401
302 415 601 650 245 459 335 546 24 456 184 587 615 476 643 507 702 461 760 569 0 435 142 713 604 382 613 396 573 383 582 395 714 508 767 589 1234 353 1279 592
298 415 599 653 237 457 338 546 703 506 756 588 696 457 756 540 615 477 642 507 5 447 170 597 572 382 580 395 602 382 611 395 548 384 559 398 0 309 156 663
294 414 599 656 229 456 341 547 698 507 750 586 616 477 642 506 692 459 752 537 0 356 156 699 547 383 557 397 601 382 609 395 572 381 579 394
290 412 599 656 222 456 340 546 695 508 746 585 615 477 641 505 0 350 159 705 690 460 750 534 547 382 556 397 600 376 608 388
284 412 595 655 205 442 348 550 0 356 170 705 614 476 641 505 678 457 736 539 598 375 605 388 692 507 742 583
281 412 591 655 0 356 179 706 193 446 345 549 684 507 731 579 615 475 640 505 675 458 735 537 595 374 603 388
280 412 587 656 188 454 322 547 0 353 208 714 680 506 726 578 672 457 730 536 615 473 639 505 593 373 601 388
280 410 586 660 0 348 212 715 184 452 318 547 677 504 722 577 670 456 725 536 615 474 640 505 592 373 599 388 590 414 601 430
279 409 585 663 0 349 215 716 168 450 310 547 672 504 717 575 668 455 720 537 616 473 640 504 591 372 598 387 555 372 562 387 713 459 739 517 576 373 582 386 261 319 307 339
276 408 584 663 0 353 218 712 149 443 311 546 661 453 711 540 591 371 597 386 711 460 738 518 555 372 562 387 669 504 714 573 578 372 585 386 257 316 303 338
0 357 222 708 272 408 583 662 144 444 308 546 658 454 709 540 663 503 706 572 710 461 737 517 554 372 561 386 580 371 587 385 591 370 596 384
0 357 225 705 269 409 584 662 141 444 305 547 654 455 706 539 660 502 703 571 710 461 737 517 613 471 641 500 553 372 560 386 581 370 587 384 0 549 118 717
0 359 233 706 265 408 584 664 138 445 301 545 651 455 701 538 711 461 737 517 553 372 559 386 581 370 587 383 656 502 700 570 614 471 641 500 237 311 289 332 588 466 618 493 527 372 536 388 575 413 589 429
0 361 241 709 261 406 582 666 649 453 698 540 137 444 297 543 711 461 737 517 552 372 558 385 581 370 587 382 586 464 620 493 234 309 287 330 576 410 590 427
1 363 248 712 257 403 580 669 645 451 696 541 711 460 736 517 137 440 287 538 550 371 557 384 583 461 624 493 577 408 590 425 233 307 284 328 650 502 689 551 581 368 587 381
3 362 254 714 257 402 576 670 643 451 694 542 711 460 736 517 143 440 264 510 613 461 645 496 648 500 688 551 582 460 626 493 549 371 556 383 576 408 590 425
8 360 258 716 255 400 573 670 638 455 685 540 711 459 736 518 582 460 627 493 146 438 259 512 575 407 590 425 579 365 586 379 548 370 555 382
256 400 573 669 13 360 261 716 638 456 683 539 583 461 625 493 711 458 736 517 641 497 680 552 574 408 588 425 578 365 585 379 147 437 260 512
254 399 573 669 37 365 272 716 636 456 680 538 639 497 678 552 584 462 625 492 711 458 735 517 11 561 242 719 577 364 584 378 573 409 587 425 529 369 538 383 691 459 708 494 150 438 260 512 673 458 689 490
253 398 575 672 43 359 274 719 634 455 677 537 638 498 676 550 584 462 624 492 15 562 229 719 710 459 735 516 576 362 584 378 529 367 539 383 690 458 707 494 573 410 585 425 674 460 689 490 230 458 290 494
50 362 278 718 249 398 577 674 630 454 674 536 635 498 672 548 582 463 623 491 529 364 539 381 17 566 224 719 710 460 735 516 576 360 584 376 689 457 706 494 349 363 360 379 572 409 585 424 296 358 309 378
55 366 286 714 245 399 578 676 627 453 672 535 633 499 669 546 529 361 538 379 580 462 623 491 17 572 225 719 576 359 583 375 447 290 466 306 294 359 307 378 349 363 360 379 571 407 586 423
61 370 292 711 242 401 579 675 625 453 669 534 528 359 538 377 579 461 624 491 293 359 307 377 447 288 467 305 575 358 583 374 350 363 360 378 28 567 302 719 571 406 587 423
66 371 296 714 241 402 581 674 624 452 668 533 580 460 626 491 527 359 538 377 629 498 664 542 447 287 466 304 574 357 582 374 33 566 304 719 293 359 307 377 17 411 236 554 350 364 360 378 572 406 588 422
72 373 299 717 242 402 582 673 582 460 626 490 624 452 665 534 527 358 538 376 446 285 466 302 9 408 244 558 573 356 581 372 690 454 707 496 350 364 361 378 294 359 309 376 546 414 563 430 331 361 342 375 46 597 295 719 572 406 586 422
76 375 301 718 247 401 581 674 583 460 626 490 623 452 664 533 527 357 537 375 0 420 160 553 572 355 581 371 691 454 708 495 281 357 298 374 445 282 465 301 54 595 287 719 332 360 342 374
96 370 313 719 252 399 580 675 0 417 155 555 584 460 626 489 622 451 663 533 62 567 289 719 691 454 709 495 525 357 535 373 573 355 581 370 279 357 297 374 461 362 468 380
97 372 318 719 257 399 578 674 0 413 151 558 584 460 626 489 622 451 662 530 68 570 284 719 691 454 708 495 573 355 581 371 461 361 468 379 280 356 296 374 524 356 533 372
104 371 328 719 263 398 577 675 0 412 148 562 583 460 627 489 621 452 662 529 691 454 708 495 79 573 282 719 573 354 581 371 460 361 468 378
112 372 338 718 269 398 575 674 0 414 148 565 583 461 627 489 691 454 708 494 617 461 657 529 572 354 580 370 88 574 280 719 710 442 747 518 460 361 467 378
122 373 346 715 0 418 147 566 274 395 576 675 102 566 332 719 692 453 708 494 582 461 627 489 711 442 748 518 645 458 661 488 572 354 580 370 416 263 446 283
125 372 350 714 0 419 146 566 277 396 575 673 109 565 332 719 692 453 709 495 582 461 626 489 647 459 662 488 712 442 749 518 714 452 736 501 459 362 467 378 418 262 445 282
126 373 353 714 0 422 147 566 282 396 575 673 118 567 330 719 692 452 709 495 582 461 626 489 648 460 663 488 419 260 445 281 714 452 734 501 713 450 749 519 671 457 683 483 459 361 466 376 501 358 509 375
143 361 367 719 284 399 574 673 0 425 145 568 125 567 330 719 693 453 710 496 649 460 663 488 422 258 445 279 583 462 626 488 715 451 734 502 754 425 787 527 670 458 683 483 501 357 509 375 278 355 290 372 569 397 582 412 519 346 529 366 459 360 466 376
144 363 376 719 285 402 574 672 3 427 140 569 693 454 710 495 131 567 329 719 424 256 445 278 669 460 682 484 650 461 664 487 584 462 626 487 608 460 653 525 715 452 733 500 568 397 582 412 757 426 788 526 570 351 577 364 501 356 508 375 10 380 216 490 519 345 529 366
147 367 383 719 1 425 123 572 283 404 573 672 693 455 710 495 669 461 683 484 607 459 653 524 715 452 734 500 585 463 625 487 650 462 664 486 94 441 185 542 136 567 330 719 570 350 577 365 865 428 883 464 10 376 214 490 425 254 444 277 759 429 790 526 519 344 528 366 569 397 582 412 691 472 713 506
155 374 393 713 0 423 117 572 281 408 576 669 89 440 193 544 669 461 683 485 692 455 711 494 586 463 624 487 715 452 733 499 570 350 578 365 867 428 884 464 519 343 529 365 762 428 792 527
161 377 402 712 0 419 110 572 83 441 201 545 278 409 579 669 669 461 683 485 153 566 379 719 586 463 623 487 693 454 711 494 608 457 651 524 714 451 732 499 570 349 578 364 730 446 764 527 519 343 529 365 869 429 886 464 421 242 440 268
165 378 408 714 0 410 90 577 77 442 205 545 276 409 581 670 669 461 683 486 161 571 373 719 587 463 622 487 728 447 763 527 693 453 711 494 571 349 579 364 519 343 529 364 714 452 732 497 420 241 441 265
167 378 410 714 0 411 85 577 59 437 209 552 728 446 763 527 276 407 580 674 670 461 683 486 588 463 622 487 172 598 361 719 693 452 711 495 572 348 580 363 519 344 528 365 715 452 732 494 419 240 441 263
192 378 426 719 0 414 74 579 56 440 212 555 729 445 764 529 670 461 683 487 277 407 579 676 588 463 623 487 182 602 358 719 573 347 581 362 694 452 711 495 518 344 528 364 695 471 717 514 417 238 442 260
197 380 430 719 49 442 215 559 731 444 767 529 0 437 66 587 670 460 684 488 275 407 578 671 587 461 627 487 574 347 582 362 191 605 361 719 694 453 711 493 771 444 817 534 518 344 528 364 695 471 717 514
201 384 436 717 39 442 219 562 733 444 771 529 670 460 685 488 274 406 576 669 588 462 629 487 774 448 820 534 576 346 583 361 199 607 364 719 693 454 710 492 0 437 53 590 642 459 659 488 716 449 734 495 716 474 737 513 519 344 528 363
204 388 439 712 28 442 222 563 671 461 686 488 0 449 37 587 736 444 772 528 268 406 577 668 588 461 629 487 693 456 709 489 577 346 584 361 776 454 821 534 642 458 660 489 202 606 369 719 716 473 737 514 717 449 735 496 519 344 529 362 574 396 589 410
209 390 446 707 16 441 218 564 672 461 686 488 739 444 774 528 344 394 568 678 693 456 708 486 579 346 587 361 588 462 626 488 643 457 661 489 210 561 420 719 710 437 741 519 0 444 27 589 715 471 736 516 716 449 735 497 520 343 530 362 575 395 590 411
214 388 452 705 6 440 214 566 213 559 421 719 673 461 688 488 711 436 741 520 693 456 706 484 642 456 663 490 752 440 788 535 581 345 589 360 576 395 592 411 585 461 627 488 521 343 531 362 348 397 568 677 602 460 645 488 716 450 734 497
236 375 465 719 0 440 208 568 750 436 787 536 711 435 741 520 789 442 845 538 183 453 247 535 214 557 422 719 631 474 658 515 673 461 688 488 641 455 665 491 691 456 705 484 602 459 648 489 583 343 592 360 522 343 532 363 576 395 593 411 583 460 624 487
241 376 468 719 0 440 208 569 753 436 787 536 714 434 743 521 633 475 659 515 790 441 847 539 179 453 242 535 691 455 704 485 641 454 666 493 216 560 424 719 603 458 648 489 523 343 533 363 581 458 623 488 583 342 592 359 577 396 594 411
248 380 471 716 0 444 197 576 754 437 790 536 716 434 746 521 691 456 706 487 635 476 660 514 603 458 650 489 169 452 246 534 644 453 668 493 524 343 534 363 795 440 850 539 219 561 430 719 550 345 561 365 717 465 735 520 580 458 621 488
255 386 477 713 0 443 193 578 757 439 794 535 692 456 707 487 637 477 662 514 718 435 748 521 163 453 244 535 603 458 651 489 525 344 535 363 552 345 563 365 644 453 669 492 589 344 597 359 800 438 852 541 719 466 736 520 238 599 417 719
262 388 484 711 0 443 188 580 760 439 798 534 693 457 708 488 637 477 664 514 719 436 749 521 527 344 537 363 602 458 651 489 152 455 231 534 554 345 564 364 589 344 597 358 644 454 669 490 666 459 682 488 586 394 600 408
267 387 490 714 0 442 183 581 763 438 800 535 149 454 229 534 694 458 709 488 638 477 664 513 528 344 538 364 590 344 598 358 554 345 564 364 720 437 749 521 602 459 651 490 667 459 682 489 587 394 601 409
0 441 178 582 198 391 557 706 144 453 226 536 695 458 710 488 638 476 667 511 552 345 562 364 765 438 798 535 592 344 600 357 529 345 538 363 602 460 651 490 731 432 759 524 275 594 445 719 667 459 683 489 817 438 871 544 588 394 602 409
0 439 173 584 295 381 509 719 139 453 224 540 774 435 813 541 696 458 711 488 640 475 669 510 550 345 559 365 730 433 758 524 281 596 448 719 668 459 684 490 819 438 874 545 589 394 603 410 595 344 603 356 604 462 650 491
0 438 168 586 299 387 513 713 776 436 816 543 138 454 222 542 697 458 712 488 731 434 760 525 640 473 672 509 548 344 557 365 288 597 457 719 825 437 878 546 668 458 685 491 590 395 604 410 597 344 606 355 565 346 574 364
0 437 165 587 177 392 567 705 779 437 820 543 137 454 221 542 698 460 712 489 733 434 762 525 641 472 674 508 546 344 556 365 668 458 685 492 829 438 879 548 473 343 480 364 292 598 464 719 566 346 575 364 598 344 607 355 592 395 606 410
0 436 163 589 169 391 573 703 782 438 824 543 136 454 221 544 697 462 710 489 546 344 556 364 736 435 766 523 667 458 686 492 600 343 610 355 568 347 578 365 639 472 675 507 475 344 483 364 716 457 728 485
0 436 161 590 164 390 578 704 785 439 827 543 134 453 221 545 742 466 765 524 547 345 556 364 716 459 728 488 603 342 613 356 696 464 708 490 569 347 580 365 661 475 682 504 668 460 686 491
0 437 158 590 158 390 584 706 794 438 836 548 132 453 221 546 717 459 730 490 605 342 615 357 663 475 683 504 571 348 582 365 549 345 558 364 694 466 706 491 668 462 686 489 138 227 172 318
0 439 153 589 155 388 586 707 794 437 838 551 124 455 208 546 717 458 731 491 632 473 672 501 607 342 617 358 572 348 583 366 550 346 559 365 970 459 1016 484 694 466 706 492 842 405 918 559 570 415 588 432 137 226 169 319
0 440 148 588 796 438 841 552 153 387 586 706 122 454 207 549 634 473 671 501 718 459 732 491 665 474 685 504 573 347 585 367 607 342 618 359 551 347 561 366 750 448 782 533 136 225 168 320
0 440 143 588 800 440 845 552 265 384 588 706 120 453 206 551 634 472 672 501 666 473 687 504 720 461 733 491 752 448 784 534 574 348 586 367 759 495 783 535 553 347 563 366 853 406 934 558
0 441 141 588 272 381 589 707 805 443 849 552 120 453 205 552 635 473 672 501 668 473 689 504 722 463 733 491 697 474 710 500 762 496 786 535 761 469 783 524 611 345 622 362 855 406 936 559 575 348 587 367 556 470 594 506 554 348 564 366
0 441 140 590 275 377 592 708 808 444 852 551 119 454 204 550 636 473 674 502 696 474 710 500 669 472 690 504 612 345 623 362 764 496 789 535 723 464 735 492 764 468 786 524 857 405 937 560 558 472 595 507
340 361 583 719 0 440 140 591 693 474 710 502 117 456 200 549 614 346 624 362 639 474 674 501 811 446 854 550 767 496 792 535 863 407 942 562 762 449 794 533 724 464 736 492 561 473 599 509
340 356 588 719 1 440 140 592 819 445 865 556 689 474 710 504 617 346 627 363 121 464 185 562 766 448 797 533 771 496 794 536 868 412 948 564 613 399 626 415
343 353 592 719 2 442 141 593 821 445 866 559 688 474 710 505 619 347 630 363 769 448 799 534 120 461 184 541 615 399 629 415
344 347 592 719 824 445 868 559 3 444 141 594 688 474 710 506 147 370 528 704 622 349 632 364 719 477 733 500 110 469 170 562 658 477 689 503 741 463 755 492 617 403 631 420 775 450 806 538
346 343 592 719 3 447 140 595 828 445 872 560 690 475 712 507 142 371 523 704 778 449 808 539 718 477 732 502 624 349 633 364 659 478 688 503 880 414 963 569 620 404 634 421 108 469 166 560
347 342 594 719 4 445 132 601 830 446 876 560 690 475 714 508 137 371 515 705 657 478 690 505 780 449 810 539 738 475 752 501 717 478 733 503 598 354 609 373 622 405 638 422 1067 458 1123 483 884 415 967 571 626 350 634 364
346 345 596 719 4 451 138 599 832 447 879 560 691 476 716 509 784 450 814 541 132 368 509 707 659 480 689 506 739 477 754 502 717 479 734 504 1067 459 1127 483 601 355 612 375 885 471 907 519 624 405 641 423
343 347 596 719 4 452 136 595 833 448 879 558 692 477 717 509 787 451 817 542 131 363 505 709 715 479 733 506 660 481 691 506 741 478 756 503 885 471 907 522 602 355 613 375 624 406 642 425
340 347 591 719 4 452 134 593 714 479 733 508 692 477 716 507 744 478 757 503 662 482 693 506 791 452 821 541 834 450 879 554 886 470 908 522 795 397 809 429 603 355 614 376
300 369 617 719 3 450 125 592 712 479 734 509 844 446 887 560 745 478 759 503 663 480 696 507 887 471 911 523 903 416 986 574 798 398 811 428 799 450 833 543
296 363 616 715 1 450 120 592 845 444 888 564 711 479 735 510 745 479 761 503 800 447 832 543 664 482 696 508 906 415 989 575 800 398 813 429 889 472 914 522 807 495 834 543
295 367 620 706 0 448 115 592 847 447 891 573 710 479 736 510 745 479 762 504 804 446 834 543 909 413 991 576 801 398 814 430 0 523 54 718 637 407 653 421
293 369 627 702 0 450 110 590 848 448 895 573 710 479 737 510 1 524 67 718 744 480 761 505 912 412 992 577 809 447 838 545 802 398 815 430
287 372 632 700 850 448 898 574 0 451 107 590 0 524 80 719 711 480 739 511 742 482 761 507 915 415 995 578 640 354 649 372 814 494 840 550
285 365 634 705 853 448 901 575 1 454 106 593 713 482 739 511 0 521 89 719 904 499 937 542 641 354 650 372 918 418 998 580 341 168 464 202 811 398 825 434 642 409 657 424
283 360 633 707 855 449 903 575 1 454 106 599 714 483 739 511 742 486 760 510 4 520 101 718 642 355 651 372 905 500 939 543 340 168 465 202 813 399 827 435 643 409 658 425 616 360 626 381
283 357 634 710 856 451 907 575 0 465 106 708 714 484 738 511 743 487 759 511 815 402 828 434 682 486 712 510 907 502 941 545 764 484 776 507 644 356 652 371 644 409 660 425 617 361 626 380 341 168 466 202
285 357 633 710 857 453 909 574 0 468 109 705 742 488 758 512 714 485 737 511 816 404 829 434 683 486 712 510 645 410 661 427 765 485 777 508 646 356 653 371
287 356 629 714 0 468 111 703 865 452 910 577 742 486 758 513 817 404 830 434 714 484 736 511 647 410 662 429 765 484 778 508 683 485 711 511 925 435 1003 586 648 357 656 372 621 363 630 380
