

4 188 1268 718
0 191 1274 719
0 193 1277 719
0 195 1279 719
0 200 1279 719
3 201 1279 719
8 205 1279 719
16 210 1275 719
13 213 1279 719
11 214 1279 719
11 214 1279 719
14 219 1279 719
19 224 1273 719
21 225 1270 719
32 225 1259 719
38 223 1258 719
41 225 1259 719


40 213 1258 719
40 215 1253 719
41 216 1250 719
50 222 1247 719




41 233 1234 719
40 233 1243 719


















216 250 248 283
220 249 255 285
223 251 258 283 223 236 250 271
234 252 268 286
238 253 274 287
243 252 279 288
247 252 283 288
258 253 295 293
261 253 302 295
265 254 305 295
268 254 306 294 264 237 289 272
282 257 321 300 268 235 290 271 270 254 302 290
278 247 328 304 273 235 294 271
282 245 333 307
285 244 338 310
287 243 339 311
295 246 351 315
297 262 357 329 289 240 337 308
298 263 359 333
287 260 361 339

270 255 353 343
264 254 358 382
258 256 357 386

225 259 322 399





50 469 434 690



















