

0 195 296 476 619 330 701 408 617 282 701 361 557 301 598 338 341 294 387 321 541 301 574 332 540 286 566 321 1064 308 1241 468 755 318 846 377 825 311 916 388
0 195 297 477 619 331 701 408 617 282 701 361 558 301 598 338 341 294 386 321 541 301 573 332 540 286 566 322 1064 308 1241 468 755 318 846 377 825 311 917 388
0 192 296 478 619 331 702 408 557 301 598 337 617 282 702 361 340 294 386 322 541 301 573 332 1059 309 1246 465 755 318 846 378
0 110 294 467 629 335 705 410 561 302 598 337 638 283 703 366 339 293 387 323 542 302 571 332 1015 314 1203 454
0 109 293 469 630 335 706 412 565 302 598 337 640 283 704 367 1011 320 1203 455 542 302 570 332 338 293 388 324 457 287 492 308
0 185 294 483 630 333 706 414 568 302 598 337 642 283 705 369 1010 325 1203 457 542 302 568 331 337 292 390 324 455 287 492 309 915 326 1024 412 793 320 905 389
0 185 294 483 631 333 706 414 642 283 705 369 568 302 598 337 1010 325 1202 457 337 292 390 324 542 302 568 331 455 287 492 309 915 325 1024 412 793 320 905 389
0 187 294 483 631 334 707 413 569 301 598 337 642 283 705 369 542 303 568 331 1011 322 1205 456 336 293 390 323 455 287 492 309 542 288 563 322
0 192 293 484 632 335 708 414 642 283 706 369 542 303 567 331 569 302 598 337 1058 322 1254 467 334 294 388 323
0 198 294 484 634 335 710 414 1064 320 1258 464 543 305 567 332 568 302 598 337 634 283 718 362 335 299 380 324
0 203 295 484 635 335 713 415 566 302 598 338 544 306 566 332 635 284 721 363 1114 319 1274 464 332 299 377 325
0 204 296 483 637 335 715 416 565 302 599 339 635 285 724 363 544 307 566 333 329 299 376 325 1116 316 1274 461 969 328 1078 425
0 206 294 484 638 336 716 415 565 302 599 339 543 307 567 333 635 285 725 363 329 299 375 325 1118 319 1272 461 780 329 913 403
0 201 292 488 651 334 713 418 565 303 599 339 637 297 724 391 543 308 566 333 328 299 375 325
0 196 290 491 654 334 716 416 566 305 599 339 641 300 725 389 543 308 565 333 327 299 375 325
0 191 287 493 655 334 717 415 568 304 600 339 543 308 565 333 643 300 726 389 623 289 647 323 327 298 376 325
0 194 286 493 655 338 730 411 543 307 566 333 568 304 599 338 647 296 740 392 322 294 381 322 623 290 647 322
0 197 283 494 655 339 729 413 542 306 567 332 581 304 609 337 452 288 492 312 648 293 739 395 321 293 382 322
0 198 283 494 655 339 729 415 581 304 611 337 451 286 493 312 542 305 568 332 1110 328 1278 465 641 292 729 396 566 305 598 336 320 293 382 322
0 196 280 495 655 339 731 415 581 304 611 338 452 286 493 311 543 305 569 333 640 294 729 394 566 305 597 335 316 298 363 327
0 194 276 496 655 339 732 415 581 304 611 338 453 286 493 311 543 305 570 333 640 296 729 393 315 298 363 327
0 193 271 500 655 339 735 415 582 305 610 339 453 287 494 312 544 306 571 335 314 300 362 329
0 194 270 503 656 338 735 415 582 306 609 339 544 308 571 336 313 301 362 331
0 196 269 511 665 358 738 424 582 307 609 340 544 309 570 336 310 301 362 332 668 301 732 395
668 359 739 425 582 306 610 340 0 63 255 512 545 308 570 336 451 287 496 315 669 303 732 392 307 300 362 331
670 359 741 427 582 306 610 339 0 55 254 516 546 308 570 335 451 287 497 314 671 305 733 390
671 359 742 426 581 305 610 340 0 54 254 516 545 307 571 335 451 285 497 314 672 304 734 391
581 304 610 340 670 356 744 428 0 49 255 522 545 306 571 335 450 283 497 312 673 303 736 392
0 43 255 527 581 303 610 340 670 354 745 429 448 281 497 311 545 305 571 334 665 289 746 352
0 39 254 531 582 303 609 340 669 352 746 431 447 281 496 311 874 325 1020 401 545 305 571 334 666 288 748 353
0 39 253 531 582 303 610 340 669 352 746 431 447 280 496 311 874 325 1020 401 545 306 571 334 666 288 748 353
0 42 251 531 582 303 609 340 669 352 747 431 448 281 496 311 545 305 571 334 887 327 1010 401 665 287 750 354
0 49 248 525 582 302 610 339 449 280 496 310 669 351 748 430 545 304 572 333 661 281 752 407
0 55 246 520 583 302 610 338 450 279 496 309 668 328 751 421 546 303 573 332 663 283 755 358
0 63 245 510 676 335 755 419 583 301 611 336 449 276 497 306 546 302 574 330 286 288 331 321 662 283 755 360
0 63 244 510 678 333 756 419 585 301 611 333 584 287 610 320 280 284 329 317 677 284 760 355
0 64 243 510 679 331 757 418 446 267 496 297 584 286 610 320 586 301 612 331 679 285 760 354 274 280 328 313
0 60 243 516 680 329 758 418 1076 315 1260 431 446 267 495 296 584 285 610 320 587 302 612 331 679 285 760 351
0 66 239 510 682 329 761 419 587 303 612 331 445 267 496 297 682 286 763 351 583 287 610 319
0 71 235 503 683 330 764 420 586 305 612 331 445 267 496 298 685 287 766 351 558 303 588 331
0 76 231 497 685 330 767 420 586 306 611 331 558 303 588 331 443 271 496 303 688 288 768 351
0 77 231 494 688 349 765 433 696 293 761 404 586 306 611 331 558 302 590 332 443 271 496 304
3 153 222 499 691 349 768 433 442 272 497 306 559 302 591 333 687 299 770 394 586 305 611 332
2 162 219 494 693 349 771 434 442 273 498 307 682 286 779 409 560 302 593 334 586 305 611 333 313 285 357 312
3 165 215 494 442 274 499 308 695 349 774 435 681 286 781 410 560 302 592 335 313 286 356 312 250 287 305 323
3 164 213 496 442 274 499 308 694 348 775 436 682 286 781 411 560 302 592 335 312 286 356 312 247 287 306 322
2 162 211 499 442 273 499 308 694 348 777 437 683 285 782 410 561 302 594 334 310 285 356 311 245 287 306 321 585 304 611 334
2 160 208 506 699 353 784 440 441 272 499 307 683 282 783 411 562 301 597 335 307 284 354 311 583 302 613 335
2 159 205 509 700 353 785 440 441 271 499 307 689 280 793 414 562 301 600 336 581 301 614 337 305 284 353 311
704 353 789 443 3 153 179 526 691 276 796 416 441 271 498 307 580 301 615 340 563 300 601 338
3 156 176 524 707 352 792 445 694 274 798 416 581 301 616 340 441 270 498 307 565 300 602 337
710 352 795 447 696 271 800 417 581 302 617 341 436 269 492 309 819 284 872 358 570 138 623 158 567 301 602 337
710 351 796 448 697 272 802 417 582 302 618 342 436 268 492 309 822 283 874 358 570 137 623 157
1 154 170 520 711 350 799 448 699 275 805 417 584 302 619 342 435 268 493 310
0 148 164 516 706 317 811 448 582 300 620 341 434 267 494 310
0 143 155 514 709 315 816 448 432 267 495 312 582 300 622 341 287 286 343 315
0 90 149 495 706 275 814 423 724 353 812 456 434 265 495 313 580 300 623 342 287 288 341 317
0 143 134 517 433 265 495 314 718 311 824 451 580 301 625 342 284 290 337 319
0 149 127 519 722 309 827 452 433 266 495 315 578 301 627 341 197 288 275 336 282 291 335 319
2 154 115 522 727 306 832 454 432 266 495 315 577 301 628 340 192 289 271 336
431 265 494 315
742 295 854 470 430 265 494 315 1 162 79 514 174 287 253 337
746 293 859 474 430 265 493 315 1 164 74 513 171 286 251 338 253 289 327 319
746 294 861 471 430 265 493 315 170 286 250 338 2 162 71 512 254 290 325 319
749 293 865 467 167 286 250 338 256 291 322 319
755 288 877 466 161 287 248 338 257 291 318 319
760 282 888 470 427 263 496 318 146 285 232 340 257 291 316 319
763 276 897 475 427 262 496 319 143 285 231 342 785 377 910 482
427 262 496 319 774 280 908 484 142 285 231 341 586 297 656 351 572 15 684 48
427 263 497 319 778 279 913 484 139 286 231 340 587 298 659 351 576 10 686 43
426 262 499 319 791 273 920 482 588 296 665 351 133 288 229 340 255 291 309 318
425 261 501 319 118 285 213 341 801 269 925 480 811 356 990 520 251 291 306 317
818 352 993 530 425 259 503 319 113 285 215 343 589 293 673 352 798 43 881 93 801 264 956 415 247 291 304 317
822 350 999 528 434 258 506 321 112 285 215 343 589 293 675 352 800 42 885 92 247 290 304 318
434 258 510 322 104 286 214 345 825 359 1007 518 248 291 304 318
433 258 515 323 96 287 213 346 865 247 1050 519 237 292 296 320 893 397 1108 553
877 241 1056 514 432 259 520 324 89 288 212 348 613 287 699 363 909 385 1092 563 237 293 296 321
433 258 521 324 880 241 1061 514 88 287 213 348 621 279 676 362 912 386 1104 561 237 293 296 321 627 313 711 367
432 258 526 323 84 285 196 349 629 314 715 369 237 292 295 320 884 240 1056 516 626 281 681 365 923 391 1107 559
431 258 531 323 78 283 197 350 632 316 720 371 236 292 295 319 906 252 1174 498 950 398 1172 567
427 255 541 324 65 281 197 350 233 291 294 319 966 236 1153 532 652 284 706 365 637 318 723 373
424 253 547 326 58 280 177 349 231 291 294 320 657 318 747 375
443 250 552 327 51 278 184 350 1054 246 1268 595 659 320 754 377 228 290 294 320 674 285 768 365 1078 278 1145 369
443 249 553 327 49 279 183 350 661 320 753 378 1061 250 1265 594 228 290 294 320 674 283 766 367
441 249 555 328 45 279 182 349 669 316 771 381 227 290 293 321 694 276 755 368 1070 259 1264 593
439 248 562 328 34 279 180 349 226 289 292 320 677 315 774 383 695 281 758 370
437 247 568 327 26 277 180 349 225 289 290 320 695 309 802 384
441 242 570 324 15 275 160 352 223 288 287 318 698 307 806 388
439 240 574 325 3 274 161 352 222 288 286 317 740 339 856 397
436 238 578 327 0 272 163 353 774 276 863 373 744 335 855 402 220 287 285 316
434 237 581 326 1 274 137 353 778 278 868 372 749 340 851 403 220 286 284 315
425 232 592 326 0 271 140 354 800 275 894 373
428 229 598 325 0 269 143 356
430 227 603 326 0 268 143 356 854 271 953 401 811 358 931 424 206 284 276 316
432 227 607 327 0 267 142 357 842 275 979 404 812 359 939 430 204 282 275 316
430 224 615 326 201 279 270 313 846 274 989 403
428 222 622 325 197 275 264 311 899 260 998 400
424 220 629 324 902 256 998 399 193 272 260 310
