

482 364 583 449 403 413 467 446 385 268 433 286 613 416 643 430
481 364 583 449 403 413 467 446 386 268 433 286
481 364 583 449 404 413 466 446 386 268 433 286
481 364 583 449 405 413 466 446 386 268 433 286
481 364 583 449 405 412 465 446 386 267 433 286 867 50 1265 621 367 415 402 441
481 364 583 449 406 412 464 446 866 55 1263 617 386 267 433 285
480 364 584 448 406 412 464 446 866 63 1259 615 387 267 433 285
479 364 584 448 406 412 464 445 866 72 1258 612 387 267 433 285
480 364 584 448 406 412 464 446 867 81 1258 603 387 267 433 285
481 364 584 448 406 412 463 446 863 85 1258 590 386 267 433 285
483 364 583 448 406 411 463 447 386 267 432 285 859 89 1257 576
405 411 462 447 484 364 583 448 871 120 1240 529 385 267 432 285
404 412 461 447 485 364 583 448 871 124 1235 528 385 266 432 285
404 412 461 447 485 364 582 448 871 131 1230 528 385 266 432 284
403 412 460 447 486 364 582 447 871 142 1230 528 385 266 432 284
403 412 460 447 486 364 582 447 869 153 1232 527 385 266 432 284
402 412 460 448 488 364 581 448 865 164 1234 525 385 266 432 284
402 412 459 448 488 364 580 448 860 173 1229 522 386 266 432 284
401 412 458 448 489 364 580 448 853 179 1222 519 386 266 431 284
400 412 458 448 489 364 579 448 847 182 1213 519
399 412 458 448 488 364 579 448 842 183 1206 517
398 411 457 448 488 364 579 448 840 185 1201 517
397 410 456 448 488 364 580 448 838 186 1198 515
396 410 455 448 487 364 580 449 835 194 1191 508 614 417 641 430
395 410 455 448 487 364 580 448 830 200 1180 502
394 410 455 448 487 364 580 448 825 209 1172 497
392 410 455 448 487 364 580 448 810 211 1132 497
391 410 455 448 487 364 581 448 809 218 1128 494
389 409 454 448 487 364 580 448 807 223 1120 492
487 364 580 448 389 409 453 448 805 225 1113 491
487 364 580 448 389 408 453 447 802 228 1105 492
486 364 580 448 798 235 1102 492 389 408 453 447
485 364 580 448 796 241 1094 493 389 408 452 446
483 364 581 448 794 245 1089 497 382 411 445 447
791 247 1080 500 481 364 581 449 380 411 447 448
786 251 1076 503 480 364 581 449 378 411 448 449
478 364 582 449 783 254 1072 503 377 411 448 449
477 364 582 449 782 256 1066 501 376 411 447 449
477 364 582 449 374 412 447 450 782 257 1057 497 440 369 501 440 390 266 428 283
481 369 581 452 372 412 446 450 780 263 1047 491 440 369 501 440
483 369 581 452 370 412 445 450 438 383 501 443 779 269 1040 488
484 370 580 452 369 412 444 450 437 383 501 444 779 233 1013 526
484 370 580 452 368 412 443 451 437 383 500 444 776 239 1010 524
484 370 580 453 362 414 441 457 437 384 500 445 772 245 989 516
485 370 580 453 360 413 438 457 771 250 986 516
358 412 435 458 487 371 580 454 435 387 496 446
357 413 434 459 489 372 580 454 435 385 496 446
489 372 580 455 357 413 433 459 434 383 496 447
489 372 579 455 356 414 433 459 434 382 496 447
487 372 579 455 356 415 433 459 434 381 496 447
487 372 579 455 355 415 433 458 434 381 495 447
485 372 579 455 350 413 429 463 433 380 494 447 989 393 1040 489 753 272 954 516
348 411 428 464 484 372 578 455 433 380 494 447 989 393 1040 489 751 292 954 501
345 410 426 464 485 371 579 454 749 292 950 504 432 379 494 447 989 393 1040 488
343 410 425 463 485 370 579 454 748 291 947 505 431 379 494 446 989 394 1040 487
486 368 579 454 339 410 421 461 746 292 945 503 988 393 1041 486
337 409 420 453 485 367 579 454 746 294 944 501 430 366 493 444
333 408 417 452 483 362 578 451 746 297 943 498 428 364 493 445
331 408 416 452 480 362 578 451 746 298 941 496 984 392 1041 486
328 407 414 451 478 362 579 450 984 390 1039 487 731 302 932 490
326 405 407 453 479 362 579 451 732 302 929 491 984 390 1039 487
323 406 407 453 479 362 579 451 733 302 925 492 977 393 1032 483
320 406 406 453 481 361 579 451 978 392 1032 484 733 302 919 492
315 406 403 453 484 361 579 451 424 364 488 444 978 392 1032 484 730 303 911 492
311 406 401 453 486 360 580 452 417 363 496 444 727 305 905 492 977 392 1031 484
307 405 398 453 487 360 580 452 725 306 900 494 424 363 488 445 977 393 1030 483
305 405 396 453 487 360 580 452 725 306 895 495 423 362 487 445 976 395 1030 482
301 405 394 453 486 359 580 452 725 305 890 497 420 362 485 444 976 387 1024 472
486 358 579 452 300 406 393 452 726 306 886 497 418 362 483 443 974 387 1023 470
292 403 391 455 485 358 578 452 726 307 887 496 416 362 481 443 973 387 1023 470
485 358 578 452 289 403 390 455 726 309 888 494 415 363 481 443 973 387 1022 470
484 357 578 452 283 401 388 456 414 362 480 443 726 313 888 490 972 387 1021 470
484 357 578 452 278 399 384 456 412 360 480 443 723 315 884 486 971 387 1019 469
274 396 381 458 484 357 578 453 412 359 480 444 721 316 880 484 969 387 1018 469
272 395 379 459 484 357 578 453 409 358 486 444 719 316 877 483 969 387 1018 468
483 357 578 453 272 396 376 459 408 358 487 444 714 317 878 482 969 387 1018 468
483 357 577 452 254 397 374 461 407 358 487 444 687 318 868 480 969 388 1017 468
248 397 376 461 482 357 577 452 678 315 871 484 406 358 488 444 1 417 15 464 969 388 1016 470
246 396 373 462 482 357 577 453 667 313 878 486 405 357 487 444 970 388 1015 472
482 357 577 453 243 397 369 462 662 311 883 485 398 354 480 444 969 386 1014 474
481 357 576 453 241 398 363 461 397 354 479 445 658 308 889 485 968 387 1013 474
480 357 575 453 240 398 359 461 661 305 890 485 396 354 479 445 966 387 1012 473
479 356 574 453 242 398 357 461 658 305 892 485 396 354 478 446 966 389 1013 471
477 356 574 452 218 398 357 462 642 308 896 484 394 354 476 447 965 389 1013 470
476 356 574 452 215 398 352 462 392 354 474 447 623 311 899 484 965 390 1012 468
476 356 573 451 213 398 348 461 390 354 472 448 609 313 901 484 965 390 1011 466
476 356 574 451 213 397 344 461 390 354 472 448 605 315 898 484 972 393 1005 443
475 356 574 452 214 397 339 462 390 354 472 448 610 318 898 483 972 394 1005 442
474 356 572 453 196 404 329 468 389 355 471 448 612 321 895 483
192 396 334 466 474 356 569 453 389 355 471 448 615 323 894 483 568 344 684 445 136 414 184 461
188 395 332 466 474 356 568 452 388 355 470 449 613 322 893 483 565 343 680 447
186 395 326 465 388 355 470 449 459 357 563 448 615 320 894 484 561 339 669 461 964 402 1020 482
388 354 471 450 618 318 894 486 180 402 321 468 459 356 560 447 555 340 662 462 964 401 1019 482
166 401 315 470 387 354 472 450 619 317 894 487 461 354 557 445 545 343 658 452 964 400 1019 481
161 401 313 470 387 354 472 450 619 317 893 487 542 342 656 451 460 355 554 445 964 402 1019 481
154 401 309 471 386 354 472 451 620 318 888 484 962 405 1019 482 461 359 548 443 539 343 654 447
148 401 305 470 386 354 471 452 621 320 884 482 521 339 632 446 961 408 1018 482
130 400 297 474 385 354 471 452 619 321 882 480 31 415 89 467 497 339 634 458 960 410 1017 483
