

161 218 366 340 712 240 1074 502 694 244 788 332 662 247 693 264 412 239 492 287 61 240 114 347 533 242 578 273
161 218 366 340 712 240 1074 502 694 244 788 332 662 247 693 265 412 239 491 287 61 240 114 347 532 242 577 273
161 218 366 340 712 240 1073 503 694 244 788 332 662 247 693 265 412 239 491 287 61 240 114 347 531 242 576 273
161 218 366 340 713 240 1073 503 694 244 788 332 661 248 692 265 412 239 493 287 61 241 115 346 531 242 576 273
161 218 366 340 713 240 1073 504 694 243 788 332 661 248 693 265 413 240 496 288 64 284 117 353 531 242 575 273 63 235 110 326
161 218 366 340 713 239 1073 503 694 243 788 332 661 248 693 265 413 240 497 288 64 285 117 353 531 242 574 272 63 235 110 326
161 218 366 340 713 239 1073 503 694 243 787 332 661 248 692 264 412 240 497 288 64 285 117 353 531 242 573 272 63 235 110 326 510 244 533 294
161 218 366 340 714 239 1072 503 694 243 787 332 661 247 692 264 412 239 497 288 64 285 117 353 531 242 573 272 63 235 110 326 509 242 531 295
161 218 366 340 713 239 1073 503 694 243 787 332 662 247 691 263 412 239 500 289 64 285 117 353 532 242 573 272 63 235 110 325 509 242 530 294
160 218 366 341 713 239 1073 503 694 243 788 332 661 247 691 263 412 238 499 289 64 285 117 353 534 242 572 272 63 236 110 325
160 218 365 341 712 240 1074 503 694 243 788 332 661 247 691 263 412 238 499 289 64 284 117 353 63 236 110 325 536 243 572 271
160 218 365 341 712 240 1075 503 694 243 788 332 661 247 691 264 412 238 496 288 64 284 117 353 498 246 527 298 63 236 110 326 536 243 572 270
160 218 365 341 711 240 1075 504 694 243 788 332 661 247 691 265 411 238 495 288 61 242 115 346 495 247 526 298 535 244 572 269
160 218 365 341 711 240 1076 503 694 243 788 332 660 247 691 265 411 238 491 288 492 249 524 298 61 242 114 346 542 250 569 283
160 218 365 341 710 241 1076 504 694 244 787 332 659 246 691 265 411 238 489 288 490 250 523 298 61 241 114 346 541 251 569 283 492 276 517 303
160 218 364 341 711 241 1076 502 694 243 787 332 658 246 690 266 488 249 519 297 411 239 488 288 64 284 117 353 540 251 569 284 63 235 109 326 491 276 515 303
160 218 365 341 712 241 1075 502 694 243 787 332 657 246 690 267 486 248 517 297 411 239 488 288 64 284 116 353 540 251 568 284 63 235 109 325 564 246 588 266
160 218 365 341 713 241 1074 500 695 243 787 332 657 246 690 267 483 246 513 298 64 284 116 353 412 239 489 288 538 250 566 285 563 246 588 267 63 235 109 325
160 218 365 341 712 241 1074 500 695 243 787 332 656 245 690 267 64 284 116 353 481 245 512 298 412 240 489 288 536 249 565 286 562 246 588 267 63 235 109 325
160 218 365 341 712 241 1074 500 695 243 787 332 656 245 690 268 64 284 116 353 561 246 588 267 535 249 563 286 413 240 490 288 63 235 109 325
160 218 365 341 712 240 1074 501 694 244 787 332 656 245 690 269 64 284 116 353 561 246 588 267 471 248 505 302 534 249 562 285 473 275 500 305 63 235 109 325
160 218 365 341 712 240 1074 501 694 244 787 332 655 245 690 269 470 247 503 304 64 284 117 353 560 245 589 267 534 249 561 285 63 235 109 325
160 218 365 342 712 241 1073 501 694 244 787 332 655 245 690 269 467 247 500 303 64 284 117 353 559 245 589 268 63 234 109 325
160 218 364 342 712 241 1074 501 695 244 787 332 655 246 690 269 464 246 496 303 64 284 117 353 559 245 589 268 63 234 109 324
160 218 364 342 712 240 1074 501 695 244 787 332 654 246 691 270 461 245 492 303 64 284 117 353 558 245 589 267 63 234 109 324
160 218 364 342 696 236 1060 502 695 244 786 332 653 246 691 270 454 233 489 309 65 284 117 353 558 245 588 267 541 244 575 269 63 234 109 324
160 218 364 342 713 240 1073 499 695 244 786 332 653 245 690 270 65 284 117 353 452 233 487 310 557 245 588 267 525 250 548 293 541 244 575 269 63 234 109 324
161 218 364 341 698 235 1058 501 695 244 786 332 653 245 689 270 65 285 117 353 441 237 482 308 557 245 588 267 525 249 546 294 541 243 577 269 63 235 109 324
161 218 364 341 699 235 1057 501 695 244 787 332 653 245 688 270 439 234 478 309 65 285 117 353 540 243 578 271 477 225 532 282 558 244 588 267 63 235 109 324
161 218 365 340 700 234 1056 501 695 244 787 332 435 231 475 309 438 270 472 316 65 284 117 353 654 245 687 270 538 243 579 272 476 226 532 282 559 244 589 266 63 235 109 323
161 218 365 340 701 235 1056 500 695 244 787 332 432 229 472 310 435 271 469 317 65 284 118 353 537 243 579 271 646 246 675 266 560 244 589 266 63 235 109 323
161 218 365 340 702 235 1055 499 694 244 787 332 429 227 469 312 645 246 676 267 65 284 118 353 535 243 579 271 430 271 466 319 474 225 532 283 63 235 109 323 560 244 590 266
161 218 365 340 703 235 1054 499 694 244 787 332 426 225 466 313 644 246 676 267 64 284 118 353 534 243 579 271 513 247 535 297 561 244 590 265 63 235 109 323
161 218 364 340 703 236 1054 498 694 245 787 332 644 246 676 267 419 231 460 316 64 284 118 353 533 244 579 271 461 227 536 284 511 248 534 298 561 244 590 265 63 235 109 323
161 218 364 340 703 236 1054 499 694 245 787 332 416 232 458 316 643 245 676 268 64 284 118 353 533 244 579 270 460 227 537 284 509 248 533 298 561 244 590 265 63 235 109 324
161 218 364 340 703 235 1053 499 694 245 788 332 412 233 452 316 642 245 675 269 532 244 579 270 65 284 118 353 561 244 590 265 63 234 109 324
161 218 364 340 704 235 1053 499 694 245 788 332 406 233 447 318 642 244 675 270 532 243 579 270 65 284 118 353 562 244 590 265 63 234 109 324
161 218 366 341 705 235 1051 498 694 245 788 332 640 244 675 271 531 243 579 270 65 284 118 353 402 232 443 318 496 254 528 302 562 243 590 265 63 235 109 324
161 218 367 341 706 235 1050 497 694 245 788 332 640 244 675 271 392 232 436 323 531 243 579 270 65 284 118 353 494 255 527 302
161 218 368 341 708 235 1049 497 387 232 432 322 694 245 788 332 639 244 675 271 492 255 523 301 531 243 579 270 65 284 118 353 63 235 109 324
160 219 369 341 709 235 1048 496 694 245 788 332 381 232 427 323 638 244 674 272 489 253 519 301 531 242 578 271 65 284 118 353 63 234 108 324
160 219 369 341 711 235 1047 494 694 245 788 332 635 247 675 280 370 256 423 336 486 251 515 301 65 284 118 353 531 242 578 271 489 275 512 305 63 234 108 324
160 219 368 341 711 235 1046 495 694 245 788 332 634 247 674 280 365 258 414 337 65 284 118 353 531 242 578 270 483 249 512 301 63 234 108 324 486 276 510 305 563 244 591 265
160 219 364 341 712 235 1045 495 694 245 788 332 359 255 409 339 633 247 674 280 65 284 118 353 531 242 578 270 63 234 108 324 563 243 591 265
713 234 1044 495 161 219 362 340 694 245 787 332 357 232 401 327 632 247 674 280 65 284 118 353 532 243 578 270 353 279 401 350 472 250 503 306 62 234 108 323 563 243 591 265
714 233 1042 495 161 219 359 339 694 244 787 333 631 246 674 281 469 250 500 309 65 284 118 353 532 243 578 271 352 230 395 328 62 234 108 323 339 280 389 351 563 243 591 265
714 233 1041 494 161 220 356 338 694 244 788 333 629 246 674 282 332 245 388 344 465 250 496 310 65 284 118 353 532 243 578 270 480 224 533 280 62 235 108 323 563 243 591 264
715 232 1041 494 160 220 355 338 694 244 788 333 628 245 674 282 328 240 381 346 65 284 118 353 460 249 492 312 532 243 578 270 478 224 533 280 62 235 108 323 563 243 591 264
715 231 1041 494 159 221 355 338 694 244 788 333 627 245 675 283 65 284 118 353 532 243 578 270 477 224 533 280 456 269 489 313 329 231 375 325 312 281 364 359 62 235 108 323 563 243 591 264
714 231 1041 494 158 222 358 339 307 234 360 351 626 245 675 283 694 244 787 333 65 284 118 353 532 243 578 271 477 224 533 280 442 241 483 309 563 243 591 265 62 235 108 323
714 231 1040 494 158 222 360 339 624 245 674 283 695 244 786 333 301 232 353 352 64 284 118 353 532 243 578 271 440 241 481 311 478 224 532 280
714 231 1040 493 622 246 673 284 163 222 361 336 695 244 786 332 64 284 118 354 436 239 477 311 532 243 578 271 476 225 532 280 285 231 339 357 62 235 108 324
714 231 1039 492 620 246 673 284 695 244 786 332 169 222 357 334 63 284 117 354 432 238 472 312 532 243 578 271 474 226 532 281 279 229 332 358 61 235 107 324 325 240 377 304
714 230 1038 492 617 247 674 285 695 244 786 332 175 222 355 333 63 285 117 354 429 237 468 314 532 243 578 271 256 228 314 366 472 227 532 281 243 298 322 383 61 235 107 324
714 230 1037 491 616 247 673 285 695 244 786 332 177 222 355 335 252 227 307 366 63 284 117 354 532 243 578 271 462 228 534 282 426 237 466 315 61 234 106 324 235 297 317 388
715 229 1035 490 615 248 673 286 175 223 358 334 695 244 786 332 63 284 117 354 532 243 578 271 460 229 534 282 416 237 459 317 233 228 288 367 60 234 105 325 217 297 298 394
716 228 1033 489 177 223 362 332 615 249 673 286 696 244 786 332 62 284 116 354 412 239 455 317 531 243 578 271 459 229 535 282 60 234 105 325 186 266 278 394 210 235 264 364
717 227 1031 489 183 222 363 330 176 265 265 395 613 249 673 286 695 244 786 332 406 239 450 317 62 284 116 354 531 243 578 271 459 229 536 283 60 234 105 325
717 227 1030 488 191 219 363 331 694 244 786 332 167 256 252 396 613 249 672 286 59 239 113 349 403 238 447 319 531 243 578 271 460 228 536 283
716 227 1030 488 194 216 361 335 696 243 775 321 531 244 577 271 390 255 434 328 461 228 536 283 609 247 665 286 59 239 112 349
714 228 1029 488 189 215 362 339 693 243 776 320 121 247 213 403 384 233 428 323 606 245 667 287 531 244 577 271 474 228 532 283
714 228 1029 489 177 216 362 340 692 244 776 318 604 243 667 288 531 244 577 271 72 299 183 446 474 228 532 283 379 233 419 321 115 238 194 406
714 228 1030 489 167 216 361 339 55 301 172 451 694 246 788 331 602 243 667 288 531 244 576 271 364 253 411 334 474 229 532 283 82 232 161 381 413 239 491 288 669 255 701 296
717 227 1029 489 161 217 360 339 23 304 140 463 356 252 406 336 604 241 665 289 695 246 788 330 530 244 576 271 474 228 532 283 665 254 702 297 412 238 491 287 69 235 141 408
717 227 1028 488 160 218 357 340 10 303 127 471 602 241 663 290 696 246 788 318 530 243 576 271 30 234 116 419 473 228 532 283 351 251 401 337 413 238 491 288 661 253 699 296
718 226 1026 488 159 219 357 340 599 241 661 292 696 245 789 317 336 250 388 340 530 243 576 272 473 228 532 283 919 233 1025 314 413 237 491 288 0 301 110 479 657 253 696 295 24 228 101 419
716 226 1027 488 157 220 357 339 329 249 384 342 597 241 658 293 696 245 789 317 530 243 576 272 1 235 68 436 473 228 532 284 413 237 491 288 60 236 109 357
715 226 1026 488 156 221 360 339 596 242 655 294 697 245 787 317 530 243 576 272 919 233 1025 314 474 228 532 284 58 236 110 352 412 237 490 288 325 251 377 342 1 224 52 455
714 227 1025 487 156 221 360 340 698 246 786 317 594 242 654 295 530 244 577 272 918 233 1024 315 474 228 532 284 411 238 488 288 307 247 360 348 58 236 109 350
715 227 1024 486 158 221 358 341 699 245 786 316 591 242 671 300 530 244 577 272 917 232 1024 315 411 238 486 288 474 228 532 284 57 236 109 350 301 248 352 349
714 227 1023 485 159 221 353 341 589 242 672 300 699 245 786 316 917 232 1024 315 530 244 578 272 411 238 486 288 474 228 532 284 56 236 109 350 282 279 340 359 327 242 376 302
715 226 1021 485 164 221 348 338 585 242 671 299 699 244 784 316 917 232 1025 315 530 244 578 272 411 238 486 288 474 228 532 283 56 237 109 350 277 277 333 360 325 242 376 303
714 226 1021 486 581 242 668 299 169 221 347 335 699 244 783 317 916 232 1025 315 530 243 578 272 411 238 487 288 474 229 532 283 56 237 109 350 255 242 311 356
714 226 1020 485 576 243 665 299 699 243 773 319 173 222 349 331 916 232 1024 315 529 243 577 272 411 238 487 288 56 236 108 350 474 229 532 283 250 236 303 356
712 227 1020 484 699 243 773 319 174 224 353 331 573 242 663 299 916 231 1024 315 231 232 289 361 529 243 577 272 412 238 487 288 56 284 110 357 474 229 531 282 219 308 297 375 57 233 99 326
710 228 1019 482 174 223 356 329 700 242 772 319 571 241 651 300 916 231 1023 315 527 243 576 272 56 285 109 357 412 239 492 287 57 233 99 325 230 235 278 359 207 309 299 376
709 228 1019 480 178 220 357 328 568 241 651 301 917 231 1023 315 700 242 772 317 180 265 262 385 527 243 575 271 56 284 109 357 413 240 495 287 57 233 98 325
709 227 1018 478 181 216 358 328 565 241 654 302 918 230 1023 316 164 263 247 386 702 240 769 317 527 242 572 271 55 238 107 350 413 240 495 286
710 226 1017 478 182 215 358 332 561 242 655 301 918 230 1022 315 703 241 783 313 528 241 571 270 54 239 107 351 146 260 230 392 413 240 492 286
709 226 1015 479 176 214 361 335 558 242 656 302 130 256 216 393 918 230 1022 316 703 242 783 312 528 241 570 271 412 240 492 287 474 226 530 281 57 279 109 355
708 227 1013 477 169 216 362 337 555 243 652 304 917 229 1022 315 702 242 783 313 527 242 570 272 412 239 491 287 474 227 531 282 122 238 204 371
708 228 1010 475 162 217 362 337 553 243 648 305 77 256 171 400 916 229 1021 315 702 241 769 316 527 243 570 272 412 239 491 287
709 230 1008 473 159 218 361 338 551 244 642 306 916 230 1021 316 702 241 769 318 68 251 153 402 528 244 569 272 411 239 491 287 662 258 698 295 0 493 1279 682
708 231 1007 474 157 218 360 339 549 245 640 307 916 230 1020 317 701 242 769 319 29 247 126 412 659 259 698 295 528 244 568 272 411 239 468 288 0 492 1279 682
708 233 1006 474 158 218 359 340 548 245 639 307 916 230 1020 318 696 244 772 317 10 299 116 448 656 257 698 297 411 240 467 288 529 244 567 272
709 232 1005 471 157 218 358 341 546 244 639 308 915 230 1019 318 702 243 768 317 1 241 71 436 657 257 699 298 410 240 467 288 529 244 566 271 0 490 1279 683
711 231 1005 469 157 219 358 341 537 245 637 309 916 230 1019 318 703 243 768 316 661 258 701 299 411 240 467 288 0 488 1279 683 529 244 566 271
711 230 1003 468 158 219 358 341 533 245 638 310 916 230 1020 318 692 245 771 315 0 488 1279 684 411 240 467 288 667 259 700 298 55 285 110 357
710 230 1002 468 158 219 359 341 530 246 636 311 915 229 1019 319 688 245 771 316 410 240 467 288 54 234 107 354 0 487 1279 685 631 241 664 267
709 230 1001 466 158 219 359 341 527 247 634 312 915 229 1019 320 684 245 771 317 54 233 107 355 410 241 495 288 0 488 1279 685 631 242 664 269
708 231 999 465 158 219 360 341 527 247 633 313 683 246 773 331 915 229 1019 321 54 233 107 355 410 241 494 288 0 490 1279 685
708 230 997 464 158 219 359 342 525 247 632 313 684 245 773 331 915 229 1019 321 54 232 107 355 410 241 495 288 0 491 1279 685
709 228 994 465 158 219 359 342 523 246 632 314 684 245 773 331 914 230 1019 321 54 231 107 355 410 240 468 288 0 490 1279 686 630 252 667 286 460 238 534 288
709 228 992 465 158 218 359 342 521 245 631 315 914 230 1019 321 686 245 773 331 55 231 107 355 410 240 467 288 0 489 1279 686 459 239 534 288 629 255 671 291
708 228 992 465 158 219 359 341 520 245 632 316 914 230 1020 321 687 246 771 316 55 231 108 355 440 241 527 288 0 488 1279 686 410 240 467 287
708 228 992 463 158 219 359 341 518 244 631 316 914 230 1020 320 690 245 771 315 439 241 527 288 55 232 108 355 0 489 1279 685 411 240 467 287
706 229 993 462 159 219 359 341 516 244 631 317 914 230 1020 320 693 245 771 314 438 241 527 288 56 231 108 355 0 489 1279 685 410 240 466 287
706 229 993 461 159 219 358 341 514 244 630 318 914 229 1021 320 437 241 527 288 692 245 771 315 56 232 109 355 0 489 1279 685 410 240 466 288
