

542 407 767 489 784 394 1000 475 678 1 785 56 931 386 1099 491 542 272 557 293
541 406 770 489 785 395 1000 476 67 439 121 512 679 1 786 54 934 386 1098 492 541 272 557 293
541 406 772 489 786 395 1000 476 64 439 119 511 951 402 1086 486 680 0 787 52 541 271 557 293
541 406 776 489 788 394 999 477 942 390 1098 494 62 440 117 512 682 0 788 50 542 271 558 293
540 406 777 489 790 393 999 477 945 390 1096 496 61 439 114 513 683 0 788 48
539 405 777 489 791 392 1001 478 948 391 1096 496 60 438 111 514 1164 389 1275 566 542 271 557 292
538 406 776 490 790 393 1002 478 949 391 1099 495 541 272 557 292
537 406 774 491 789 393 1003 477 950 392 1103 494 541 272 557 292
538 406 775 492 790 393 1003 477 958 392 1149 500 541 271 558 292 1194 376 1279 574
539 406 776 492 790 391 1004 478 960 392 1147 500 1194 372 1279 580 540 271 558 291
540 406 778 493 790 391 1005 478 964 392 1140 499 1198 372 1279 582 539 272 557 291
539 406 779 493 792 390 1009 478 969 392 1139 499 538 272 556 291 1203 371 1279 585
537 406 779 493 793 390 1011 478 973 392 1143 500 138 186 184 211 537 271 555 291
535 406 779 493 795 389 1012 479 976 391 1149 500
534 406 781 494 795 387 1014 479 976 390 1148 500 537 270 555 291
534 405 784 494 796 387 1017 479 976 389 1148 499 5 454 81 523 1140 399 1248 569
534 405 785 494 797 387 1022 479 977 390 1148 498 1138 398 1251 568
535 406 784 495 799 388 1027 479 979 391 1149 499 1140 398 1252 564
536 406 782 496 800 389 1030 480 981 392 1153 500 10 434 70 518 1141 398 1253 564
536 405 780 497 800 388 1035 481 982 392 1155 500 8 432 67 519 1143 397 1255 566
536 405 780 498 801 388 1036 481 986 386 1213 506 1148 395 1260 570
536 405 780 498 802 388 1036 481 987 386 1213 505 1152 394 1264 571
536 405 781 499 803 389 1035 482 989 386 1211 504 1156 393 1268 572 116 175 158 205 736 407 818 466
536 405 781 499 803 388 1036 482 991 386 1209 505 1159 394 1273 574 116 174 159 205
534 405 780 499 804 387 1036 482 992 387 1209 505 1162 393 1277 574 121 172 155 196 459 416 507 457
532 405 778 500 805 387 1037 482 994 388 1209 505 1166 394 1278 574 121 172 153 196 519 400 540 447 458 416 509 457
531 405 777 500 806 386 1036 482 995 389 1214 505 120 170 152 196 1169 393 1276 573 518 400 540 446
530 405 777 501 806 387 1038 482 997 390 1217 503 118 169 153 195 1193 389 1279 579
529 405 777 502 806 387 1039 482 1000 390 1223 501 1194 384 1279 581 115 167 153 194
528 405 778 502 807 387 1041 482 1003 392 1223 499 1194 380 1279 583 112 166 154 193
528 405 780 502 809 388 1042 483 1006 394 1225 498 1195 380 1279 584 109 164 154 192
528 405 781 502 810 389 1044 483 1009 394 1220 499 1199 381 1279 583 106 163 153 192
529 405 782 503 810 390 1046 484 1009 393 1212 500 1201 380 1279 583 514 398 539 447
529 404 783 503 810 390 1048 486 1011 392 1208 501 514 398 539 447 454 415 507 458 1206 379 1279 582 92 162 141 191
529 403 784 504 817 389 1065 486 1011 392 1208 500 452 411 509 459 514 398 539 448 91 161 139 191
530 403 786 505 816 389 1067 486 1014 393 1215 497 454 415 505 458 89 159 138 191
528 402 789 506 815 389 1068 486 1015 393 1218 496 89 158 135 191 455 414 505 458
526 402 792 507 814 390 1070 486 1019 391 1262 501 89 157 133 191 508 392 542 467 1220 452 1273 581
524 402 793 507 815 390 1071 487 1022 392 1260 500 90 157 130 191 1222 449 1276 582
525 402 794 507 816 390 1071 488 1025 393 1261 500 88 156 129 190
525 401 794 507 816 390 1071 489 1027 393 1263 500 86 155 128 189
525 401 795 508 1028 392 1265 502 817 390 1072 489
524 400 796 509 1032 391 1264 505 818 391 1073 490
521 400 800 509 1034 390 1261 506 819 391 1074 491 65 155 116 188
517 401 803 509 1036 391 1261 507 819 390 1076 492
515 401 806 509 1039 391 1263 507 818 388 1079 492 448 412 502 460
513 400 806 510 1042 391 1263 507 819 388 1080 492
510 399 808 510 1047 392 1261 507 823 389 1079 491
508 398 811 510 1051 393 1259 506 826 390 1080 491
507 398 812 511 1054 394 1259 506 827 388 1083 491
507 398 813 512 1055 396 1262 506 829 388 1084 491 490 402 530 488
513 402 805 520 1056 398 1267 506 830 390 1085 493 488 401 529 491
513 401 804 521 1058 399 1272 505 832 393 1087 495 486 401 528 493 1 434 15 512
512 401 803 521 1061 400 1277 505 833 395 1089 496 484 401 528 493 0 425 24 515
512 401 804 522 1063 400 1279 506 834 395 1091 496 482 400 527 494 0 425 25 515
508 401 807 522 834 395 1093 496 1066 400 1279 506 480 398 526 494 0 424 26 515
505 400 810 522 834 395 1096 496 1069 400 1279 506 477 396 523 495 0 425 28 515
503 401 811 522 835 395 1097 495 1072 400 1279 506 475 394 520 496 0 425 30 516
503 402 809 521 835 395 1097 495 1073 400 1279 506 473 393 519 497 0 425 30 517
500 403 810 522 835 395 1099 496 1084 396 1279 509 0 423 31 518 464 395 511 497
496 403 812 522 835 395 1100 496 1086 396 1279 509 0 422 33 519 462 394 511 496
494 403 814 523 837 395 1101 496 1089 396 1279 509 459 393 510 495 0 421 34 519
493 403 813 524 837 394 1102 496 1090 396 1279 510 458 394 508 494 0 420 34 519
491 402 814 524 837 393 1103 497 1090 395 1279 511 456 394 505 493 0 421 34 519
489 402 814 524 837 393 1106 497 1089 394 1279 512 454 394 502 493 0 421 35 520
486 401 815 524 837 393 1107 497 1089 393 1279 514 452 393 501 493 0 422 35 520
482 401 816 525 837 394 1109 498 1089 393 1279 515 450 392 501 494 0 422 35 521
479 400 817 526 839 394 1109 499 1090 393 1279 515 450 392 501 494 0 421 33 522
478 400 817 527 841 394 1110 500 1091 392 1279 516 449 395 499 495
478 399 817 529 843 394 1109 501 1090 392 1279 517 451 396 498 495
477 398 817 530 842 394 1110 501 1090 392 1279 517 438 396 486 498
843 395 1109 501 484 399 778 533 1091 392 1279 516 435 391 485 499
843 395 1109 501 482 400 778 533 1091 392 1279 516 426 428 477 515 435 391 483 461
844 395 1109 502 477 401 780 532 1091 392 1279 516 422 426 475 517 431 390 481 462
843 395 1110 502 475 401 779 531 1091 392 1279 517 420 424 474 518 1058 161 1137 198 429 389 480 464
842 395 1112 502 466 401 777 529 1092 392 1279 517 423 388 477 498
841 394 1112 502 458 401 771 528 1093 391 1279 517 415 423 462 514 422 385 476 468
842 395 1112 501 445 401 765 527 1095 392 1279 517 412 390 466 501
843 395 1112 502 434 401 765 526 1094 393 1279 517 410 387 465 501
844 396 1111 503 423 401 768 527 1097 396 1277 527 408 386 462 503
844 396 1111 503 416 401 773 527 1097 396 1276 528 406 386 459 505
845 396 1110 503 423 400 745 530 1098 395 1276 528 404 386 456 506
845 396 1110 503 420 401 745 529 1098 394 1276 529 401 384 454 505
845 395 1110 503 416 402 745 528 1096 391 1279 518 400 383 452 464
414 402 744 528 845 395 1109 502 1096 391 1279 518 399 384 447 465
413 402 742 528 845 395 1110 502 1096 391 1279 518 383 388 435 503
413 403 738 527 845 395 1110 502 1096 392 1279 518 379 388 432 504
408 404 735 526 845 396 1110 502 1096 393 1279 517 377 392 427 498 539 243 560 270
405 405 730 526 845 396 1111 503 1095 393 1279 516 375 396 423 491 539 243 560 270
845 396 1111 503 401 405 729 526 1095 394 1279 516 359 401 416 494 539 243 560 270
846 396 1112 503 401 405 728 526 1095 394 1279 515 355 404 414 492 539 243 560 270
846 397 1112 503 401 405 728 526 1098 396 1276 528 351 408 412 489 539 243 560 270
845 396 1111 503 406 405 726 527 1098 396 1276 528 350 412 410 487 539 243 560 270
845 396 1111 503 410 405 724 527 1099 395 1276 528 347 418 408 511 539 243 560 270
845 396 1111 504 410 405 725 527 1099 395 1275 529 350 420 408 509 328 459 398 518 540 243 560 270
845 396 1111 504 409 405 728 526 1100 395 1275 529 326 460 397 519 352 420 405 484 540 243 560 270
845 396 1111 504 408 406 730 525 1100 395 1275 529 324 460 396 519 333 419 392 488 539 243 560 270
845 396 1111 504 408 406 730 525 1100 395 1275 529 322 461 396 519 332 420 389 488 539 243 560 270
