

505 228 558 265 486 234 514 257
503 228 556 266 566 235 599 257
501 229 555 266 565 235 600 258
499 229 554 266 564 235 600 259
563 233 599 259 498 229 553 266
486 217 557 269 562 233 598 260
491 220 553 270 561 233 596 260
484 218 557 270 561 232 595 260
476 221 549 269 560 231 595 261
475 221 549 269 559 230 595 261
474 221 547 270 558 228 595 261
471 221 545 272 555 227 594 262
467 222 542 272 552 227 592 264 459 236 495 262
464 223 540 273 538 229 585 264 454 235 496 264
461 224 538 273 536 227 585 265 450 235 499 265
533 225 583 266
530 223 581 266
442 223 530 272 527 224 578 266
438 221 529 272 525 224 577 266
433 218 527 272 521 215 576 269
431 216 525 272 519 213 574 269
431 214 522 273 517 212 572 269
431 213 520 273 517 212 571 268
432 212 519 273 512 212 564 266 411 231 453 261
434 212 517 273 509 211 561 266 405 231 450 261
434 212 515 273 505 211 558 266 400 230 447 262
432 211 518 273 398 229 447 262
403 212 511 273 385 229 433 260
401 212 509 273 380 229 431 262
405 212 505 273 373 229 429 263
406 211 503 273 371 228 427 264
407 210 501 273
405 208 500 273 355 228 412 263
405 209 497 273 350 228 409 265
374 212 488 274 339 222 417 270
384 210 483 275 335 221 416 271
387 208 481 276 322 221 401 271
389 207 480 278 318 221 399 273
385 207 479 279 312 220 396 274
379 208 478 280 307 219 396 275
291 221 375 276 373 207 476 282
361 206 463 284 283 221 370 277 65 216 110 288
357 206 461 285 267 219 359 277 59 215 105 287
260 219 353 277 351 204 458 286
345 202 456 287 253 219 349 277
237 219 334 277 335 200 441 286
230 218 329 278 331 200 438 288
211 218 313 278
204 216 309 279
187 216 290 277
180 214 289 276

214 189 419 290
225 188 408 294 129 214 238 278
138 185 393 295
139 179 394 302
132 176 395 310 55 217 163 289 560 22 604 46
133 171 391 316 553 19 605 43 50 217 163 292
127 166 386 319 27 216 142 294
75 152 394 338 12 214 115 294
50 147 391 341
28 141 389 342 363 175 407 315
24 137 388 343
2 127 372 349
0 124 369 351
0 117 363 359
4 111 353 367
11 92 335 378
11 73 320 385
8 51 303 394
5 19 288 382
0 3 254 393
7 14 224 430
0 0 188 426
2 0 160 425















0 23 1279 237
29 24 1253 252






