

781 299 1014 470 454 241 744 501 10 269 315 610 980 301 1176 439 747 330 801 404 305 247 456 443
778 298 1013 469 454 240 742 499 8 269 312 607 979 300 1176 437 745 328 797 407 302 248 457 440 314 300 340 344
776 296 1014 468 8 267 313 606 452 240 742 496 981 300 1173 436 744 327 797 408 299 248 457 439 312 299 340 344
774 294 1014 468 7 266 313 602 451 240 743 494 981 298 1170 436 301 248 456 435 743 328 795 407
773 292 1015 469 8 265 314 600 452 240 742 493 980 296 1169 435 303 248 454 432 742 329 794 404
773 291 1014 469 9 264 313 599 452 239 741 493 978 296 1169 435 304 251 453 430 741 328 793 402 680 72 816 99
773 290 1015 470 10 263 311 600 453 239 741 492 976 297 1168 435 301 250 453 430 741 327 793 404 682 69 817 97
772 290 1015 470 10 262 310 599 452 240 741 492 976 298 1166 435 297 251 453 429 740 325 794 405 684 65 817 94
770 289 1015 470 9 263 311 598 453 239 741 493 976 299 1165 436 293 252 453 428 739 324 794 408
768 290 1015 471 7 261 311 597 453 238 740 494 975 299 1162 436 293 253 452 427 738 323 794 410 685 59 820 86
768 291 1015 471 6 259 310 597 453 237 739 494 976 300 1159 437 295 252 450 427 733 327 788 408 684 57 822 81
768 292 1015 471 4 258 310 594 452 236 739 495 977 301 1155 437 298 251 450 427 732 328 788 408
768 292 1015 471 3 257 312 592 437 235 729 502 981 301 1152 436 731 328 788 407 298 249 448 427
3 261 312 589 769 293 1015 472 436 235 729 501 983 302 1150 436 730 328 788 406 297 249 446 426
4 264 310 588 434 235 729 499 769 294 1016 471 984 302 1149 435 295 249 445 425 730 329 787 404
5 268 308 586 433 235 729 497 986 304 1147 435 765 295 1017 471 291 250 443 423 728 329 786 403
6 270 307 584 430 235 729 497 985 305 1146 436 764 295 1018 472 288 250 441 422 727 330 784 403
428 234 729 501 6 270 308 582 985 306 1145 438 755 293 1006 469 725 331 783 403 285 253 439 421
426 233 728 502 6 270 309 580 754 293 1007 472 984 308 1144 441 724 331 783 402 286 254 438 422
752 295 1008 475 425 233 726 510 7 270 310 578 984 308 1143 445 722 333 781 403 286 256 438 424
752 297 1005 477 426 234 724 513 7 271 310 575 980 309 1141 447 721 335 780 404 287 255 436 425
752 300 1004 478 424 235 723 520 7 273 312 574 977 309 1139 449 720 337 779 407 289 256 435 427
752 301 1004 479 424 239 721 522 6 274 315 574 977 311 1138 450 719 340 780 407 291 258 433 429
751 302 1006 480 7 275 315 576 424 242 719 520 981 314 1138 451 719 342 780 408 289 261 432 430
8 276 314 577 750 303 1007 481 424 244 718 517 986 315 1137 451 718 344 781 407 289 262 432 430
8 277 314 578 750 303 1009 481 423 246 718 513 989 315 1138 450 718 344 781 407 289 265 432 429
751 303 1009 481 8 278 317 577 419 245 721 517 990 316 1139 450 718 344 781 406 287 264 433 429
8 278 319 578 420 245 721 516 750 302 1010 481 987 317 1140 449 718 344 782 406 285 264 434 428 1106 328 1191 407
8 279 320 578 424 244 717 514 750 300 1010 480 984 316 1141 447 718 343 782 406 282 262 434 429 1107 327 1193 408
9 283 321 575 428 243 714 510 749 299 1011 479 984 315 1142 445 713 340 784 406 282 260 435 428 1118 327 1208 405
9 286 322 568 429 243 712 506 750 299 1011 478 981 314 1144 444 718 341 782 407 284 260 436 428 1118 326 1214 406
9 287 322 565 430 244 714 504 750 299 1012 478 979 315 1144 444 287 260 437 427 713 340 785 408 1120 328 1217 410
10 287 321 564 430 246 717 501 760 301 1021 483 975 315 1146 446 713 341 785 408 289 262 439 425
10 288 323 564 762 303 1021 485 431 247 719 497 976 315 1145 447 712 341 786 410 293 264 440 428 1123 335 1217 418
9 289 326 564 431 247 719 495 764 305 1021 487 978 316 1146 450 712 341 787 410 298 265 443 431 1124 337 1218 420
8 291 333 566 429 251 721 496 767 305 1020 489 982 317 1144 451 713 341 787 412 313 265 448 434 1131 356 1212 422
426 256 722 499 6 293 339 568 767 306 1021 492 985 320 1143 452 714 342 788 412 1132 356 1216 424 318 265 450 432
421 262 724 500 6 296 344 571 767 305 1021 494 986 323 1143 451 716 343 789 413 1142 356 1237 427 335 351 429 437
422 268 723 501 4 297 349 570 765 307 1023 496 984 325 1144 452 716 343 791 413 322 270 451 432 1141 358 1241 428
421 272 724 503 2 299 351 568 766 308 1024 497 982 326 1144 452 717 344 792 414 1142 359 1243 429
421 276 725 503 0 304 356 564 767 309 1025 496 979 325 1144 453 718 344 792 414 325 296 445 449 1145 360 1244 430
420 279 727 502 0 306 358 560 769 310 1025 496 979 323 1143 453 718 344 793 414 1161 359 1271 432
419 279 728 502 0 307 362 557 770 310 1026 496 981 322 1143 453 719 344 794 415 1163 357 1271 433 337 354 433 438
421 279 729 503 0 304 366 556 774 309 1027 497 985 321 1143 452 1169 357 1271 432 719 344 794 415 337 353 433 437
421 279 729 503 0 301 369 555 777 309 1028 497 986 320 1143 451 1175 356 1270 431 729 341 808 415 337 352 434 436
421 278 731 503 0 299 369 555 781 308 1029 498 987 318 1142 451 1181 357 1269 431 731 341 808 415 1114 335 1179 419 337 349 435 437
420 276 730 500 0 298 370 554 781 307 1030 498 987 317 1139 451 739 344 801 412 1108 333 1187 419 1194 355 1274 433
421 273 727 499 0 298 373 552 780 306 1031 498 987 315 1139 451 741 343 801 411 1199 356 1276 433 1108 333 1193 418
422 271 725 496 0 299 379 550 780 305 1032 498 988 314 1140 451 743 342 802 411 1118 336 1208 418 1206 357 1279 433 358 350 444 437
421 272 726 496 0 300 381 548 780 305 1034 499 989 313 1141 452 1119 336 1215 419 744 341 804 412 1217 355 1278 434 359 349 445 437
420 273 728 499 0 296 412 544 780 304 1037 500 1121 336 1221 420 990 313 1141 452 745 340 804 412 1224 355 1278 436 359 350 446 438
419 275 727 499 0 296 412 547 780 305 1041 500 991 312 1141 451 1120 337 1231 421 745 340 805 413 1239 354 1279 437 361 351 446 436
421 275 725 504 1 297 414 550 782 304 1045 501 994 312 1143 450 1124 338 1251 421 739 339 815 412 364 353 446 434
421 276 724 501 0 297 415 551 786 304 1050 502 1122 339 1262 421 996 313 1144 450 747 343 808 414 367 354 446 432
421 277 726 502 0 297 416 551 788 303 1055 502 1122 339 1269 421 999 314 1144 451 748 344 809 414 370 355 447 431
419 278 726 498 0 299 417 548 788 302 1060 501 1123 339 1274 421 1003 317 1145 452 749 344 810 415
3 303 419 545 417 278 725 499 788 302 1065 500 1116 332 1275 422 1006 319 1146 451 751 343 811 415 694 340 745 443
8 307 418 541 417 277 723 499 786 301 1069 498 1118 332 1278 422 1025 325 1152 448 762 337 823 415 693 337 747 445 0 321 91 424
12 309 418 540 419 277 723 498 1121 332 1279 423 790 305 1085 492 1026 325 1154 448 763 338 824 414 690 327 750 430 0 326 91 455
21 308 417 540 425 277 720 498 1142 335 1279 426 1031 324 1156 446 811 304 1074 500 765 340 827 415 688 328 752 431 0 316 106 459
29 306 418 541 431 276 714 497 1153 335 1279 427 1034 324 1161 443 813 304 1079 501 767 343 830 414 680 312 757 453 0 321 91 460
40 305 423 540 437 274 711 495 1164 333 1279 428 1038 323 1166 440 770 344 833 414 813 305 1086 500 0 316 88 471 681 314 761 455 1122 320 1208 381
48 307 431 536 439 272 710 494 1170 331 1279 429 1 314 81 473 1039 322 1168 439 816 305 1092 500 767 343 841 412 680 315 764 457 1126 319 1213 409
61 308 443 532 442 271 711 493 814 301 1115 493 1191 331 1279 429 680 316 771 458 1060 319 1162 443 1 310 74 469 778 338 858 412 1139 318 1244 411
73 307 449 533 441 270 708 496 815 300 1127 495 680 316 776 458 1068 316 1167 444 783 336 862 412 1161 318 1276 424 1 310 72 454 1211 346 1278 432
82 305 453 533 439 270 705 498 681 316 782 458 840 299 1150 499 786 336 867 412 1217 321 1279 435 1159 312 1273 421 1077 316 1173 445 0 325 69 421
89 302 453 536 437 270 703 498 842 298 1154 503 680 316 785 457 788 336 872 413 1162 310 1271 420 0 325 64 422 1095 321 1182 441 1219 318 1279 433
106 278 448 520 436 272 703 496 847 297 1161 506 1165 309 1275 421 799 333 886 415 679 317 789 458 0 323 59 424 1101 321 1185 444
116 274 444 521 435 274 704 495 853 296 1171 508 1167 309 1278 425 804 334 888 417 688 323 799 452 86 310 189 396 0 322 54 423 1110 317 1192 447
123 270 442 524 434 276 704 497 860 294 1179 509 809 334 893 420 684 326 810 452 1171 309 1279 428 74 310 188 417 0 323 37 423
126 267 442 526 433 275 704 500 810 336 898 421 684 325 815 452 869 292 1187 511 1175 310 1279 429 71 310 189 417 1 323 30 426
130 265 442 527 433 275 703 499 684 324 819 452 876 290 1199 512 1190 315 1279 425 820 337 911 418
132 264 441 525 433 274 701 498 683 324 823 451 878 301 1215 528 822 338 916 419 1193 317 1279 425 55 307 198 422
135 261 442 525 680 324 826 451 429 275 700 495 888 285 1225 517 826 337 922 420 50 306 192 422 1213 316 1279 430
142 256 459 525 679 325 830 452 425 276 699 492 894 280 1234 522 829 337 926 419 42 306 188 421 1217 313 1279 430
141 253 461 525 679 325 838 453 425 277 698 490 890 292 1253 538 31 306 185 420 843 335 939 414 1222 316 1279 427
139 249 463 528 681 324 846 454 428 274 697 488 845 335 946 415 920 290 1268 540 25 295 182 418
137 245 464 531 682 323 857 454 430 270 699 487 924 279 1274 524 9 293 172 418 846 335 954 414
135 247 467 532 682 323 864 454 428 267 700 483 928 274 1277 529 5 292 169 419 847 335 959 414 147 223 391 351
684 321 872 455 428 267 698 480 936 271 1278 532 131 251 472 531 863 333 970 412 3 291 158 420
685 318 877 456 429 265 693 478 944 268 1278 535 121 250 442 523 865 331 975 409 2 289 148 420 127 212 320 371
695 312 887 460 952 266 1278 535 114 249 439 523 430 263 686 474 869 330 980 406 1 285 137 419 103 204 320 378 678 333 719 369
695 306 889 461 106 255 437 523 958 263 1279 536 872 328 982 403 427 259 680 471 5 278 114 419 680 332 719 367
90 256 437 525 696 300 892 460 967 260 1279 539 421 253 672 465 874 324 985 402 68 187 283 373
71 256 436 527 696 296 895 458 975 258 1279 542 412 247 666 461 872 317 985 393 25 150 284 407
48 254 437 527 417 249 640 453 694 291 900 455 980 257 1279 545 870 315 989 393 14 133 267 407
30 253 437 524 692 289 904 452 414 249 635 453 983 259 1279 544 881 314 999 393 3 144 224 414
13 253 436 521 987 256 1279 547 694 288 906 450 408 249 633 451 883 312 1000 391 0 133 216 427
3 251 429 521 992 250 1279 554 383 247 642 444 696 288 909 449 885 311 1001 390 2 124 171 439
0 252 423 524 377 247 642 441 699 288 912 450 1000 256 1279 582 886 310 1003 390 2 104 167 383
0 253 417 529 374 249 641 441 702 289 915 451 1003 252 1279 589 887 312 1005 390
0 253 415 533 394 252 627 451 705 289 918 453 887 313 1010 392 1017 239 1279 606 679 320 718 357 617 320 644 361
0 251 409 537 397 253 626 451 706 289 921 457 1024 239 1279 610 886 315 1014 394 678 321 719 358 618 320 644 362
399 255 626 450 1 249 404 539 1031 237 1279 611 707 289 924 460 888 315 1016 396 678 322 722 359 619 321 644 363
402 256 626 450 1037 235 1279 615 5 247 398 540 708 290 927 462 890 315 1015 396 677 322 722 360 999 321 1078 378 620 321 645 364
406 256 627 450 1042 235 1279 617 7 248 395 540 710 290 931 462 893 314 1014 397 677 322 721 360 1001 320 1078 376
409 255 629 450 1048 235 1279 619 4 238 371 551 712 289 935 464 897 313 1013 396 678 320 718 359 1002 318 1078 375
413 254 632 450 4 235 365 555 1055 236 1279 616 713 288 939 464 911 312 1017 394 1003 315 1079 374 679 319 717 357
