

661 431 761 514 645 414 661 433
660 431 760 513 644 414 660 432
658 430 759 513 644 414 659 432
657 430 758 511 644 414 659 431
656 429 758 510 643 412 658 429 624 413 638 428
655 429 757 509 641 411 658 429
654 428 756 508 641 410 657 428
653 427 756 507 640 410 656 428
652 427 755 506
651 426 754 506
650 426 752 505
648 425 750 504
647 425 748 503
645 424 747 503
643 422 746 503
641 419 745 504
640 417 743 505
639 415 742 505
638 418 737 503
635 418 737 502
635 413 736 494
632 412 735 494
629 411 735 493 599 395 616 413
627 410 732 492 599 394 617 413
625 408 729 490 599 393 617 412
624 406 726 490 598 393 617 412
623 404 724 491 598 394 617 413
620 404 721 492 597 394 615 412
618 404 719 493 596 394 613 411
616 404 717 494
616 404 716 494
610 406 712 496
608 406 710 495
606 406 708 493
604 406 707 491
602 406 706 490
600 405 704 490
598 404 702 489
597 404 701 490
595 405 699 490
594 406 698 491
593 406 696 491
592 406 695 492
591 406 694 492
591 406 693 493
590 406 692 493
590 405 692 493
586 406 689 493
585 407 688 492 913 402 1022 436 572 404 588 423
585 407 686 491 888 401 1017 438 571 404 588 424
585 407 685 490 884 401 1010 439 569 403 587 424
584 406 685 489 568 402 588 424 867 403 978 443 550 397 566 413
582 406 685 488 549 397 566 413 567 402 588 425 866 403 973 444
580 406 684 486 549 397 566 413
580 406 684 485 803 400 941 455
579 405 683 484
577 403 682 484 737 404 864 475
575 402 680 483 720 399 877 475
573 401 679 484 688 396 871 465
570 399 678 484 668 393 869 472
568 398 676 484 660 392 852 473
567 396 675 484 658 397 806 462
566 396 673 484 655 395 800 464 548 393 566 413
563 396 674 484 660 395 786 464
561 395 681 483
559 393 686 483
520 387 698 476
538 395 678 480
539 396 678 482 419 383 628 472
543 396 679 484 411 383 614 469
547 397 676 485 390 391 571 465
552 395 672 487 363 386 569 469
552 394 671 488 346 386 562 468
552 393 671 489 319 385 540 467
547 394 673 489 309 384 529 467
543 394 674 490 301 384 514 466
539 395 674 492 261 384 480 467
536 390 666 500 221 383 441 475
534 390 667 499 207 386 430 471
533 390 667 499 178 384 385 472
532 390 666 499 163 384 375 470
531 390 665 498 149 383 364 471
530 390 664 498 112 378 346 472
529 389 663 498
529 389 662 497 60 378 280 474
528 388 662 497 43 379 275 474
528 389 662 497 23 382 256 475
528 389 662 498 11 383 241 473
529 390 662 499 4 383 221 472
529 390 661 500 0 384 187 472
528 391 661 500 0 381 174 473
527 392 662 500 0 379 156 474
525 393 664 501 0 379 126 472
523 394 665 501 0 379 112 473
523 394 664 502 0 376 91 473
522 393 665 503 0 378 80 472
523 393 664 504 0 375 61 473
523 394 664 505 0 379 42 471
