

98 345 479 712 0 310 117 480 960 263 1265 472 488 336 570 408 1132 364 1279 502 571 343 591 364 643 350 659 391 112 364 200 428
102 349 476 706 0 314 116 480 964 264 1266 475 571 344 591 364 644 350 659 389 1130 362 1279 501 112 366 200 428
105 352 473 700 0 318 116 480 967 266 1268 479 645 351 658 388 572 345 592 364 1128 361 1279 499
106 353 471 696 0 341 111 490 968 265 1268 477 645 351 657 387 1127 362 1279 499 668 353 682 385
104 352 472 697 0 340 110 491 968 264 1268 476 1128 362 1279 500 644 351 656 385 668 353 684 386 570 353 585 377
101 353 473 698 1 341 109 492 969 264 1270 474 1125 363 1279 498 645 351 657 384 668 353 686 387 571 353 587 377
100 357 472 698 1 344 107 493 971 263 1275 473 645 352 658 386 668 353 686 389 1124 364 1279 492 571 352 589 376
100 363 470 699 2 347 105 493 975 264 1278 474 647 352 659 386 668 352 686 391 1122 365 1279 490 593 345 611 363
98 365 468 698 0 344 95 500 979 266 1279 477 668 352 687 394 648 351 660 385 1121 369 1279 492 591 345 611 363
94 368 466 698 0 347 95 501 979 272 1278 479 667 352 686 396 1117 374 1279 500 649 351 662 382 592 346 612 364
92 368 466 697 0 350 94 502 978 274 1279 479 1114 378 1278 506 666 351 686 398 650 351 662 381 592 346 612 364
90 368 465 697 980 276 1279 479 0 353 92 504 1113 380 1278 510 665 351 685 400 593 346 613 364 651 351 663 380
89 367 464 698 0 353 89 504 983 277 1279 477 1111 379 1279 514 665 351 685 400 593 346 614 364
90 365 464 698 0 352 87 505 1109 377 1279 517 988 277 1279 475 666 352 686 399 593 345 614 364
88 365 465 699 0 352 86 505 1104 373 1279 519 993 276 1279 473 667 352 686 396 593 345 615 364
82 366 467 701 0 352 85 504 1098 370 1279 520 1000 276 1279 472 593 345 615 364 666 352 688 394
74 370 467 700 0 354 83 503 1092 368 1279 520 998 284 1279 461 667 350 689 393 594 344 615 365
65 372 466 697 0 354 80 502 1079 368 1267 524 1010 270 1279 472 669 350 689 392 594 344 615 365
57 374 464 694 0 355 77 504 1072 365 1272 529 1008 285 1273 457 670 351 688 391 595 344 615 364
51 375 462 695 1064 363 1275 533 0 355 75 506 1012 286 1270 454 595 344 616 364 689 352 709 397
48 376 459 697 1060 362 1275 535 0 356 75 508 1014 287 1269 451 689 353 711 397 595 344 616 364
45 377 455 698 1046 370 1279 556 0 356 74 510 1016 286 1268 450 689 353 711 397 596 345 616 363
44 375 452 698 1044 370 1279 556 0 355 74 512 1017 286 1268 450 690 353 711 398 664 341 686 363
41 372 448 696 1029 372 1279 555 0 357 72 516 1022 268 1271 438 691 352 711 400
40 370 446 694 1015 374 1279 554 0 360 71 518 1025 268 1272 436 691 352 712 401
40 370 445 691 1006 342 1279 553 1030 268 1273 430 0 362 69 520 691 352 712 402 598 344 617 363 618 341 633 357
44 373 442 691 987 348 1279 552 1035 268 1274 424 691 352 712 401 0 361 68 520 598 344 617 363 618 341 633 358
49 375 440 691 961 353 1279 552 509 333 603 419 1042 270 1276 417 691 352 712 400 1 385 62 508 616 341 635 360 598 344 618 364
52 376 435 690 935 350 1279 551 692 353 711 398 615 342 635 361 2 385 61 507 1047 272 1277 414
52 376 434 688 912 348 1279 551 615 342 636 362 692 354 711 397 669 341 689 363 3 386 59 507
51 376 433 685 896 347 1279 552 615 342 637 361 692 355 711 396 670 341 690 362
51 373 430 685 853 355 1279 556 616 342 637 362 670 341 689 362
52 372 428 686 820 352 1279 559 617 342 638 362 670 342 687 362
53 371 424 685 779 349 1279 561 617 343 639 363 670 342 686 361 706 361 731 418
54 372 423 684 760 350 1279 562 617 344 639 364 706 360 731 419
53 373 422 684 743 351 1279 560 617 344 640 365 707 360 731 420
55 374 421 682 728 351 1279 558 617 344 639 364 708 362 733 419
58 375 419 680 689 359 1257 560 617 344 639 364
61 374 417 679 676 354 1259 563 617 344 639 364
61 372 415 680 659 352 1251 564 616 344 640 364
65 369 411 679 632 350 1239 563 615 344 641 365 2 402 39 534
69 367 408 678 613 351 1228 560 615 344 641 366 1 402 40 534 714 354 739 395
73 366 405 675 606 351 1212 557 615 344 641 366 714 354 740 396 1 403 40 534
74 366 404 673 572 360 1157 559 713 354 740 395 615 343 641 366 1 403 40 535
561 359 1128 558 85 361 401 636 615 343 644 367 710 352 739 390 1 403 40 536
550 361 1094 553 83 362 400 634 1076 281 1276 481 614 343 646 368 1 405 39 535
541 361 1074 548 82 363 400 632 1077 281 1276 484 1 406 39 535 614 343 647 369
80 363 401 634 500 366 1051 542 1078 280 1276 484 1 407 38 534
503 365 1031 537 80 362 402 636 1079 280 1275 483 1 407 38 534
506 363 1004 531 72 370 404 664 1080 280 1274 483 1 408 36 534
501 360 983 527 79 364 400 634 1080 280 1274 484 1 409 35 534
495 361 953 522 77 366 398 632 1081 281 1273 485 1 410 34 534 562 352 595 389
489 361 931 520 76 367 396 629 1085 279 1279 485 1 410 32 535
486 363 918 520 74 366 394 629 1086 279 1279 485 1 411 31 536
452 362 905 516 75 367 393 628 1087 279 1279 485 1 412 31 535
454 358 877 513 78 368 389 628 1091 261 1279 497
80 367 387 630 453 355 847 514 1093 259 1279 495
477 350 778 497 81 366 385 634 1094 257 1279 495
475 349 768 494 81 365 383 636 1095 257 1279 495
471 348 751 492 80 365 383 635 1096 259 1279 496
470 346 739 491 79 366 385 634 1096 260 1279 497 735 352 767 432
456 346 714 482 78 367 386 633 1098 260 1279 498 733 352 767 430 639 343 664 361
458 345 709 482 78 366 386 634 1099 260 1278 499 638 343 664 362
461 344 700 482 75 374 387 663 1101 261 1278 500 638 343 664 363
463 344 692 482 74 373 388 666 1102 261 1277 500 637 343 663 363 707 354 739 387 738 351 771 429
466 345 684 482 73 372 388 669 1103 262 1277 501 741 348 774 432 706 352 740 387 637 342 661 363
468 346 678 480 72 372 388 669 1103 262 1277 501 742 347 775 433 708 352 740 387 636 343 660 362
71 373 388 671 464 335 670 473 1104 262 1277 502 741 348 776 434 708 352 740 387 636 343 660 363
69 374 388 672 468 336 654 470 1104 262 1276 504 742 348 777 434 709 352 740 386 637 343 660 362
68 375 387 672 473 336 642 468 1106 262 1276 504 742 347 777 434 709 352 740 386 637 343 660 362
67 375 388 669 478 337 635 465 1106 262 1275 504 751 341 779 436 709 353 739 386 638 343 660 362
65 375 390 670 481 336 635 460 1106 263 1275 504 751 341 781 435 639 343 659 362
63 374 391 670 484 334 635 455 1107 263 1274 504 751 340 783 435 640 343 659 362
59 375 391 670 486 335 635 449 1108 263 1274 505 752 340 785 434 640 342 659 362
58 375 391 667 489 349 626 444 1109 262 1273 506 753 341 785 434 639 341 660 362
57 376 392 665 489 347 623 441 1110 261 1273 506 754 341 787 433 639 339 661 362 709 349 744 385
57 375 392 665 489 346 619 438 1110 260 1273 506 755 342 790 433 640 339 661 362 709 349 744 385
490 344 616 436 57 374 391 666 1110 260 1272 505 757 342 793 432 568 328 646 412 641 339 661 362
57 374 392 666 490 343 617 435 1110 260 1272 505 759 342 794 432 642 339 660 361
57 374 391 666 489 343 621 434 1110 259 1273 506 760 344 795 431
56 375 392 666 488 343 624 433 1109 260 1273 507 761 346 798 432
58 375 391 670 488 346 620 433 1108 261 1274 506 762 350 801 434
58 375 393 674 489 348 614 434 1108 264 1274 506 761 353 803 437
60 376 393 677 489 350 607 435 1108 265 1275 507 771 353 813 442 580 338 657 417 0 403 21 540
60 377 395 678 489 351 604 436 1107 266 1275 508 772 353 814 444 581 339 657 418
61 379 395 679 489 352 602 437 1107 267 1275 508 580 339 658 419 774 354 817 445
62 379 395 679 489 351 600 438 1108 267 1275 509 579 338 660 421 778 355 818 444 764 359 800 443
61 380 395 679 486 354 591 437 1108 268 1275 510 782 356 820 444 578 336 662 422
61 380 394 676 485 354 591 436 1108 268 1275 510 578 336 663 422 784 356 822 442
60 379 393 675 485 354 591 435 1108 268 1275 509 578 337 664 422 784 356 823 441 1 404 22 541
60 378 394 673 485 354 591 434 1108 268 1275 509 579 338 665 421 784 356 825 440 1 404 22 541
58 375 395 675 485 354 591 434 1108 268 1274 509 579 337 666 421 784 355 827 440 0 404 22 541
58 374 395 676 485 353 591 434 1107 267 1274 509 579 337 667 421 0 404 22 539 785 354 829 441
59 374 394 676 485 353 592 434 1108 265 1274 508 580 335 668 421 799 353 835 443 0 404 22 538
61 376 393 674 485 352 592 433 1108 263 1274 506 581 335 669 421 801 353 836 445 1 405 22 537
60 375 394 675 485 353 591 432 1108 262 1274 505 804 353 838 446 581 334 669 422 1 404 22 537
485 353 591 432 59 374 395 678 1108 262 1274 505 805 354 840 445 581 333 669 422 0 404 22 538
485 353 591 433 56 373 397 680 1108 262 1274 505 807 354 841 445 581 333 669 422 0 404 22 539
