

527 387 634 466 428 389 470 419 577 129 629 158 652 133 697 168
527 386 634 466 428 390 470 419 652 131 698 167 578 127 628 157
528 386 635 467 429 390 470 419 653 129 699 165 580 125 625 156
528 385 635 466 429 390 470 418 652 126 700 164 417 298 433 315
528 385 635 465 429 390 470 418 653 124 702 161 418 299 434 316 580 120 621 151 178 267 191 288
528 385 636 466 420 392 458 420 653 122 704 160 582 119 622 150 419 299 434 316 177 266 190 288
528 384 637 467 420 392 459 420 654 121 705 160 419 299 435 316 593 117 646 149 176 265 189 288
528 384 638 468 420 391 459 420 419 299 436 316 591 115 647 147 654 120 707 160 175 264 188 287
528 385 638 467 420 391 460 420 420 299 438 316 591 113 647 144 656 116 704 155 174 263 187 287
527 385 639 467 420 392 459 420 421 299 439 316 658 115 706 154 590 112 647 142 173 263 187 286
527 385 640 467 420 392 459 420 421 298 439 316 659 114 707 154 589 110 648 141 173 263 187 285
527 385 640 467 420 392 458 420 422 298 439 315 588 108 651 140 660 113 709 153 0 562 1279 719 172 263 187 285
528 385 640 467 420 393 458 420 421 298 438 315 587 106 653 139 171 263 187 285 0 562 1279 719 660 111 711 151
527 385 640 466 420 392 458 420 581 105 666 140 170 263 186 284 420 298 438 315 0 564 1279 719
528 385 641 464 420 392 459 419 170 262 185 284 589 102 656 136 0 565 1279 719 418 297 437 314
529 385 641 464 419 391 460 420 583 101 668 136 169 262 184 284 418 296 437 314 0 565 1279 719
530 385 641 461 419 392 459 421 584 99 669 134 167 262 183 284 418 296 437 314 0 566 1279 719
532 385 641 461 418 392 458 421 434 389 471 417 584 98 669 133 418 296 437 314 167 262 182 284 0 565 1279 719
532 386 641 460 418 391 457 422 437 390 471 417 419 296 437 314 584 97 669 133 167 262 182 284
531 386 642 461 414 394 456 427 439 390 471 417 586 92 667 129 419 296 437 314 0 562 1279 719
530 386 643 461 413 394 456 427 585 91 669 128 420 296 437 314 440 389 471 417 670 97 723 138 0 563 1279 719
530 386 644 461 411 393 457 428 584 89 671 126 418 295 437 314 439 389 471 417 0 564 1279 719 670 97 725 137
530 386 644 461 410 392 459 428 584 87 672 125 417 295 437 314 0 564 1279 719 439 389 471 417
530 385 645 461 410 392 459 428 585 86 674 123 416 294 437 314 0 563 1279 719 438 389 471 417
531 383 656 462 412 391 458 424 586 85 674 122 416 294 437 314 0 563 1279 719 439 389 472 418 676 91 726 127
530 383 658 462 410 391 456 424 586 84 675 120 416 294 437 314 441 389 473 418 0 563 1279 719 677 90 727 127
524 388 662 490 407 391 455 428 587 83 676 118 417 294 437 314 442 388 474 418 0 564 1279 719 677 89 728 126
524 386 662 490 404 392 456 429 588 81 677 115 418 294 436 313 442 388 475 418 0 563 1279 719 679 88 730 124
525 386 662 491 402 392 457 429 589 79 677 113 418 294 436 313 441 388 476 418 0 565 1279 719 680 86 732 123
524 385 663 491 400 391 457 429 590 77 677 111 418 295 436 313 443 389 477 417 0 565 1279 719 680 84 734 121
400 391 456 430 524 385 664 492 591 76 677 110 418 295 436 313 444 389 477 418 0 565 1279 719
398 392 456 430 530 378 663 494 592 74 677 110 418 296 435 313 445 390 477 417 681 78 736 120
396 392 455 429 529 377 664 494 444 390 477 417 418 296 434 313 592 67 676 106
393 392 455 429 528 378 664 494 591 65 678 106 443 390 477 417 418 295 434 313
528 378 665 495 392 392 454 430 590 64 680 105 442 389 477 417 418 295 433 313
528 377 666 495 391 391 453 430 591 62 681 103 441 388 477 417 418 295 433 313
528 376 666 494 441 387 477 417 592 60 681 101 391 390 451 431 418 294 433 313
529 375 666 493 440 386 477 417 388 389 439 433 593 58 681 99 418 294 434 312
528 375 667 492 387 388 439 434 440 386 476 417 418 293 434 311 594 56 681 98
527 376 668 493 385 388 439 434 438 387 475 416 418 293 434 311 599 54 692 96
526 378 672 493 383 388 436 434 436 388 474 416 419 293 434 312 600 53 694 94
526 378 673 493 381 388 436 434 434 387 474 417 419 292 434 312 601 51 695 92 0 570 1279 719
527 376 672 493 379 388 435 433 434 387 474 417 601 49 696 91 419 292 434 312 0 568 1279 719 107 320 122 342
529 373 670 494 433 387 474 417 376 387 435 434 602 47 695 89 419 292 434 311 0 568 1279 719
528 372 672 493 433 387 473 416 372 387 433 435 603 45 696 88 419 291 434 311 0 569 1279 719
528 372 675 493 432 387 473 416 370 386 429 433 603 44 697 87 419 291 433 311 0 570 1279 719
526 372 677 493 367 387 428 433 605 39 694 85 431 388 473 415 418 291 433 310 0 569 1279 719
525 373 678 494 604 37 696 84 432 388 472 414 366 386 432 434 418 291 433 310
525 374 679 494 604 34 698 83 432 388 472 414 419 291 434 310 363 387 431 433
524 375 680 494 604 32 700 80 432 387 472 413 419 292 435 309 356 384 426 436
525 376 680 495 603 30 700 78 431 386 472 414 355 384 425 436 420 292 436 309 0 571 1279 719
525 376 681 497 604 29 700 75 430 386 471 413 351 385 423 436 420 292 435 308 0 572 1279 719
527 375 681 497 604 28 701 72 430 386 470 413 346 385 420 436 419 291 434 308
528 375 682 497 341 385 416 436 606 28 702 69 431 385 469 411 419 290 433 307 490 338 573 422 398 285 412 305
527 377 681 497 339 385 413 435 606 27 705 67 485 337 570 425 430 384 469 411 419 289 433 306 399 284 413 304
528 378 682 498 334 385 411 435 606 25 706 66 430 384 468 410 419 288 433 306 476 337 572 426 398 284 413 305
528 377 682 498 331 385 410 434 606 22 707 65 461 336 550 425 419 288 433 305 398 283 412 304 433 387 466 409
529 376 684 498 324 384 407 437 606 20 707 65 460 351 552 428 419 289 433 305 398 283 412 304
528 375 686 498 319 384 406 437 608 14 705 61 456 351 554 429 418 288 433 304 399 282 413 302
527 374 689 498 313 385 403 436 608 14 707 60 431 338 531 422 418 287 433 303 713 25 772 80
306 385 401 436 526 374 692 498 606 13 709 59 417 286 433 303 423 339 532 423 714 23 773 78
301 385 398 436 527 373 693 499 606 12 710 58 417 286 433 303 407 338 505 422
528 373 694 500 298 384 397 437 606 11 710 56 417 286 433 303 400 338 506 423
529 374 696 501 290 383 387 441 608 10 710 54 418 286 432 303
529 375 697 502 286 384 385 441 609 8 710 52 417 285 432 303
529 376 699 504 281 384 383 442 609 7 711 51 417 285 432 303 819 125 848 210
531 377 699 504 276 385 379 442 609 5 712 49 417 285 432 303 360 340 565 435
533 378 698 504 272 384 376 443 609 4 713 48 347 338 587 436 417 285 432 303
534 378 697 504 263 385 361 445 615 1 725 48 335 334 608 437 417 285 433 302
534 379 697 504 258 385 357 446 617 0 723 47 319 332 630 440 417 285 434 301 400 283 418 301
533 379 698 504 254 385 353 447 618 0 722 46 314 334 639 440 417 285 434 301 399 283 418 301
533 380 699 505 619 0 720 44 249 384 350 449 301 335 653 440 417 286 434 301 399 284 417 300 713 8 790 60
531 379 700 507 621 0 721 43 241 385 335 450 294 336 657 439 715 7 791 59 417 286 433 301 398 284 416 301
529 376 701 510 621 0 721 41 234 384 333 451 286 335 663 439 717 5 792 58 418 286 433 301 398 284 414 301
528 375 703 510 622 0 721 40 283 334 662 439 228 385 329 454 718 4 793 57 418 286 433 301 397 284 414 301
529 375 704 509 620 0 722 39 289 332 655 437 418 286 433 301 719 2 794 56 397 283 412 301 219 386 334 457
530 374 705 507 620 1 725 38 305 333 640 435 418 286 433 301 397 283 412 301 720 3 795 56
531 373 705 507 618 1 727 37 324 333 625 433 397 283 412 301 418 286 433 301 721 3 796 55 209 385 312 461
529 372 706 509 618 1 728 37 202 385 316 462 333 334 616 432 398 284 413 301 417 287 433 301 721 3 796 54
526 372 707 509 194 387 317 464 618 2 729 36 333 333 609 433 398 284 414 301 417 287 432 301 721 3 797 52
525 371 708 509 186 389 316 465 329 333 600 434 617 2 730 35 399 284 414 302 721 2 796 50 417 286 431 301
527 370 709 508 174 389 304 468 327 334 593 434 618 2 730 34 722 2 797 49 399 284 415 302 416 286 430 301
528 370 709 507 165 389 305 470 326 335 588 432 617 3 730 33 722 3 797 47 399 284 415 303 416 286 430 301
528 371 710 506 160 393 300 476 291 332 569 433 617 3 731 32 721 3 797 46 398 283 414 303 416 286 430 302
528 371 710 506 288 333 563 433 398 283 413 303 145 392 280 479 722 3 798 45 417 286 431 302 617 3 731 31
528 370 710 506 134 390 283 481 287 334 555 434 397 283 412 302 417 285 431 302 721 4 799 44 621 0 723 27
528 371 711 508 397 282 412 302 116 330 530 450 126 389 282 482 727 3 802 45 417 285 432 302 622 0 723 27
528 370 712 510 726 3 803 43 398 283 412 302 117 313 541 469 416 285 432 301 622 0 723 26
529 370 713 511 90 393 270 488 726 2 803 41 119 310 535 469 398 283 413 301 416 285 432 301
528 370 713 512 77 390 264 494 726 1 803 39 398 283 414 301 122 308 534 468
528 372 713 513 65 389 260 497 726 1 802 39 213 333 532 440 398 283 414 301
527 372 713 513 727 2 803 37 45 389 272 501 212 333 524 438 397 284 414 301
526 372 714 512 28 392 237 507 727 2 803 36 133 331 514 445 397 284 415 301
525 372 715 512 14 389 228 511 126 330 516 444 727 3 804 36
525 372 716 513 4 386 220 515 131 333 513 444 727 3 804 36 398 284 416 300
525 372 717 514 135 334 507 444 0 385 186 516 398 283 415 301 727 2 805 36
526 371 717 515 0 389 181 539 399 283 415 301 29 313 501 469 727 2 805 36 712 309 723 329
526 370 718 515 0 384 170 550 37 310 488 471 399 282 414 301 712 309 723 329 727 3 806 34
