

470 279 532 325 195 242 276 292 409 279 450 303
197 246 280 295 413 282 449 306 477 283 537 329 319 254 339 303
480 290 543 340 195 250 281 299 417 287 450 310
483 294 545 343 322 270 342 313 418 289 451 312
487 298 551 345 321 269 342 315 191 254 280 302 421 290 452 313
487 299 551 346 320 267 341 316 189 255 282 302 421 291 452 314
487 300 551 346 567 286 653 358 320 267 341 317 186 255 282 302 420 291 453 316
572 286 673 362 487 300 551 346 184 254 281 302 320 266 341 316 418 291 453 316
572 286 675 364 481 300 548 350 184 252 277 302 319 266 339 316 416 290 454 316 305 265 324 315
571 286 677 367 481 302 548 352 185 251 274 302 412 290 455 316 305 265 324 316 317 268 338 317
484 304 552 352 570 287 677 372 188 252 274 302 304 266 324 318 411 291 456 317 316 270 337 318
186 253 272 305 301 269 323 323 484 305 557 356
483 320 555 371 297 272 320 328 185 264 270 315 410 306 468 336
482 327 558 377 571 307 682 400 168 269 266 316 293 274 317 332 409 312 468 343
481 329 561 380 570 308 682 404 166 272 265 316 422 319 475 355 292 275 315 332
481 326 564 379 162 269 263 315 416 312 476 347
480 321 568 375 414 308 478 343 158 255 259 306
479 317 570 373 155 253 256 307 570 296 697 394 413 305 480 340 276 261 301 326
478 319 569 375 568 298 697 398 152 253 252 310 412 307 480 344 273 262 297 329
151 264 250 319 477 325 566 379
135 268 239 324 473 337 565 398 399 326 475 366
548 319 716 417 130 273 233 328 470 341 555 401 399 331 476 370 248 288 275 351 14 295 98 350
545 315 718 419 470 339 555 400 127 272 229 328 400 329 476 368
534 294 725 404 467 337 556 395 123 267 229 323
534 277 725 392 114 248 213 299 461 303 551 354
460 293 550 354 528 260 726 380 107 239 214 294 397 277 477 323
520 236 725 365 104 225 208 283 454 285 547 349 391 272 479 315
507 223 718 358 88 219 187 276 453 268 542 332
488 210 717 349 64 214 160 270 363 249 454 291 410 254 494 305 431 261 522 327
456 199 696 343 57 204 156 264 414 249 488 310 355 243 452 288 716 286 740 309
446 194 691 341 38 207 138 270 405 250 466 309 341 242 430 285 712 282 740 306
428 194 688 345 336 246 422 289 29 210 138 276 400 250 459 310 709 284 737 309
410 194 688 347 332 248 416 293 14 216 110 281
385 190 675 347 322 251 404 293 8 218 108 285
354 178 693 349 317 248 398 293 1 220 80 283
339 165 685 346 314 244 395 300
328 153 678 347
308 140 659 347
296 138 656 354
274 136 649 363 686 265 722 294
245 138 643 374
219 138 636 389 688 281 721 309
189 138 640 405 689 291 717 313
153 135 657 423 692 304 720 330
125 135 625 434 691 308 720 336
83 129 637 447 690 310 720 339
57 102 624 461 687 308 719 338
23 93 621 470 685 308 718 338
0 81 624 478 683 310 717 339
0 71 570 497 681 311 716 341
0 60 572 507 681 308 718 339
0 40 568 523 681 304 718 335
4 25 559 526 683 300 720 333
9 11 547 539 685 296 721 331 588 281 616 302
10 9 538 544 686 295 721 331 587 280 617 302
13 4 524 563 687 297 721 332 520 303 565 380 585 282 617 305
15 2 511 569 519 304 569 389 688 300 720 332 584 284 619 307
16 1 498 567 519 305 574 398 691 303 720 333 702 309 741 341 586 286 621 308 525 266 579 338
13 3 491 558 520 304 579 400 698 308 742 340 588 287 622 308 526 266 582 337
10 9 479 556 523 320 583 415 524 265 585 381 699 305 742 338 590 287 622 308
10 12 465 567 524 317 588 427 702 302 741 336 526 263 588 381
13 2 434 646 521 251 605 410 704 299 739 334
16 1 411 655 519 312 606 450 704 300 736 334
2 0 361 667 514 312 609 467 705 299 738 333
0 0 325 670 507 305 613 486
504 319 616 519 0 2 288 671 492 229 613 441
500 325 622 533 488 224 615 441 216 219 309 274
206 219 316 275 471 280 640 583 0 123 239 531 490 229 618 433
204 221 321 277 459 250 653 620 0 169 240 484
4 209 231 448 444 209 666 655 216 220 337 277
218 217 345 273 0 194 243 458 367 378 692 703 438 207 671 582
0 189 240 460 219 215 352 268
0 164 221 419 214 197 350 250 53 102 656 673
55 56 649 703 0 145 183 424
10 28 670 700


0 23 130 239
0 3 125 182






921 199 1029 260
919 197 1025 260
912 199 1027 259
913 214 1025 281



998 317 1098 376
1016 337 1126 405
118 0 249 47


138 95 277 162 1077 478 1210 555 37 72 138 128 2 68 20 130 1062 465 1174 526
