

422 278 749 566 192 379 272 417 1132 339 1279 464 601 141 649 160 1064 341 1167 407 520 0 626 24 182 43 256 80 1154 405 1277 574
422 278 749 565 192 379 272 417 1132 338 1279 464 601 141 649 160 1062 340 1168 408 521 0 626 24 182 43 256 80 1154 405 1277 574
421 279 749 565 192 379 272 417 1132 338 1279 464 601 141 649 160 1059 339 1169 409 991 364 1064 416 521 0 625 24 182 43 256 80 1154 406 1277 574
421 280 749 565 192 379 272 417 1132 338 1279 464 601 141 649 160 1057 338 1169 409 987 365 1062 416 521 0 625 24 182 43 256 81 1154 406 1277 574
422 280 749 564 192 379 272 417 1055 338 1171 409 1132 338 1279 464 601 141 649 160 982 365 1057 416 521 0 625 24 182 43 256 81 1154 405 1277 574
422 280 749 564 192 379 272 417 1042 337 1158 408 1132 337 1279 465 601 141 649 160 521 0 625 24 979 366 1052 416 182 43 256 81 1154 405 1278 574
422 280 749 564 192 379 272 417 1040 337 1160 408 1133 337 1279 465 601 141 649 160 521 0 625 24 182 43 256 81 1154 405 1278 574 976 367 1049 415
422 280 749 564 192 379 272 417 1038 337 1162 408 1132 337 1279 465 601 141 649 160 521 0 625 24 182 43 256 81 1154 406 1278 573
422 281 749 564 192 379 272 417 1036 338 1163 408 1133 337 1279 465 601 141 649 160 521 0 625 24 964 364 1042 417 182 43 256 81 1154 406 1278 574
422 281 749 564 1035 338 1164 408 192 379 272 417 1133 337 1279 465 601 141 649 160 958 365 1041 418 521 0 625 24 182 43 256 81 1154 405 1278 573
422 281 749 564 1035 339 1165 407 192 379 272 417 1133 336 1279 466 601 141 649 160 952 365 1037 418 521 0 625 24 182 43 256 81 1154 405 1278 573
421 281 750 564 1034 339 1164 407 192 379 272 417 1133 336 1279 466 601 141 649 160 521 0 625 24 182 43 256 81 1154 406 1278 573
421 281 749 564 1033 340 1164 407 192 380 272 417 1133 337 1279 466 601 141 649 160 521 0 625 24 182 43 256 81 1154 405 1278 573
421 281 750 563 1031 341 1164 407 192 380 272 417 927 365 1017 419 1133 337 1279 466 601 141 649 160 521 0 625 24 1153 403 1279 573 182 43 256 81
421 281 749 563 1028 341 1163 406 192 380 272 417 601 141 649 160 922 366 1011 418 1133 338 1279 466 521 0 625 24 1153 400 1279 573 182 43 256 81
421 282 750 562 1024 342 1162 407 192 380 272 417 601 141 649 160 1133 337 1279 466 521 0 625 24 910 365 997 419 182 43 256 81 1153 396 1279 572
422 282 749 562 1020 342 1162 408 192 380 272 417 903 366 992 419 601 141 649 160 1132 336 1279 466 521 0 626 24 182 43 256 81 1153 394 1279 572
422 283 749 561 1016 343 1161 409 192 380 272 417 894 367 987 420 601 141 650 160 1130 335 1279 466 521 0 626 24 182 43 256 81 1154 395 1279 572
422 283 749 561 1015 343 1161 410 192 380 272 417 601 141 650 160 1130 334 1279 465 886 366 974 420 522 0 625 24 182 43 256 80 1154 400 1279 573
421 282 749 561 1014 342 1160 410 192 380 272 417 878 367 968 420 601 141 650 160 1131 335 1279 464 522 0 625 24 182 43 256 80 1154 402 1279 573
421 282 749 561 1004 341 1154 409 192 380 272 417 601 141 650 160 1132 335 1279 464 522 0 625 24 871 367 962 418 182 43 256 80
1003 341 1153 409 421 282 750 561 192 380 272 417 859 366 948 420 601 141 650 160 522 0 625 24 1132 335 1279 464 182 43 256 80
1002 342 1152 408 421 282 750 561 192 380 272 417 852 367 942 420 601 141 650 160 522 0 625 24 182 43 256 80 1123 377 1219 463
999 343 1150 408 420 283 750 561 192 380 272 417 601 141 649 160 523 0 625 24 182 43 256 80 1124 378 1220 464
996 343 1148 408 421 283 749 561 192 380 272 417 829 368 918 421 601 141 649 160 523 0 625 24 1198 296 1277 449 1125 378 1219 465 182 43 256 80
992 343 1148 408 421 283 748 561 192 380 272 417 1197 295 1278 447 601 141 649 160 820 371 913 420 523 0 625 24 1125 378 1218 465 182 43 256 80
987 344 1149 408 422 282 748 561 192 380 272 417 810 370 900 422 1195 295 1278 445 601 141 649 160 523 0 625 24 1125 378 1216 465 182 43 256 80
984 344 1150 408 422 282 747 561 192 380 272 417 802 370 894 421 601 141 649 160 1193 295 1278 447 523 0 625 24 1124 378 1213 465 182 43 256 80 415 365 448 394
979 344 1152 409 421 282 747 561 192 380 272 417 601 141 649 160 1191 297 1278 447 523 0 625 24 1123 379 1211 464 182 43 256 80 414 364 449 394
977 343 1153 409 421 282 747 562 192 379 272 417 778 370 870 422 601 141 649 160 523 0 625 24 412 364 450 395 1191 298 1278 450 182 43 256 80 1123 379 1209 463
975 343 1155 409 420 282 747 562 192 379 272 417 601 141 649 160 772 371 863 422 409 363 450 395 523 0 625 24 182 43 256 81 1191 299 1278 451 1123 379 1207 463
972 341 1156 410 421 283 746 561 192 380 272 417 601 141 649 160 760 370 845 423 407 363 450 395 523 0 625 24 1166 304 1268 467 182 43 256 81 1123 379 1207 463
970 340 1157 411 422 283 746 562 192 380 272 417 601 141 649 160 404 363 450 395 523 0 625 24 1162 308 1265 471 755 372 836 422 182 43 256 81 1134 327 1192 455
954 343 1150 410 422 283 746 562 192 380 272 417 601 141 649 160 523 0 625 24 403 363 448 395 1157 310 1259 473 182 43 256 81 1133 326 1191 455
952 343 1151 410 422 282 748 563 192 379 272 417 601 141 649 160 1155 310 1255 475 523 0 626 24 401 361 447 394 182 43 256 81 738 373 812 422 1132 326 1190 455
946 344 1155 411 421 282 750 563 192 379 272 417 1154 308 1252 473 601 141 649 160 523 0 626 24 182 43 256 81 399 360 446 394 1129 330 1176 456
942 344 1158 412 420 282 751 563 192 379 272 417 1152 307 1251 471 601 141 649 160 523 0 626 24 389 361 440 397 182 43 256 81 1133 326 1174 430
938 344 1159 412 419 281 752 563 192 380 272 417 1150 307 1250 470 601 141 649 160 389 360 440 398 523 0 626 24 182 43 256 81 732 382 778 423
937 344 1159 413 419 281 753 563 192 380 272 417 1149 307 1250 470 601 141 650 160 389 360 439 399 523 0 626 24 182 43 256 81
934 344 1159 413 418 280 753 562 192 380 272 417 1148 307 1248 471 601 141 649 160 388 360 438 400 523 0 626 24 182 43 256 81 1154 393 1274 572
932 344 1158 413 418 280 752 562 192 380 272 417 1147 306 1247 473 601 141 649 160 387 360 437 400 523 0 626 24 1154 392 1274 572 182 43 256 81
929 344 1156 412 418 280 752 562 192 380 272 417 1146 304 1245 475 601 141 649 160 386 360 436 401 523 0 626 24 182 43 256 81 1154 392 1274 571
928 344 1153 411 419 280 752 562 192 380 272 417 1145 305 1244 476 601 141 649 160 386 360 435 401 523 0 626 24 182 43 256 81 1154 392 1274 571
419 280 751 562 915 344 1142 412 192 380 272 417 1145 306 1243 476 601 141 649 160 386 360 433 401 523 0 626 24 182 43 256 81
910 344 1145 413 419 280 751 563 192 379 272 417 1144 307 1243 476 601 141 649 160 386 360 431 401 523 0 626 24 182 43 256 81
906 344 1146 413 419 280 751 564 192 379 272 417 1143 306 1243 476 601 141 649 160 523 0 626 24 385 360 429 400 182 43 256 81
419 280 751 564 902 345 1145 412 192 379 272 417 1143 306 1243 476 601 141 649 160 523 0 626 24 182 43 256 81 385 359 429 400
418 280 752 564 899 345 1141 411 192 379 272 417 1142 306 1243 476 601 141 649 160 523 0 626 24 182 43 256 81 386 359 428 399
418 280 752 563 898 344 1137 411 1141 307 1242 475 192 379 272 417 601 141 649 160 523 0 626 24 182 43 256 81 387 359 426 399
418 280 752 563 899 344 1130 411 1141 308 1242 475 192 379 272 417 601 141 649 160 523 0 626 24 182 43 256 81 388 359 424 399
419 281 752 563 889 345 1115 412 1141 308 1242 475 192 379 272 417 601 141 649 160 523 0 626 24 182 43 256 81
884 345 1116 412 418 281 752 564 1141 307 1242 475 192 379 272 417 601 141 649 160 523 0 625 24 182 43 256 81
881 345 1115 412 418 281 752 564 1141 306 1243 475 192 380 272 417 601 141 649 160 523 0 625 24 182 43 256 81
876 345 1113 411 418 281 752 564 1141 305 1243 475 192 380 272 417 601 141 649 160 523 0 625 24 322 374 352 413 1154 395 1274 571 182 43 256 81
875 345 1109 411 418 281 752 563 1141 305 1243 475 192 380 272 417 601 141 649 160 523 0 625 24 318 372 351 414 1154 395 1274 571 182 43 256 81
417 281 752 563 876 345 1104 410 1141 305 1244 475 192 380 272 417 601 141 649 160 312 370 351 415 523 0 625 24 1154 395 1274 571 182 43 256 81
419 281 751 562 860 344 1097 411 1141 305 1244 475 192 380 272 417 601 141 649 160 307 368 350 415 523 0 625 24 1154 395 1274 571 182 43 256 81
421 281 750 561 856 344 1099 411 1141 306 1244 475 192 380 272 417 298 365 353 419 601 141 649 160 523 0 625 24 1154 395 1274 571 182 43 256 81
853 344 1099 411 424 282 748 560 1141 306 1244 474 191 379 272 417 601 141 649 160 293 364 353 422 523 0 625 24 1154 395 1274 571 182 43 256 81
851 344 1096 411 424 282 747 560 191 379 273 418 1141 306 1244 474 601 141 649 160 285 362 345 421 523 0 625 24 1154 395 1274 571 182 43 256 81
849 344 1091 411 423 283 748 560 192 379 273 418 1142 306 1244 474 601 141 649 160 279 362 343 422 523 0 625 24 1154 395 1274 571 182 43 256 81
422 283 748 560 849 344 1085 410 270 362 347 423 1142 306 1244 474 193 379 272 418 601 141 649 160 523 0 625 24 1154 396 1274 571 182 43 256 81
422 284 749 560 840 346 1065 409 263 363 345 425 1142 306 1244 474 193 378 269 418 601 141 649 160 523 0 625 24 1154 396 1274 572 182 43 256 81
835 346 1066 409 422 284 748 561 1142 307 1244 474 256 362 346 427 195 375 262 416 601 141 650 160 523 0 625 24 1154 397 1274 572 182 43 256 81
830 346 1066 410 423 283 748 562 1142 306 1243 475 245 364 334 426 601 141 650 160 196 374 257 416 523 0 625 24 182 43 256 81
827 346 1063 411 423 283 747 563 1142 305 1243 475 237 362 335 428 601 141 650 160 191 382 246 419 523 0 625 24 182 43 256 81
423 282 747 564 827 346 1058 410 1142 304 1242 476 231 361 334 430 601 141 650 160 523 0 625 24 191 382 243 418 182 43 256 81
423 282 747 564 834 341 1046 417 1142 303 1242 476 226 359 334 434 601 141 650 159 523 0 625 24 182 43 256 81 193 383 236 419
423 282 747 564 802 346 1054 411 1142 302 1242 476 206 360 314 433 601 141 649 159 523 0 625 24 182 43 256 81
799 346 1053 411 422 281 747 564 200 358 316 438 1142 301 1242 476 601 141 649 160 523 0 625 24 182 43 256 81
800 346 1047 412 423 280 747 565 194 358 314 441 1142 300 1242 476 601 141 649 160 523 0 625 24 182 43 256 81
803 346 1037 412 423 279 746 566 1143 300 1242 476 178 360 300 441 601 141 649 160 523 0 625 24 182 43 256 81
808 346 1025 412 167 360 298 442 423 279 746 566 1143 299 1242 476 601 141 649 160 523 0 625 24 182 43 256 81
787 347 1019 409 423 278 747 566 160 360 293 440 1143 299 1242 476 601 141 649 160 523 0 625 24 182 43 256 81
784 348 1018 410 423 278 747 566 143 363 281 442 1143 299 1242 476 601 141 649 160 523 0 625 24 182 43 256 80
782 349 1011 410 423 279 747 564 1142 299 1242 476 601 141 649 160 138 362 276 439 523 0 626 24 182 43 256 80
783 348 1002 410 423 278 748 565 1142 300 1242 476 117 363 257 445 601 141 649 160 523 0 625 24 182 43 256 80
763 346 999 410 422 278 748 565 1142 300 1242 475 89 358 264 449 601 141 649 159 523 0 625 24 182 43 256 81
762 346 997 411 421 276 749 567 75 356 258 452 1143 300 1243 475 601 141 649 159 523 0 625 24 182 43 256 81
760 346 992 411 420 276 750 566 60 358 258 464 1142 301 1243 475 601 141 649 159 523 0 625 24 182 43 256 80
759 346 984 411 419 277 751 565 1142 302 1243 474 41 356 231 468 601 141 649 159 523 0 625 24 182 43 256 81
760 346 975 411 28 354 233 470 418 278 752 564 1142 303 1243 474 601 141 649 159 523 0 626 24 182 43 256 81 210 375 274 417
765 345 967 411 418 279 752 563 20 354 228 469 1143 304 1243 474 601 141 649 159 523 0 626 24 182 43 256 81 207 375 276 415
745 347 962 409 419 279 751 563 10 355 225 470 1143 305 1243 474 601 141 649 159 523 0 626 25 194 376 273 419 182 43 256 81
743 348 958 409 419 279 751 563 0 355 175 474 1144 305 1243 474 601 141 649 159 193 377 272 418 523 0 626 24 182 43 256 81
742 348 953 410 419 278 750 564 0 354 163 476 1144 304 1243 474 193 377 272 417 601 141 649 159 523 0 626 24 182 43 256 81
743 347 946 410 419 279 750 563 0 354 151 476 1144 302 1243 475 192 378 271 417 601 141 649 159 523 0 625 24 182 43 256 81
746 346 938 411 420 279 750 563 0 353 139 479 1144 301 1244 475 191 378 272 416 601 141 649 159 523 0 625 24 182 43 256 81 1155 395 1274 573
730 346 935 410 420 279 750 563 2 351 137 482 1144 301 1243 475 191 378 272 416 601 141 649 159 523 0 625 24 182 43 256 81 1155 395 1274 573
729 346 934 411 419 278 750 564 1145 302 1243 475 191 378 273 416 6 347 112 487 601 141 649 159 523 0 625 24 182 43 256 81 1155 395 1274 573
728 347 931 411 420 278 750 564 191 378 272 416 1145 302 1243 475 601 141 650 159 523 0 625 24 0 350 86 483 182 43 256 81 1155 395 1274 573
727 346 926 411 420 279 749 563 191 379 272 417 1145 303 1242 475 600 141 650 159 523 0 625 24 2 347 77 488 182 43 256 81 1155 395 1274 573
726 346 921 412 420 279 748 562 191 379 272 417 1144 303 1242 475 600 141 649 159 523 0 625 24 182 43 256 81 1155 395 1274 573
725 346 916 412 419 281 748 562 190 380 273 417 1145 304 1242 475 600 141 650 160 522 0 625 24 182 43 256 81 1155 395 1274 574
725 346 914 412 419 281 748 562 190 380 273 418 1144 304 1242 475 600 141 650 160 522 0 625 24 182 43 256 81 1155 395 1274 574
723 347 914 411 419 282 748 561 191 380 273 417 1144 304 1242 475 600 141 650 159 522 0 625 24 182 43 256 81 1155 395 1274 574
722 347 912 410 420 282 748 561 191 380 273 416 1144 304 1242 475 600 141 650 159 522 0 625 24 182 43 256 81 1155 395 1274 573
722 347 909 410 419 283 748 561 192 380 273 416 1144 305 1242 475 601 141 649 159 522 0 625 24 182 43 256 81 1155 395 1274 573 98 368 121 433
