

398 444 841 702 2 348 246 698 1228 451 1262 474
397 445 839 701 0 346 244 698 1228 451 1263 474
394 445 838 699 0 343 241 700
390 445 835 698 0 339 239 703
387 446 832 696 0 338 238 704 153 441 230 490
387 445 828 695 0 337 238 704 151 441 228 490 424 392 438 418
387 446 826 694 0 337 239 704 151 441 227 489 424 392 438 417
387 447 823 693 0 337 238 704 150 440 225 489 680 466 733 488 1261 455 1276 479 424 392 438 418
386 448 821 692 0 338 238 705 149 440 225 490 681 467 732 488 1261 455 1276 479 424 392 438 418
386 449 818 691 0 338 237 705 680 467 731 488 148 440 224 491 1262 455 1276 479 424 392 438 418
387 448 815 689 0 338 238 704 679 467 729 488 147 440 223 491 424 392 438 418
386 448 812 685 0 338 238 704 678 468 728 488 424 392 438 418
386 448 811 683 0 337 238 704 678 468 727 489 424 392 438 417
374 449 792 681 0 337 237 704 678 468 726 490 424 392 438 417
376 450 787 680 0 337 236 704 678 469 725 490
376 451 778 680 0 337 235 705 678 469 727 490
377 452 767 679 0 337 235 706 677 469 727 491
373 454 761 679 0 338 235 706 677 469 728 491
368 454 756 679 0 338 235 706 677 469 729 491 424 392 438 417
361 456 751 675 0 338 236 706 677 469 728 491 424 393 438 417
357 457 743 669 0 338 237 706 678 469 727 491 424 393 438 417
352 457 737 665 0 338 237 706 679 469 727 490 424 393 438 417
351 456 730 665 0 338 237 705 679 469 727 490 424 393 438 417
345 456 719 661 0 339 238 705 679 469 727 490
341 455 709 656 0 340 238 705 679 469 725 491
333 454 701 652 0 341 239 705 1260 455 1276 476 426 393 439 416
327 453 698 650 0 341 239 706 426 393 439 417 1260 455 1275 476
322 453 691 645 0 340 239 708 427 393 440 417 1260 455 1275 476
322 452 681 641 0 341 238 708 427 393 440 418 1260 456 1275 476
323 452 673 638 0 341 238 708 427 393 440 418 828 463 866 487 1260 456 1275 475 1260 406 1272 432 1229 453 1255 471
317 449 653 642 0 341 238 707 825 463 863 489 427 393 440 418 1260 455 1276 475 1260 406 1273 432
320 447 646 638 0 341 238 708 823 463 863 490 1259 455 1276 475 1259 406 1272 432 427 393 440 418 1229 453 1256 471 681 469 728 491
323 446 636 636 0 341 238 708 1259 455 1276 475 1259 406 1272 430 1230 453 1256 471
325 443 625 634 0 341 238 709 1258 455 1276 475 1258 406 1272 429 1230 453 1257 471
322 442 619 634 0 341 238 709 1258 454 1276 475 1231 453 1256 470 1259 406 1272 429
317 442 612 634 0 342 239 708 1231 454 1256 471 1258 455 1276 475 1260 405 1273 429
307 441 606 634 0 343 239 707 1231 454 1257 471 784 470 816 504 1258 455 1276 475 1260 405 1273 430
301 440 596 635 0 342 240 707 1232 454 1258 471 1257 456 1276 474 778 470 810 505 1260 404 1274 430
296 438 591 632 0 343 240 707 1231 454 1260 471 1257 456 1275 474 767 470 796 504 1260 405 1274 430
277 444 592 607 0 345 241 706 1231 453 1262 472 758 469 792 506 1256 456 1275 475 1261 405 1274 430
274 445 587 604 0 347 241 705 1231 453 1264 472 1254 455 1275 475
271 446 578 602 0 347 242 705 1232 453 1265 472 735 470 775 508 1254 456 1274 475
269 447 569 601 0 344 242 707 1232 453 1265 471 727 469 770 509 1254 456 1273 474
265 446 560 597 0 342 243 707 1233 453 1266 471 1253 456 1273 474
262 443 550 596 0 341 244 708 1232 453 1267 471 700 471 749 510
256 441 545 593 0 341 245 708 1232 452 1269 472
242 439 533 589 0 341 246 710 1232 452 1270 472
240 439 524 588 0 340 248 711 1233 452 1270 472
238 440 515 586 0 340 249 711 1235 452 1269 472
237 442 506 584 0 340 250 711
236 442 498 584 0 342 250 710 851 451 953 487 1247 452 1274 472
235 441 489 584 0 344 250 711 1247 452 1274 472 848 457 903 486
230 442 482 583 0 345 249 710 847 456 905 486 584 462 668 516 1248 452 1273 471
0 348 247 708 224 443 479 580 846 454 907 486 1248 453 1273 471 583 462 659 516
205 444 471 577 0 349 245 706 844 453 910 486 568 462 644 517 1249 453 1273 470
0 349 242 705 206 444 461 576 843 452 911 487 1250 453 1273 470 562 463 639 516
0 348 240 703 206 445 452 575 842 452 912 488 1252 453 1274 470 535 464 625 516
0 347 239 702 204 445 442 574 842 446 920 492 531 466 623 515
0 346 238 701 201 441 441 565 842 445 919 493
0 345 235 703 200 441 432 563 841 446 918 494
0 345 231 705 199 441 423 561 838 448 917 494 1257 453 1277 473
0 347 229 708 198 441 415 558 836 449 916 494
1 347 227 710 195 440 412 555 834 450 916 493
1 353 225 711 170 439 396 554 832 451 915 493
1 356 222 711 168 439 389 552 832 452 915 493
0 360 223 710 162 439 383 550 832 453 912 494
0 363 224 708 158 440 376 547 832 454 912 494
0 365 224 704 154 439 369 545 831 454 913 494
0 364 224 701 830 453 916 495 152 437 363 542
0 361 225 701 828 452 919 495 148 434 361 539 359 471 450 525
0 362 226 699 827 452 920 495 136 435 342 541
0 366 226 696 825 452 919 494 133 434 338 539 466 391 481 418
823 451 918 495 0 371 225 694 132 432 333 538
821 451 917 495 0 373 224 693 129 429 329 537
820 450 916 496 0 374 223 694 127 428 331 538
819 450 916 496 0 378 221 692 122 428 333 537
818 450 916 496 0 380 221 690 119 429 335 535
818 449 918 496 116 427 335 534 0 379 221 690 24 372 39 388
818 449 919 496 115 424 337 533 0 377 223 692
817 448 918 496 111 425 340 533 0 377 224 692
817 448 916 497 107 427 343 533 0 380 224 689
816 447 914 497 0 379 225 688 104 432 344 532
815 446 913 497 0 377 227 687 103 434 341 529
815 446 912 497 0 379 228 686 249 470 355 523 90 429 276 523 31 370 45 389
812 446 904 498 248 472 355 524 0 386 227 682 102 434 254 518 32 370 45 389
810 446 904 498 96 433 238 518 248 472 356 524 0 396 225 678 33 370 46 389
809 447 904 498 94 433 236 517 245 473 358 524 0 400 224 679 33 371 47 389
807 447 904 498 90 432 232 516 242 475 359 524 0 403 222 680 34 371 48 389
806 447 903 499 84 431 230 514 241 477 360 524 36 372 48 390 0 403 221 683
804 447 902 499 79 431 228 513 218 473 354 524 37 372 49 390 0 426 229 712
803 447 901 499 77 432 228 512 215 474 356 523 37 371 50 390
802 447 901 499 72 432 212 512 215 475 356 524 38 371 50 390
801 447 901 499 69 433 212 512 215 475 357 524 38 371 50 390
800 447 900 499 68 435 210 511 214 475 357 524 38 371 51 390
799 446 899 499 67 436 208 511 214 474 358 524 38 371 51 390
798 445 898 499 66 436 206 510 215 475 358 524 39 372 51 390
796 445 898 498 63 436 205 509 216 477 358 524 491 388 504 416 39 372 51 389
795 445 897 498 59 435 203 508 217 478 357 524 492 389 506 416
