

0 557 91 709 598 282 642 360 684 331 852 519 351 357 372 396 611 327 643 366
0 550 91 707 684 331 848 515 347 352 369 393 593 267 640 344
0 542 90 704 685 332 843 512 593 263 641 343 226 332 323 407 343 349 367 387 673 216 837 370
588 260 635 333 1 535 89 704 708 332 828 507 210 327 318 404 669 199 833 473 343 348 366 382 338 336 361 372 605 304 639 344
589 257 635 330 706 330 824 506 2 528 88 705 336 332 360 375 668 196 833 470 603 302 638 339
589 255 634 329 0 511 92 683 703 328 822 506 335 331 359 375 667 196 832 469
588 255 635 329 699 326 821 507 0 509 93 684 670 213 829 363 335 332 358 375
676 326 830 507 0 508 95 685 589 254 635 329 330 331 354 370 669 212 828 361
675 326 830 507 205 317 309 394 1 504 104 685 668 211 828 360 330 331 354 370 587 243 632 316
0 501 108 686 674 326 830 508 203 318 310 393 594 255 643 330 671 211 827 359 329 332 354 368
0 498 114 687 676 328 831 509 203 327 311 403 599 255 644 331 333 334 359 378 673 213 827 360
0 494 123 691 703 330 820 506 600 240 644 317 334 333 361 378 208 319 312 389 668 194 830 474
0 490 130 695 335 331 361 373 677 308 831 492 604 238 648 312 211 314 309 388 674 210 830 359 615 275 647 316
0 486 136 695 212 307 307 389 337 328 363 368 678 310 829 486 674 206 831 356
0 483 140 696 212 303 307 392 337 326 364 367 678 308 829 485 671 200 783 379
2 466 156 713 339 326 366 368 708 311 823 484 607 214 653 291 705 199 819 368
4 466 163 715 340 325 368 370 711 310 826 488 676 187 832 471 611 212 657 290
6 464 170 715 341 324 369 371 715 313 827 486 677 186 833 469 612 208 661 289
6 462 174 714 618 211 667 293 341 324 369 370 715 316 826 483 678 184 833 469
6 459 179 712 619 206 668 292 340 323 369 370 678 184 833 470 714 317 826 482
4 457 183 711 208 303 314 396 621 203 669 292 338 324 367 370 677 186 832 470 714 317 826 481
3 455 187 711 622 202 670 293 202 305 316 396 335 324 365 373 676 188 831 470 714 314 827 484
2 457 201 706 623 205 670 295 675 191 830 471 199 308 316 397 333 325 363 377 723 330 826 497 153 662 314 719
1 456 205 709 675 195 829 473 627 208 672 297 721 333 828 499 152 663 314 719
0 453 212 711 684 218 817 434 720 339 833 501 634 227 679 310 150 663 316 719
0 448 221 712 686 225 817 428 720 342 836 502 151 660 319 719 638 229 683 310
0 442 227 708 215 320 311 409 721 341 838 501 688 228 818 425 155 657 319 719 657 280 691 314
0 435 249 693 722 339 837 497 214 321 310 407 688 223 818 425 646 209 689 299 660 278 692 308
0 426 252 689 723 337 836 493 212 321 310 406 691 218 811 373 647 209 689 295
0 421 258 688 726 338 834 491 209 322 306 407 690 215 810 376 648 210 691 292 658 254 691 299 294 328 320 353
2 425 259 688 207 324 304 412 726 339 834 491 685 215 818 432 649 214 694 293 294 332 321 357 326 343 355 399 658 252 691 300
2 432 261 691 687 224 818 429 725 342 835 495 662 274 691 312
1 444 264 693 687 233 819 428 723 345 836 499 209 354 299 433 655 239 699 314 660 271 690 319
0 450 270 695 204 352 298 442 686 241 817 426 723 348 837 504 291 361 335 388 308 357 347 382 165 385 201 417
0 456 277 695 686 243 817 429 203 358 299 445 723 350 839 507 661 254 703 335 292 367 335 391
0 458 292 693 692 250 819 433 741 361 845 514 206 377 301 461 662 260 707 338
0 461 308 691 696 255 823 439 203 371 301 471 746 364 847 517 704 355 758 436
0 462 325 689 700 259 827 442 750 368 849 517 310 389 350 466 699 356 759 440 320 426 350 465 340 377 369 398
0 460 335 686 702 258 830 442 753 363 851 514 199 373 301 475 309 389 350 467 319 427 349 468 695 356 758 440 341 379 370 398
0 458 351 684 708 258 834 439 757 363 854 509 344 381 372 400 306 392 350 466 692 359 754 441 208 142 267 171
0 460 363 686 761 364 857 507 717 261 839 432 192 381 288 461 306 409 350 480 203 142 263 172
4 463 373 686 764 366 860 507 733 255 859 490 646 311 747 442 192 387 286 459 304 415 349 483 363 390 388 407 689 380 747 453
10 456 399 681 767 363 864 507 737 259 853 429 193 388 284 458 646 311 746 442 366 392 389 410 316 405 351 427 669 378 745 451
13 453 409 672 739 255 856 432 773 358 868 499 639 305 726 437 190 387 283 456 369 390 392 409 316 403 354 427 666 378 742 449
16 443 420 657 738 247 859 429 636 303 724 432 668 360 729 439 370 385 392 403 774 350 873 488
24 430 428 640 740 245 861 426 623 277 715 414
34 417 435 628 616 270 710 404 368 359 392 377
54 413 448 626 741 211 861 376 612 269 709 404 771 299 874 436 319 368 353 389
79 412 460 628 752 216 870 373 615 275 709 411 775 301 883 439 651 360 710 427
100 414 468 633 768 232 888 414 796 312 896 446 336 383 381 408 651 359 711 438 735 273 770 317 625 302 715 431 185 379 290 458
120 416 502 624 802 314 900 448 773 232 890 415 739 273 774 319 625 304 714 432 649 359 710 442 187 382 289 465 339 386 381 410
142 412 512 622 787 236 905 418 619 304 708 433 652 379 710 448 186 383 287 469 755 280 787 318
171 405 522 621 795 237 909 417 615 305 705 436 758 278 790 316 649 380 707 451 756 260 786 299
195 387 537 608 803 238 915 414 612 311 703 441 761 277 794 316 645 383 704 455
212 405 546 625 810 240 922 411 610 320 704 451 641 382 702 464
209 408 556 626 816 251 928 408 608 329 700 459 173 408 287 546 852 343 936 450 779 301 808 337
232 394 593 599 819 257 931 407 167 411 280 557 778 299 811 342 852 342 937 450 603 334 695 466
246 394 596 595 820 259 930 409 159 416 270 567 777 297 810 344 852 343 935 449 594 348 675 486 621 411 680 485
263 392 599 595 818 258 929 412 776 298 809 345 150 418 266 573 589 352 670 487 860 345 926 449
284 390 605 597 819 263 928 414 578 358 664 492 776 298 809 348 851 347 933 451 235 468 283 578 785 330 809 353
306 389 611 597 819 266 929 413 569 360 656 494 776 299 810 349 786 330 810 354 852 347 934 450 0 545 23 585
322 386 619 596 821 266 930 412 560 359 651 498 776 299 810 348 852 346 935 449 787 330 810 353 212 481 265 597
332 402 592 576 822 266 931 412 557 358 647 501 776 299 809 348 105 438 256 594 205 483 261 602 787 331 810 353 852 345 935 447
340 405 600 577 824 269 930 415 99 445 251 600 553 364 644 508 785 330 810 357 778 304 809 347 853 348 935 450
347 408 606 579 826 274 930 417 92 451 241 607 783 328 811 362 551 371 642 512 853 351 934 453 351 443 405 480
365 404 640 578 825 274 929 419 85 452 234 611 782 325 811 365 270 455 303 490 853 353 934 452 539 372 626 522 348 442 408 480 160 506 213 625
373 401 637 568 823 270 929 417 80 450 232 611 270 454 301 488 783 327 809 362 134 511 219 636 353 435 406 467 851 351 934 448 534 372 621 522
387 400 631 559 824 267 929 415 269 453 299 486 354 432 403 464 784 329 808 359 123 519 206 642 778 304 808 350 852 349 935 443
826 265 929 409 355 429 401 460 778 303 807 349 403 402 625 550 784 329 807 355 854 346 936 440 335 435 385 470
778 302 806 348 829 264 929 406 329 434 386 472 88 521 171 651 356 427 400 457 268 453 298 482 420 409 452 437 856 345 937 435 785 328 806 352
23 442 202 608 326 432 384 471 78 528 161 653 777 301 806 345 830 261 929 400 854 329 933 425 419 406 452 434 356 425 400 456 508 393 592 545
854 327 933 421 778 301 806 343 17 445 198 610 831 258 929 396 325 431 381 469 418 406 452 432 358 425 400 454 268 452 296 477 66 531 155 659 504 399 595 548
779 302 806 341 854 326 933 417 829 256 930 394 418 407 451 433 325 432 382 468 358 427 399 453 501 406 596 550 35 523 125 665 319 333 342 355
0 450 177 619 781 303 806 341 29 545 116 685 419 409 450 435 493 473 602 561 855 326 934 413 319 430 394 473 828 255 931 395 480 406 583 547 357 429 398 453 317 334 342 354
0 451 173 618 782 302 806 338 315 429 393 473 18 551 106 689 418 408 448 433 489 473 603 562 828 253 931 393 478 408 585 546 857 327 935 408
0 447 164 614 476 473 589 557 783 305 804 329 309 422 392 468
483 336 676 459 0 442 156 613 447 414 591 547 822 223 923 363 293 416 376 464
483 335 676 457 1 439 147 614 767 277 796 313 436 408 579 546 292 412 373 463 820 217 921 361 410 385 442 414 449 477 567 556
482 338 679 460 1 441 133 622 767 278 796 315 431 407 571 553 288 414 372 464 819 218 921 360 864 301 920 382
503 324 692 455 0 441 129 620 826 215 922 354 413 402 556 554 770 281 795 308 283 412 373 464 441 482 560 563 336 409 379 436
512 314 696 445 0 434 127 620 408 401 553 555 830 210 924 347
526 303 705 432 0 427 127 618 786 253 811 286 282 388 376 443 870 259 930 341
0 422 129 620 537 293 717 412 287 384 373 439 792 254 816 278 890 257 945 338
0 417 132 619 567 280 746 407 293 374 374 428 866 174 961 313
582 271 759 393 0 413 135 621 311 368 392 419 418 473 540 559
0 409 136 622 609 262 786 377 390 398 547 548 317 363 392 415 357 613 562 716
620 246 795 356 0 392 148 647 386 398 542 550 318 349 398 405 942 208 1000 288 859 206 882 234 371 606 569 713 919 138 1007 268
635 240 806 352 0 390 147 649 324 347 401 404 380 407 532 556 925 134 1017 262 402 335 457 369
0 392 146 652 334 347 415 403 408 335 461 371 641 234 816 346 372 456 526 591 885 184 908 215 927 129 1024 260 965 186 1023 267
676 228 836 342 0 391 146 653 341 349 415 403 352 455 517 605 426 332 475 365 506 304 547 334 964 141 1028 249 888 184 914 215 416 337 454 369
0 388 150 655 346 347 424 402 689 225 849 335 430 332 482 366 344 460 518 611 992 185 1047 260 962 121 1053 252
0 362 156 633 332 463 515 607 346 344 430 397 674 220 872 330 437 332 474 360
0 354 162 631 734 192 903 296 323 463 509 597 365 320 448 374
0 348 168 627 767 177 928 288 370 312 455 371 478 290 529 321 566 256 598 287
1 342 172 625 384 297 474 356 788 169 933 280 483 284 530 317 584 250 621 280 1068 136 1120 213
0 331 179 623 384 293 481 348 214 549 426 693
195 547 426 695
0 287 215 578 166 551 393 701 433 244 526 300
