

539 183 601 256
541 182 602 257
543 184 605 257
545 186 607 259
547 187 610 260
549 186 613 261
551 187 617 262
553 187 620 263 511 214 548 236
553 187 622 264 512 215 548 236
557 192 634 267 513 217 547 237
558 193 635 268 515 218 544 237
560 193 639 270 516 218 544 238
561 192 643 273 518 217 545 238
562 190 646 275 518 216 546 238
563 189 649 277 518 216 547 239
563 189 650 277 519 217 546 238
565 198 652 281 520 217 545 238
565 197 651 282 519 217 545 238
564 195 654 285 518 217 545 239
565 196 656 287 518 218 545 240
568 195 669 295 520 219 545 240
571 198 672 299
572 200 675 302
576 204 679 305
579 205 684 306
587 212 704 321
590 213 710 324
590 214 723 328
595 217 735 335
601 220 749 343
605 222 757 351
623 227 779 364
627 229 798 373
629 244 820 385
652 240 848 394
655 238 869 402
655 236 891 410
678 238 921 423
683 240 938 429
672 233 967 448
686 232 1002 458
698 232 1037 470 658 284 752 349
754 229 1062 491 659 284 758 349
774 220 1099 514
790 215 1132 539 671 264 770 340
805 209 1211 568 671 265 777 338 703 242 752 322
825 206 1238 586 672 263 782 340 705 240 755 324
853 206 1266 641 676 261 784 339 721 230 773 330
871 190 1272 678 686 258 811 335 725 223 780 330
925 185 1275 711 686 256 820 334 744 215 795 330
946 175 1278 719 747 210 799 329 678 235 835 333
687 233 844 332 990 156 1274 719 750 208 804 328
695 229 855 333
708 226 879 336 1004 243 1123 417
713 223 884 337 1025 245 1178 430 765 182 848 325
720 220 900 337 774 177 859 326 1029 248 1195 431
724 217 917 338 780 174 869 325 1072 245 1249 443
728 217 931 340 809 170 885 335 1130 238 1279 507
744 211 942 344 813 166 891 334 1165 269 1275 490
744 207 945 350 815 163 897 332
743 205 949 359 814 159 901 327
737 206 952 368 811 157 901 325
701 201 954 375 805 157 900 327
699 187 946 394 772 148 885 334
677 184 944 410 763 142 883 347
649 201 963 440 733 120 884 385 381 100 478 140
591 206 944 460 721 144 878 426 361 107 454 145
561 219 930 485 681 146 852 442 352 110 456 149
539 221 907 503 665 144 844 453
606 130 823 463 460 221 885 520
440 201 890 527 588 106 819 477
397 148 902 563 557 74 835 477 1176 144 1215 304
386 120 897 602 525 38 825 464
355 101 915 640 517 19 825 458
256 179 973 688 476 29 850 513
230 183 999 696 454 32 873 512
421 30 908 534 219 200 1020 705
347 23 975 688
318 27 1010 697
173 26 1120 712
110 35 1178 708
67 33 1231 713
54 37 1237 713






377 18 1266 490
391 13 1270 500
438 25 1251 476
87 29 1214 692
62 47 1243 684
54 42 1251 694
51 45 1234 695


