

152 405 402 558 882 412 1020 492 529 419 647 507 740 421 793 461 705 418 739 452 690 414 724 445
160 404 407 554 528 420 646 507 886 413 1022 493 739 422 795 462 705 419 738 452 691 415 724 445
165 405 411 552 528 420 646 508 897 412 1038 497 739 423 797 463 794 411 872 471 705 419 738 453 691 414 724 446
180 408 427 551 897 412 1046 498 527 420 646 508 740 423 799 464 797 415 888 475 704 420 737 454 692 415 724 445
190 409 424 549 527 420 646 509 903 413 1050 497 741 423 799 464 800 417 892 476 704 419 739 455 470 366 480 386
199 410 423 545 526 420 647 509 743 424 800 465 705 421 741 455 919 410 1059 501 804 418 896 476
206 411 425 541 524 420 648 510 912 415 1078 510 744 424 800 465 707 421 742 456 806 419 898 477
213 411 428 539 523 420 649 510 919 414 1085 511 707 421 742 456 742 421 805 469
220 411 432 535 927 413 1093 511 523 419 648 509 743 421 806 469 706 421 742 456 808 409 899 477
228 411 434 532 935 413 1104 510 523 419 647 508 746 422 807 469 708 421 743 455
235 412 437 529 524 419 646 508 939 410 1113 512 749 422 808 468 708 422 743 455 819 413 917 483
240 412 439 525 523 419 646 508 953 410 1136 515 752 421 811 467 709 423 744 454 821 410 921 484
251 415 449 524 962 408 1148 515 522 419 646 509 824 406 922 484 709 423 742 454 754 420 813 468 731 424 763 459 699 387 710 401
259 416 446 522 972 409 1163 515 521 418 646 509 762 418 820 470 710 424 741 453 731 424 764 459 827 408 924 483
267 417 446 520 520 418 646 509 974 407 1175 516 762 419 822 471 710 423 742 453 730 424 764 459
276 417 447 518 520 417 644 509 983 406 1207 520 763 418 825 470 710 422 741 452 732 424 765 459 840 407 949 487 179 426 240 450
282 417 449 516 995 404 1219 523 521 417 643 510 843 400 952 489 758 417 831 472 709 421 741 454 734 423 767 460 179 426 237 450 1211 462 1278 709
288 416 450 514 520 417 641 510 1006 403 1235 525 759 417 833 472 709 421 740 454 848 401 954 491 736 423 769 461 700 385 710 400 1212 457 1279 709 181 426 231 448
293 415 452 513 518 417 640 510 1012 401 1243 528 759 417 835 473 710 421 740 454 736 423 769 461 851 403 955 491 1210 448 1279 711 699 385 710 400 161 425 217 449
301 415 455 512 517 416 637 509 1025 399 1268 533 762 417 838 473 711 421 742 454 735 423 770 461 160 425 217 449 858 408 977 494 1210 442 1279 712 700 384 711 400 352 367 364 393
305 415 458 511 516 417 636 509 1042 403 1270 535 763 419 841 473 711 421 743 454 160 425 215 449 734 423 771 461 846 386 993 501 529 339 546 351 700 384 712 401
311 420 458 506 516 418 635 509 1059 405 1273 538 766 418 844 473 711 420 746 455 158 425 212 449 848 384 995 501 733 422 771 461 528 339 545 351 753 423 787 466
315 422 458 506 515 419 635 510 1067 409 1273 538 780 419 854 476 712 421 746 456 156 426 209 450 733 422 771 461 849 382 998 502 753 424 787 467
318 423 459 506 514 419 634 511 1089 405 1279 539 782 417 857 477 712 420 747 456 733 422 769 461 754 424 788 467 155 427 205 450 872 385 1024 507
513 419 634 511 320 423 460 506 1104 403 1279 541 784 417 860 478 713 422 747 456 733 422 770 461 753 424 790 468 876 382 1028 510 141 427 186 452 527 340 544 351 702 386 713 401
512 418 633 512 1123 398 1279 543 324 418 468 508 784 418 864 479 714 422 749 456 731 422 768 460 754 424 793 468 140 427 186 452 883 383 1035 512 526 340 543 351 702 385 713 401
326 418 466 508 512 418 632 513 784 420 867 481 1137 400 1279 545 713 424 749 457 139 428 182 452 753 425 795 468 889 382 1046 514 526 340 542 351 729 423 767 460 702 385 713 401
330 418 465 508 512 418 630 514 786 421 870 481 1159 396 1277 551 753 425 797 470 712 422 751 457 894 380 1055 515 525 340 542 352 137 429 182 454 701 384 713 402
333 419 465 508 512 419 629 513 786 420 874 483 906 374 1091 521 753 426 799 471 728 422 764 461 1169 403 1278 552 132 428 186 454 267 433 305 450 524 340 542 351 700 384 713 402
337 419 464 507 512 419 629 513 799 422 881 483 913 374 1097 523 729 421 766 460 755 425 800 471 267 432 305 449 128 426 189 453 523 339 542 350
340 419 461 507 512 419 628 512 800 420 885 484 920 375 1104 524 727 422 767 460 265 430 305 448 754 427 801 472 131 425 188 452 1206 438 1278 712 714 424 748 456 206 433 252 454 767 546 866 700 523 338 541 349
343 420 461 506 512 417 628 512 802 418 890 485 924 374 1113 525 263 430 305 447 728 420 768 459 753 426 801 471 132 424 183 451 1209 436 1278 713 522 336 541 347 201 432 251 453 768 546 866 700
345 421 463 504 511 417 628 512 802 418 896 485 260 429 306 448 927 374 1120 524 728 420 768 459 521 336 539 347 132 425 184 453 752 427 802 470 1210 441 1278 713 768 546 866 701 198 432 252 453
347 422 465 502 510 417 628 511 803 417 901 486 944 366 1151 528 730 419 769 459 259 430 304 448 521 334 539 345 767 422 823 473 188 433 244 454 492 265 528 279 768 546 865 702
347 422 464 502 510 418 627 511 803 417 905 486 956 366 1158 530 730 420 769 459 257 430 302 448 187 434 244 456 520 334 539 345 769 422 824 472 492 265 526 278
348 422 464 502 510 418 626 511 819 418 913 487 963 368 1171 530 732 421 770 459 257 430 300 448 185 433 241 455 770 422 826 472 491 262 525 275 520 333 539 345
348 422 463 502 511 417 626 511 820 416 918 489 732 422 772 459 969 372 1177 528 183 432 239 454 256 430 302 449 95 421 184 460 519 332 538 344
348 423 464 501 512 417 626 511 820 415 924 489 980 368 1215 533 732 421 775 459 255 431 305 449 181 431 235 453 92 420 182 459
349 422 464 501 513 417 625 510 820 415 928 489 987 365 1226 534 732 420 775 460 181 431 234 452 751 419 794 463 257 431 305 448 89 421 182 459 330 360 345 392
514 416 624 509 351 421 465 500 820 413 933 486 1001 362 1231 536 734 420 773 459 751 418 794 463 179 431 232 452 86 422 179 460 243 430 282 447 257 431 305 448 518 326 539 339
514 415 624 508 352 421 465 500 840 415 944 488 750 416 794 462 1015 358 1223 535 176 431 232 451 735 420 773 458 518 325 539 338 241 429 282 447 85 421 176 459 779 417 859 473
514 414 624 508 837 413 952 488 355 412 464 496 1019 353 1276 540 749 416 794 461 173 431 233 451 778 416 860 473 82 421 172 459 517 324 540 337 735 420 774 457 239 429 284 447 329 357 343 388 424 358 437 378
513 414 623 509 835 413 959 489 355 412 464 496 748 417 794 460 778 415 863 473 1027 349 1269 541 171 430 235 450 69 420 166 458 517 324 539 336 328 357 341 387 237 428 286 446 482 241 522 259
355 412 464 496 513 414 623 508 837 412 964 490 779 416 865 472 750 419 794 460 1045 352 1255 539 69 420 164 457 517 324 539 335 327 357 340 387 171 431 235 451 482 239 523 257 236 428 284 446 734 421 773 456
355 411 464 497 514 414 623 507 840 412 967 493 780 417 868 473 750 419 795 460 327 358 340 387 1060 351 1247 540 68 421 162 455 517 323 539 335 481 237 523 255 235 428 282 446 173 431 230 450
356 411 463 497 851 414 982 496 514 416 623 506 782 418 871 473 751 420 796 460 1077 352 1254 539 65 422 161 454 326 359 338 386 517 323 539 334 481 235 522 253 235 428 281 446 164 432 219 451
356 411 462 497 847 414 993 495 515 416 623 506 783 417 875 474 752 420 798 460 1084 346 1263 539 63 421 158 452 518 322 539 333 481 232 522 251 162 432 219 451 232 428 280 446 663 428 689 449 324 361 336 386
355 410 462 497 848 414 1001 496 513 416 624 506 1104 342 1279 539 753 421 801 461 518 321 539 333 795 416 889 477 161 431 216 450 662 428 689 449 64 420 155 453 231 428 280 446 480 229 522 249
355 411 461 497 513 415 625 506 855 412 1001 497 798 416 891 477 1120 340 1279 535 755 420 803 461 518 320 538 332 160 430 213 450 230 428 280 446 663 428 689 449 81 424 143 452 478 225 522 244
353 412 462 496 864 411 1022 501 512 415 625 506 800 416 896 478 1146 337 1271 539 767 415 823 461 477 223 522 242 158 430 209 450 518 320 538 332 662 428 689 449 232 428 278 446 90 425 140 452
354 412 463 497 867 410 1029 501 513 415 624 506 802 415 902 478 766 416 825 462 476 219 522 239 1158 340 1272 536 517 319 539 331 663 428 691 450 154 431 207 451 232 428 278 446
349 419 465 501 513 415 624 506 867 410 1035 500 803 415 906 479 760 415 830 467 475 217 521 237 3 239 129 628 517 318 539 329 151 431 203 452 664 429 693 451 219 428 261 447
347 418 464 502 514 415 623 506 877 416 1045 506 814 415 920 484 761 416 833 468 3 243 149 631 474 214 520 235 517 317 540 329
344 416 463 504 514 416 623 506 884 416 1057 506 815 415 924 485 763 417 836 469 1 249 171 633 1211 347 1279 702 474 213 519 233 516 317 540 329
342 415 462 505 514 416 623 506 817 415 928 486 891 416 1064 507 764 418 838 470 0 256 182 628 475 211 518 231 516 317 540 329 147 239 183 257
339 414 463 506 905 417 1083 509 513 416 623 507 815 416 936 488 765 420 841 471 0 275 211 677 515 317 539 329 475 208 516 228 142 238 178 255
336 414 464 507 911 417 1093 512 514 416 623 508 818 417 941 488 767 420 844 471 0 280 223 674 515 317 539 329
334 414 465 507 921 416 1104 514 514 416 623 509 825 417 959 491 0 283 237 677 769 419 847 471 516 316 538 328
331 414 467 507 927 413 1115 515 514 415 624 509 827 416 964 490 775 417 857 470 0 283 242 677 516 315 538 327 466 195 506 218 127 233 160 250
514 415 625 509 328 414 469 508 830 416 970 492 777 417 860 470 938 414 1141 516 3 286 251 676 465 192 507 214 515 314 538 325 122 230 157 248
514 414 625 509 945 415 1147 517 324 414 471 508 834 416 973 492 781 417 865 471 0 310 266 623 464 188 508 210 514 312 538 324
956 415 1156 520 514 414 625 509 783 418 870 471 320 414 479 510 842 415 991 493 1 311 271 621 461 185 509 206 1211 448 1279 709 514 311 538 322
963 414 1168 520 843 414 998 493 784 418 874 471 514 414 625 509 316 414 481 510 1 305 275 619 459 182 510 203 1211 450 1278 710 515 309 537 320
847 413 1003 493 513 413 627 509 314 414 482 510 786 416 877 471 967 412 1181 521 0 307 277 619 1212 447 1277 711 457 179 510 201 513 308 536 319
983 411 1208 523 513 413 628 509 852 412 1006 494 313 412 464 511 795 413 887 470 2 301 282 619 456 169 507 193
992 409 1219 525 513 413 630 509 795 413 892 470 857 413 1025 497 311 411 461 513 7 303 288 613 455 166 507 189 1211 448 1277 709
999 407 1232 526 795 415 897 471 861 414 1031 496 513 413 630 509 309 410 459 514 453 162 506 186 11 302 294 611 1211 452 1277 707
513 414 631 509 798 415 901 472 307 411 455 515 868 414 1035 495 1006 407 1242 528 451 159 507 182 11 302 299 610 1210 450 1278 707
513 415 631 509 802 416 904 472 1023 408 1265 534 872 411 1046 498 304 413 450 518 449 156 507 180 1210 446 1278 707
513 415 632 510 1035 407 1269 538 816 414 915 474 876 417 1058 504 303 412 444 519 1210 440 1279 706 14 317 306 608 289 211 335 237 448 152 508 177
512 415 634 511 814 415 920 474 1046 407 1273 539 880 417 1067 504 303 411 440 522 1210 442 1279 705 449 146 503 172 14 327 310 602 286 211 332 235
815 416 924 475 511 416 636 511 1056 408 1275 543 882 416 1072 506 448 142 503 167 308 418 444 515 1208 447 1279 703 9 332 310 599 284 209 330 233
816 417 928 475 509 418 639 511 1065 409 1275 544 893 418 1089 507 446 136 502 163 313 420 441 515 1206 453 1279 703 281 207 330 232
819 417 932 476 897 416 1096 508 507 417 642 512 1075 408 1275 543 444 132 503 159 9 342 313 598 319 420 436 516 279 205 328 230
822 417 936 478 904 417 1100 509 506 418 645 512 1096 407 1279 548 442 128 505 156 323 420 436 520 279 204 325 229
911 417 1109 509 512 410 643 519 1108 407 1279 550 825 417 937 479 680 430 717 460
916 416 1118 509 834 416 952 480 512 410 644 521 1120 407 1279 551 1214 465 1279 699 37 352 415 593 432 116 489 143
836 415 955 479 920 413 1127 511 512 409 645 522 1131 407 1279 549 428 110 493 138
838 415 959 480 511 409 645 521 1139 405 1279 549 922 412 1134 512 425 104 494 135
839 415 964 482 510 409 645 521 932 413 1151 514 1147 404 1279 549 425 102 491 131 253 186 308 215
938 413 1154 515 842 415 969 482 508 409 644 521 1160 399 1279 548 425 90 492 122
943 413 1162 517 505 410 645 523 844 415 986 484 1168 405 1279 547 423 85 490 115
948 413 1170 518 503 411 646 525 844 416 989 486 421 81 489 111 14 361 337 586 1174 408 1278 551 503 289 536 304
847 417 994 486 954 410 1182 520 500 410 646 526 16 360 334 586 420 77 488 108
850 416 998 487 499 410 647 527 958 408 1191 521 17 353 327 587 679 429 718 462 409 65 488 101
498 409 647 528 854 415 1002 487 965 408 1216 523 19 351 325 587 679 425 718 461 405 59 486 97 498 287 529 301
496 410 649 531 969 409 1218 524 856 415 1003 488 18 350 325 586 396 55 484 91 679 425 718 461 499 287 527 300
976 408 1225 524 493 410 649 535 864 414 1017 490 17 355 317 585 498 285 527 299 680 427 718 461 395 50 483 88
982 408 1234 524 858 416 1027 489 491 410 651 539 497 284 527 299 15 359 307 584 299 408 455 524 681 428 718 461 394 40 480 82
988 407 1244 525 858 416 1035 489 490 409 651 543 394 39 479 77 13 363 298 581 496 284 527 298 299 408 454 524
992 408 1250 527 859 416 1039 490 488 409 652 544 392 34 478 72 13 363 295 580 319 420 449 515 497 284 527 298 753 428 764 452
993 407 1257 529 487 408 654 545 873 411 1042 495 389 28 478 65 13 359 296 580 496 283 527 297 321 421 448 515
485 407 657 547 879 410 1049 495 994 409 1260 529 18 354 296 579 496 282 527 296 324 421 449 517 385 24 477 61 762 429 774 453
483 406 659 548 1008 408 1275 534 884 408 1058 497 20 354 294 579 383 16 475 54 496 281 527 296 324 421 449 516 762 429 776 453
481 406 661 549 1015 408 1277 537 886 407 1061 498 22 352 293 579 380 11 473 50 497 280 527 296 1213 447 1279 701 326 423 447 513 763 429 776 454
478 406 664 551 1024 407 1278 538 884 407 1067 499 18 350 297 580 378 5 473 44 1211 447 1279 699 345 421 458 512 497 279 527 296 763 429 776 454
476 406 666 553 1033 407 1278 538 883 408 1072 499 18 348 303 580 377 1 471 39 350 414 454 482 496 275 526 292 762 429 776 454
473 405 668 555 1041 410 1275 537 896 411 1082 497 347 416 465 513 16 352 305 581 496 274 526 292 375 0 471 36 763 429 776 453 353 331 369 358
