

433 352 1198 616 400 293 708 498 335 325 440 447 140 378 192 459 965 312 1223 425 256 336 303 419 237 355 285 431 140 338 191 418
428 350 1194 618 397 294 707 496 331 324 442 449 140 378 192 459 964 312 1223 427 257 336 303 418 236 355 284 431 140 338 191 418
423 349 1194 620 391 295 708 489 140 378 192 459 327 323 444 451 965 312 1222 429 258 336 303 418 141 338 191 418
413 348 1196 622 384 296 707 484 318 325 446 450 140 378 192 459 967 313 1221 432 257 336 302 417 1258 334 1279 455 141 338 191 418
409 348 1195 624 379 298 708 476 314 326 447 451 140 378 193 459 967 313 1220 436 255 336 301 416 1258 334 1279 455 141 338 192 418
358 346 1174 624 413 291 683 458 309 326 447 453 141 379 193 459 968 313 1220 443 254 336 301 416 236 365 311 432 1259 334 1279 455 141 338 192 418
350 347 1173 623 369 300 703 472 304 327 446 453 141 379 193 459 966 313 1220 447 235 364 312 432 254 336 301 417 1259 334 1279 454 142 338 191 418
340 348 1168 621 364 300 698 472 299 328 446 454 964 313 1222 449 141 378 192 459 253 337 301 419 1259 334 1279 454 235 353 282 431
329 350 1159 622 358 300 696 471 962 312 1223 449 294 328 447 455 141 378 192 459 253 338 302 420 1259 334 1279 454 235 352 282 432
318 351 1147 622 355 300 695 470 959 312 1225 449 290 328 447 456 141 378 192 459 234 351 283 432 1260 334 1279 454 253 339 302 420
307 353 1136 623 352 297 694 469 936 311 1212 449 283 328 446 458 141 379 192 459 233 352 280 431 1259 334 1279 454
301 354 1125 625 934 310 1214 452 272 329 444 461 142 380 192 459 233 353 277 431 1259 334 1279 454
224 351 1114 626 932 310 1215 454 260 327 445 465 142 380 193 459 401 292 666 453 1259 334 1279 453 233 355 273 432
214 350 1104 630 926 309 1215 456 252 325 445 468 142 380 192 459 402 293 665 453 1258 334 1279 453
205 350 1086 630 239 324 435 468 920 309 1215 457 141 379 192 459 403 293 666 453 1258 334 1279 453
185 350 1075 631 231 322 433 470 910 310 1212 456 142 348 191 448 401 293 669 452 1258 334 1279 453
173 350 1064 632 222 321 429 473 902 311 1211 455 142 348 190 449 397 294 671 447 1258 333 1279 453
210 320 427 477 166 348 1060 631 894 312 1210 453 142 348 190 450 394 297 671 441 1258 333 1279 454
199 321 427 478 122 330 1022 640 891 313 1209 454 141 375 188 460 1258 332 1279 455
107 332 1017 639 186 320 427 477 885 314 1211 454 141 375 184 460 1258 332 1279 455 422 296 678 389
86 332 1010 636 879 314 1212 454 180 320 425 475 141 374 180 460 1258 331 1279 455 423 294 678 378
68 337 998 635 148 318 412 481 872 314 1214 454 1258 331 1279 455
57 337 986 636 139 316 407 483 869 313 1215 454 1257 331 1279 455
866 312 1216 454 128 317 399 482 58 337 970 640 1257 331 1279 455
832 299 1232 448 61 330 954 641 126 318 387 478 1258 331 1279 455
829 298 1232 449 8 330 939 641 96 318 371 483 1258 331 1279 455 431 292 674 362
13 328 933 644 828 298 1231 450 84 316 368 485 431 291 675 360 1258 332 1279 455
827 298 1229 452 21 328 913 646 56 300 379 492 430 291 681 362 1258 332 1279 454
34 352 883 622 826 298 1227 452 34 300 389 490 431 291 688 366 1258 333 1279 454
34 350 862 620 827 298 1225 453 432 291 694 372 13 291 349 497 1258 333 1279 454
30 349 847 620 828 299 1226 454 436 292 694 381 4 290 347 500 1258 332 1279 455 688 344 778 401
29 349 837 622 857 315 1194 457 439 293 692 391 0 289 337 505 1258 332 1279 455
25 351 832 624 857 315 1194 457 442 294 691 401 0 290 329 505 1258 332 1279 455
23 352 828 623 857 315 1193 456 443 295 690 407 0 290 318 506 1258 332 1279 455
20 352 824 622 857 315 1194 456 443 295 689 409 0 288 310 508 1258 332 1279 455
17 350 817 623 857 315 1194 456 442 295 691 411 0 285 293 511 1257 331 1279 455
857 315 1193 456 19 348 807 625 441 295 695 412 0 284 276 514 1257 331 1279 455
858 314 1193 456 25 346 797 627 439 294 699 413 0 282 259 515 1257 331 1279 455
858 314 1193 456 31 344 790 628 439 294 700 412 0 291 246 566 1257 331 1279 455
858 314 1193 456 36 344 783 631 438 294 700 412 1257 331 1279 455 0 294 231 572
858 314 1193 456 39 343 778 632 438 294 700 412 1257 332 1279 455 701 343 786 395
858 314 1193 456 41 343 777 633 437 294 699 412 1257 332 1279 455 701 343 786 395
859 314 1192 456 38 342 780 633 437 294 699 411 1257 332 1279 455 701 342 786 396
858 314 1193 456 39 343 781 633 436 295 697 411 1257 331 1279 456 700 342 786 397
858 314 1194 456 39 344 781 633 436 294 696 411 1257 330 1279 457 700 342 786 397 4 266 173 527
41 346 780 632 857 315 1194 457 435 294 696 411 700 342 786 398 1257 330 1279 457 4 265 166 525
38 348 784 631 858 315 1194 457 435 294 697 411 700 342 787 399 2 264 159 526 1258 330 1279 458
36 348 786 630 858 315 1193 457 433 294 698 412 700 342 787 399 1258 331 1279 457
34 348 788 631 858 315 1193 457 427 297 713 439 700 343 786 400 1257 330 1279 457 0 273 128 506
35 348 787 632 859 314 1193 457 426 296 713 441 0 271 122 509 700 342 786 400 1257 331 1279 457
37 348 786 633 859 314 1193 457 427 296 715 443 0 270 116 510 701 342 786 400 1257 331 1279 457
859 314 1193 457 37 347 785 633 428 295 716 443 700 342 786 400 1258 330 1279 457 0 277 109 507
858 315 1194 457 429 295 715 442 40 347 783 631 700 341 786 401 1258 330 1279 457 0 312 87 552
858 315 1194 457 430 296 714 441 43 347 779 631 699 341 786 400 0 316 80 547 1258 329 1279 457
858 315 1194 457 430 296 712 440 45 347 776 631 699 341 786 400 0 318 74 542 1258 329 1279 457
858 316 1194 457 430 297 711 439 44 347 778 631 699 341 786 398 0 287 64 497 1258 330 1279 457
858 316 1194 457 430 297 713 438 42 347 781 631 699 341 785 398 1258 330 1279 456 0 287 59 499
857 316 1193 457 430 297 714 438 42 348 783 631 699 341 785 397 1258 330 1279 456
857 315 1193 457 430 296 715 438 41 348 784 631 699 341 785 398 1258 329 1279 456
857 315 1193 457 430 296 714 438 42 348 782 631 700 342 785 399 1258 329 1279 456
856 316 1194 457 430 296 713 439 42 347 781 631 700 342 785 399 1258 329 1279 456
856 316 1194 457 431 296 711 439 41 347 781 631 699 342 785 399 1258 330 1279 456
431 296 710 440 856 316 1194 457 41 347 781 631 699 341 786 400 1258 330 1279 456 1 316 33 478
433 296 711 440 856 315 1193 458 42 347 781 631 698 341 786 401 1258 330 1279 456 1 316 34 478
434 296 712 440 833 302 1220 457 43 348 779 632 698 340 786 401 1258 331 1279 456
435 296 712 440 833 302 1221 457 44 348 778 632 1258 331 1279 456 699 341 786 401
435 296 713 440 833 302 1221 458 45 348 776 632 1259 332 1279 455 699 341 785 401
434 296 713 440 832 303 1222 458 46 347 775 631 1259 332 1279 455 700 341 786 400
434 296 712 440 832 303 1223 458 47 347 774 631 701 341 787 399 1259 332 1279 456 0 315 37 480
433 295 711 441 832 303 1224 458 48 347 772 631 1259 332 1279 456 701 341 787 398
434 295 712 442 856 316 1193 456 47 346 773 632 1259 331 1279 457 701 341 787 396 0 317 36 480
434 295 714 442 856 316 1194 456 47 346 775 632 1259 331 1279 457 701 340 787 396 0 318 35 480
856 316 1194 456 435 296 714 441 45 346 777 632 1258 331 1279 457 701 340 787 396 0 318 34 480
856 316 1195 456 434 296 715 441 44 346 778 632 1258 330 1279 457 701 341 787 396 0 318 34 480
856 316 1194 456 434 296 714 441 43 347 779 632 1258 330 1279 457 700 340 787 395 0 317 34 481
856 316 1194 456 433 296 715 441 45 347 778 632 700 340 787 396 1257 331 1279 456 0 315 35 482
857 315 1193 457 433 295 716 442 47 346 777 632 1257 331 1279 456 700 340 786 395
857 315 1193 457 434 295 716 442 48 346 776 632 1257 331 1279 455 700 340 786 395
857 315 1193 457 434 295 715 442 47 345 776 632 1257 331 1279 455 700 340 786 394
857 316 1194 457 434 295 713 441 46 346 778 632 1257 332 1279 455 701 340 786 394
857 316 1194 457 434 296 713 441 46 345 778 632 1257 332 1279 455 700 340 786 395
434 296 713 441 856 316 1194 457 48 346 777 631 1257 332 1279 455 700 340 786 396
434 296 714 441 856 316 1194 456 49 345 775 631 1257 332 1279 455 699 340 786 396
434 295 713 441 856 315 1194 456 52 345 772 630 1257 332 1279 456 699 340 786 396
434 295 713 441 856 315 1194 456 52 345 771 630 1257 332 1279 455 699 340 786 395 0 315 36 480
434 295 713 441 856 315 1193 456 53 344 770 630 1257 333 1279 454 699 340 786 395 0 317 36 479
434 296 713 440 834 302 1222 458 52 344 771 630 1257 333 1279 454 699 340 786 395 0 317 36 478
434 296 713 441 857 315 1194 456 50 344 773 631 1257 333 1279 454 699 340 786 394 0 316 36 479
435 296 713 440 856 315 1194 456 48 344 776 630 1257 333 1279 455 692 344 773 395
435 297 714 440 856 315 1195 456 48 345 777 629 1257 333 1279 455 691 345 772 396
436 297 713 440 856 315 1195 456 49 345 775 629 1258 332 1279 455 691 345 771 396
435 296 712 440 857 315 1194 457 52 345 773 629 1255 333 1279 455 691 345 771 396
435 296 712 439 835 301 1221 459 53 346 772 629 691 345 770 395
434 296 712 439 857 316 1191 457 53 346 772 629 697 351 746 391
434 296 712 439 835 302 1219 461 52 346 773 630 690 345 770 395
434 296 713 439 855 316 1191 458 52 347 771 630 691 345 771 395
433 296 713 439 836 301 1212 462 53 347 769 629 691 345 772 395 1150 252 1277 624
433 296 714 440 856 315 1189 458 54 347 767 629 1131 252 1278 620 691 345 772 395
