

678 315 851 424 1 295 163 550
679 316 852 423 1 292 173 551
680 315 852 424 0 286 180 558
681 315 852 423 0 284 187 560
681 315 853 423 0 297 204 546
680 314 853 421 0 299 208 538
679 313 853 420 0 288 210 519
679 313 854 419 0 292 213 511
679 312 854 419 0 299 216 503
679 313 855 418 0 303 219 496
679 314 856 419 0 307 224 488
679 315 857 419 0 311 230 479
679 315 857 420 0 315 236 471
680 315 857 420 6 317 242 466
15 319 245 463 680 315 856 421 791 141 903 176
681 316 855 420 24 321 249 457
680 317 854 420 54 323 258 452
680 317 854 421 63 324 259 449 820 133 926 162
679 319 854 420 72 325 263 447
678 320 852 419 83 326 266 444
679 321 851 419 95 326 269 441
678 322 849 419 104 328 271 436
679 323 848 420 107 330 272 433 25 236 51 307
678 325 849 421 122 329 278 429
677 326 849 422 131 335 276 425
675 327 850 423 136 337 279 425
673 328 851 423 140 338 280 424
672 327 849 422 148 338 279 424
669 328 846 421 156 338 278 424 415 366 447 385
167 338 281 422 666 328 843 419 412 364 446 386
170 339 283 420 663 329 843 418 410 364 445 386
660 329 842 416 175 341 286 416 408 363 445 385
657 328 840 415 180 341 288 414 406 363 445 383
655 327 837 415 185 342 290 412
653 327 837 417 187 342 290 411
652 329 834 418 191 343 291 411 400 363 447 383
195 344 290 411 646 328 823 418
204 349 291 409 646 329 820 419
205 350 290 410 646 328 818 419
209 350 290 412 641 331 815 420
633 335 812 421 213 351 290 413
217 355 288 417 6 197 121 557 624 340 809 423
220 355 288 418 6 188 142 560 619 343 806 426
222 354 290 420 611 346 800 428 0 146 163 544
605 349 796 428 223 355 290 419 0 124 181 553
598 349 791 427 223 359 291 414 0 118 222 552
597 349 790 427 0 114 229 553 227 359 291 414 540 360 556 372
590 344 775 428 0 119 245 545 231 354 290 425
588 340 770 427 0 118 264 544
584 338 763 424 0 122 277 545
7 140 294 545 580 337 761 421
7 156 310 546 573 337 755 420
10 173 325 544 569 337 749 419
14 189 342 541 563 337 744 419
561 335 743 420 16 202 354 527
59 218 390 515 559 334 742 420
94 236 404 501 558 333 742 421 1064 289 1274 592
131 254 418 488 557 334 743 421 1055 297 1271 582
557 336 746 421 163 253 447 484 1043 292 1271 584
197 259 461 483 562 337 751 422 1032 286 1270 584
569 337 756 422 231 263 483 480 1017 313 1271 562
578 338 761 424 1014 310 1273 561 269 269 497 478
311 272 516 478 585 340 767 426 1016 316 1273 555
588 342 775 428 1022 319 1275 549 321 283 531 469
372 286 560 473 598 343 791 427 1026 324 1275 549
599 346 795 429 386 293 570 470 1028 329 1279 551
602 346 796 431 417 295 585 472 1026 335 1279 554
612 348 804 431 427 297 599 463 1028 337 1279 549
627 347 811 434 1031 338 1279 545 476 297 648 453
644 346 816 437 499 296 645 453 1036 330 1279 524
651 345 816 441 1038 328 1279 524 506 300 655 448
669 352 829 435 1043 327 1279 520 545 297 675 456
1048 327 1279 516 674 344 841 436 564 299 685 454
1053 328 1279 512 699 352 845 434 589 300 704 451
705 351 849 435 1058 329 1278 512 594 301 712 450
1062 330 1279 508 604 300 727 447 737 352 853 432
1066 332 1279 502 613 297 739 444 739 352 855 431
745 350 857 428 1066 336 1279 494 613 299 749 436
751 349 858 428 1073 330 1277 476 625 300 767 436
1074 333 1278 472 626 301 773 434 755 349 859 430
624 303 778 432 769 351 864 430 1075 335 1278 468
627 305 785 433 772 352 865 431 1083 338 1279 467
628 306 788 436 775 352 866 433 1084 337 1279 467
632 307 794 439 1085 338 1279 468 780 353 867 434
633 307 799 440 1087 337 1279 469 782 352 869 435
635 306 804 442 1087 339 1279 469 782 350 870 436
633 305 808 444 1087 340 1279 468 783 348 871 437
632 303 816 445 1087 341 1279 465 785 348 872 437
632 301 823 446 1086 342 1279 463
632 299 829 446 1086 342 1279 462
645 305 855 447 1085 342 1279 461 813 344 877 434
648 303 856 446 1076 342 1277 460 817 342 880 434
649 300 861 446 1075 343 1276 458 819 341 884 435
1074 344 1276 456 651 298 865 446 821 339 887 436 359 306 406 333
1072 344 1274 456 650 295 867 446 823 338 890 438 354 303 402 332
1070 343 1270 456 649 293 870 446
647 292 873 448 1066 343 1264 456
645 291 878 448 1063 344 1259 458
