

654 430 691 451 745 432 805 455 914 436 973 465 0 393 54 506 592 425 609 436 710 432 742 449
655 430 691 450 917 434 980 464 745 430 806 454 591 425 609 436
656 429 691 450 746 430 808 455 920 434 981 462 592 425 609 436
657 429 691 450 746 430 809 455 593 424 610 436
656 429 692 451 747 430 810 454 735 432 765 451 594 424 611 436 933 433 1001 464
656 429 693 451 749 431 810 454 737 433 765 451 935 434 1004 464 595 425 613 437
656 430 694 452 750 432 813 454 738 434 765 452 938 434 1007 463 596 429 612 441
656 431 695 453 748 432 815 455 940 435 1008 464 597 429 613 441 740 436 766 453
656 432 695 455 744 433 819 456 943 435 1011 464 597 429 613 441
655 432 695 455 742 433 821 457 597 429 614 441
654 432 693 454 741 432 822 457 953 433 1024 465
655 431 695 454 956 432 1031 465 744 432 816 457
656 430 695 454 761 433 826 457 960 431 1034 463
658 429 696 453 760 433 828 455 735 432 768 450
658 428 696 452 759 431 828 454 981 429 1052 459 601 428 619 441
658 428 698 451 983 428 1058 460 761 430 829 452 598 425 619 438
657 427 700 451 986 424 1066 459 746 428 838 457 600 424 619 437
657 427 702 451 746 427 837 457 997 422 1082 459 613 425 632 436
656 426 702 452 746 427 836 456 1002 421 1082 458 612 425 631 436
658 427 703 452 746 427 836 457 1008 420 1088 458 612 425 632 436
746 427 839 459 658 428 703 452 1019 421 1114 459 613 425 632 437
747 428 843 462 658 429 704 453 1027 423 1113 461 614 425 634 437
747 430 848 464 657 429 706 454 1033 425 1118 464 616 429 636 441
746 431 851 465 658 429 705 454 617 429 637 441 615 426 634 437
745 430 852 465 658 429 703 454 1049 428 1144 468 615 425 635 437
742 427 857 464 659 427 702 452 677 429 719 455 1063 425 1162 470 615 423 635 435
741 425 860 463 660 425 702 450 1067 424 1162 470 617 422 636 434 679 428 719 453
739 421 864 461 618 417 637 430 662 424 701 447 1075 422 1167 467
738 418 868 460 618 415 638 428 661 419 698 440 1089 418 1203 468
737 415 873 460 660 418 698 440 620 413 639 427 1107 415 1222 467
737 416 876 462 1113 415 1223 469 620 415 639 429 676 423 724 449 661 420 696 440
737 418 877 466 621 418 639 431 671 424 726 452 1131 415 1248 473
736 421 877 472 620 421 639 434 1134 417 1252 476 664 427 699 450 671 427 725 456
733 425 879 479 663 430 698 454 1139 420 1257 480 670 431 727 462 620 424 638 437 624 429 642 442
732 428 880 482 663 432 697 457 671 433 726 466 623 429 642 443 1139 423 1261 483
727 432 890 491 624 430 642 444 670 436 728 469 664 435 698 460 1167 421 1268 484
732 432 901 493 625 429 643 444 665 436 745 470 664 434 696 457
727 431 907 494 668 434 729 465 626 429 643 443
722 429 914 493 668 429 730 461
733 422 908 485 669 424 730 459 636 419 659 433 626 419 642 432
732 417 914 486 671 419 730 457 636 414 659 429
720 409 930 486 636 409 660 425 675 417 727 455
719 408 935 487 637 406 661 422
717 408 940 489 637 405 662 421 680 407 766 450
716 408 944 492 639 406 661 422 681 407 768 451
714 408 949 495 683 407 769 452 640 407 662 424
717 406 970 501 642 410 663 426 686 407 771 452 685 417 728 457
709 411 980 510 643 410 665 428 688 411 773 461 688 418 727 457
707 407 988 516 643 410 665 428
706 405 997 521 642 409 665 428 693 408 774 453
706 404 1006 526 643 409 665 428 694 409 773 452
703 404 1016 531 643 411 665 428
700 404 1030 538 644 412 666 430
690 399 1053 567 645 412 668 429
682 399 1066 574 646 410 668 427
675 395 1074 581 646 407 667 423
668 392 1083 593 647 406 667 420
662 386 1094 607 648 405 667 420
664 378 1132 618
651 385 1147 644 656 410 685 428
639 380 1160 652 656 411 685 429
624 381 1178 657 656 412 686 430
614 384 1191 656 656 414 686 431
611 388 1204 656 657 417 685 433
612 390 1216 657 659 418 688 433
610 390 1230 657 660 417 688 432
603 389 1242 660
581 385 1258 664
561 384 1274 669
546 386 1279 671
548 390 1278 670
560 400 1274 672
573 412 1271 673
582 429 1266 672
582 437 1258 671
582 441 1256 670
588 437 1263 669
596 431 1266 670
603 421 1271 668
609 410 1269 669
614 398 1267 666
616 392 1262 666
613 387 1260 666
612 386 1256 663
606 385 1251 659
596 386 1242 653
586 390 1232 649
573 397 1168 636
582 403 1132 631
591 408 1090 625
595 409 1042 623
598 408 1010 625
561 407 959 622
555 407 925 619
549 393 886 607 804 415 895 475
548 392 859 605 797 411 890 474
524 389 838 604 778 409 879 471
527 389 821 603 773 407 873 469
