

752 360 842 500 502 405 565 494 908 366 1005 506 564 16 689 53 923 445 1013 541 753 443 838 532 414 345 481 455 401 403 479 499 700 285 715 303 614 363 648 387
750 361 842 501 904 365 1000 508 502 405 565 494 564 16 689 54 753 443 838 531 921 445 1013 539 414 346 480 453 401 402 479 499 612 363 648 387 700 284 715 303
902 365 995 511 749 361 841 502 503 404 565 494 753 444 838 531 564 16 690 54 414 347 479 453 401 402 479 499 610 363 650 387 919 445 1011 537 700 284 715 303 728 362 822 435 694 381 711 403
901 364 991 514 750 361 841 503 502 405 564 494 753 445 838 530 563 16 690 53 414 346 479 453 401 402 479 499 608 363 651 387 700 285 714 303 711 368 791 429 905 443 999 537
900 364 988 515 751 359 840 505 502 360 566 481 753 445 837 530 704 368 788 431 564 16 690 53 405 353 487 482 608 363 651 388 902 445 996 534 700 285 714 303 504 422 559 499 628 366 671 389
900 364 986 516 752 358 839 505 502 359 566 482 698 368 787 434 753 445 837 530 563 16 689 53 405 354 488 482 902 447 992 531 608 364 649 388 700 286 714 303 504 422 558 499 629 366 673 390
900 365 984 514 752 358 839 505 502 358 566 482 687 370 775 431 753 445 837 530 406 354 488 482 563 16 689 53 903 446 989 529 608 363 648 388 700 286 714 303 505 422 558 499 628 365 675 391
751 357 839 505 902 365 983 513 680 369 774 432 502 358 567 483 406 354 487 482 753 444 837 530 563 16 689 53 904 445 987 529 608 363 648 389 700 286 715 303 505 422 558 499 627 365 677 392
751 358 839 505 672 369 773 433 903 365 983 511 502 357 567 483 406 354 487 482 752 443 838 530 563 16 689 53 608 363 647 389 700 286 715 304 917 445 978 531 505 422 558 499
751 358 839 504 670 370 773 434 903 364 983 511 502 357 567 483 407 353 488 482 752 442 838 531 563 16 689 53 607 363 646 389 700 285 715 304 505 422 558 499 917 445 977 530
752 359 840 503 502 357 567 483 902 364 983 510 667 372 773 436 752 441 838 531 563 16 689 53 408 353 489 482 606 363 646 390 700 285 715 304 505 422 557 499 916 445 976 529
502 357 567 483 753 359 840 503 902 366 982 511 646 372 764 435 563 16 689 53 751 440 838 532 408 353 489 481 604 362 646 390 505 421 557 500 409 408 469 492 699 285 715 304 916 444 975 529
502 357 567 483 754 359 841 501 901 367 982 512 638 371 765 437 563 16 689 53 408 353 491 480 752 439 838 532 602 362 645 390 504 421 557 500 699 285 715 304 409 408 468 491 916 444 975 530
502 357 568 483 754 360 841 500 901 367 981 514 631 370 764 438 408 353 492 480 563 16 689 53 752 439 838 533 504 421 557 500 699 285 715 305 602 362 644 391 917 443 975 530 410 408 467 489
502 356 567 483 755 360 841 499 900 367 981 514 408 353 493 479 563 16 689 53 752 439 838 533 614 366 745 436 504 421 557 500 699 285 715 305 401 358 414 378 917 443 975 530
502 356 567 483 755 359 840 499 900 369 981 514 607 364 745 436 563 16 689 54 409 353 494 479 753 439 838 533 699 284 715 304 504 420 558 501 398 356 411 377
755 358 839 500 502 355 567 483 603 362 740 437 900 370 980 515 563 16 689 54 410 354 496 480 753 439 838 533 699 284 715 304 503 420 558 501 396 355 408 377
754 357 838 500 586 360 721 435 502 353 568 483 564 16 689 54 900 371 981 514 411 355 497 480 753 438 839 533 698 284 715 304 503 421 559 500
753 357 838 500 581 359 717 436 503 353 569 482 900 371 981 514 564 17 689 54 753 439 839 533 414 355 497 481 698 284 715 304 420 407 479 486
752 357 837 501 569 356 695 435 900 371 982 513 565 17 689 54 504 351 569 484 753 440 839 532 415 354 498 481 422 409 480 486 698 284 715 303
752 357 837 501 564 355 691 435 900 372 983 513 565 17 688 54 753 441 838 531 428 351 490 451 505 350 569 485 424 409 482 486 699 284 715 303
752 357 837 501 562 354 686 435 900 373 983 512 429 351 491 451 754 441 838 531 565 17 688 54 495 353 577 489 426 408 483 487 699 284 715 303
751 357 837 502 563 355 679 434 900 373 983 512 429 351 491 451 754 442 838 531 565 17 688 53 494 352 577 489 427 408 483 486 699 284 715 303
751 358 838 501 900 372 983 512 754 442 838 531 430 350 492 452 565 17 688 53 557 361 660 435 493 350 576 489 427 408 484 486 699 284 715 302 403 358 415 377 508 410 566 490
751 358 838 502 900 371 982 512 754 443 838 530 564 17 688 53 431 350 491 452 493 350 576 489 420 409 496 484 699 284 715 302 403 359 415 378 515 413 576 489
751 358 838 502 901 370 982 512 754 443 838 530 564 17 688 54 433 350 492 451 516 414 577 490 428 410 484 487 492 351 577 487 700 284 715 302 402 360 415 380
751 358 838 502 901 368 982 511 755 444 838 530 563 17 689 54 517 415 577 490 435 350 492 449 428 411 484 486 700 284 715 302 491 352 577 486 401 359 415 380
751 359 838 501 901 368 982 510 563 17 689 54 755 445 837 529 519 415 577 490 430 412 487 486 434 353 493 446 700 284 715 302 523 360 582 472 400 359 415 380
751 359 838 501 901 369 982 509 563 17 689 54 755 446 838 529 522 414 578 488 431 412 489 485 526 362 585 471 700 284 715 302 398 358 414 380
751 359 838 502 901 369 982 509 563 17 689 54 525 414 580 487 755 446 838 529 432 410 491 484 534 352 588 446 700 284 715 302
751 359 838 503 901 369 982 509 528 413 582 485 563 16 689 54 755 446 838 529 419 409 496 480 534 352 589 447 588 363 628 392 700 284 715 303
750 359 838 504 901 368 982 509 531 411 585 483 563 16 689 54 754 447 838 529 434 409 492 481 533 352 589 447 452 355 504 449 700 284 715 303 590 362 629 392
750 359 838 504 901 367 982 509 534 408 587 481 563 16 689 54 754 447 838 529 454 352 507 451 442 408 499 480 546 348 593 451 700 284 715 303
750 359 838 504 901 366 981 508 456 351 511 452 563 16 689 54 536 406 588 480 754 447 838 529 546 347 595 452 443 407 501 478 700 284 715 303 901 441 985 529
750 359 837 504 901 366 981 508 458 350 514 452 548 349 598 450 563 16 689 53 754 447 838 529 447 407 504 476 541 406 595 479 901 442 985 529 700 284 715 303
750 358 838 504 551 351 600 448 901 367 982 508 455 370 517 466 544 406 597 476 563 16 688 53 754 447 838 529 901 442 985 529 700 284 714 303
750 358 838 504 554 352 603 449 901 368 982 508 563 16 688 53 754 447 838 529 469 347 522 456 548 406 599 474 304 336 530 433 459 406 513 471 614 366 630 390 700 284 714 303
556 353 604 450 751 359 838 504 470 348 523 454 901 368 982 509 290 332 536 433 562 16 689 53 754 448 838 529 552 405 601 473 615 366 630 391 462 405 515 470 699 284 714 303 527 360 564 392
558 354 606 450 751 359 838 504 471 350 525 451 901 369 982 509 754 448 838 529 562 16 689 53 556 404 603 472 282 332 536 432 615 365 631 390 468 406 522 470 699 284 714 303 526 359 564 393
752 359 838 503 474 352 528 448 561 355 608 450 901 369 982 510 561 16 688 53 754 447 838 530 560 404 606 471 614 364 631 390 257 336 483 432 472 406 524 469 526 360 565 393 699 285 714 303
478 354 532 446 752 359 837 503 901 368 982 510 560 16 688 54 755 446 838 530 563 356 610 448 563 403 609 469 477 405 528 469 614 363 632 389 526 360 567 392 699 285 714 303 222 336 441 429
482 355 536 445 753 359 837 503 902 368 982 511 569 353 619 446 560 16 687 54 755 445 839 531 219 335 428 426 483 405 532 469 699 285 714 303 613 363 632 389 529 362 567 391 470 367 499 389 567 406 619 468
486 355 537 446 752 358 837 503 902 367 982 510 571 355 620 443 755 444 839 531 560 16 687 54 487 404 535 469 470 367 501 389 569 406 620 467 699 285 714 303 211 333 420 423 613 362 632 388 531 363 567 390
752 358 837 503 489 356 538 444 902 368 982 510 573 357 621 439 755 444 839 531 561 16 687 54 471 367 502 390 699 285 714 304 614 361 632 387 575 413 615 463 491 404 536 468
752 358 837 503 495 356 546 444 902 368 983 510 577 358 623 437 755 444 839 531 562 16 687 54 699 285 714 304 471 367 504 391 581 400 618 452 614 360 631 387
752 358 837 503 498 358 546 440 902 368 983 511 580 359 626 435 755 443 839 531 563 15 687 54 584 400 621 452 699 285 714 304 471 367 505 391 504 400 541 450
752 358 837 503 902 368 983 512 583 361 628 434 501 360 547 436 756 443 838 531 586 399 624 452 563 15 687 54 504 401 542 450 699 285 714 304 471 367 506 391
752 358 837 504 901 427 984 525 756 443 838 532 505 361 550 436 585 362 631 434 507 400 545 449 563 15 687 54 588 398 629 451 699 284 714 304 471 367 506 391 912 369 975 477
752 358 837 504 901 426 985 525 756 443 838 532 508 362 554 436 510 399 548 447 563 15 687 53 589 386 634 450 699 284 714 303 476 365 524 391 380 357 398 385
752 357 837 503 902 425 985 525 756 443 838 533 512 362 557 437 563 15 687 53 594 384 640 451 475 366 524 391 700 284 714 303 379 358 397 384 915 375 976 469
752 357 837 502 902 425 985 525 514 363 559 437 757 442 838 533 564 15 687 52 598 362 641 436 476 366 522 391 700 284 714 303 379 358 396 384 915 375 976 469
752 357 837 501 902 425 984 524 757 442 839 533 602 396 639 445 563 15 688 52 515 364 560 436 478 366 521 391 700 284 715 303 380 358 396 383 585 363 618 388 914 374 977 472 608 373 641 415
752 358 838 501 604 397 640 444 902 375 985 513 757 442 840 533 562 14 688 51 522 361 570 434 478 366 521 391 582 362 617 387 380 358 395 384 700 284 715 304 609 373 642 416 521 398 554 440 914 445 977 530
753 359 839 501 903 373 986 514 607 397 642 443 756 443 841 534 524 361 571 431 560 13 687 51 477 366 521 391 527 394 563 440 580 361 617 387 381 358 395 384 610 373 643 417 700 285 715 304 915 446 977 530 615 360 640 392
753 359 840 501 904 372 987 515 609 397 643 442 756 445 841 534 559 13 687 51 530 393 564 438 606 362 647 434 527 363 572 430 477 366 521 391 579 361 617 387 381 359 395 384 700 285 715 304 692 381 708 403 537 361 568 388 616 360 641 392 915 445 977 530
753 359 839 502 904 371 987 515 610 397 644 442 756 446 841 534 558 13 687 51 533 393 566 438 608 362 649 433 530 363 574 429 579 361 618 388 477 366 521 391 381 359 395 384 699 285 715 304 692 381 708 403 536 360 568 388 616 360 643 393
753 359 839 503 612 398 646 442 903 370 987 515 757 447 840 534 611 362 651 432 558 13 687 51 537 393 568 437 533 364 577 429 580 361 617 388 477 366 521 391 380 360 395 384 693 381 708 403 699 285 715 304 617 360 644 393
752 359 839 504 613 398 648 442 903 370 987 514 757 447 840 534 613 363 653 432 559 13 687 51 539 392 570 436 536 364 579 428 580 361 617 388 476 365 521 391 380 361 395 384 693 381 709 403 699 285 715 304
751 359 839 505 902 369 987 513 614 396 650 441 758 447 839 534 615 362 654 431 560 13 688 50 538 375 575 422 475 365 521 392 580 362 617 388 380 361 394 384 693 381 710 403 699 285 715 304
753 359 840 507 903 369 988 513 616 395 651 440 758 447 840 535 561 12 688 49 541 377 576 422 474 365 521 392 581 363 617 388 617 373 651 420 380 360 394 383 699 285 716 304 519 364 552 386 914 443 978 532
754 358 840 507 904 369 987 514 758 446 840 536 617 395 651 439 561 12 688 49 544 378 576 421 473 365 520 392 582 364 616 388 699 285 716 304 618 374 651 419 379 360 393 383 520 364 552 386 914 443 978 532
755 358 840 507 904 369 987 514 758 445 841 536 561 11 689 49 619 396 652 439 473 364 520 392 584 364 615 387 699 284 716 304 379 359 393 382 521 364 552 386 535 362 566 383 620 376 651 419 914 442 979 532
755 358 840 506 904 369 987 515 758 445 842 537 561 10 689 49 620 397 652 437 555 377 584 417 474 364 519 392 700 284 716 304 379 359 393 382 585 365 614 387 521 363 552 386 534 362 567 383
757 359 842 506 905 369 988 514 757 446 842 536 555 378 585 418 562 10 689 48 471 368 505 390 626 396 659 437 700 284 716 304 522 364 552 387 378 360 392 382 630 376 662 420 533 362 566 384
757 360 843 505 905 368 990 514 555 378 585 418 757 446 843 536 562 9 689 47 470 368 504 391 628 397 660 437 699 285 716 304 522 364 552 387 631 375 662 422
757 361 843 504 906 367 991 514 756 445 844 536 469 368 505 391 556 377 585 418 564 8 689 47 631 399 662 435 699 284 715 304 521 364 553 389 634 373 663 424
757 360 843 504 906 367 992 514 756 444 845 537 468 368 505 391 557 377 586 418 566 8 689 46 634 399 664 435 526 362 567 389 699 284 715 304
756 360 843 504 906 366 992 513 756 444 846 537 466 368 505 392 635 399 667 435 637 373 668 425 568 7 688 45 557 377 586 418 699 284 715 304
756 360 843 504 906 366 992 512 757 444 847 537 466 368 506 392 637 399 670 434 568 7 688 45 700 284 715 304
757 360 843 504 906 365 992 512 465 368 507 392 758 445 847 537 638 397 673 434 567 7 688 44 700 284 715 303
757 359 843 505 906 365 993 513 465 368 507 392 758 444 847 537 639 396 673 434 567 7 689 44 700 283 715 303
758 359 843 505 907 365 993 513 465 368 502 392 758 445 847 537 641 395 675 434 566 7 689 44 700 283 715 303
758 360 844 506 907 366 993 514 757 445 847 537 566 7 689 44 466 368 496 391 644 382 673 424 700 284 715 304 664 380 684 414
758 360 844 506 906 366 992 514 757 445 847 537 565 7 689 45 662 380 685 417 645 383 672 421 700 284 715 304 652 394 682 434
759 360 844 506 907 366 992 514 757 445 847 537 565 7 689 45 659 378 686 419 475 356 589 418 651 393 683 435 700 284 716 304
759 360 843 506 906 366 992 513 650 393 686 435 758 445 847 537 657 379 687 420 467 357 595 418 566 7 690 45 700 283 715 304
759 359 843 506 906 366 992 513 651 393 687 435 758 445 847 537 463 357 596 418 567 7 690 44 700 283 715 304
759 358 843 506 906 365 992 512 654 393 688 435 758 445 847 537 461 358 592 417 568 7 690 44 700 283 715 304
760 358 843 506 906 366 992 513 656 394 689 434 758 445 847 537 460 359 590 417 569 7 690 44 700 283 715 304
759 358 843 506 906 366 992 513 659 394 691 433 758 445 847 537 661 381 691 416 599 8 689 43 444 359 573 416 700 283 715 304
759 358 843 506 906 367 992 513 661 394 694 432 758 445 847 536 663 381 692 414 600 8 688 44 576 360 617 389 441 359 572 416 700 283 715 304
759 358 843 506 906 367 992 513 663 394 696 433 759 445 847 536 665 381 694 413 600 8 688 44 574 360 617 388 437 359 573 416 700 284 715 304
759 358 843 506 906 367 992 513 663 394 698 433 759 445 847 536 666 382 695 413 600 9 688 44 574 360 618 388 700 284 715 304
760 358 843 506 906 367 992 513 664 394 699 433 759 445 847 537 600 8 688 44 666 382 696 413 574 360 618 387 412 337 549 413 700 284 715 304
760 358 843 506 906 367 992 513 665 394 699 432 759 445 847 537 600 8 688 44 667 381 696 414 574 360 619 388 407 336 553 413 700 284 715 304
760 358 843 505 906 367 992 513 666 395 699 432 759 445 847 536 400 332 557 414 600 8 688 44 575 361 619 388 667 380 696 413 700 284 715 304
760 358 843 505 906 367 992 513 759 445 847 536 666 395 699 432 399 330 556 413 600 8 688 44 575 361 619 388 667 380 697 414 700 284 715 304
760 359 843 506 906 368 991 513 758 445 847 536 385 328 582 409 667 396 698 432 600 8 688 44 667 379 698 415 577 361 619 388 700 284 715 303
760 359 843 506 906 368 991 513 382 326 583 409 758 445 847 537 667 396 699 432 667 378 699 415 600 8 689 44 578 361 619 388 700 284 715 303
906 368 991 514 761 359 844 507 379 326 584 410 758 446 847 537 667 396 699 431 668 378 699 416 570 7 690 44 579 361 619 388 700 285 715 303
906 367 990 514 761 359 844 507 378 326 584 410 758 446 847 537 667 396 699 431 668 378 700 416 570 7 690 44 580 361 619 389 700 285 715 303
906 367 991 514 761 359 844 507 378 325 584 411 758 446 847 537 667 397 699 430 667 379 700 417 569 7 690 44 581 360 619 389 700 285 715 303
906 367 991 513 761 358 844 507 378 324 584 411 759 446 847 537 666 397 698 430 667 380 700 417 569 7 690 44 581 359 619 389 643 370 663 383 700 285 715 303
906 367 991 513 761 358 844 507 377 322 584 411 666 397 697 429 759 446 847 537 667 381 699 417 568 7 689 44 581 359 619 389 643 370 663 383 700 285 715 303
905 367 990 514 761 358 844 507 376 322 584 411 666 397 697 429 759 446 847 537 666 381 699 417 568 7 689 44 582 359 618 389 643 370 663 383 700 284 715 303
905 367 990 514 761 359 844 508 376 322 583 411 665 397 695 429 665 382 698 417 759 446 847 537 567 7 689 44 581 359 619 389 642 369 662 383 700 284 715 303
905 367 990 514 761 359 845 508 376 321 581 410 664 382 697 418 759 446 847 537 565 7 689 45 581 359 619 389 641 369 662 384 701 284 715 303
905 367 990 515 761 359 845 508 376 321 579 410 663 382 696 418 758 446 847 537 564 7 689 45 581 358 619 389 639 368 662 384 701 284 715 303
