

397 199 565 368
398 198 564 369
398 196 566 369
398 196 570 370
398 197 570 370
398 198 569 370
398 198 567 370
398 198 570 370
407 199 602 373
406 198 605 372
404 195 608 371
404 195 610 371
403 195 613 372
402 195 617 372
400 193 621 372
399 191 622 371
398 189 623 369
398 189 620 368
396 191 620 368
394 191 620 369
392 191 624 369
391 189 627 370
392 188 627 371
395 186 628 373
397 185 632 374
399 185 636 374
401 186 639 374
402 187 643 373
403 189 646 373
402 190 650 372
402 189 651 371
400 186 651 371
398 185 650 371
397 184 650 370
398 185 648 369
398 185 645 369
398 184 644 368 810 399 889 483
399 184 643 368 802 383 882 470
398 183 643 369 790 382 865 463 794 319 849 428
397 184 646 370 791 381 851 459 790 323 847 424
395 186 653 372 779 382 832 450 777 325 833 421
386 167 704 380 771 359 832 439
387 164 703 382 767 361 827 438
387 164 704 381 763 362 821 435
388 161 707 382 757 360 809 432 755 317 808 388
389 162 712 381 753 360 806 429 753 314 806 391
391 159 714 383 749 329 803 415 753 370 796 424
392 157 717 385 745 332 799 413
391 154 718 385 742 334 795 412
390 156 720 385 739 337 791 409
390 162 722 383 741 310 791 388
391 167 723 382 735 342 784 406
389 170 724 381 734 338 782 404
386 171 726 381 733 334 779 402
387 171 728 383 730 317 776 393
390 175 732 383 729 317 774 392
394 177 731 385 728 319 771 391
393 180 733 383 728 320 770 390
388 180 740 379 729 320 772 389
386 182 748 376
383 183 758 373
413 191 825 371
384 182 756 377
419 191 826 377
419 193 822 381
418 196 823 382
417 197 823 381
419 198 819 381
423 199 810 379
425 201 805 377
428 202 798 375
432 199 807 377
435 198 806 378
436 196 815 380
435 194 812 379
435 192 810 377
435 191 813 375
438 193 816 373
439 195 817 374
440 195 820 377
439 192 825 380
440 189 832 383
441 185 835 384
444 186 850 388
449 188 870 391
454 190 885 390
468 186 943 387
468 185 946 383
473 181 947 387
474 181 950 389
475 181 949 391
470 186 954 388
468 188 959 388
471 188 966 390
477 187 969 391
483 187 967 393
483 189 965 391
483 188 970 394
