

407 347 538 450 546 371 605 409 365 371 397 392
408 348 539 451 546 372 606 409 362 375 397 397
409 348 542 451 547 373 606 410 361 375 397 397
410 349 544 450 548 374 606 411 359 375 396 397
412 350 547 449 549 375 605 412 356 376 395 398
414 352 550 449 550 376 605 414 353 376 393 399
416 353 551 450 550 376 604 415 351 376 393 400
419 353 551 452 550 377 604 417 344 378 387 401
421 353 549 452 546 371 605 421 343 378 386 402
423 352 549 452 546 370 606 421 342 378 386 402
425 352 549 450 547 369 606 420 341 377 384 402
426 351 549 449 547 367 607 419 339 375 382 402
428 345 561 449 549 367 608 417 337 374 380 402
428 344 564 450 334 373 377 401 555 369 609 414
428 344 567 451 557 368 611 415 332 373 374 401
431 347 570 450 560 368 611 416 328 373 372 401
435 350 572 450 563 369 610 418 326 373 370 402
439 352 573 449 564 369 610 420 315 376 367 404
439 349 581 458 314 375 366 406 565 370 609 421
441 348 583 459 311 375 363 406 577 372 614 416
444 347 587 460 308 375 360 406 578 371 614 417
449 346 591 460 304 375 357 407 580 372 614 417
453 346 595 461 301 375 354 408 582 372 613 418
458 347 600 461 297 375 353 409 586 375 613 418
461 348 603 460 296 374 351 409 591 377 613 418
473 354 600 468 288 375 344 410 595 379 614 414
473 354 603 467 287 375 342 409 92 220 119 244
282 374 340 409 478 357 614 465
483 350 615 458 276 374 337 408
486 350 621 458 270 373 334 408
487 350 626 458 268 373 331 409
490 350 632 458 260 374 323 411
495 349 637 458 255 373 323 410 31 422 1261 709
249 372 321 409 509 348 633 449 35 419 1257 706
513 348 638 450 245 372 319 409
519 350 640 447 243 372 315 409
524 351 644 447 245 372 309 411
531 356 658 469 227 372 303 413
535 350 658 449 225 371 299 414
541 351 660 448 220 372 294 414
547 351 663 447 215 373 289 413
564 338 670 465 211 373 285 412
568 338 674 465 202 373 281 414
196 372 276 413 566 348 680 447
191 371 270 411 570 349 686 446
186 370 264 410 574 348 691 442 562 374 596 410
183 369 262 409 583 350 704 445 562 371 599 411
590 349 707 444 173 369 257 413 564 371 603 410
167 370 252 413 598 349 712 444 573 373 617 412
160 371 246 414 611 350 724 447 569 372 623 412
157 372 242 415 614 351 730 448 570 373 627 412
622 352 735 445 148 373 236 419 571 372 633 411
143 373 235 419 573 371 639 411 631 352 738 443
136 374 232 419 644 350 756 445 578 365 643 413
132 373 228 418 651 350 761 445 579 365 645 413
129 372 224 419 664 348 777 448 587 365 650 414
670 350 784 448 120 371 214 422 589 364 653 415
113 372 213 422 676 351 792 447 595 370 656 409
107 372 209 422 689 349 805 446 597 371 659 409
101 371 206 425 699 350 809 445 600 371 662 409
90 370 196 428 713 350 824 443 603 365 666 414
84 371 195 429 720 351 828 442 606 364 669 415
76 372 191 429 728 351 832 442 611 366 674 417
72 372 186 431 614 366 677 418 742 349 846 443
55 372 176 432 749 348 852 443 617 364 680 415
47 371 171 430 756 347 859 443 621 370 682 408 607 363 636 389
42 368 165 428 763 346 866 442 623 369 684 408 607 362 637 387
26 367 153 429 766 348 870 441 625 368 686 408 608 361 637 387
19 367 147 430 770 349 876 440 626 368 687 408 610 362 638 387
772 350 881 439 6 367 134 432 627 369 689 409 611 363 639 389 695 367 713 381
3 368 131 433 773 350 884 439 627 370 689 408 612 364 639 390 694 369 712 382
1 368 120 434 775 351 885 437 627 372 689 409 611 366 639 392 693 370 711 383
775 351 886 439 1 367 109 435 627 373 689 410 611 367 640 392 692 371 711 384
776 352 887 438 0 367 93 438 627 374 689 410 610 367 640 393 690 371 711 385 569 366 596 386
777 352 887 441 0 368 87 438 627 374 689 410 608 367 640 393 690 371 711 385 568 366 596 386
779 351 887 440 0 370 78 437 627 373 689 410 608 367 640 393 689 371 711 384
780 349 888 440 626 373 689 410 0 367 61 438 607 367 638 392 690 371 710 384
780 347 888 439 626 372 689 409 606 367 637 390 0 364 46 438 690 370 709 383
781 345 887 439 627 372 689 410 604 366 637 390 0 366 40 438
781 344 887 440 626 372 689 409 603 365 637 390
780 343 887 439 626 373 688 409 603 365 638 391
779 342 888 439 626 374 688 408 604 367 638 391 688 372 708 384
784 342 893 438 627 374 688 409 603 368 639 392
785 342 896 438 629 374 688 409 603 368 639 393 297 377 318 407
787 342 898 438 632 375 686 410 607 376 634 396 295 378 315 408
790 345 899 436 606 376 635 397 635 375 684 410 295 379 314 410
793 348 899 434 606 376 636 398 642 375 696 413 295 382 316 412
797 350 902 433 608 377 638 399 643 376 698 413
802 350 905 433 611 378 640 400 642 369 702 420
815 349 916 431 614 378 643 401 649 376 703 412 660 271 682 283 716 375 737 388
818 349 919 429 652 375 706 413 616 377 646 401 663 270 684 283 717 375 738 389
823 347 925 429 621 377 646 400 659 375 704 410 667 269 687 281 634 379 656 399 718 374 738 389
830 337 929 424 633 376 659 399 670 373 719 411 273 383 296 417 670 267 690 280
668 373 725 410 840 336 941 419 632 374 663 398 272 382 296 417 738 370 760 385
671 373 729 409 634 374 665 398 844 336 944 418 272 384 295 417 739 370 761 385 300 389 317 415
677 372 730 408 850 336 951 419 637 368 668 395 271 382 297 417 741 369 764 385 299 389 317 415 688 259 705 273
640 367 672 395 854 337 955 421 270 380 297 417 685 373 728 405 299 388 317 415 744 368 766 386
690 370 747 408 866 336 969 416 644 367 674 395 269 378 298 417 299 387 317 415
