

921 313 1026 383 0 308 334 547 636 306 707 370 1111 248 1270 524 521 314 540 342 829 323 858 373 1007 300 1121 403 1100 273 1189 483 412 322 437 366 807 310 835 351 521 329 539 349 904 326 930 365
1 302 289 548 635 306 707 369 925 312 1031 382 1110 252 1269 524 828 324 859 372 520 314 536 342 392 324 424 366 261 320 341 372 546 315 562 338 905 326 932 364 807 310 835 350
937 310 1046 387 391 324 419 368 635 306 706 369 1107 249 1268 524 248 320 332 374 829 325 860 371 518 314 534 343 544 315 562 338 906 325 937 364 0 284 239 558
940 312 1053 387 245 321 331 376 1099 248 1251 525 634 306 706 369 830 324 862 370 388 324 415 367 544 315 562 339 517 315 533 342 908 325 943 365 504 314 519 342
943 312 1059 389 240 324 326 377 1101 241 1248 526 634 306 707 369 832 324 865 370 544 317 563 339 502 314 519 345 373 325 399 366
234 324 321 379 954 309 1077 395 633 309 708 370 1099 240 1245 527 367 324 396 371 832 323 866 369 544 317 564 340 501 315 519 345 833 345 864 383 1101 386 1279 550 922 326 957 368
956 311 1085 396 229 325 319 381 1096 240 1247 527 633 311 708 370 832 322 865 370 834 345 865 383 545 316 564 340 498 315 516 346 593 311 611 331 1100 385 1279 549 924 328 961 367
221 324 311 384 1091 242 1248 527 633 313 711 369 961 313 1092 396 831 322 864 370 834 345 864 383 544 316 565 339 495 315 514 346 346 324 373 376 1097 386 1279 549 930 328 968 368
216 325 308 386 1087 241 1247 527 633 314 712 369 968 311 1112 401 831 322 864 371 835 346 864 383 546 316 566 338 1096 386 1279 548 340 325 370 376
209 325 303 387 970 313 1121 400 1082 238 1243 527 632 315 712 368 831 322 863 372 835 346 864 383 1096 385 1279 550 357 324 402 360
203 325 299 388 979 314 1121 399 1077 236 1239 527 632 314 709 368 831 322 863 373 835 345 866 383 310 317 350 390 1098 383 1279 552
1072 238 1233 526 193 324 286 390 996 313 1133 398 632 312 708 369 831 322 865 373 836 344 868 384 475 327 492 358 591 314 615 333
1069 243 1229 524 631 312 707 369 1005 312 1129 398 186 322 282 392 832 323 866 373 836 344 870 384 469 327 488 360 590 314 615 333
1064 249 1224 521 631 312 707 369 1016 312 1126 399 833 323 867 373 179 328 279 400 588 313 616 333 535 316 567 337
1063 251 1222 521 631 312 706 369 1024 312 1124 399 833 324 867 374 167 331 256 396 588 312 616 333 535 315 568 337 234 325 276 410 330 328 388 366
1054 245 1198 524 631 311 706 369 1057 375 1270 554 445 324 471 364 835 323 867 375 160 329 252 400 533 315 568 338 325 328 385 366 1206 282 1273 477
1052 243 1199 524 631 310 705 369 1052 372 1271 556 1200 289 1273 470 835 323 868 376 315 316 391 367 532 315 567 338
1051 243 1197 523 631 309 704 370 1198 290 1274 469 139 329 236 404 1049 370 1268 557 311 318 393 367 533 315 566 338
1049 244 1195 524 1198 291 1276 472 132 329 236 399 631 309 703 370 418 327 445 369 1050 371 1267 556 307 316 400 367 838 343 872 385 533 314 568 338
1043 245 1189 522 1200 291 1277 475 631 310 704 371 128 331 233 398 848 314 934 375 838 344 873 385 1046 374 1263 554 532 314 568 339
106 330 216 401 1036 244 1182 521 1204 292 1279 478 846 314 940 376 630 310 704 371 838 345 874 386 293 316 380 370 1172 321 1258 417
97 331 210 401 1047 264 1166 494 844 313 947 378 631 310 704 372 1207 295 1279 479 1169 322 1262 424 1032 363 1199 538 946 315 1044 387 839 346 875 387 288 316 380 370
83 332 199 403 1041 263 1163 494 844 313 952 380 631 309 704 373 1166 325 1267 426 1208 301 1278 478 1032 365 1193 536 283 312 377 370 839 347 874 387 364 316 407 383
76 332 192 404 1037 261 1159 497 631 309 703 373 845 312 958 381 1168 320 1274 452 1028 366 1186 536 839 348 874 387 512 314 553 339 272 316 351 371
1032 259 1155 498 845 312 965 381 1026 386 1181 543 510 313 555 340 74 333 184 405 268 314 349 373 839 348 875 386 714 320 739 338
46 334 168 407 1030 256 1151 502 857 312 978 377 631 309 703 372 1020 386 1177 546 510 312 554 340 261 312 350 375 713 319 742 338 839 348 876 386
40 334 164 411 1027 255 1149 501 856 313 984 378 1018 385 1172 547 511 312 551 339 713 318 743 338 845 346 882 388
22 334 150 414 1027 256 1148 504 856 311 993 378 1015 383 1169 548 715 317 739 336 779 315 821 347
1028 260 1148 504 19 334 141 416 881 310 1005 377 1015 383 1166 548 845 344 884 387 777 315 821 347
4 335 123 419 882 310 1013 376 1031 262 1145 505 777 315 821 345 999 379 1153 550 808 315 839 346 762 315 796 340
1 335 115 421 887 309 1017 376 629 303 707 362 1014 259 1120 500 993 365 1150 530 778 314 820 345 808 315 841 347 1123 336 1175 410 763 314 796 339
902 307 1026 378 1010 259 1120 497 629 303 707 359 0 334 93 425 776 314 820 345 990 364 1146 526 715 311 734 331 808 315 843 346 763 313 798 339 214 313 303 378
0 333 87 429 903 307 1027 378 1005 260 1114 495 206 310 303 377 629 304 708 357 772 314 824 345 715 311 734 330 845 304 886 380 987 361 1145 526 806 314 845 347 763 313 798 337
908 308 1027 378 1000 263 1110 492 196 306 307 378 629 304 708 357 0 332 81 430 846 303 886 382 714 311 735 331 770 314 824 345 805 314 846 347
996 262 1108 491 913 308 1025 379 628 304 709 359 186 311 288 380 846 302 887 383 0 333 63 424 714 310 734 332 507 309 550 336 769 313 824 344 804 314 846 347
991 262 1105 490 628 303 709 361 922 309 1023 380 178 309 287 383 848 305 890 383 510 310 549 336 769 314 821 343 858 289 945 359
987 262 1101 487 629 303 708 360 165 316 265 388 857 289 949 362 930 310 1020 379 849 306 893 384 0 342 31 448 769 314 819 343 511 311 548 335
984 263 1099 486 629 302 708 360 158 313 267 390 850 304 895 386 853 289 953 365 769 313 821 342 0 342 23 447 512 310 546 334
982 265 1098 484 628 301 708 359 150 311 268 388 852 305 897 384 508 308 548 333 872 286 966 361 768 311 821 340
982 263 1095 484 627 299 709 359 133 313 242 389 855 303 899 385 509 307 549 332 874 284 971 363 1133 300 1272 430 770 309 822 339
627 298 710 359 969 263 1081 479 125 310 245 387 875 282 974 365 509 306 549 330 858 304 901 384 1146 301 1277 432 802 311 850 345 773 307 820 337 767 307 795 329 1064 318 1141 385
627 296 710 358 971 260 1075 477 877 283 978 367 1169 294 1279 440 802 311 852 345 511 306 547 329 1060 313 1148 386 859 285 902 371 117 306 247 387 774 306 819 336 419 306 443 340 767 307 794 329
628 295 709 359 968 264 1071 471 893 282 990 368 1194 292 1278 447 1059 309 1165 392 104 308 222 390 509 306 547 329 860 287 903 368 775 306 819 336 803 310 853 345 421 308 443 339 767 307 792 329
629 295 709 358 963 266 1065 469 509 307 547 330 94 308 224 392 776 307 822 337 1205 290 1278 449 1054 306 1175 393 895 281 990 369 860 290 905 364 802 311 852 346
630 296 710 358 959 271 1058 467 1017 299 1204 405 508 307 547 330 777 307 823 338 710 306 732 329 72 279 266 395 867 289 911 368 734 307 761 325
1022 298 1219 411 631 296 711 358 954 272 1051 469 506 306 546 330 734 307 762 325 64 276 270 399 869 289 914 366 709 306 731 328 778 308 825 337 781 305 866 346 488 308 527 331
1023 299 1226 411 630 297 712 359 950 275 1048 466 503 304 545 329 54 272 280 400 870 288 917 363 736 307 763 324 710 305 729 327 780 307 825 337 877 340 915 388
1038 299 1244 412 631 296 714 361 944 277 1046 463 44 270 298 401 502 303 546 329 875 287 920 362 736 306 763 323 784 308 823 336
1035 299 1257 414 632 294 715 363 926 270 1021 432 33 267 307 401 500 302 546 328 371 287 443 340 878 288 924 362 736 305 763 323 943 369 1042 471 784 307 823 336
1033 301 1270 424 926 268 1015 435 19 268 316 401 884 313 931 384 501 301 546 327 735 304 761 322
1042 301 1276 424 925 267 1009 438 884 287 929 364 488 302 535 326 14 264 237 411 787 302 874 341 784 305 819 333
1055 300 1279 428 634 288 717 370 919 265 1003 439 8 261 239 415 502 301 545 325 795 304 848 337 785 305 817 331
1065 299 1279 432 634 290 716 368 917 266 998 437 2 258 242 416 500 300 546 325 785 305 815 330 798 304 849 338
1073 300 1279 437 633 291 717 369 912 268 991 434 0 254 249 416 989 274 1089 379 895 286 938 404 801 303 848 338 786 305 812 330 496 300 547 326 917 346 981 446
1089 303 1279 441 634 290 717 369 908 270 986 433 0 255 253 415 801 303 849 339 786 305 810 330 974 272 1116 390 493 300 549 328 897 281 937 410 738 304 768 323 849 310 896 350
1102 305 1277 446 632 290 720 367 902 269 982 430 974 271 1117 393 0 254 254 415 786 305 811 331 497 300 548 328 913 347 976 444 738 304 767 326 803 304 846 340 852 310 896 351
1117 304 1275 451 890 264 971 430 631 292 721 363 978 272 1123 394 499 300 547 328 0 254 256 415 787 307 812 332 807 302 889 348 804 305 847 341 738 305 767 326 899 348 979 441 616 304 639 325
1128 306 1275 453 887 264 967 425 983 273 1131 395 630 293 722 361 500 299 548 328 896 343 961 441 788 308 813 334 808 301 887 349 738 306 767 328 614 305 639 326 0 254 258 414
989 275 1140 396 882 266 963 419 1135 307 1275 455 894 343 957 440 351 288 427 343 789 310 813 333 500 299 548 328 739 306 769 328 807 302 884 349 615 306 639 326 88 265 273 393
992 274 1150 399 876 268 958 415 1157 305 1271 463 880 346 966 434 350 288 426 343 790 310 815 334 804 306 844 342 740 306 768 327 613 307 639 326 806 301 882 350 502 300 546 329 81 272 264 393
630 294 724 361 870 271 953 413 1168 307 1273 466 993 274 1158 401 875 345 968 432 349 289 426 344 802 305 844 341 611 306 640 326 791 310 817 334 824 306 870 346 741 305 769 325 483 304 535 333
1009 271 1175 404 630 294 727 360 865 275 948 411 1177 308 1275 468 872 346 974 430 609 305 642 327 480 304 538 333 801 305 844 341 965 311 1014 371 824 306 870 347 791 309 818 334 743 305 770 325 934 284 973 368 754 307 780 328
1012 271 1184 406 630 293 727 359 869 338 976 420 863 278 946 409 480 303 539 333 965 312 1019 371 610 305 642 327 802 306 845 341 752 307 780 328 933 287 977 368 823 307 870 349 0 264 249 400 792 310 817 334
1017 271 1199 408 629 292 729 361 867 337 981 420 863 278 946 408 477 302 541 333 4 262 243 399 750 307 783 332 802 306 847 342 821 308 870 349 968 313 1026 374 611 306 641 327
1021 272 1214 412 629 292 730 362 865 336 984 421 10 263 235 399 860 276 944 408 474 302 541 333 802 306 846 341 748 307 786 333 821 309 869 349 942 294 991 390 581 303 624 328 610 307 640 327
1026 273 1225 415 944 289 995 395 857 275 938 410 10 267 224 399 475 304 539 333 866 337 986 420 802 306 846 341 822 309 867 348
1037 271 1244 419 629 291 731 363 947 289 1000 396 8 273 218 403 854 276 933 409 476 305 537 332 889 335 1002 416 804 306 845 341 611 308 639 328
1043 269 1255 420 629 289 733 366 948 288 1005 398 1 269 216 403 852 277 928 408 478 306 530 332 888 339 1008 414
1052 268 1267 422 628 287 735 368 857 280 909 406 0 264 218 404 965 288 1012 397
1062 265 1276 424 627 286 737 370 966 289 1018 398 856 277 909 406 0 256 217 403 553 302 605 330
1070 265 1276 426 626 285 738 371 854 278 909 404 968 291 1024 398 0 254 216 403
1076 266 1275 426 972 292 1029 398 851 280 907 400 626 284 739 371 0 248 190 405 773 291 831 368
1080 268 1274 429 975 292 1032 399 626 283 741 372 848 285 904 395 473 305 532 331 0 243 183 406 745 305 793 327
1094 264 1279 435 625 283 742 373 987 287 1037 403 847 276 902 379 471 305 536 333 341 304 367 348 0 238 175 408 747 305 792 327 990 306 1098 388 367 302 394 341 848 335 897 405
1097 264 1278 436 988 287 1041 400 624 286 744 392 846 277 901 377 473 304 535 333 987 305 1101 389 749 304 791 327 0 238 168 409 807 333 898 401 366 304 392 341 894 303 983 361 342 304 366 346 809 307 846 333
1103 262 1274 437 992 288 1047 399 622 286 746 392 806 333 897 400 473 304 535 334 846 276 899 372 985 306 1105 389 894 303 984 362 364 304 391 343 754 305 791 327 808 308 845 336 322 305 346 349 0 238 163 411 1222 296 1279 486
1108 260 1272 436 996 288 1051 401 622 286 746 393 808 333 900 400 846 275 898 370 896 309 990 367 320 303 345 350 474 305 535 333 1217 302 1279 480 362 304 390 344 808 309 845 339 0 237 159 414 757 305 792 328
1114 262 1270 434 1000 288 1055 403 612 280 754 395 899 308 992 369 1215 307 1279 478 318 302 343 351 808 332 902 401 846 275 896 367 361 303 389 345 476 307 533 334
1119 265 1271 432 613 279 754 398 1002 287 1057 403 820 308 921 398 1215 307 1278 477 903 308 992 369 316 301 342 350 361 303 387 345 847 277 895 366
1126 268 1273 430 613 278 754 397 1216 305 1279 476 1010 288 1068 408 905 301 993 362 821 306 925 398 975 301 1136 402 315 301 341 347 848 279 894 363
1132 267 1277 428 623 278 769 402 1010 287 1073 407 1217 303 1279 477 977 303 1140 402 909 300 992 362
622 278 770 403 979 304 1143 401 1137 267 1279 426 1013 289 1076 406 1215 300 1279 475 851 283 899 362
621 279 770 406 981 305 1144 401 1015 289 1079 405 1146 260 1273 431 1213 295 1279 476 924 312 1016 368
618 280 772 406 981 304 1145 401 1150 261 1273 431 1213 290 1279 477 1019 289 1081 406 755 304 795 330 926 312 1016 369 293 299 319 346
615 280 774 405 1154 262 1273 432 981 303 1148 401 1212 286 1279 481 1023 289 1083 408 927 312 1017 369 477 305 533 331 345 301 374 346 289 299 314 349 754 305 795 330 895 277 944 379
613 280 777 404 1156 263 1274 432 980 302 1152 400 1212 286 1279 482 476 304 530 332 1034 286 1094 416 898 276 947 379 344 301 373 346 929 311 1015 370 324 306 342 346 754 305 795 330
614 279 778 404 1158 264 1274 433 979 302 1155 400 1024 292 1108 434 344 303 371 346 475 303 527 332 324 306 343 347 931 313 1015 371 276 299 303 352 808 336 901 400
613 280 781 405 1205 287 1279 480 980 302 1158 400 346 304 371 346 1029 291 1111 436 324 306 343 348 932 312 1016 373 273 299 301 350 807 338 902 401
612 280 783 406 1200 283 1279 481 1031 290 1115 437 981 301 1160 401 348 305 371 346 324 306 343 347 808 338 900 402 933 312 1018 377
610 280 785 405 1195 278 1279 484 1033 289 1116 437 349 304 373 346 991 301 1201 404 323 305 342 348 816 336 920 404
609 279 785 406 1193 272 1279 485 1034 290 1117 437 349 304 373 347 323 305 342 349 816 336 921 405 993 301 1202 403 440 301 527 335
609 279 785 407 1191 270 1279 487 1034 290 1119 437 348 304 374 347 321 306 342 351 440 301 526 335 996 301 1201 403 817 335 921 405
609 280 785 407 1189 269 1279 488 1047 285 1134 428 438 302 525 335 320 308 342 351 347 305 374 347 997 301 1200 402 817 334 924 405
609 280 784 407 1174 272 1276 480 1048 285 1132 429 434 302 523 335 346 305 375 347 318 308 342 351
609 281 785 408 1173 275 1275 480 1048 285 1132 429 431 301 522 334 346 305 375 347 318 308 342 350 816 329 933 406 1001 301 1200 402 755 308 795 333
609 280 787 411 1048 285 1133 429 1174 276 1274 479 346 306 375 346 817 329 934 406 317 308 342 349 1002 302 1201 402 428 299 521 334 485 303 526 333 756 308 795 334
607 279 788 412 1173 276 1273 479 1048 285 1135 430 347 307 373 346 819 331 933 406 1003 302 1201 404 318 309 342 349 484 302 526 334 1065 371 1117 436 429 306 484 334 757 308 795 334
607 278 787 412 1048 292 1138 433 1173 278 1271 478 481 303 527 334 348 308 373 347 318 310 342 350 1001 302 1204 404 820 332 935 406 429 306 478 333 1065 371 1118 436 758 308 794 335
