

382 203 528 277 16 32 314 632 1029 482 1273 708 857 291 891 340 717 190 729 207
382 203 529 277 12 30 310 632 1029 482 1273 708 858 290 891 340
383 203 529 277 10 30 310 632 1029 483 1273 708 858 291 891 340
10 30 308 633 383 203 529 277 1028 483 1273 708 859 291 891 340 717 189 729 206
10 26 307 640 384 202 529 278 1028 481 1272 708 860 291 892 340 717 190 729 206
11 22 303 649 384 202 529 278 1028 480 1271 709 861 290 892 341 688 256 722 285
385 202 529 278 8 21 299 658 1028 481 1271 708 862 290 891 341
385 202 528 278 8 21 295 659 1028 481 1271 708 862 292 890 341 4 223 154 658
386 202 528 278 7 24 292 661 1029 482 1271 708 863 294 890 341 4 217 151 662
386 202 529 278 6 24 291 662 1029 482 1272 708 863 294 890 341
386 203 529 278 6 23 288 665 1029 482 1272 708 863 293 890 341
388 204 529 278 6 20 286 666 1029 482 1272 708 863 293 891 341
388 204 530 278 6 18 285 666 1029 481 1272 708 862 292 892 341
389 204 530 278 5 13 286 665 1030 482 1271 708 862 292 892 341
389 204 531 278 4 11 287 667 1030 482 1271 708 862 292 892 341
390 204 531 278 2 10 288 669 1030 482 1271 707 862 293 892 340
390 205 531 278 3 7 288 677 1030 482 1271 707 863 292 891 340
391 205 531 278 3 5 286 684 1030 482 1272 707 862 293 892 340
391 204 531 278 3 5 283 688 1030 483 1272 707 862 293 892 340
391 204 531 278 3 5 278 692 1030 483 1272 707 861 292 892 341
391 204 531 278 1 5 275 692 1030 483 1273 707 862 293 892 341
391 204 531 278 0 3 273 695 1029 483 1273 707 861 292 893 341
391 204 531 278 0 2 271 695 1029 483 1273 707 862 293 892 341 718 190 730 207
391 204 532 278 0 0 268 695 1029 484 1273 707 861 292 893 341 718 190 730 206
390 205 532 277 0 0 263 698 1029 486 1274 707 861 291 893 341 718 189 729 206
391 205 531 277 0 0 260 699 1023 509 1276 719 861 291 893 341 718 189 730 206
391 205 531 277 0 0 257 702 1029 484 1274 708 862 292 892 341 718 190 730 206
391 204 531 278 0 0 257 698 1029 482 1273 709 863 292 892 341 718 190 730 207
391 204 531 278 0 0 255 696 1029 481 1273 709 863 292 892 341 718 190 730 207
391 204 531 278 0 0 254 692 1029 483 1273 708 863 292 892 341 170 91 277 374 718 190 730 207
391 204 531 278 0 0 248 693 1028 483 1273 707 176 92 286 378 862 293 892 341 718 191 730 207
391 204 531 278 0 0 247 698 1028 484 1273 707 863 294 892 341 206 110 313 366 718 191 730 207
391 205 531 277 0 0 242 704 195 109 345 379 1028 484 1273 707 862 293 893 341 718 190 730 207
390 205 532 277 0 0 246 710 201 116 361 374 1028 485 1274 707 863 293 893 341 718 190 730 207
390 205 532 277 0 0 244 710 1029 486 1274 707 245 126 364 356 862 292 894 341 608 243 650 271 717 190 729 206
391 206 532 277 0 0 246 710 251 134 376 352 1029 485 1274 707 862 293 893 341 205 220 360 369 717 190 730 207
391 206 532 277 0 0 248 711 1029 485 1274 707 262 143 388 351 862 293 893 341 717 190 730 207
391 206 532 278 0 0 249 717 1029 485 1274 707 862 294 892 341 255 223 399 365 308 149 413 350 718 190 730 207 585 241 617 267
0 0 245 719 393 205 531 279 1029 485 1274 707 319 150 421 351 862 293 892 341 278 224 384 357 718 190 730 207 584 241 617 267 608 243 650 271
0 0 241 719 410 203 536 279 1029 485 1274 707 862 292 892 341 331 154 428 348 608 244 650 271 718 190 730 207
0 0 239 717 422 205 534 279 1028 485 1273 706 362 159 449 344 862 293 892 341 325 213 424 348 718 190 730 207 609 244 650 271
0 0 239 712 369 166 455 338 1029 484 1272 706 436 209 531 279 862 293 892 341 336 247 428 348 609 244 650 271 718 191 730 207 585 241 616 267
0 0 242 705 373 169 465 334 1029 483 1272 707 863 294 892 341 440 212 531 280 354 244 449 348 609 244 651 272 586 242 616 267 717 191 730 207
0 0 250 700 1030 482 1272 708 373 211 468 338 863 295 892 341 609 244 651 272 586 242 616 267 717 190 730 207
3 0 259 691 1031 481 1272 708 407 176 508 333 863 295 892 341 820 304 845 336 717 190 730 206 389 249 474 345 609 244 651 271 586 242 616 267
5 0 270 686 1031 480 1272 709 413 179 514 331 863 295 892 341 819 304 846 336 717 190 730 206 405 251 492 342 586 242 616 267 610 244 650 271
1031 479 1271 709 7 7 279 680 419 178 522 330 862 294 892 341 413 253 495 340 819 304 846 336 717 189 730 205 610 243 651 271
8 9 295 679 1030 479 1271 709 862 294 892 341 819 304 846 336 717 189 731 205 609 243 651 271
7 9 313 671 1030 479 1272 709 862 294 893 341 819 304 846 336 717 189 731 205 465 180 550 328 392 201 510 280 609 243 651 271
20 0 332 600 1030 480 1272 710 392 203 515 278 862 293 893 341 819 304 846 336 473 182 554 327 717 189 731 205 609 243 651 270
59 0 364 596 1031 480 1272 710 393 202 518 279 862 293 892 341 819 304 846 336 482 182 561 326 717 189 731 205 609 243 650 270 587 242 615 266
76 0 376 590 1031 481 1272 709 392 202 522 279 862 294 892 341 819 305 846 336 717 189 731 205 610 244 649 270
94 0 393 583 391 202 526 279 1030 482 1272 709 863 294 893 341 819 305 845 336 506 225 557 327 717 189 731 205
108 0 413 575 391 203 529 279 1029 482 1272 709 862 295 893 341 818 305 845 336 507 254 558 331 531 198 579 311 717 189 730 205
392 204 530 279 157 0 461 560 1029 482 1272 708 863 294 893 341 819 305 845 336 527 217 581 326 717 189 730 205
404 202 542 279 168 0 467 550 1029 483 1273 708 863 293 893 341 819 305 845 336 526 256 580 330 549 199 596 310 717 190 730 205
415 203 537 279 202 2 447 546 1029 484 1274 707 863 293 893 341 819 305 845 336 548 221 600 321 717 189 730 205
1029 485 1275 707 429 205 532 278 215 31 447 463 863 292 893 341 548 258 601 328 819 305 845 336 717 189 729 206
246 45 477 457 1030 486 1276 707 863 292 894 341 554 259 605 326 435 206 530 278 716 189 729 205
257 47 488 458 1031 487 1276 707 863 292 894 341 819 305 845 336 574 222 623 320 717 189 729 205
1032 487 1276 707 262 54 498 497 581 229 629 321 863 292 893 341 820 304 845 336 716 189 729 204
302 61 526 483 1032 487 1276 707 820 304 845 336 863 292 893 341 585 233 634 320 716 189 729 204
328 60 524 441 1031 487 1277 708 596 226 645 320 863 294 893 340 820 303 844 335 716 189 729 205 830 282 855 320
1032 487 1277 707 602 230 651 319 362 77 552 425 863 294 893 340 716 189 729 205 830 281 855 322
370 99 563 444 1032 487 1278 707 608 234 656 320 863 295 893 340 830 281 855 325 716 189 729 205 589 242 615 262
383 107 569 442 1032 487 1277 707 619 231 668 316 863 294 893 341 831 281 854 325 716 189 729 205 614 274 649 321 589 242 617 263 821 281 842 324 369 165 454 317
417 109 586 443 622 234 671 316 1033 486 1277 708 863 293 893 341 830 281 855 325 717 189 729 204 820 281 842 324 588 242 617 262 374 170 460 313
430 118 585 435 1033 486 1276 708 628 237 676 315 863 294 894 340 829 281 855 326 629 277 668 322 717 189 729 204 820 281 842 324
437 132 589 426 1033 485 1275 708 634 239 680 315 863 294 894 340 634 276 672 322 828 282 855 326 717 189 730 204 820 280 842 323
448 145 596 418 1032 484 1274 708 639 277 676 321 863 296 894 339 828 282 855 325 717 189 730 204 391 204 484 282 638 240 684 315 820 280 842 322
453 153 601 413 1032 483 1273 709 863 296 894 339 389 205 489 277 717 188 731 204 828 282 855 325 646 239 690 313 820 280 843 323
1032 481 1273 710 391 201 511 280 475 184 589 391 864 297 894 338 657 276 689 320 717 188 730 204 828 282 855 324 650 242 693 313
391 201 517 279 1032 480 1273 710 660 277 693 319 864 297 893 338 494 179 615 388 717 188 731 203 828 282 855 324 697 254 718 288
392 202 524 278 1032 478 1272 711 664 278 696 319 864 298 893 338 717 188 731 204 827 282 856 324 697 253 718 290
391 202 526 278 1032 479 1272 711 864 299 893 338 668 278 698 318 717 188 731 204 827 283 857 324
391 203 529 278 1032 478 1272 711 508 187 625 382 864 298 893 337 717 188 731 203 826 283 857 323
391 203 531 278 1032 480 1273 711 513 195 623 379 864 298 893 337 716 187 731 202 683 278 712 318 826 282 856 323
391 203 531 278 1033 481 1273 710 864 297 893 337 686 277 716 317 516 196 626 377 716 187 731 202 827 282 856 322
391 203 533 279 1032 481 1273 710 864 297 893 337 546 178 657 375 689 277 718 317 716 187 731 202 827 282 856 322
391 203 533 278 1031 480 1274 711 544 181 660 372 864 297 894 338 692 277 722 316 716 187 731 202 828 282 856 321 821 304 845 331
391 203 534 278 1030 480 1274 711 546 185 660 370 864 297 895 338 827 282 857 322 717 186 732 201 695 278 724 315
391 202 533 278 1030 480 1274 711 550 192 660 365 863 297 895 338 828 279 856 323 705 277 731 315 717 186 732 201 821 305 845 331
392 202 532 279 1031 481 1274 710 706 276 733 315 863 297 895 338 828 279 856 323 555 197 661 363 717 186 732 201 821 305 845 331
392 202 532 279 1030 480 1274 710 708 276 735 314 828 277 855 324 864 277 894 333 718 186 731 201 709 257 736 300 821 305 845 331
392 202 532 279 1030 479 1274 710 711 277 737 313 828 278 856 323 864 277 895 334 718 186 731 201 711 257 737 298
391 203 533 278 1029 478 1274 710 713 277 739 312 828 278 856 323 864 277 894 334 712 257 738 298 718 186 731 201
391 203 535 278 1030 477 1274 710 714 277 740 311 828 279 857 324 862 271 898 339 711 256 739 296 717 186 731 201
391 203 535 278 1030 476 1273 711 828 277 856 325 717 276 743 310 863 270 899 338 713 258 741 294 718 186 731 201
391 204 536 278 1030 476 1273 711 829 278 856 325 720 276 744 310 864 276 893 334 718 186 731 201
391 204 536 278 1030 478 1273 710 829 279 856 325 865 276 893 334 719 186 732 202
395 203 545 277 1029 479 1273 709 830 279 856 326 865 277 893 334
395 203 545 277 1029 479 1273 709 830 278 857 326 865 277 894 334 537 265 711 371 584 239 616 263
395 203 544 277 1029 479 1273 709 829 277 857 327 538 265 714 373 865 277 894 334 584 239 617 263 629 241 670 268 611 242 652 267
394 204 545 277 1030 479 1273 709 540 265 715 374 829 277 857 327 865 276 894 334 585 240 617 263 628 241 671 268
394 204 545 277 1030 480 1273 710 543 266 714 375 829 278 858 327 732 278 757 308 585 240 617 264 865 276 894 334 629 240 671 268
395 204 544 277 1030 478 1273 710 546 268 714 373 829 278 858 327 734 278 758 308 585 239 617 264 628 240 671 268 865 276 894 333
395 204 544 277 1029 477 1273 710 548 269 714 371 829 279 858 326 735 278 759 308 586 240 617 264 866 277 894 333 628 240 671 268
396 204 543 277 1028 475 1272 710 549 268 715 369 829 277 858 326 737 278 760 308 586 239 618 264 865 277 893 331
