

61 374 294 535 235 349 893 719 0 376 78 451 943 434 1184 528 274 404 336 486
60 374 293 536 234 348 891 719 271 405 333 488 0 378 60 452 941 431 1188 526 320 99 397 130
61 375 293 536 234 348 892 719 270 405 332 489 939 426 1187 524 316 99 395 130 0 378 56 455
65 380 292 541 232 347 897 719 270 406 332 488 1 380 41 461 314 99 394 130 937 422 1183 521 14 386 100 448
66 377 296 534 234 346 899 719 1 380 38 461 273 405 332 485 15 386 103 449 317 97 391 125
70 377 299 532 237 343 903 719 0 377 35 459 16 384 107 446 318 93 390 122 276 403 334 481 943 417 1101 483
75 376 301 528 241 340 903 719 318 88 391 117 0 373 31 459 945 404 1179 490 15 372 111 436
78 373 301 522 244 336 904 719 15 369 113 432 319 81 394 111 978 404 1230 492 281 389 341 459
98 368 312 517 250 332 903 719 15 366 115 427 977 401 1237 491 285 384 345 457
102 365 314 513 254 330 901 719 15 365 115 423 982 400 1236 492 295 381 356 455
106 362 320 511 257 329 900 719 14 365 118 420 298 379 359 455 983 400 1240 492 331 63 422 98
112 359 326 511 276 335 923 716 23 364 136 419 987 402 1233 495 303 379 363 455 337 62 425 96
116 357 337 512 272 337 930 715 25 363 138 419 1147 434 1279 642 988 407 1230 495 347 64 418 94
121 358 344 516 270 340 937 717 28 364 140 419 1134 436 1271 643 1001 422 1209 516
126 366 348 520 268 342 944 719 30 368 139 421 1084 450 1258 631 353 62 443 98 1007 430 1210 517 312 382 389 451 2 372 25 410
143 369 363 528 270 347 946 719 32 373 138 425 1077 458 1240 622 1 375 29 415 1010 434 1205 523 314 390 392 454 357 65 445 102
141 373 370 534 270 351 950 719 33 378 135 428 0 378 32 422 1012 440 1208 529 358 79 448 111 328 403 385 480
147 384 368 548 268 359 954 719 363 83 448 116 37 388 136 439 1042 477 1176 678 318 402 399 479 0 380 34 428
149 390 370 552 272 362 955 719 37 391 130 442 1034 481 1162 683 363 86 448 121 319 409 400 480
152 397 372 557 275 368 957 719 36 397 128 447 1007 484 1129 698 1 398 33 440 365 90 448 126
153 404 374 562 993 484 1121 707 286 406 957 719 20 400 113 450 1 402 32 445 85 420 172 474 362 98 449 134
153 410 373 564 288 410 957 719 982 486 1107 704 360 101 448 133 64 423 159 479 21 404 109 453 0 406 33 450 1062 469 1260 568
152 411 370 565 286 412 955 719 960 488 1081 698 355 102 447 133 61 423 157 480 1055 468 1263 566 0 408 32 450
149 410 367 564 283 412 949 719 947 492 1067 693 56 420 157 482 1042 469 1198 526 350 100 446 133 1047 468 1265 565
147 408 365 562 271 413 952 719 1034 469 1204 526 339 93 427 129 29 417 140 480
146 409 366 561 269 413 951 719 334 92 421 128 910 481 1027 697 1015 469 1177 531 14 415 113 477
146 410 365 561 265 417 955 719 903 475 1018 698 330 91 419 129 11 415 112 480 1006 473 1226 557
147 412 365 561 269 419 953 719 329 90 418 128 7 411 113 482 898 482 1006 687 1006 475 1225 561
149 414 365 562 270 421 954 719 1031 474 1270 575 329 90 419 127 4 410 117 485 897 486 996 679
154 415 364 561 274 421 953 719 1035 478 1269 577 332 89 421 126 3 407 120 486 897 487 986 670
157 416 362 559 275 421 952 719 1034 480 1268 577 3 405 122 486 334 87 423 124 898 486 980 668
158 418 361 558 1 402 119 487 275 425 955 719 1036 483 1265 578 336 86 424 122 887 488 965 661 0 465 43 691
158 423 359 560 1 400 117 490 276 429 953 719 1037 486 1262 582 335 85 424 122 882 490 957 654 0 469 46 691
157 429 358 562 0 402 115 493 274 435 954 719 1036 491 1262 588 332 86 423 124 0 472 51 691 874 496 947 649
154 433 355 565 1035 494 1264 594 274 439 949 719 2 408 110 493 1 473 54 693 329 85 421 126 868 497 937 646
133 434 340 566 275 442 943 719 1037 496 1265 598 0 472 53 693 316 88 403 127 0 412 89 492
126 434 337 570 1038 496 1264 600 275 444 941 718 0 417 84 489 0 471 49 691 308 87 399 128
122 434 331 572 239 443 904 719 1045 496 1264 600 0 467 42 691 292 91 380 128 0 419 79 486 1009 502 1176 573
118 434 325 573 1046 496 1264 601 233 446 899 719 284 90 375 130 0 467 40 693 0 421 77 487 1005 503 1177 575
116 435 319 573 1049 495 1265 601 227 448 898 719 0 464 40 695 821 503 869 586 972 497 1167 584 277 86 372 129
111 435 316 574 1050 495 1265 600 226 450 895 719 267 87 355 126 0 466 42 698 968 496 1168 583 819 501 864 586
109 436 315 574 1056 495 1264 600 261 86 352 126 810 498 856 581 0 467 46 696 225 452 896 719 967 495 1166 582
111 441 316 578 1059 496 1262 599 0 469 51 694 258 86 351 126 808 499 855 579 232 450 889 719 989 500 1157 569
115 436 309 573 1059 495 1264 598 0 467 57 692 257 82 351 122 239 446 886 719 806 491 851 563 993 495 1154 560
118 434 307 572 1054 493 1264 596 256 78 352 116 0 465 64 690 249 439 878 719 305 461 346 487 806 490 851 561 992 493 1156 560
120 434 306 570 0 467 69 690 1054 492 1262 596 256 74 354 111 254 438 878 719 305 460 349 486 807 488 851 560
121 433 307 567 1 469 73 688 1057 494 1259 596 259 435 880 719 258 64 354 108 305 459 351 486 1019 494 1169 556
124 433 313 563 1 473 80 686 1064 494 1258 595 261 63 356 104 263 436 883 719 305 458 353 486 1020 494 1170 556
125 431 319 560 1064 494 1260 592 268 435 884 719 263 61 357 100 0 470 89 683 305 456 356 485 1023 493 1172 555 819 481 862 551
130 431 324 559 3 471 105 678 1064 492 1261 590 305 455 358 486 302 434 912 719 264 57 359 97 821 481 862 548 1048 491 1187 551
132 430 325 557 2 463 107 679 1061 492 1262 589 304 454 359 486 264 55 359 94 310 432 907 719 1045 491 1191 551 821 481 863 548
132 430 323 555 1065 493 1262 590 1 459 106 681 261 51 359 92 303 453 355 486 276 431 878 719 1044 491 1190 551
132 430 317 554 256 49 358 90 1068 496 1261 593 1 458 105 680 280 431 869 719 304 454 352 485 1023 492 1173 556 342 453 376 481
129 433 310 555 1073 498 1260 597 251 48 354 90 1 466 103 676 1023 494 1169 556 801 483 848 559 282 435 859 719 291 456 333 486 338 455 371 482 308 457 353 486
125 436 304 562 1 477 102 675 1071 500 1259 599 240 52 337 92 275 442 846 719 285 459 329 490 795 484 842 563 1025 497 1164 555
1066 511 1267 618 0 480 88 683 266 450 826 719 119 450 297 575 233 55 332 97 1015 504 1167 567 778 496 827 588
90 455 270 584 1052 514 1269 623 0 488 79 687 251 458 810 716 997 511 1144 571 284 480 326 512
81 467 258 590 1040 515 1269 625 0 493 68 691 244 463 797 712 750 514 798 615 967 517 1125 579 188 73 286 113
72 479 252 595 232 470 794 710 1031 516 1269 629 0 493 62 696 973 519 1117 579 182 77 280 117 220 496 256 529
227 475 787 708 45 486 225 604 1000 522 1227 626 0 525 54 712 724 516 777 622 216 503 258 534 234 505 279 536
41 490 211 610 187 480 763 711 994 520 1225 628 0 529 49 716 132 95 234 138
186 482 748 712 34 492 199 613 991 515 1217 628 0 565 37 713 701 515 756 622 114 96 214 136
180 483 732 712 29 492 193 614 985 510 1218 626 697 514 751 618 1 568 32 716 108 97 207 135 921 514 1071 585
166 484 717 710 23 502 190 624 980 505 1225 625 693 518 748 615 891 513 1055 587 84 98 189 137
154 488 702 708 10 505 163 632 975 503 1238 625 676 518 733 620 50 100 170 139 896 513 1047 585
6 511 151 636 958 505 1169 626 144 490 690 706 673 524 729 616 53 102 158 140 585 530 725 644 1222 255 1279 522
3 514 142 639 955 505 1165 627 35 104 142 143 143 493 682 703 1217 264 1279 513 671 528 728 615 579 534 724 646
2 517 137 640 953 505 1163 628 30 105 136 144 1215 266 1279 511 555 529 697 649 136 521 674 710 673 532 729 612 740 532 854 596
2 517 137 640 953 505 1163 628 26 102 132 143 552 527 697 646 1217 266 1279 508 138 521 669 708 740 531 854 594
2 515 138 638 953 505 1164 626 550 523 698 640 145 519 664 709 12 100 124 142 1220 262 1279 509 740 529 852 594
2 509 138 633 550 518 704 633 952 503 1169 623 152 495 665 702 742 519 849 584 11 96 125 139
548 511 713 624 156 491 660 702 954 496 1175 604 1 502 141 630 746 514 849 578
153 481 659 703 973 485 1238 603 560 507 738 620 2 481 135 603 20 55 136 101
557 490 739 605 3 471 131 593 141 468 623 712 960 485 1173 596 795 468 1035 570 20 49 135 95
539 484 726 601 141 461 616 716 1 470 128 574 959 478 1168 591 11 33 120 76
534 477 724 596 134 456 609 715 955 472 1162 588 1 463 119 569 799 468 1025 565 7 25 116 71
124 452 598 712 524 472 719 593 949 470 1158 587 2 459 109 564 2 8 109 56
514 468 713 593 114 447 586 712 944 467 1156 587 0 445 88 559 0 3 93 50
504 465 708 593 105 446 577 711 0 442 81 560 941 465 1161 588 0 0 89 47 806 467 1011 568
495 464 707 593 96 445 560 711 936 462 1169 590 0 438 75 561 0 0 80 47
87 445 547 707 474 463 690 590 935 461 1176 592 3 447 62 553 1224 212 1279 465
469 462 688 592 82 446 535 706 932 461 1187 593 5 451 56 549 1222 216 1279 461 675 437 952 551
465 462 686 593 82 447 531 704 931 461 1195 593 1221 218 1279 458 5 453 50 546 671 437 955 556 186 409 197 425
460 462 681 593 83 448 526 704 925 462 1202 592 669 437 959 554 2 449 39 548 1223 218 1279 457 183 409 194 426
456 461 678 593 84 447 521 705 925 463 1194 592 668 436 961 552 2 451 38 547 180 409 191 426
451 459 676 594 86 445 518 706 895 467 1138 589 669 436 962 548 3 452 35 546 177 409 189 426
450 459 678 595 83 446 519 706 926 462 1178 592 673 434 954 547 2 450 32 546 175 408 187 424
448 455 681 591 67 446 505 709 929 458 1177 590 670 432 956 543
447 450 683 587 68 439 502 709 933 454 1175 587 664 428 961 538
446 444 684 582 68 430 496 709 940 450 1172 583 660 424 966 534
443 443 685 580 69 423 492 709 947 448 1171 580 665 422 958 529
437 444 682 581 61 424 493 709 952 448 1172 581 669 421 949 527 158 385 169 402
426 444 680 583 51 422 493 709 953 448 1176 583 667 418 950 525
418 445 678 583 40 420 491 708 952 448 1180 585 658 417 957 524
405 439 667 587 36 415 484 709 969 444 1240 586 660 416 956 525
32 410 470 708 401 437 665 586 942 445 1185 583 658 418 959 524
397 428 661 573 28 404 454 707 936 443 1186 583 665 417 953 525
389 424 658 570 21 397 443 708 933 437 1194 564 662 418 956 525
