

264 366 487 498 628 378 776 471 516 372 601 432 353 338 367 358 173 325 196 360 0 575 1279 710 674 337 681 347
257 366 487 501 628 377 774 471 514 371 601 432 348 338 362 357 0 377 27 514 0 576 1279 714 672 336 680 347 451 346 462 363 155 325 175 356
250 365 486 504 629 377 769 471 512 369 602 433 0 576 1279 717 344 338 357 356 148 320 171 357 447 345 458 364
242 364 485 507 631 377 765 471 510 370 601 435 330 337 345 358 0 579 1279 717 669 336 677 347
234 362 482 509 635 378 763 470 513 380 604 442 324 337 342 357 669 336 676 347 0 580 1279 718 1005 338 1026 396
226 361 480 512 513 380 604 442 639 379 763 470 318 335 337 356 669 336 676 347 0 581 1279 719 432 344 445 362 1007 340 1027 394
222 360 479 514 511 380 604 442 642 379 764 469 429 345 443 363 669 336 675 347 305 335 324 355 1009 340 1029 395 0 579 1279 719 315 335 333 353
203 363 473 516 508 380 604 443 645 379 764 468 300 333 321 356 425 345 438 364 71 309 97 350
198 364 474 519 507 381 604 444 650 376 792 473 294 333 316 355 420 345 434 365 743 374 794 467
192 365 474 522 506 382 605 445 655 376 787 472 742 373 795 470 417 345 430 365 291 334 311 354 1115 376 1223 419 1010 338 1034 394
185 366 472 527 507 383 605 446 660 378 783 472 741 371 796 472 276 333 297 356 1011 337 1038 396 1120 377 1221 418 416 344 428 365
178 366 466 529 506 384 606 447 664 379 781 472 743 372 798 473 270 332 291 356 406 344 419 365
506 384 606 447 152 363 481 537 667 380 783 472 745 375 800 472 402 343 416 365 254 331 274 356 0 579 1279 719
145 362 477 535 507 384 607 448 247 328 271 357 671 380 781 471 753 411 810 483 395 342 413 365 0 577 1279 719
140 363 477 536 509 384 608 448 673 379 776 471 755 411 810 484 242 328 264 356 392 341 411 364 0 577 1279 719 923 384 976 409
135 362 477 538 510 383 608 448 677 378 775 470 756 410 811 483 228 325 249 356 0 576 1279 719 389 341 407 364
130 360 479 543 511 382 610 447 679 377 776 470 754 374 807 472 221 325 244 355 1166 374 1272 417 382 340 398 362 0 579 1279 719
113 355 462 546 512 381 610 447 682 377 777 468 754 373 809 472 378 338 398 363 1171 374 1274 419 200 323 225 355 0 581 1279 719
110 356 464 549 518 380 618 450 754 372 810 472 682 379 777 467 375 337 395 363 941 382 1000 410 1175 375 1274 421 195 316 222 349 0 583 1279 719
102 357 467 551 519 380 619 450 758 412 810 483 683 379 776 467 941 382 1002 410 1194 372 1277 424 370 336 390 362 193 317 215 345
92 358 471 555 519 380 620 450 684 380 778 468 758 412 809 483 1198 375 1277 425 942 382 1002 411 366 336 385 360 169 312 198 351
80 358 475 559 519 380 622 452 756 373 810 475 686 381 777 468 1202 378 1278 425 943 384 1001 411 356 336 373 359
74 358 477 563 518 380 622 453 755 375 808 474 686 383 776 468 145 310 176 351 1208 384 1279 422 945 385 1000 413 353 336 371 359
66 358 474 569 517 381 620 456 753 377 806 473 687 385 773 467 945 385 1001 415 347 335 364 357 1213 386 1279 424 753 427 801 493 144 314 165 346
58 359 467 573 507 383 612 454 686 386 772 466 750 408 802 485 947 385 1002 417 647 339 655 355
51 359 460 576 505 384 611 455 685 386 771 466 748 406 799 485 97 303 127 347 325 334 345 356 644 339 653 354
45 358 456 578 504 383 610 455 685 386 772 467 746 407 797 485 929 385 1017 420 318 333 339 355
34 355 453 581 504 382 608 454 683 383 773 469 743 407 794 484 929 385 1017 420
502 381 606 454 23 352 448 584 682 381 775 470 741 408 791 483 928 385 1019 420
500 381 604 453 11 351 444 585 681 379 774 471 928 383 1019 420 739 408 789 481 626 335 634 350
497 381 603 453 5 351 440 588 679 379 774 472 927 383 1019 420 738 408 783 483 623 334 631 350 273 327 294 348
494 380 602 455 0 352 438 593 676 380 772 471 735 409 782 484 925 383 1020 421 620 334 628 349
491 380 600 460 0 354 434 598 673 382 772 470 730 410 780 484 923 384 1023 423
0 356 430 602 488 381 600 466 725 412 777 485
0 357 425 602 482 385 591 464 670 389 750 466 722 410 775 485 603 338 612 355
0 355 420 599 479 386 589 466 667 390 750 468 719 407 771 485 598 339 607 356
0 354 415 598 477 385 586 468 664 389 752 470 593 339 603 356 469 399 492 433 718 404 767 484
0 354 410 598 474 385 584 468 660 389 751 471 464 399 489 435 590 339 598 355
473 385 582 470 0 356 388 605 463 400 486 435 582 340 591 356
470 385 579 472 0 357 383 610 651 387 750 470 579 338 588 356
0 357 377 614 466 383 577 473 648 385 751 471 574 335 583 354 641 387 667 411
0 355 368 618 457 381 562 466 646 385 749 471 641 387 669 412 568 334 577 352 126 313 149 343
0 353 361 619 454 380 559 463 645 383 749 471 639 385 668 412 120 310 144 342
452 380 556 459 0 351 353 619 643 380 747 469 638 383 668 411 557 333 565 349
448 379 553 456 0 349 346 619 642 379 745 466 635 381 667 410 1105 377 1192 430 553 331 561 347
446 378 551 455 1 347 338 619 641 378 744 464 632 380 667 410 1116 373 1210 430
443 377 551 456 3 345 332 619 641 376 743 466 1117 373 1212 429 630 380 667 411
440 376 551 459 3 345 323 611 640 375 743 467 1117 373 1217 430 628 380 665 412
438 376 551 464 2 342 315 607 635 381 732 466 1117 373 1222 431 627 381 664 412 971 375 1072 423 619 382 647 409
436 380 539 466 632 382 731 467 0 341 305 605 1116 374 1225 432 617 384 648 413 972 377 1071 425 533 332 541 347
434 380 539 468 631 382 730 469 0 338 300 610 616 385 648 414 1114 375 1227 433 531 331 539 348 974 378 1072 426
431 380 537 469 630 382 733 471 0 336 292 612 615 385 647 414 527 331 535 348 1140 371 1241 433 977 378 1073 427
429 380 535 469 629 383 731 472 0 333 287 610 615 384 646 414 523 330 532 348 1141 371 1243 433 980 377 1073 426
427 380 534 469 628 383 730 472 0 333 283 608 613 383 644 414 519 329 529 348 1141 372 1245 432 979 376 1072 426 1067 379 1165 429
425 380 535 468 627 383 727 471 0 333 281 606 611 382 645 414 1143 372 1242 432 1070 378 1163 428 518 330 528 347
424 379 534 466 626 382 728 471 0 332 274 609 609 381 643 413 1147 372 1242 432 1073 377 1162 427 920 372 1022 425
424 378 534 465 625 381 729 471 0 329 265 610 608 380 643 413 1150 371 1241 432 1077 377 1160 426 922 372 1021 424 508 322 517 339
423 378 533 464 625 380 729 472 0 318 243 645 608 381 642 413 1164 363 1270 432 1080 375 1161 426 507 323 516 340 925 374 1022 423
423 378 533 464 625 380 728 472 0 317 237 645 608 380 642 413 505 322 515 340 1080 375 1165 427
422 378 533 466 0 321 229 645 625 380 726 472 608 381 643 414 504 323 514 341 683 413 734 476 1094 377 1186 427
422 379 534 468 0 323 221 644 626 380 728 473 608 382 643 414 503 323 513 341 683 414 735 478 1098 379 1188 428
422 380 534 470 0 323 215 646 626 379 731 474 608 383 643 415 502 324 512 342 1102 380 1186 429
422 381 534 470 0 320 211 646 627 379 731 474 610 383 642 414 500 324 511 341
422 381 534 470 0 317 207 647 627 380 725 470 610 383 643 414 498 323 508 341 694 373 748 469 1115 379 1221 430
423 381 534 469 0 319 204 646 610 382 643 414 628 381 719 467 694 371 752 471 495 323 505 341 1118 379 1212 430
423 381 534 469 695 369 757 474 0 317 188 655 609 382 643 414 628 381 717 464 493 323 503 341 1122 380 1205 430
424 381 535 470 0 321 186 653 607 382 643 414 697 370 760 475 629 380 721 466 492 323 502 341 1123 380 1210 430
424 382 536 471 0 324 184 651 606 383 643 415 630 381 723 465 690 414 772 488 492 323 502 341
424 382 537 472 0 331 181 649 605 383 644 416 631 381 723 463 492 323 502 341 691 413 774 489 566 385 601 410
425 382 537 472 0 338 179 647 604 383 645 416 705 355 782 491 492 323 502 341 631 382 722 462 695 431 772 493 565 384 602 411 1140 381 1240 429
426 382 538 471 0 342 176 646 705 354 784 492 604 383 645 416 491 323 502 341 631 381 722 464 695 431 773 493 1138 388 1239 435 564 384 603 411
427 381 538 471 0 343 173 646 706 355 787 492 605 383 644 414 631 381 723 467 491 323 501 341 564 383 603 410 1141 389 1243 435
428 381 538 471 1 343 171 647 707 354 790 490 605 382 643 414 631 380 723 468 490 323 501 341 563 383 603 410
429 380 537 471 1 343 170 647 706 430 792 497 606 382 643 413 718 366 784 483 631 379 725 467 562 383 603 409 484 318 495 338 490 323 500 341
429 380 536 470 1 343 170 648 708 432 794 498 606 382 642 414 717 369 784 483 631 379 727 466 484 318 495 338 562 383 602 409 490 322 500 341
430 380 537 469 711 434 796 500 0 342 170 649 606 381 642 414 712 362 799 490 631 380 730 468 483 317 494 338
431 381 537 469 714 436 800 502 0 339 170 652 605 381 642 413 632 380 733 470 715 364 802 490 483 317 494 337 1037 375 1142 422 1167 389 1273 438
433 381 537 469 0 335 172 656 632 381 734 471 717 438 803 503 605 381 643 413 719 364 807 490 482 317 493 337 1035 376 1144 422
434 382 538 469 723 434 808 507 606 382 644 413 633 381 735 471 0 336 176 656 721 362 808 491 482 318 493 338 1037 375 1144 420
436 382 539 469 724 434 815 510 608 382 645 413 636 378 750 470 726 364 814 493 0 337 180 655 482 319 492 338 1039 376 1147 422
437 383 540 470 637 378 751 470 726 433 824 514 610 383 646 414 0 340 185 653 481 319 492 339 1040 377 1150 426 982 377 1062 430 735 372 820 472
441 381 549 472 637 379 754 469 734 369 825 500 612 384 648 414 0 339 188 654 481 320 492 339 1043 379 1153 430 985 377 1066 430 747 432 832 515
442 382 549 472 640 379 754 468 734 367 827 502 613 384 649 414 0 335 190 657 481 320 492 339 746 431 834 518 1047 378 1154 431 988 375 1067 430
444 383 550 472 642 379 756 469 0 333 207 652 748 361 841 504 614 384 650 414 481 320 493 340 735 432 834 521 1064 378 1165 429
447 383 550 471 645 378 757 470 0 333 208 649 745 429 845 524 615 383 651 413 481 320 493 340 1064 376 1167 429 0 597 1274 717
449 383 551 470 648 379 759 471 745 428 852 527 0 333 211 646 615 382 653 413 481 320 493 340 1064 376 1170 430 0 599 1279 716
452 383 552 469 649 380 760 471 0 335 214 646 754 359 852 503 743 444 857 529 616 382 653 412 480 320 492 340 0 598 1279 717 1068 375 1169 433
454 384 552 469 649 380 762 474 754 360 855 505 0 336 221 647 745 444 861 531 617 383 653 413 480 320 492 340 1063 381 1171 442 0 598 1279 718
457 384 552 470 648 381 763 475 755 362 857 506 0 332 230 652 746 445 864 533 617 385 652 414 479 320 491 340 1067 381 1171 443 1004 384 1084 438 0 596 1272 719 207 406 269 431 1157 386 1279 452
458 384 553 470 648 381 764 476 758 363 860 507 0 328 239 655 748 446 865 534 618 387 653 416 478 320 490 340 1069 381 1175 443 575 382 615 415 202 404 266 429 1005 383 1081 439 1161 384 1279 452 0 595 1262 719
458 385 554 470 648 382 764 474 0 338 258 628 759 363 861 508 477 319 489 340 748 446 866 535 618 388 652 416 1005 382 1077 439 1073 380 1177 443 1163 383 1278 453 576 383 615 415 200 403 261 426
459 385 554 469 649 382 764 472 759 363 861 510 0 332 267 629 477 319 488 340 1163 382 1275 453 617 388 650 416 742 428 882 538 1076 379 1178 444 1006 383 1081 439 576 383 614 416
460 385 555 469 650 383 765 470 758 363 860 511 0 328 275 628 1164 381 1273 454 476 320 487 341 741 431 884 541 617 387 649 414 1078 379 1178 445 1007 384 1083 439 175 406 242 431 577 384 614 415
461 386 556 468 650 383 764 468 758 363 860 513 0 327 282 628 1164 380 1270 453 739 434 885 543 1079 379 1178 445 616 387 649 415 475 321 486 341 1007 385 1086 439 173 405 235 430
462 386 557 468 0 334 284 624 758 363 861 515 650 383 764 467 738 436 886 545 1080 380 1177 445 1164 379 1271 452 616 386 651 416 474 321 485 341 1009 386 1088 438
465 387 556 467 0 343 286 620 758 363 862 518 650 383 764 466 737 438 886 547 1165 379 1270 452 615 386 652 419 1089 382 1185 446 1009 386 1090 438 473 322 484 341
467 388 555 466 0 347 289 616 756 363 863 521 649 384 764 467 736 440 888 550 1088 384 1186 447 1167 378 1270 452 615 386 652 420 1011 388 1091 438 471 322 483 341
470 389 554 466 0 349 295 613 648 384 765 467 755 364 863 523 1088 385 1187 448 736 441 888 551 1169 378 1269 453 615 387 651 420 1011 389 1092 439 469 322 482 342
