

522 378 621 450 163 376 253 432 950 398 1127 591 0 366 105 442 747 367 803 468 305 382 354 419 630 326 721 437 887 356 966 492 250 378 304 426 983 297 1093 560 342 380 381 415
523 381 622 451 0 365 92 447 948 400 1128 592 159 377 250 436 629 335 722 440 749 365 805 469 306 385 352 422 967 307 1083 553 888 358 966 495 247 383 302 427 342 383 381 418 1123 352 1163 483
523 382 623 452 947 400 1130 593 0 374 89 449 629 336 722 441 154 385 247 436 750 364 806 469 307 387 351 423 896 358 959 484 967 309 1083 552 227 382 300 431 341 385 380 420 887 421 969 512 1126 355 1168 485
525 383 623 453 0 372 82 452 927 395 1123 595 629 337 722 442 151 385 246 438 750 362 809 469 759 412 808 486 225 382 299 432 889 362 968 497 966 310 1082 551 308 389 350 423 342 387 379 422
526 384 623 454 923 394 1124 596 628 337 723 442 142 384 240 441 0 371 74 455 750 361 810 468 759 411 809 487 224 387 296 434 889 365 970 497 965 312 1080 548 293 394 340 428 341 388 379 422
526 384 623 454 137 385 237 440 920 394 1125 596 627 337 723 442 0 371 63 456 750 359 811 468 758 410 810 486 222 387 294 434 288 393 344 429 965 312 1079 547 899 359 982 505 342 389 377 421
527 384 623 453 132 385 234 440 919 394 1125 597 626 336 723 442 0 368 57 459 750 359 812 468 220 387 291 434 758 409 810 485 285 393 344 429 964 311 1080 544 1087 352 1139 448 902 354 984 506 342 389 377 421
527 384 623 453 128 385 230 440 920 393 1124 597 625 336 724 441 217 388 288 433 764 412 816 487 0 375 48 457 284 393 342 428 749 360 812 467 962 309 1081 545 907 350 986 506 341 388 376 421 1091 352 1140 444
527 384 624 452 922 393 1123 597 624 335 726 441 124 384 227 440 766 411 818 487 215 388 285 433 0 376 41 456 283 393 340 428 961 309 1081 544 911 348 988 507 338 387 375 420 1117 358 1171 479
528 384 624 451 923 395 1123 595 115 381 218 442 624 335 727 440 767 411 820 487 206 385 279 435 0 375 32 456 282 388 337 425 336 385 374 420 915 349 991 507 1118 354 1173 483 961 311 1081 540
529 384 624 450 110 382 216 442 922 397 1123 594 624 335 727 440 206 384 278 435 768 411 822 487 279 387 336 425 1141 350 1194 489 334 384 374 420 0 369 22 463 917 355 980 448 766 355 819 445
529 384 624 450 104 382 211 441 924 398 1123 592 624 335 727 440 201 385 274 435 770 412 824 488 278 387 334 425 332 384 373 419 922 350 997 506 766 357 820 444
530 384 625 449 624 335 727 440 192 382 269 433 925 398 1122 592 100 381 205 441 773 413 827 488 277 387 333 425 333 384 372 419 769 357 822 444 960 319 1078 537
530 384 625 449 624 335 727 441 944 403 1137 590 186 382 264 432 88 378 196 444 775 414 828 488 275 386 332 426 770 358 823 445 960 318 1078 534 333 384 371 419
530 384 626 450 82 379 192 443 941 400 1144 593 625 335 728 441 777 415 829 488 771 360 828 471 179 378 257 436 275 385 331 426 320 385 358 421 960 319 1077 533
531 384 626 450 942 399 1150 595 75 381 186 441 626 335 728 441 176 378 255 436 780 416 831 488 773 360 829 470 259 386 319 426 317 385 358 421 727 396 779 457 990 307 1094 544
531 383 627 450 170 379 252 435 942 398 1152 597 627 335 729 440 783 416 832 488 775 361 832 469 60 378 173 445 255 386 318 425 314 385 357 421 729 397 781 457 990 302 1094 544 643 315 658 335
530 382 627 449 162 379 247 434 943 400 1148 596 52 379 170 443 628 335 730 440 785 415 834 488 779 362 834 467 251 385 317 424 312 385 356 421 731 396 781 457 989 300 1096 543
530 381 628 449 945 401 1144 596 45 370 164 443 628 334 730 440 157 379 244 434 786 414 835 488 244 383 319 424 310 386 355 421 782 362 835 467 987 300 1097 543
530 381 628 448 149 376 233 437 947 401 1142 597 628 335 731 440 30 369 152 443 785 414 844 490 241 383 315 425 307 385 355 420 787 351 843 448 985 299 1098 546
530 382 628 448 141 376 229 437 950 400 1144 599 25 376 147 446 629 335 731 440 786 412 847 491 238 384 313 426 305 385 356 421 789 353 845 448 968 304 1072 546
530 382 627 448 951 402 1146 599 133 377 224 437 20 377 139 445 629 336 731 440 789 358 849 476 303 384 357 422 236 385 313 426 968 303 1073 549 646 311 659 334 882 382 904 444
531 383 627 449 8 373 130 450 952 403 1149 599 630 336 732 441 127 383 224 438 228 385 302 429 791 361 851 476 967 302 1075 553 302 384 357 423 885 376 911 450 795 426 850 493 647 311 660 334
530 383 628 449 3 374 122 449 115 382 214 440 630 337 733 442 954 403 1151 599 222 385 297 429 794 362 853 475 967 300 1077 557 301 385 357 424 798 426 853 494 889 383 913 449 647 311 660 333
531 384 629 449 0 374 113 450 106 382 210 440 631 337 733 443 957 403 1152 599 215 385 294 430 797 407 859 493 968 296 1080 561 907 384 928 448 798 356 856 451 301 385 357 424 648 310 661 333
531 384 630 449 98 383 205 441 0 374 105 451 631 337 734 444 209 389 288 432 968 295 1120 583 801 407 863 494 912 377 935 454 285 391 345 432 649 310 661 333 1246 367 1278 477
531 384 630 449 0 374 92 452 89 381 197 445 631 337 735 444 207 388 288 433 968 295 1121 585 805 426 861 499 803 360 861 474 917 375 940 455 281 391 346 432 739 417 772 468 649 310 661 334
530 384 630 450 80 382 193 444 0 375 84 452 631 337 736 445 197 387 284 435 966 295 1123 584 277 391 344 432 810 427 869 499 739 418 773 469 808 361 873 477 649 310 662 334
530 385 629 451 73 383 188 443 192 387 280 435 631 336 737 445 0 375 77 453 954 421 1147 607 812 427 871 501 804 349 882 495 274 391 339 432 740 418 774 469
530 385 630 452 58 383 178 446 185 388 276 434 632 336 738 446 965 294 1126 582 1 376 69 453 807 348 885 495 814 427 874 502 270 390 334 433
531 385 630 453 51 383 173 445 182 387 272 434 632 336 738 446 966 295 1128 581 809 350 890 494 817 426 876 503 0 375 59 455 272 390 329 433
531 385 631 454 44 382 167 446 631 337 739 446 178 385 271 435 968 294 1129 581 810 353 894 494 820 425 880 505 0 372 42 457 262 391 321 434
531 385 631 454 167 385 266 437 24 380 159 448 630 337 739 445 971 292 1132 584 810 354 898 494 818 425 891 504 256 390 323 434 0 372 35 458 743 380 793 461
532 385 631 455 16 381 155 448 161 385 262 436 629 337 739 445 972 290 1137 586 812 354 903 494 825 423 888 509 251 390 322 435 744 378 792 462
531 384 631 455 10 381 149 447 155 386 258 436 628 337 739 444 974 290 1140 587 814 355 907 494 826 421 902 511 249 389 317 434 744 378 792 462 754 391 834 465
531 384 632 455 3 379 135 448 149 385 254 436 627 337 739 444 975 290 1141 588 819 357 910 495 829 420 901 513 746 378 794 462 776 392 833 464 243 387 319 434 752 421 788 473
0 379 128 448 531 385 632 456 625 337 739 444 980 288 1141 591 139 383 246 439 825 359 913 497 836 421 902 515 748 378 796 462 754 421 790 474 505 1 610 74
0 379 119 449 531 385 632 455 133 384 243 439 624 337 739 444 986 285 1143 593 831 359 917 499 840 422 905 517 749 378 798 462 756 421 793 475 234 391 283 434 505 1 611 74
0 377 111 450 531 385 632 455 127 385 238 438 991 285 1145 592 836 356 922 499 844 424 909 518 757 421 796 475 750 379 800 463 504 1 611 74
530 385 632 455 0 378 94 450 120 385 238 438 995 282 1147 588 978 427 1213 612 842 427 918 519 847 349 930 505 751 378 801 463 759 421 800 476 504 1 611 73 221 388 299 435
530 385 632 455 0 376 88 450 998 279 1148 585 979 429 1221 612 110 384 217 439 850 426 927 522 218 388 294 433 839 357 925 499 504 1 611 73
529 385 633 455 0 376 82 450 1001 274 1149 586 104 385 215 439 852 425 927 522 982 431 1226 612 214 389 289 432 839 360 925 499 751 365 800 438
529 385 632 454 0 374 77 451 616 333 741 444 854 424 928 523 97 386 217 437 1001 274 1152 586 987 431 1228 612 211 389 288 432 466 388 500 414 752 364 802 438
529 385 633 454 96 385 216 437 858 425 932 524 993 428 1229 613 0 375 63 450 1009 272 1173 585 199 387 281 433 461 387 499 414 753 363 805 438
529 384 633 454 856 353 940 505 997 424 1231 613 1011 273 1176 579 80 383 201 440 195 387 279 434 865 426 934 523 458 386 498 414 0 375 56 449 755 362 807 438
528 383 633 454 858 352 940 505 1014 270 1180 580 73 374 196 440 613 324 741 445 1001 421 1231 612 189 387 281 434 868 428 936 521 453 385 496 413 756 360 809 439 0 362 36 446 1183 315 1259 573
528 382 633 453 860 351 942 505 65 374 193 440 1019 271 1185 580 613 323 741 446 186 379 281 434 1005 421 1228 612 872 427 953 524 758 359 809 442
527 381 633 453 864 349 946 506 51 374 183 439 1023 268 1194 587 179 378 281 435 612 322 743 446 875 428 951 525 1023 431 1268 614 1213 323 1274 626 762 361 819 442 439 384 483 410
527 380 633 453 42 374 180 440 868 346 954 507 878 428 953 527 612 321 743 446 1030 265 1203 588 174 377 280 435 1023 431 1271 617 1214 320 1277 629 437 383 480 409 266 398 294 431 798 384 889 464 317 383 350 406 769 407 818 473 763 362 821 441
526 379 634 454 35 380 174 441 874 345 961 507 167 378 259 434 880 427 958 529 610 321 744 446 1034 263 1212 591 799 384 893 464 1026 429 1273 618 316 383 349 405 1221 318 1279 635 434 383 478 409 771 407 819 473
527 379 634 454 18 377 165 443 879 346 968 506 608 321 743 446 161 378 253 434 1052 259 1234 593 802 383 896 462 314 382 349 405 432 382 475 408 1027 425 1275 622 880 442 965 529 772 408 822 473 247 397 276 433 1227 321 1279 637
526 379 634 455 9 377 160 444 1055 257 1238 595 884 347 972 506 605 321 742 448 154 377 250 434 426 383 475 409 313 382 348 405 803 382 901 461 773 410 825 473 883 444 968 528 240 399 269 435 955 396 1080 492
526 379 635 456 7 377 150 445 1060 258 1246 599 604 322 742 448 145 376 232 435 896 349 982 515 825 382 913 461 423 383 475 409 775 411 828 473 917 378 1094 501 310 381 348 405 885 445 973 529
525 379 635 456 0 375 139 447 1064 258 1255 600 603 322 742 449 897 347 986 513 909 375 1105 503 829 381 916 463 137 384 234 441 777 413 830 475 423 384 475 410 894 441 987 531
525 380 635 457 0 376 133 447 1068 257 1263 601 603 322 742 449 898 346 990 511 894 438 994 535 905 373 1114 503 132 385 233 444 832 381 919 464 779 414 832 477 412 384 462 409 772 357 820 447 104 367 120 390
525 380 636 458 0 375 127 449 900 345 993 510 603 323 743 450 896 436 997 537 1071 252 1269 606 410 385 460 411 780 416 832 479 771 358 820 447 973 378 1129 504 835 380 922 464
524 380 636 459 0 374 118 450 602 323 742 450 903 349 998 509 981 379 1140 509 900 435 1000 540 407 386 457 412 781 417 833 480 1108 244 1277 604 1076 428 1265 624 772 359 820 446 853 378 939 467 136 390 226 449
523 380 636 460 0 372 112 451 986 379 1153 513 906 351 1004 510 782 417 834 482 860 379 941 467 404 387 454 413 770 358 822 447 904 434 1002 543 1112 245 1276 603 1085 428 1262 625 116 387 210 449
522 380 636 461 0 371 108 452 986 377 1162 517 602 322 739 450 773 366 826 466 782 417 833 482 908 354 1009 509 403 387 450 414 1116 247 1276 602 907 435 1005 547 866 380 945 467 114 388 210 450 1091 430 1257 623 247 388 273 405
521 381 635 462 0 371 87 453 1002 376 1187 516 602 323 737 450 773 367 828 467 918 435 1015 550 915 352 1016 507 782 415 834 482 1125 249 1278 601 113 387 208 447 403 387 448 414 247 388 277 406 873 377 962 471 801 382 890 452
521 381 635 463 1010 375 1200 517 600 323 737 449 0 369 82 455 920 436 1024 554 775 367 829 465 921 352 1022 502 783 413 834 483 387 387 433 414 1114 423 1278 624 796 380 896 456 247 387 278 406 1147 198 1279 585
520 380 635 463 1016 374 1217 517 598 322 736 449 923 437 1033 557 777 367 832 466 385 386 434 414 78 384 190 447 927 349 1027 500 787 415 843 484 794 378 899 460 0 363 63 448 246 386 280 407
520 379 635 463 1015 372 1229 518 596 321 737 448 778 366 833 465 383 385 433 413 935 438 1041 554 943 347 1039 506 72 382 188 445 787 415 843 484 792 376 901 462 5 369 64 460 176 386 204 414 245 385 279 406
519 377 633 463 1033 366 1261 521 592 319 736 448 40 379 180 448 927 426 1061 552 944 345 1044 507 778 358 833 447 791 372 906 464 788 414 845 483 382 383 428 410 173 384 200 411
518 376 632 463 1044 363 1265 521 588 318 734 448 930 427 1065 556 947 342 1050 507 38 379 173 444 788 369 911 465 1155 426 1273 628 781 359 833 446 789 416 847 482 244 383 278 403 381 382 423 407 169 384 195 407 487 386 524 422
516 375 631 463 1057 360 1269 519 582 317 731 447 932 427 1070 559 951 342 1055 506 19 378 165 444 358 381 412 405 788 366 915 466 243 383 277 402 1164 427 1270 628 790 415 848 481 783 358 832 446 146 381 184 408 487 386 524 422 727 384 773 427
515 373 631 463 13 369 161 442 936 428 1074 561 578 316 731 445 1069 362 1268 519 958 339 1063 504 358 380 410 405 145 381 184 408 817 368 926 460 242 383 274 401 785 414 859 479 486 386 523 421 1200 364 1279 619 788 354 844 450 726 384 774 426
511 372 633 464 6 368 158 443 943 426 1081 562 572 314 730 443 818 368 931 460 964 337 1071 507 1106 366 1279 524 358 380 405 405 142 381 180 408 786 413 860 480 724 381 778 430 484 386 522 421 788 353 844 451 242 383 272 400 1204 354 1279 621
509 372 635 465 951 426 1090 564 6 368 151 442 817 366 936 461 1120 370 1278 523 357 380 401 405 140 381 176 409 971 334 1076 510 787 413 861 480 723 381 780 430 482 385 521 422 789 354 843 451 1209 347 1278 624 267 380 300 399
505 371 636 466 0 366 138 443 956 424 1097 567 722 381 782 430 835 365 949 460 994 332 1088 522 355 379 398 405 788 413 862 481 480 385 519 422 1154 360 1275 531 789 355 843 451 138 381 171 409 504 1 611 73 223 384 246 399
504 370 638 467 0 367 133 444 957 424 1100 569 995 326 1090 529 714 379 785 432 830 365 956 460 529 315 722 444 354 379 396 405 788 413 862 481 477 384 519 422 791 356 844 449 118 378 163 410 504 1 611 73
500 369 639 467 0 366 123 445 713 379 787 433 967 422 1112 567 526 314 718 445 824 365 966 460 997 324 1097 529 115 378 163 411 1206 377 1278 587 475 383 519 422 787 413 862 481 342 380 380 405 1078 367 1244 507 792 355 847 447 505 2 611 73
498 369 641 467 711 378 790 433 0 365 114 445 971 421 1114 570 524 312 714 445 111 377 159 411 997 322 1107 530 814 371 981 468 1080 365 1248 506 339 379 378 404 787 410 863 481 473 382 518 421 505 2 611 72
709 377 793 433 488 369 634 467 976 422 1117 574 0 365 107 444 524 312 710 445 999 319 1114 529 108 379 155 411 1082 362 1257 507 824 369 986 468 336 379 376 404 786 405 862 480 505 2 611 72 467 382 508 420
486 368 633 466 708 376 794 433 979 421 1124 576 525 311 707 444 0 364 91 446 851 363 988 460 1001 315 1117 533 104 379 153 411 1106 361 1271 507 332 378 375 404 786 401 861 481 505 2 611 72 466 382 506 419
484 368 635 467 705 376 793 434 980 420 1131 578 523 311 705 444 854 364 994 459 1108 358 1274 512 1004 312 1118 534 785 398 860 482 0 364 87 446 333 379 372 404 106 381 149 411 505 2 611 72 464 382 505 419 289 382 321 404
483 369 636 467 701 375 793 436 983 418 1138 578 516 312 704 445 1113 356 1278 516 785 397 860 484 859 364 997 458 1008 312 1121 532 0 374 81 451 93 379 139 413 318 382 356 405 462 383 504 419 787 345 846 454 289 382 320 404 505 2 611 72
482 369 638 468 986 416 1144 579 696 374 793 437 866 360 1016 463 1116 355 1279 521 508 311 702 446 784 397 860 485 90 381 139 416 318 383 356 406 0 373 61 455 1012 315 1121 528 460 384 502 419 786 344 847 455 291 384 318 404
483 369 636 470 990 416 1149 580 869 360 1017 463 694 373 793 438 504 311 701 448 1119 355 1278 523 784 398 859 486 87 382 138 417 315 383 357 406 0 371 56 456 459 386 501 419 1014 317 1120 527 786 346 847 453 178 384 195 399
480 371 635 472 875 362 1021 463 992 416 1154 580 691 373 795 439 500 309 699 444 783 399 857 486 83 383 136 418 1121 354 1279 528 313 383 354 406 773 330 863 472 0 376 45 458 1046 319 1146 476 457 387 499 420 175 385 194 399 219 384 244 401 505 2 611 73
475 374 634 474 881 364 1024 462 993 416 1159 581 688 373 795 440 499 308 698 439 782 400 855 486 1143 347 1279 540 81 383 132 419 310 383 351 406 1049 317 1150 478 772 332 860 473 0 378 40 457 456 388 497 421 218 384 244 402 505 2 611 72 174 385 192 400
469 377 633 475 882 363 1033 466 1009 416 1165 582 686 373 797 440 781 400 854 487 496 307 698 433 1146 346 1279 543 1052 317 1153 476 81 382 128 419 308 384 348 407 217 385 244 404 505 2 611 72 172 385 192 400 777 354 839 451
467 377 632 476 884 363 1042 465 1009 414 1166 584 683 373 786 440 780 402 853 489 1148 346 1279 544 494 307 698 431 1054 316 1153 476 67 368 121 420 215 385 243 403 775 353 838 453 308 385 346 408 505 2 611 72 1020 319 1112 521
466 375 629 478 886 362 1051 465 1007 411 1169 585 681 372 786 440 779 404 852 489 1151 345 1276 543 474 304 681 448 67 379 114 419 773 351 838 455 1056 316 1155 475 215 385 242 403 153 386 176 402 505 2 611 72 293 384 328 407 96 384 122 411
464 372 628 479 887 361 1059 465 682 372 784 440 1005 411 1174 585 1156 347 1273 542 471 305 677 445 772 352 838 475 65 380 111 419 150 385 177 402 785 410 849 489 290 384 327 406 214 384 241 402 1056 314 1159 478 506 2 611 72
462 370 627 480 1003 411 1178 586 683 372 783 440 891 360 1060 466 1164 355 1273 537 467 305 672 441 768 410 845 486 63 381 108 418 769 350 835 455 148 384 176 401 289 383 325 405 1049 309 1162 532 506 2 611 72 215 384 240 401 203 384 227 401
451 371 622 480 1003 414 1181 586 685 372 782 440 894 359 1062 468 767 411 843 486 61 381 104 417 767 351 832 455 1170 365 1274 531 146 383 173 400 289 383 322 404 1049 308 1165 532 201 383 228 400 106 384 121 401 506 2 611 72 274 385 300 404
448 370 620 482 1004 414 1181 587 686 371 780 441 916 359 1070 470 766 354 834 477 463 305 662 432 61 380 101 415 199 382 228 400 146 382 170 398 1048 309 1165 532 105 383 119 401 1199 354 1277 541 289 383 322 405 272 384 300 404 505 2 611 72
443 368 618 485 1004 414 1182 588 923 356 1072 472 766 354 834 479 685 371 778 441 458 305 657 433 1046 310 1166 531 196 381 227 400 67 380 97 413 270 383 298 404 49 376 88 416 505 2 611 72 148 382 167 396
439 367 617 487 1004 414 1184 588 930 354 1072 474 763 407 836 486 685 370 777 441 1044 311 1166 530 46 376 90 418 194 380 226 400 762 348 829 460 505 3 611 71 269 383 296 405
435 366 616 489 1004 414 1186 589 932 354 1073 475 762 408 835 487 685 371 775 440 45 377 88 418 1044 310 1167 529 192 380 225 401 759 345 827 463 505 3 611 71 859 377 887 418
432 366 615 490 1004 413 1186 590 935 353 1077 477 761 408 832 487 42 380 84 418 1049 309 1167 531 689 381 771 442 191 380 225 401 505 3 611 71 99 381 114 402 861 377 889 419 759 345 825 463
430 366 613 491 1005 410 1186 592 940 351 1081 478 762 411 826 488 39 380 80 417 415 303 633 448 1054 308 1169 533 752 356 840 482 191 380 225 401 689 381 769 443 101 381 115 401 505 3 610 71 864 378 891 419
428 365 610 492 1006 407 1186 593 759 411 824 489 944 350 1084 478 37 379 75 417 753 356 813 473 1058 308 1173 532 689 381 767 444 191 380 224 401 866 378 893 420 505 3 610 70
427 364 609 493 1007 406 1187 593 751 357 811 473 411 302 616 408 758 410 823 489 945 352 1083 476 36 377 73 416 1055 309 1175 531 689 380 765 445 79 381 95 402 191 380 223 400 868 378 894 420
423 361 604 497 1006 407 1188 592 744 345 803 459 752 409 814 486 1050 309 1175 528 77 380 96 402 102 381 118 400 945 355 1082 475 192 380 222 400 40 377 73 415 690 382 766 447 505 3 611 70
418 357 600 500 1004 410 1186 592 748 409 811 485 405 298 604 410 740 344 800 461 1047 308 1174 528 73 379 97 403 21 377 64 417 102 381 118 400 880 379 908 421 944 357 1083 475 505 3 611 70
414 354 596 504 1003 413 1182 590 745 409 808 485 1045 308 1173 528 69 377 98 405 18 376 64 418 736 341 798 463 881 379 910 421 966 378 1063 471
