

439 356 564 441 0 313 483 573 825 378 877 458 716 388 734 411 641 379 677 409 1164 352 1273 523
0 309 476 574 432 353 564 444 826 379 879 458 716 387 734 411 640 377 679 410
420 356 554 444 0 306 460 564 827 378 882 459 717 387 735 411 640 376 680 410
4 304 442 562 413 356 555 445 828 377 883 460 717 386 735 411
5 301 421 566 392 351 557 453 828 376 883 461 716 386 736 412 639 375 679 412
8 296 407 573 386 350 552 454 828 374 883 461 637 366 689 423 836 412 890 476 0 534 1279 714
377 350 547 454 9 294 369 586 829 373 883 461 637 366 688 424 836 413 890 478 0 534 1279 713
370 350 544 456 7 304 358 590 831 373 884 461 836 413 891 479 637 366 688 424 0 537 1276 713
359 349 543 459 6 313 336 581 836 414 892 481 832 373 884 461 0 539 1269 714
6 323 307 575 333 349 538 461 836 414 894 482 833 373 884 462 719 399 741 425 0 543 1267 714
319 351 541 472 6 327 278 571 835 367 894 466 717 388 740 414 648 377 690 411 696 384 709 397 719 399 742 426 0 545 1262 713
305 347 532 478 837 366 896 468 718 387 739 414 719 399 743 427 647 376 691 411 3 347 274 583 0 546 1262 715
286 345 528 483 839 367 900 468 835 419 906 482 717 386 739 413 719 399 745 428 637 369 694 421 0 546 1267 716
252 341 515 487 842 368 903 470 838 419 912 483 719 400 747 429 637 370 696 421 717 386 737 413 740 384 756 409 0 547 1273 717
235 340 515 490 844 369 905 470 719 399 748 430 638 371 697 422 718 385 739 414 742 383 758 410 0 545 1279 717
201 337 518 506 847 368 909 470 721 400 747 429 744 384 761 411 719 386 737 413 0 543 1279 716
165 335 512 510 643 372 700 425 850 369 911 469 728 401 755 432 744 386 762 412 721 387 736 412 0 542 1279 716
124 331 510 516 858 365 924 473 645 372 701 426 729 402 757 433 856 426 927 499 743 387 762 412 0 542 1279 716
97 327 515 525 861 367 926 473 730 403 759 435 646 372 703 427 858 427 932 500 741 386 761 412 0 541 1279 718 759 387 774 412
41 324 495 538 866 368 931 473 731 404 761 436 648 371 705 426 861 427 940 502 761 386 777 411 738 385 760 413 0 541 1279 719
18 318 485 543 731 405 763 437 870 369 934 472 650 373 707 427 765 385 780 409 736 383 761 414 0 542 1279 719 876 426 954 507
4 310 471 552 733 406 766 438 651 373 710 427 878 425 956 508 879 365 949 476 769 383 785 408 736 382 760 416 0 543 1279 718
4 301 463 558 734 406 767 437 883 364 952 478 881 423 962 510 653 372 711 426 771 383 787 407 737 383 759 414 0 541 1279 718
1 298 451 562 736 405 768 437 888 362 957 478 655 371 714 425 884 422 969 510 738 383 760 416 773 381 788 406 0 538 1279 719
0 293 440 562 737 405 770 437 657 369 717 425 739 383 760 414 898 423 983 512 886 362 972 492 0 537 1279 719
0 291 429 564 739 405 773 438 903 424 989 512 905 358 978 478 740 382 760 413 785 380 802 408 552 372 565 404
0 286 421 567 660 365 723 425 739 405 775 439 905 423 996 514 908 356 980 479 788 380 805 408 740 381 759 410 552 372 564 403
1 289 408 563 661 364 724 425 740 404 776 441 908 360 1000 492 918 423 1011 517 791 379 808 408 739 380 761 412 551 372 564 403
5 279 362 579 921 420 1019 523 663 365 726 425 916 360 1008 492 740 403 777 441 740 379 762 412 794 379 811 407 552 372 564 403
6 274 343 585 924 418 1028 528 665 366 728 424 740 404 777 441 740 380 763 411 553 372 565 403
3 270 324 588 929 360 1022 494 667 366 729 424 941 420 1039 529 739 404 777 442 740 381 762 410 552 372 565 403
4 283 291 581 668 366 730 425 932 360 1024 499 739 403 776 442 948 414 1049 541 551 372 564 403 739 382 762 411 807 378 825 411
945 358 1046 504 669 366 731 426 7 305 261 579 739 403 776 442 935 417 1075 542 809 378 828 411 550 372 562 404 739 381 762 414
952 356 1051 506 670 365 733 425 941 418 1086 547 121 313 331 445 739 402 775 442 0 328 223 634 811 378 831 411 738 382 760 417
946 417 1093 551 958 355 1057 507 126 315 320 447 671 366 733 426 738 401 773 443 814 380 834 411 738 381 760 417 549 373 562 405
964 354 1065 514 949 419 1099 559 672 367 735 426 817 381 837 412 115 312 308 447 548 373 562 406
970 356 1072 519 967 422 1115 563 546 372 561 408 71 308 285 449 820 381 839 412
967 424 1125 569 976 357 1078 525 63 304 270 453 732 390 785 453 674 372 738 427 545 373 559 408 821 382 841 413
971 425 1135 570 988 360 1095 522 49 302 265 454 731 389 784 454 545 373 558 408 823 383 841 413
976 424 1147 572 996 362 1100 518 19 300 239 456 676 373 737 427 728 383 780 455 727 424 784 460 544 374 557 409 831 382 852 416
984 425 1156 572 1003 361 1109 516 727 357 773 445 11 298 222 458 678 373 738 427 834 382 855 415 544 373 557 408
1010 361 1119 515 990 425 1159 571 725 357 773 447 838 383 857 416 542 373 556 409 656 383 684 406
1013 362 1125 517 1004 423 1175 571 723 356 773 448 840 383 860 416 540 373 555 409 656 383 687 406
1004 424 1186 571 1016 362 1130 520 721 357 770 448 843 383 862 417 538 372 553 411 654 383 687 407
1006 426 1198 571 1035 361 1149 520 717 357 769 446 537 371 554 410 844 382 865 416 715 415 774 470
1012 427 1209 571 1041 360 1153 520 537 369 554 410 715 357 766 445 846 382 866 414 713 415 771 471 684 380 723 416 854 380 875 418
1018 423 1216 573 1046 359 1158 519 705 358 759 446 854 378 875 418 538 369 554 409 705 411 765 472 846 382 865 413 529 369 544 408
1052 360 1163 520 1023 421 1218 573 702 357 756 448 856 378 877 418 695 414 768 472 649 379 690 407 786 380 813 401 528 368 543 407
1056 359 1169 520 698 354 754 449 859 378 880 418 1031 421 1252 572 691 413 765 472 649 380 691 407 786 379 814 400 525 359 542 402
1057 359 1175 520 695 354 749 448 863 379 884 418 1028 426 1259 571 687 413 762 473 640 379 681 404 524 359 543 403 789 380 815 400
1058 357 1181 522 694 353 747 448 866 379 887 418 1032 428 1259 569 639 379 682 405 686 414 758 474 790 380 815 402 523 360 541 402
1059 356 1184 527 1038 427 1260 571 637 379 681 406 684 354 731 449 867 380 888 417 522 369 541 409 692 417 747 475
680 352 728 454 1061 355 1186 534 633 379 681 407 1046 424 1261 571 521 369 539 410 867 380 887 416 878 378 903 422 669 421 743 476 0 546 1279 701
674 351 724 458 1082 355 1202 527 520 370 538 411 630 379 678 409 878 378 903 423 665 423 738 476 709 360 773 435 1053 422 1258 569 798 377 834 405
666 361 727 466 1084 355 1206 529 626 379 674 410 520 370 537 411 879 379 905 423 661 421 733 476 708 359 774 433 1055 423 1258 568 801 378 834 404
1088 357 1210 530 882 379 908 422 519 368 536 411 1059 421 1256 568 802 378 836 405 629 381 666 409 654 364 710 464 657 418 730 475 629 217 658 235
1092 357 1213 528 646 361 706 465 517 368 535 412 886 379 912 421 1062 423 1258 569 642 418 717 478 804 378 837 405 613 382 652 411 0 544 1279 698
705 362 778 428 1094 358 1216 530 606 381 649 413 636 419 710 477 1067 422 1256 569 514 368 534 411 889 380 914 420 805 379 839 406 639 366 702 466 629 211 657 229
1094 356 1219 533 1068 423 1255 568 628 351 681 456 513 368 533 411 888 379 911 419 604 381 641 413 807 381 840 406 902 376 926 425 630 210 657 227
1094 353 1225 539 904 376 928 424 612 417 696 478 1068 440 1273 591 810 380 842 406 889 380 910 418 624 353 678 451
1077 348 1240 538 908 376 932 424 595 353 658 450 811 379 844 407 891 379 910 418 1070 441 1269 588
709 361 787 436 1081 346 1243 540 911 376 937 423 584 335 664 468 499 365 520 411 586 413 674 480
709 360 789 435 1082 346 1245 541 912 376 936 422 573 336 656 468 497 366 517 410
712 359 792 434 1084 346 1248 539 910 376 933 421 495 365 515 411 927 374 953 427
715 360 793 433 1086 347 1251 535 929 374 955 426 908 376 929 420
719 359 795 432 1089 346 1255 531 560 367 646 423 522 353 609 475 933 375 958 424 1074 434 1271 596 910 377 930 420
1091 347 1257 530 1073 433 1274 598 559 368 641 424 937 375 962 424 507 337 599 469
1092 346 1259 532 1073 433 1276 600 524 363 631 433 936 374 959 425 479 334 565 468
1093 346 1259 536 727 358 803 430 1072 435 1275 600 464 331 553 470 499 359 614 437 934 375 957 425 640 172 659 193
729 359 803 430 1092 345 1259 539 495 360 611 435 1072 436 1275 600 435 327 521 474 640 168 660 191 947 373 992 439 931 376 955 425
730 359 805 430 1091 343 1260 538 418 328 509 474 1072 438 1274 599 465 358 599 436 638 164 661 188 950 374 997 439
731 359 809 431 1090 342 1259 535 1072 436 1274 600 378 327 468 472 463 358 592 437 635 160 661 182
733 359 811 432 1088 343 1257 537 1070 436 1274 600 343 326 421 474 377 350 558 448
734 360 811 432 330 322 411 482 1083 344 1256 539 1067 434 1275 600 368 352 558 445
735 361 810 432 1078 345 1253 540 1063 434 1275 600 297 351 530 452 284 328 373 476
1071 346 1249 541 736 364 811 431 274 322 365 478 1058 433 1274 599 305 349 519 453
1065 346 1241 540 736 365 812 430 1052 430 1274 600
1059 346 1233 539 11 332 438 511 1043 429 1273 601 183 317 264 479 615 133 652 167
1056 346 1226 536 1036 428 1275 603 11 329 415 511 439 363 465 424
1040 344 1206 538 1028 430 1275 601
1033 345 1200 532 1023 424 1264 570 416 355 453 431
1026 349 1191 525 1004 422 1234 566 411 355 448 433 716 382 741 403
1020 350 1182 523 999 424 1237 565 409 355 444 433 716 382 742 403
739 365 807 434 1037 348 1163 532 995 419 1232 567 406 354 444 435 717 383 741 402
739 365 806 434 991 412 1218 570 1030 346 1156 534 390 354 428 433
738 365 806 434 985 408 1206 573 1009 342 1138 541 384 353 422 434
738 362 806 433 981 409 1200 572 1007 345 1135 537 380 352 419 436
738 361 805 431 967 404 1170 575 1001 348 1128 534 369 350 407 434
738 360 803 430 961 410 1161 573 993 351 1120 531 362 348 401 437
737 360 802 429 957 413 1150 571 356 345 393 439 968 351 1082 530
956 411 1143 572 344 346 384 438 964 348 1087 532
956 411 1133 572 336 344 378 440
736 364 799 427 959 347 1086 538 330 343 371 443
957 348 1083 537 735 365 798 427 313 343 358 445 940 437 1110 584
955 348 1078 535 734 367 798 426 306 343 352 446 941 437 1105 584
955 350 1074 531 733 366 797 425 288 343 337 447
952 353 1068 527 733 367 796 425 281 341 331 449 1074 372 1119 467
951 355 1063 522 733 369 796 425 1080 372 1122 470 262 337 316 450
