

851 432 993 520 599 372 643 405 784 412 820 442
858 425 997 534 785 407 822 439 600 364 644 393
787 406 824 438 866 427 1016 536 730 402 754 437 600 363 643 391
870 423 1025 535 597 359 646 392 789 403 825 434 729 401 754 435 669 295 690 312
878 426 1039 541 596 357 646 392 732 403 757 435 791 405 824 433 670 293 690 309 768 392 785 410
885 428 1052 544 732 404 756 436 596 359 644 393 791 406 823 433 669 294 689 311
889 430 1064 553 732 405 757 438 595 357 644 394 794 405 836 438 669 291 689 309
898 432 1084 560 732 406 756 441 794 408 837 442 594 361 641 398
902 430 1097 568 796 404 840 440 734 405 759 439 592 354 643 394 666 289 686 307
909 429 1116 573 798 402 841 439 736 404 760 439 586 354 639 394 666 289 686 307
799 400 842 435 736 403 762 437 912 435 1136 590 584 352 639 393 768 389 787 408 665 287 686 304 644 239 669 257
929 435 1179 603 582 355 637 396 799 402 842 437 736 404 762 439 663 289 684 307 642 241 667 258 767 391 787 411
800 402 845 437 580 353 635 393 737 403 764 439 941 440 1194 613 766 390 788 410 663 286 684 304 643 236 666 254
963 440 1240 647 802 405 846 441 738 403 765 442 575 349 633 398 663 288 683 305 642 234 666 252
975 445 1259 664 802 407 847 441 572 350 631 398 661 289 681 306 640 234 664 251
997 456 1272 681 803 410 848 446 569 356 628 402 739 403 765 445 636 236 662 253 659 295 679 312 738 425 763 455
1025 456 1274 694 567 350 628 397 806 406 851 440 740 403 767 443
565 352 626 400 1047 456 1273 717 741 403 768 444 809 409 848 441 740 425 766 455
1061 459 1274 717 740 401 768 443 739 426 766 459 564 351 624 400 635 219 659 240
739 423 767 462 556 349 619 405 739 402 768 445 1070 459 1279 714 810 424 850 453
555 349 618 405 738 424 768 463 1109 456 1279 713
554 341 617 400 741 401 771 445 819 405 866 441
548 341 616 400
547 335 610 392 740 401 772 446 812 394 875 446 740 364 778 438
542 342 606 398 740 420 770 461
536 341 602 399
533 342 603 401 739 417 771 465
522 336 595 393 813 395 888 448 738 402 772 450 645 269 664 286 612 193 636 212
516 336 593 394 812 396 890 451 740 419 772 462 645 266 667 284
511 336 588 396 738 421 772 465 644 267 666 285
813 414 891 471 506 338 585 407 736 384 776 465 734 423 770 474
493 337 578 407 814 415 892 473 735 382 776 465 733 424 770 474
490 333 577 406 735 380 778 467 829 418 909 475 734 422 771 475
484 332 575 402 828 415 911 475 737 378 780 468 735 422 772 476
826 418 914 477 735 381 780 468 480 334 571 405
827 421 916 483 457 335 559 407 733 381 780 471 728 426 772 498
830 419 919 483 452 329 555 405 733 375 780 472 728 425 772 497
448 323 552 403 734 372 783 474 833 417 922 487 729 426 774 500 316 281 352 303
448 312 546 398 733 372 784 475 846 418 935 487 729 426 775 499 314 280 351 302
847 427 938 500 429 311 537 400 728 429 775 505 732 377 785 478 314 279 349 302 243 263 280 288
423 305 533 399 847 427 942 501 727 393 781 495 237 260 277 286 313 278 347 300
848 431 947 507 727 389 782 496 403 306 520 397 235 258 274 284 311 277 345 300 290 269 327 294 220 256 258 279 271 266 301 289
851 432 951 509 396 303 519 396 725 389 782 497 233 256 273 283 290 268 329 292 269 265 302 289
381 288 524 395 865 434 966 515 724 431 778 517 716 375 794 509 292 261 330 287
376 275 523 384 868 432 974 521 720 369 798 510 726 429 781 522
730 362 810 507 375 263 529 374 866 449 983 527
380 234 543 344
379 228 558 344 777 322 860 463
370 209 561 346 965 408 1080 487 784 320 868 464
358 202 560 353 785 353 870 492 962 412 1087 487 1071 438 1171 503
351 172 557 337 986 383 1130 488 802 299 894 467 1117 405 1216 482
318 174 529 327 994 367 1136 476 798 281 898 473
989 368 1138 482
244 198 501 363 975 366 1152 487
239 205 506 371 1076 381 1231 498 817 287 915 466 818 385 909 550
1053 381 1244 492 820 283 915 469 820 386 911 548
64 235 432 444 989 333 1227 436 724 238 832 445 752 377 861 558
74 220 398 427 1005 315 1206 441 710 227 835 452 698 350 855 548
38 219 415 428 986 322 1229 433 714 219 816 444
2 217 303 431 884 270 1154 392
0 165 179 431 897 269 1138 386 532 338 715 618 531 166 699 493
3 164 213 412 558 357 748 615 538 171 696 498
558 365 752 629 1 145 226 411 556 177 754 506 993 315 1234 485
986 350 1251 490 565 163 757 515
367 147 584 529 953 318 1260 532 416 318 611 663
412 368 621 672 394 135 623 539 957 336 1264 554
992 360 1257 574 382 134 673 538 418 365 639 682
2 152 105 307 398 135 703 537 411 384 689 691
2 103 114 287 392 88 746 648 410 391 707 703 187 118 235 145 144 112 182 137 241 134 281 163
410 78 807 672 2 86 115 306 1154 477 1276 684 410 415 721 712 241 137 285 165 183 118 237 145
404 79 824 684 3 124 113 332 1169 496 1277 680 407 434 722 714
389 64 834 702 4 135 109 329
362 49 851 708 238 212 282 241
283 0 826 719 235 211 287 240 1202 487 1279 563
261 0 859 719
222 0 872 719
220 0 883 719 208 142 267 167
207 0 1075 719
216 0 1080 719
309 0 1178 719
330 0 1175 719
424 0 1186 719
446 0 1169 716
425 8 1099 707
425 23 1087 704 457 181 565 223
425 31 1073 704 557 216 603 242
419 30 1045 717
422 36 1010 717
396 28 921 712 327 325 427 374
394 14 888 714 317 329 405 366
393 3 859 719 308 332 401 366
393 15 837 719
395 38 837 719
383 60 852 719 257 375 367 408 382 379 420 404
364 62 872 719 637 413 1010 686 339 362 380 386
352 48 885 719 638 407 1006 687
357 32 887 717
373 18 883 717 211 313 260 339 234 314 279 339 108 306 211 340
