

667 482 685 510 848 452 890 537 470 472 521 501 1019 444 1098 590 693 479 709 505
667 481 686 510 849 450 894 539 460 474 516 501 1041 443 1101 546
849 448 897 540 456 472 517 503 666 481 686 510
453 471 515 504 848 446 900 544 666 480 686 509
449 470 512 505 849 446 903 545 1059 438 1131 598 665 478 686 508
1068 438 1141 600 443 469 510 505 851 447 906 546 664 478 685 508
1076 438 1154 598 869 451 914 543 663 478 685 508
872 450 917 543 664 477 685 508 1081 437 1163 599
416 462 498 512 874 448 921 544 664 475 684 508
406 461 495 515 875 446 926 545 664 474 684 508 647 476 663 501 1116 437 1176 556
398 458 496 517 664 475 686 507 876 445 928 546 1112 427 1192 576
377 457 485 522 664 476 688 508 894 447 938 545 1121 424 1205 578
664 477 689 508 897 447 943 547
337 451 468 530 901 443 948 551 664 477 688 510
311 451 454 534 904 441 951 554 663 477 688 510 846 463 886 542
267 449 479 545 663 478 688 510
664 479 689 511 925 440 971 553
665 479 689 511 648 479 668 508 929 441 977 555
647 478 669 507 665 478 689 511
648 478 669 508 61 409 425 634 664 477 688 511
16 400 277 655 648 479 670 509
648 479 669 511
648 479 669 513

658 479 689 512
655 479 690 512 610 480 646 502
610 481 644 503 656 479 689 512
611 482 643 502 648 482 668 515 659 480 688 512 689 482 715 517
648 483 668 515 612 483 642 502 660 481 689 511 689 482 714 518
647 483 667 516 611 483 642 503 690 482 713 519
647 482 667 517 692 482 713 520 611 483 642 503 809 470 848 540 717 479 741 520
811 470 851 540 610 482 644 503 692 482 714 519
609 481 646 503 693 482 715 518 734 480 755 520 811 468 854 541
610 480 647 503 661 483 692 509 736 479 755 519 693 482 715 517 821 469 861 540
609 481 647 504 736 479 755 518 694 481 715 518 662 482 691 508 823 469 862 540
610 481 646 503 694 480 714 517 826 469 866 541 736 478 757 519 1103 432 1185 606
610 480 645 502 829 469 870 541 1107 427 1202 607 694 480 714 517 735 477 758 518
610 480 643 501 832 469 874 541 735 475 759 518
611 480 643 500 835 467 877 541 736 475 760 517
611 480 641 500 738 475 760 517
611 480 640 500 663 483 689 506 740 476 761 518 846 467 887 542
611 480 638 500 849 466 890 543 741 477 762 519
611 481 638 501 852 466 895 543 741 478 763 520
611 481 638 501 857 466 899 543 742 479 763 519
611 481 638 501 859 466 904 543
611 482 637 502 867 467 912 542
611 482 638 502 869 466 914 543
611 482 638 502 874 465 920 544
611 481 638 502 663 481 683 510 763 472 787 525 879 465 927 545
662 479 683 512 611 480 637 501 764 470 789 526
662 477 682 513 765 467 790 527 715 478 734 517 610 479 637 501
663 477 683 514 765 469 790 527 610 479 637 500
663 477 684 511 611 479 638 500
635 477 672 507 611 478 637 498 683 473 722 503
634 476 674 506 682 472 723 502 612 478 638 497
664 474 685 507 636 475 673 505 612 477 639 497 683 471 721 502
664 473 685 508 613 476 640 497
663 472 685 509 613 476 642 498
662 472 685 510
664 474 687 510 614 476 643 499
666 476 689 509 615 476 642 499
615 477 643 500 788 419 1040 548
664 477 692 510 615 478 643 501 789 418 1044 549
789 417 1047 544 615 477 645 502 632 476 671 507
787 415 1052 542 629 475 672 508 615 477 645 502
781 416 1060 540 515 466 553 484 629 474 671 506 744 471 761 512
779 419 1064 539 515 466 553 482 745 469 763 511 705 470 745 504 630 473 668 504
513 465 552 482 779 421 1065 537 746 470 764 510 707 472 744 504 632 474 665 503 617 474 647 499
513 465 549 483 633 476 665 504 617 475 645 499
511 462 546 482 807 420 1092 541
511 462 545 481
509 463 545 482
510 466 545 485 633 475 668 506 617 476 646 501
616 477 646 504 656 466 736 521 635 476 667 507
657 467 738 523 616 477 646 504 637 477 667 508
615 477 646 504 637 477 669 509
615 477 646 504 636 476 670 509
635 475 672 509 615 477 646 504 848 457 893 541 481 475 530 499
615 478 645 504 851 457 898 541 635 474 672 509
616 478 645 504 633 474 671 510 472 475 525 500 655 474 690 513 855 458 903 544
681 464 768 531 617 479 646 505 655 474 692 515
682 464 773 532 618 478 647 504 655 474 692 515 457 475 518 502 630 474 667 509 875 455 921 550
682 463 777 532 454 473 516 503 656 473 693 516 618 477 646 504 879 454 926 550 629 473 667 509
679 463 783 533 447 471 512 504 657 474 694 516 618 477 647 504 894 454 939 549 628 472 667 509
693 463 800 538 658 474 696 516 618 477 648 504 898 453 947 551 440 469 509 505 627 473 667 509
691 462 806 540 617 477 649 505 659 475 697 516 628 474 666 508 815 347 1127 528
693 461 807 540 420 467 502 515 817 347 1125 532 617 477 648 504 628 474 667 508 659 474 698 517 917 462 965 565
412 465 499 518 694 460 808 539 628 473 668 508 823 408 1106 536 922 465 971 566 617 477 646 503 669 471 721 525
402 465 497 522 627 473 669 507 668 472 723 525 698 459 808 539 484 459 532 489 824 352 1199 533
384 464 479 527 668 474 726 526 628 473 670 509 943 460 998 571 831 353 1186 533
376 464 476 530 670 473 729 528 627 473 671 510 720 469 838 561 473 450 527 502 946 461 1003 571
351 460 466 536 665 471 740 528 723 462 867 566 628 473 673 511 469 450 525 503 615 477 642 506
339 460 465 539 723 462 880 567 666 470 744 529 629 473 673 510 921 453 963 550 615 477 642 505
313 457 455 545 724 462 895 569 925 453 970 550 678 470 759 531 630 474 673 508 794 463 849 571 991 453 1046 579 615 477 641 503
282 455 454 548 728 459 905 571 678 470 760 533 630 475 673 507 798 464 854 570 929 453 976 551 995 455 1052 578
680 470 764 535 731 456 914 577 628 475 673 507 435 447 522 505 946 455 987 550 616 478 644 502
681 470 769 536 751 452 943 585 203 454 425 567 626 476 673 508 950 459 997 566 616 478 645 503 819 465 880 572
683 469 776 536 148 446 397 580 410 443 504 513 756 451 959 590 626 476 672 508 1039 451 1098 587 968 456 1014 572 615 479 645 504
