

531 370 762 557 277 394 441 496 778 376 835 413
532 369 761 557 270 395 438 499 779 376 834 413
533 368 760 557 266 396 433 502 781 377 833 412
534 368 759 557 251 399 424 504 783 378 833 411 514 395 538 413
242 396 422 507 534 368 759 557 783 379 832 410 514 395 539 413
228 394 416 510 535 369 758 556 782 379 833 411 444 399 461 428 512 396 540 414
212 393 410 512 537 369 756 555 782 379 834 411 445 399 462 428 511 396 540 414 493 394 525 413
538 359 755 549 201 393 405 514 790 381 841 410 446 400 463 428 511 396 540 414 493 394 525 413
538 360 754 549 181 393 396 516 791 381 842 410 447 400 464 429 512 396 540 414 493 394 525 413
538 360 753 548 165 395 397 527 792 381 841 411 447 401 465 429 494 394 524 413 513 396 540 414
148 394 391 531 540 361 751 548 791 381 843 411 513 396 540 414 494 394 523 413
542 360 750 547 131 393 385 538 792 380 843 410 515 396 539 414 495 394 522 413
544 360 749 547 97 394 358 543 792 379 844 410
544 360 749 546 71 394 357 550 793 379 844 409
545 361 749 544 55 381 356 571 793 378 844 410
546 362 748 542 27 385 325 582 795 378 846 410 464 398 484 431 517 395 539 414
547 364 747 540 11 388 313 589 796 377 847 410 466 399 486 430 516 396 539 414
548 364 747 538 0 392 295 596 797 377 848 410 469 399 488 430 515 396 539 414
548 365 747 536 0 395 276 600 797 377 848 410 471 400 489 429 515 396 539 414
550 365 746 535 0 398 258 645 798 377 849 410 473 400 490 429 514 396 540 414
551 365 745 533 0 388 223 670 799 377 849 409
553 364 744 530 0 383 209 682 800 377 850 409 1069 383 1122 450
554 365 744 528 0 383 178 688 799 376 850 409 1071 384 1126 450
555 366 744 526 799 375 852 409 3 376 149 692 1073 384 1130 451
557 366 743 525 799 375 855 410 1 407 68 660
557 366 743 525 800 375 858 410 1 407 54 664
557 367 742 525 801 375 859 411 745 182 790 204
556 368 741 525 802 375 860 412 745 179 792 204 1093 384 1152 455
557 369 741 523 803 375 860 413 497 398 520 430 1096 384 1157 455
557 370 740 523 804 375 859 414 1107 380 1168 457
559 369 739 522 805 375 858 414 1110 380 1171 456
561 369 737 521 805 375 859 414 1113 380 1176 455
562 370 736 519 805 375 858 414
563 371 736 518 805 376 859 414 1122 380 1217 458
563 372 737 518 814 376 867 411 1125 378 1217 459 521 390 538 418
563 372 737 517 812 376 869 411 1131 377 1216 458 523 390 540 417
564 372 736 516 811 376 871 411 1138 374 1241 462 521 400 544 430 521 389 542 417
565 372 735 515 812 375 873 411 1143 372 1237 462 749 158 809 186
567 372 734 513 1147 372 1241 461 813 375 873 410 750 156 809 184
568 370 734 511 814 375 873 410 1157 360 1258 476 751 152 809 182
569 370 733 508 815 373 874 410 1160 374 1269 463
570 369 732 506 1166 375 1269 461 816 371 876 410
571 370 731 504 1171 375 1272 461 815 369 878 410
571 370 730 503 816 368 879 410 1176 374 1275 461 773 139 819 170
571 369 729 502 816 368 880 410 769 136 822 167 1188 372 1279 463
571 369 729 501 817 367 881 411 765 134 825 164 1193 371 1279 461
571 369 729 499 1197 338 1278 467 818 367 881 411 763 131 827 162 490 387 530 412
572 369 729 498 819 367 883 411 1212 363 1279 467 762 127 830 160 490 388 531 412 891 376 905 404
573 369 729 496 1216 364 1279 469 819 367 885 412 763 124 833 159 490 388 531 412
574 368 730 496 1221 367 1279 468 820 368 888 412 769 119 831 152
574 368 730 496 820 368 888 413 768 117 834 152
575 368 731 496 817 368 889 415 768 114 836 150
576 369 731 496 818 368 890 414 768 109 847 150 491 387 531 413
577 369 730 496 819 368 891 414 769 107 848 147 491 388 531 413
577 369 730 496 820 367 892 415 771 105 848 144 1014 340 1111 537 490 389 530 413 1041 385 1148 575
578 369 729 496 775 102 854 139 821 367 893 416 492 390 529 414 1004 340 1097 527
579 370 729 496 776 99 855 137 821 368 893 417 493 391 528 416
581 371 729 495 828 370 901 415 778 95 857 135 927 370 1009 517 494 392 528 417 674 315 685 335
581 371 729 495 828 371 900 415 781 90 860 132 494 392 529 418 674 315 685 335
581 371 729 495 783 88 864 131 493 392 529 418 840 373 894 411 674 315 685 334
579 371 730 495 785 86 868 128 491 392 529 418 877 395 927 496 847 375 890 411
578 370 729 494 787 84 871 126 865 396 925 496 490 392 529 418
578 370 729 494 790 81 873 122 490 392 528 419 854 402 906 491
578 369 729 494 792 76 874 119 846 403 900 488 490 392 528 419 200 412 281 468
577 369 731 495 793 72 876 117 198 412 279 468 491 393 527 419 833 380 877 471
577 370 732 495 828 379 874 473 794 67 884 115 196 414 277 468 492 393 527 419
577 371 732 494 796 61 887 110 823 380 866 471 193 415 275 468 495 398 528 423
577 372 730 495 798 58 891 107 852 374 907 414 189 416 272 469 494 399 527 423
578 373 730 494 802 54 897 102 805 385 850 465 186 417 268 470 850 375 909 416 494 399 527 424
578 374 731 494 806 49 900 98 800 388 844 464 841 373 916 422 183 417 265 470 494 398 527 424
579 374 731 494 810 45 902 94 796 388 838 462 174 413 260 471 841 373 917 423 493 398 528 424
580 374 730 495 170 415 259 471 841 374 917 424 493 398 528 423 736 394 762 442 812 42 903 92
580 373 728 495 818 30 912 84 842 374 918 425 166 417 255 471 736 396 763 442 786 387 827 462 492 398 528 423
581 373 727 496 842 374 918 425 818 25 918 79 784 386 824 460 161 418 251 471 492 397 529 423 568 396 591 416
582 374 727 496 844 374 918 426 821 20 922 75 158 418 247 472 491 397 530 423 785 395 817 448 567 396 592 415
582 373 727 496 851 374 929 425 490 397 530 424 157 418 245 473 783 395 813 448 566 397 591 415 825 16 926 72 938 382 953 413
582 373 727 496 852 375 930 425 490 396 530 424 146 417 235 475 564 396 590 414 3 429 83 505
582 372 727 496 853 376 932 426 142 418 233 476 757 386 806 454 489 396 529 424 563 396 589 414 1 430 77 506 832 1 932 59 940 382 956 413
582 373 727 497 854 376 933 426 137 418 231 477 488 396 528 424 563 396 589 414 840 0 940 53 941 381 957 413 2 427 64 508
581 374 726 497 854 376 935 426 840 0 947 47 488 396 526 425 133 418 227 477 562 397 587 414 942 381 958 413 1 428 59 509
580 375 724 496 855 376 936 426 488 395 525 426 562 397 586 415 123 418 209 478 842 0 953 42 934 138 971 227
580 375 723 496 855 377 938 427 119 418 210 480 489 395 525 427 561 397 584 415 936 137 974 226
580 374 724 496 856 377 938 427 115 417 211 482 491 395 524 428 562 397 583 415
580 374 725 496 856 377 939 428 111 419 207 483 784 401 812 446
579 374 725 495 855 377 939 430 786 400 816 446 107 419 201 483
853 377 941 431 578 373 723 494 494 400 515 430 94 420 186 485 789 403 819 446 405 399 456 425
578 374 721 493 855 376 942 431 91 417 186 485 493 400 514 428 406 399 456 424
578 373 718 492 859 376 943 429 84 417 184 485 405 398 455 424
578 373 716 492 864 375 943 427 80 416 181 485 404 397 454 425
579 371 715 491 866 373 944 426 66 414 163 487 402 396 453 425
579 370 714 490 866 371 945 426 63 413 165 487 486 391 520 421 543 396 568 414
577 371 713 488 874 370 955 426 58 415 164 485 482 391 521 421 542 395 567 414
576 373 713 486 876 370 956 426 480 390 522 422 53 418 161 484 540 393 565 413 401 392 452 419
574 375 713 484 876 369 957 426 477 390 523 422 41 416 137 484 539 392 565 413 399 392 455 419
563 376 709 481 876 367 957 425 37 414 141 485 477 389 523 421 398 391 455 419 540 391 565 412
563 374 707 481 875 365 957 424 474 387 525 421 33 413 139 484 397 389 455 418
564 371 706 481 875 363 958 422 473 386 525 419 398 388 454 417 394 238 420 259
564 370 704 483 875 363 960 422 470 386 526 418 394 237 419 257 401 388 453 416
