

505 396 523 451 0 371 213 612 334 382 385 443 533 392 563 414
505 395 523 454 0 370 205 615 330 381 383 447 512 398 530 442
0 367 183 620 505 395 523 455 324 382 380 448
1 369 172 621 505 395 522 454 319 382 378 451
0 370 159 621 505 395 522 454 290 381 377 451
0 375 135 621 289 382 377 452 504 394 522 454 720 381 773 468
0 371 123 625 288 384 376 452 503 393 522 455 540 402 573 437 722 382 774 468
287 385 375 452 501 394 521 455 0 374 110 621 541 403 572 437 639 393 667 453 726 382 775 468
287 385 373 452 0 376 80 617 500 396 520 454 543 404 570 436 638 394 667 452 729 382 776 469
285 385 371 452 499 397 519 452 0 410 65 632 639 396 668 452 731 381 777 470
283 385 370 452 497 396 517 452 733 381 778 470
255 383 367 456 497 395 516 452
259 383 363 455 496 394 515 453
262 383 359 454 495 393 514 452
488 385 517 472 258 382 355 453 733 364 804 391 740 380 793 472
487 383 516 474 213 375 356 456 743 378 794 474 737 363 806 389
486 382 514 475 215 372 352 456 745 376 795 476 740 360 810 387
484 380 511 475 218 371 350 456 742 356 815 384 748 375 796 477
483 379 509 474 215 370 347 457 751 372 799 479 745 353 818 382 962 443 1152 615
481 377 508 477 754 370 802 481
481 374 507 480 703 391 759 450 755 366 804 483
478 372 501 480 190 361 332 447 545 390 575 491
476 370 500 479 187 362 331 448 544 390 574 491
184 361 327 449 473 369 499 477
182 361 323 450 469 369 497 474 761 347 836 500
183 362 320 448 465 370 496 473 766 359 825 481
153 354 319 448 462 370 494 473 765 343 838 499 182 371 223 464
768 341 842 502 148 354 317 449 459 369 490 475 168 368 209 467
774 341 848 506 457 368 487 478 142 354 313 451 164 367 206 469 658 372 689 470
779 341 853 506 152 372 315 453 455 368 484 476 159 365 202 471 660 372 690 470
125 351 305 453 785 343 856 507 450 368 479 469 156 362 200 474 660 372 691 470 113 352 160 478
790 341 859 513 117 351 302 453 446 371 477 462 660 374 692 468 535 392 574 496
793 339 862 520 441 372 475 458 535 391 575 498
795 340 865 527 436 373 474 457 537 394 575 500 90 352 136 481 133 361 182 477
795 344 866 529 434 373 471 461 85 354 130 482 539 392 575 500 130 361 179 479 799 332 885 371 661 378 693 468
804 332 889 370 430 372 467 464 540 391 574 501 808 350 879 536 661 377 692 468 86 358 131 481
813 352 880 545 810 332 893 370 111 364 160 483 64 353 108 485 540 390 573 501 661 377 692 466 417 374 455 468
818 351 883 551 105 364 154 485 416 375 456 468 95 369 271 465 57 354 102 486 813 331 899 370 541 394 573 502 661 377 692 466
820 349 887 555 88 373 270 467 411 375 453 468 821 331 912 368 101 365 153 487 540 394 573 503 47 359 89 482 667 382 690 455
825 347 894 556 84 375 267 467 403 374 449 470 87 365 138 490 39 359 84 488 826 330 915 368 539 391 572 505
830 347 901 555 79 376 263 469 80 365 132 493 538 387 570 506 831 329 922 369 398 373 446 471 33 359 79 490
835 347 907 554 73 378 260 469 388 373 436 472 537 387 568 506 69 366 117 493 20 362 64 490 839 329 943 367
838 346 913 553 70 380 257 469 384 373 434 470 66 364 113 495 844 328 944 366 536 391 569 506 14 361 59 492 386 427 428 503
71 381 254 470 842 358 916 573 378 373 430 473 849 325 949 367 60 371 107 504 536 394 569 505 8 364 56 489
858 351 932 585 79 380 240 466 42 374 91 505 853 322 955 368 497 397 518 434 361 376 413 470
866 347 938 592 41 367 89 512 354 376 411 474 66 384 252 472 356 432 404 508 496 398 516 435 863 322 968 368 0 371 26 514
873 349 947 588 33 379 233 478 38 369 84 513 865 320 976 368 348 374 405 476 496 398 513 433 666 392 695 452
881 350 957 591 30 378 231 479 866 317 986 370 397 378 448 432 494 398 511 432
887 352 965 593 25 378 226 479 15 374 60 511 398 378 449 433 881 315 1003 368 536 396 566 506 299 366 376 505
27 379 221 478 899 343 984 603 885 313 1011 370 534 395 566 506 295 368 373 507 8 376 57 514 399 378 451 433 969 432 1265 643
905 344 991 607 25 379 218 476 281 369 364 508 533 394 566 506 893 314 1013 369 976 431 1268 643 4 378 55 517 399 377 452 432
915 344 1005 612 21 377 213 475 533 396 566 505 989 427 1268 645 909 309 1030 353 266 365 353 511 401 375 454 430 1 371 33 517
16 376 207 477 925 342 1016 615 1001 421 1268 649 228 358 328 514 403 375 456 429
943 334 1037 622 12 373 202 479 213 352 318 518 1049 403 1268 664 932 302 1060 349 406 374 457 428
950 334 1043 621 1052 403 1270 665 934 298 1069 348 407 374 458 428
959 334 1056 620 1058 403 1271 664
968 330 1061 620 1068 403 1271 661 966 289 1121 345
996 329 1095 633 969 277 1128 333 667 386 702 469
995 316 1117 648 987 274 1148 331 668 385 701 470
1011 322 1099 637 988 271 1158 327 668 384 702 471
1012 270 1181 325 1040 309 1165 661 667 382 703 471 1019 317 1097 634
1055 304 1173 668 1035 266 1199 321 1024 307 1094 638
1059 306 1181 668 4 366 141 496 1040 264 1207 319 675 385 712 465
1089 299 1214 673 1056 254 1243 340 535 414 561 517
1088 299 1223 669 1064 249 1259 335 535 416 560 517 674 387 712 467
1136 306 1261 663 534 418 560 518 1100 245 1277 306 673 386 712 469
1111 241 1277 304 673 385 713 471 604 375 693 463 534 418 560 518 1135 305 1268 660
673 383 713 474 604 373 693 465 1126 234 1273 305 423 376 477 434 534 418 560 517
603 373 694 467 675 381 715 475 423 376 479 435
602 373 696 470 676 380 716 475 418 377 494 434
601 371 696 472 535 417 561 516 677 377 717 475
601 373 697 471 535 417 562 515 676 378 718 474
340 320 489 434
341 318 486 433
580 358 729 480 338 318 485 433
579 354 731 479 335 317 484 434 681 374 724 479
577 352 730 479 683 374 726 477 339 361 473 433
578 352 730 477 684 375 727 477 341 360 472 432
579 353 726 475 684 376 727 477 339 360 472 431 652 214 697 293
582 353 725 474 686 375 727 478 341 359 470 431 532 414 559 512
583 352 724 474 688 373 726 480 342 358 469 431 531 414 559 511
584 352 725 475 688 372 727 481 343 357 470 432 530 415 558 510
585 351 727 477 687 370 728 482 339 317 482 433 763 377 785 424 529 402 562 498
339 317 479 434 585 349 729 480 686 369 729 484 523 404 554 500
338 318 478 435 584 333 725 472 687 368 730 485 523 405 554 501
585 347 729 482 687 367 730 487 336 320 478 435 522 403 554 502 1053 444 1270 624
582 332 725 474 687 366 730 488 335 319 479 435 522 401 553 503 1049 443 1272 627
686 365 730 490 582 329 726 476 522 397 552 505 335 317 479 436
685 365 730 492 581 328 725 477 335 317 480 438 522 396 551 507
580 328 725 477 334 318 481 439 685 366 729 491 522 394 550 508
581 328 727 477 333 320 482 439 684 365 729 491
583 325 729 479 331 321 481 437 684 365 729 490 1067 448 1252 625
584 324 730 479 684 364 729 490 332 322 482 434 1075 448 1251 619 519 416 550 515
584 324 728 479 683 366 728 489 333 322 482 430 516 417 550 512 1078 447 1255 617
582 327 725 475 683 368 729 487 332 327 482 429 514 418 549 513 1116 447 1273 616 781 374 808 423
582 328 725 473 681 378 727 499 343 355 476 434 782 374 810 423 1118 446 1274 620 515 419 549 517
581 329 727 473 680 379 727 500 344 356 478 435 784 375 812 423 1122 445 1276 623 514 419 549 517
582 327 732 475 345 356 477 435 680 377 726 503 785 375 813 423 1125 445 1278 623
