

662 613 703 714 751 613 800 658 703 620 750 644 597 621 626 659 210 651 347 719 910 626 945 670
661 610 703 714 751 613 798 658 703 619 751 646 597 622 625 659 189 634 358 719 333 635 431 708
661 594 706 706 751 612 797 659 705 618 752 647 596 623 624 660 333 635 431 709 186 634 354 719
660 608 704 715 751 613 798 659 707 618 750 647 596 623 624 660 334 635 431 709 184 633 349 719
661 608 702 714 751 612 798 659 597 623 624 660 709 614 751 641 182 632 343 719 336 635 431 710
661 598 703 704 751 612 798 659 597 622 624 660 333 634 430 710 179 630 340 719 709 614 752 640
662 597 703 704 751 612 797 659 597 622 624 660 331 633 429 710 176 628 339 719
662 596 703 704 750 611 798 659 597 621 624 660 328 631 428 710 176 626 336 719
662 594 703 705 596 620 623 659 750 610 800 658 177 624 332 719 328 630 426 709
661 592 703 706 594 618 622 657 750 610 805 658 177 624 331 719 328 629 424 708
660 591 703 707 593 617 621 656 750 610 803 658 175 623 331 719
658 591 704 707 593 617 620 655 751 609 806 657 173 623 333 719 304 627 413 705
657 590 705 708 591 617 620 655 752 608 807 657 158 630 322 719 302 627 414 706
657 589 706 710 590 617 620 654 752 608 808 657 157 630 322 719 301 627 415 706
657 586 707 710 590 616 621 654 753 607 808 657 155 631 321 719 301 629 414 706 16 554 201 702
658 585 707 711 592 617 622 654 754 607 808 657 153 632 320 719 303 630 412 705
657 582 708 715 593 617 622 654 150 632 319 719 754 607 808 657 302 631 411 706
658 581 709 719 593 618 622 653 146 631 319 719 754 607 807 657 303 631 410 706
657 582 712 719 594 619 622 653 142 629 318 719 753 607 807 658 301 631 410 706
657 583 712 719 593 619 621 653 137 629 317 719 753 607 807 657 302 632 408 707
657 584 711 719 592 618 619 653 132 630 315 719 753 607 807 657 302 631 408 708
658 583 709 719 591 617 618 653 129 631 314 719 303 631 408 709 752 610 805 656
659 582 708 718 590 617 618 653 127 632 311 719 305 632 408 709
657 581 707 718 590 617 618 654 126 631 308 719
655 579 706 717 590 617 617 653 124 630 305 719
653 579 706 717 122 628 303 719 590 616 616 652
652 580 706 717 590 616 616 650 121 627 301 719
651 577 707 715 590 616 616 650 121 625 297 719
652 573 706 716 590 616 616 650 121 624 293 719
651 568 705 719 590 616 617 651 121 622 289 719
641 565 708 719 120 622 287 719 590 616 616 651
639 565 709 719 119 620 287 719 590 617 615 650
640 565 710 719 102 626 280 719 591 610 616 642
640 565 710 719 99 624 280 719 590 609 615 641
640 563 709 719 97 624 281 718 589 610 614 641
641 560 708 719 96 625 280 719 588 609 614 641
641 558 708 719 588 608 613 641 746 598 799 650 95 627 277 719
640 556 709 719 0 506 132 719 587 608 613 641 746 597 799 650 92 629 274 719
639 557 711 719 588 608 613 641 11 513 143 718 141 650 273 719 273 627 389 703
638 556 714 719 589 609 613 640 32 527 208 715 277 627 388 704
639 554 716 719 589 609 613 640 77 541 260 717 279 627 387 705
638 550 718 719 90 533 259 719 590 609 613 640 278 627 387 706
637 550 720 719 589 609 614 640 99 539 265 716 277 628 387 706
636 548 722 719 153 541 279 718 589 609 615 640 279 628 388 706
636 548 724 719 589 609 616 640 172 546 285 713 283 629 388 707
635 546 725 719 207 551 327 718 589 610 616 640 287 631 388 708
631 545 723 718 224 553 337 717 590 611 616 639
630 543 721 719 252 553 369 717 591 611 615 639 86 617 273 719 748 595 800 648
630 540 720 719 264 556 375 718 80 617 283 718 591 610 615 639
631 538 720 719 280 561 382 717 80 619 281 717 591 610 615 639
630 538 726 717 290 565 384 718 80 619 277 717 588 619 614 648
628 537 733 715 314 569 399 719 83 620 269 718 590 610 615 640
624 534 743 715 327 570 411 719 82 622 268 719 589 609 616 641 753 598 799 642
621 530 749 715 337 575 426 719 81 622 269 719 590 610 617 641 755 598 800 642
630 526 757 714 82 622 270 719 341 579 434 719 592 610 617 641 754 599 800 642
629 526 759 714 366 578 444 719 81 621 271 719 593 611 619 641
613 528 755 719 377 578 453 719 81 621 271 719 754 600 801 643 592 610 620 641
604 531 761 716 399 581 464 709 80 620 270 719
603 522 761 716 81 620 270 719 407 583 468 707 592 610 621 642
627 513 762 712 82 618 269 719 422 582 483 709 591 610 620 643
614 498 778 719 425 581 502 719 85 617 269 719 591 609 620 642
613 493 787 719 86 616 268 719 435 583 514 717 592 609 621 642
607 491 800 719 87 616 267 719 448 587 511 705
599 488 806 719 86 616 267 719
594 487 804 719 86 615 267 719 460 597 540 719
593 485 797 715 477 581 537 707 86 616 269 719 473 651 528 719
597 484 791 715 482 580 541 707 86 616 270 719 481 650 533 718
603 479 789 714 86 617 269 719 492 579 552 701 273 627 388 707
601 466 794 717 497 584 556 698 87 617 269 719 498 649 551 716
86 616 269 719 505 589 561 696 575 448 789 719 237 615 401 711
541 449 853 710 86 615 269 719 236 614 401 710 509 594 560 688
488 431 859 715 86 615 268 719 237 613 400 710
459 398 879 711 85 615 267 719 525 592 577 695 236 611 399 711
384 337 955 719 532 595 581 695 84 616 267 719
404 325 1003 712 536 596 584 695 83 615 268 719
381 271 1041 708 83 615 267 719 540 595 583 694
375 233 1049 719 83 616 267 719
383 192 1029 719 82 614 267 719
370 167 984 719 81 613 267 719
403 109 947 676 81 614 267 719
424 56 929 701 81 615 267 719
425 11 932 718 81 614 267 719
406 0 955 718 82 612 267 719
411 0 1007 715 83 610 267 719
403 0 1039 711 84 612 267 719
408 0 1065 705 84 613 268 719
415 0 1078 704 84 613 268 719
450 5 1035 706 86 614 268 719
86 616 269 719 466 7 989 710
87 616 269 719 235 613 399 709
87 616 269 719 235 613 399 709
89 616 268 719 235 613 399 709
90 616 268 719 234 613 399 709
91 616 269 719 234 613 400 710 591 608 619 643
90 615 270 719 234 614 401 710
88 616 271 719 594 608 617 642 234 615 403 710
88 617 271 719 594 608 618 642 234 615 403 710
88 617 270 718 594 608 622 643 232 615 403 710
