

0 143 132 530 633 206 674 245 632 224 672 260 288 170 335 197 561 187 590 208
0 139 128 538 627 225 671 265 332 183 377 204 282 178 334 203
0 132 122 548 276 180 330 209 327 187 380 209 616 217 673 272
606 221 660 275 0 180 128 575 314 191 357 213 539 205 574 224 265 186 310 211 54 188 115 214 330 190 378 210
601 221 656 276 257 186 311 213 309 192 354 214 0 182 125 571
595 220 651 278 250 185 308 215 305 192 353 214 0 147 118 532
293 195 331 217 252 188 303 215 0 161 118 520
583 222 635 278 288 193 331 216 237 187 289 215 0 162 119 520
581 228 628 271 232 181 287 210 284 188 330 211 0 157 118 526
579 226 626 269 0 152 117 528 282 182 329 205 228 176 285 205 512 190 541 209 5 179 70 208
578 226 623 269 0 152 117 525 509 188 540 209 274 182 309 204 223 174 283 204 4 178 65 208
0 152 116 527 269 187 306 209 572 215 624 277 958 393 1044 673
263 192 304 215 0 151 113 533 957 390 1045 679 214 186 263 213
208 187 264 215 0 180 115 581 259 194 302 217 957 388 1045 682 114 192 148 212
204 184 263 214 0 180 115 580 256 193 303 217 566 221 620 283 957 389 1046 682 355 188 402 207
198 182 264 214 0 183 116 575 252 191 305 216 566 219 620 284 957 389 1046 681
0 191 117 565 196 182 260 214 249 191 307 216 567 220 621 285 958 389 1046 678
0 199 117 560 194 183 258 216 959 389 1045 679 248 192 305 217
0 203 115 557 959 390 1045 677 567 238 620 298 196 187 255 219 252 196 301 218 357 196 403 212
0 203 116 557 567 238 619 298 959 392 1045 675 185 189 246 221 244 196 287 221 96 194 129 215 358 196 401 212
0 204 117 555 567 239 619 300 181 189 245 223 958 392 1045 675 240 196 286 221
0 205 117 552 566 240 620 304 958 392 1045 675 235 202 283 227
228 202 285 232 0 205 116 555 565 241 620 308 957 393 1046 678 173 199 238 230
0 205 114 556 222 204 286 235 564 242 620 311 957 393 1046 675 166 198 239 233 280 208 334 231
0 205 113 559 562 244 614 312 957 390 1046 671 222 205 281 236 278 209 333 231 162 200 219 232 337 206 382 225
561 243 616 311 0 206 113 557 957 387 1045 666 152 197 223 233 209 204 269 236 276 208 333 230 334 205 384 224
559 243 617 310 0 207 113 557 205 202 268 236 955 385 1044 666 148 197 220 232 275 208 334 230
0 207 112 559 201 205 264 236 954 386 1044 665 140 196 230 235 272 210 333 231
556 242 616 313 0 208 111 560 954 388 1045 665 199 207 261 238 264 212 311 232
554 241 614 316 0 208 110 564 956 388 1047 666 261 214 311 234 199 211 257 239
553 239 614 317 0 206 110 565 123 196 203 240 955 386 1046 666 180 209 247 241 258 215 310 234 328 211 376 229
551 237 613 317 175 208 244 241 0 205 110 570 117 197 198 240 953 387 1044 664 254 214 309 234 329 210 375 228
550 235 612 317 163 209 245 243 0 206 109 569 110 199 200 241 952 389 1043 662 250 214 309 235 325 210 376 229
99 200 178 246 0 238 91 533 539 264 612 326 159 213 242 245 311 212 360 230 248 216 309 236
0 243 90 529 91 204 174 250 535 264 610 330 143 214 233 249 305 214 364 233 238 216 288 238
0 247 88 527 531 264 608 334 952 356 1046 615 300 216 360 236 231 218 290 240 141 216 224 251
0 249 86 527 529 261 609 336 72 208 150 254 950 347 1047 613 225 219 290 242 296 217 357 238 117 215 210 252
0 248 86 528 528 258 610 337 65 206 144 252 122 215 202 251 948 342 1047 606 293 215 355 237 222 217 289 241
0 248 88 524 529 256 613 337 62 202 143 248 118 211 198 247 932 313 1057 630 223 214 284 238 295 211 354 232
0 247 91 520 529 254 616 339 52 196 132 244 113 208 193 244 932 295 1057 601 217 211 258 235 284 208 340 228
528 252 618 340 0 248 92 519 46 194 128 242 212 211 260 233 928 297 1055 594 282 207 339 227 88 205 189 242 918 470 1037 694
527 251 620 342 0 247 92 521 41 193 123 241 94 205 182 243 206 210 264 233 937 321 1049 558 281 206 338 226 915 471 1037 691
526 250 621 342 90 205 177 243 0 246 92 523 909 301 1044 587 201 210 266 233 281 206 335 225 915 471 1037 688
526 250 625 346 86 206 173 244 907 303 1044 585 0 248 104 520 197 211 265 235 24 194 105 241 278 207 335 227 911 473 1038 689
526 249 629 350 906 303 1044 582 0 252 106 518 19 195 102 244 275 208 335 229 64 207 167 245 198 214 262 237 884 442 1042 690
903 300 1044 578 526 247 633 355 66 208 161 247 0 259 108 516 272 208 334 231 15 196 97 246 880 444 1042 688 0 160 80 425 192 213 238 236
898 295 1044 577 526 246 635 356 62 208 155 246 0 263 110 512 0 164 84 423 188 212 239 234 273 207 329 229 878 444 1042 685
891 290 1042 569 524 245 637 358 1 264 113 507 181 209 243 233 0 165 87 422 881 471 1043 678 35 206 141 246 267 207 310 226
885 287 1038 562 523 245 638 358 37 205 132 243 0 162 109 506 176 206 244 231 866 405 1044 666 265 205 309 224
878 287 1032 552 36 203 124 242 0 161 111 504 870 472 1043 662 171 205 243 230 514 261 651 373 264 204 307 224 119 203 155 227
872 290 1027 548 0 162 114 499 36 202 121 242 867 475 1040 657 514 264 654 374 171 204 239 230 112 202 156 227 261 203 308 224
866 291 1021 546 0 165 122 492 527 266 669 379 858 450 1039 642 39 199 122 242 107 202 154 226 171 204 235 230 262 203 305 223
864 289 1020 548 1 167 131 487 529 267 677 381 857 448 1034 634 256 200 308 218 164 203 218 230
530 264 682 382 2 163 122 420 849 279 1007 523 0 250 151 518 856 442 1031 622 255 196 305 215 93 195 139 220 602 256 662 381
530 259 686 382 5 161 125 420 846 274 1003 525 0 253 155 512 841 436 1011 608 90 192 138 217 252 191 305 212 156 196 217 216
531 256 691 386 855 281 979 500 2 148 141 438 0 285 162 497 832 397 1001 594 149 192 218 215 91 190 132 214
534 255 698 390 850 282 972 494 3 150 146 436 0 284 168 494 828 399 993 594 147 190 216 212 237 188 285 209
844 284 967 489 539 255 705 395 3 155 152 435 0 282 176 489 826 404 985 590 232 188 283 209 464 210 505 232
841 285 965 485 5 156 159 430 541 256 710 399 826 410 978 587 463 210 503 232 227 188 282 209 131 191 196 215
837 278 963 479 10 155 163 426 566 255 729 402 461 207 502 231 825 411 971 574 223 185 283 206 129 188 192 213
833 271 961 476 569 253 734 401 14 151 167 420 0 283 187 457 836 400 954 563 457 205 503 228 132 185 185 209 222 181 282 204
830 263 959 477 572 250 740 399 15 255 198 448 458 192 500 222 838 396 948 549 54 162 174 382
17 253 202 446 829 262 957 485 573 250 747 400 458 191 499 220 51 161 175 381 210 172 266 197
28 255 207 440 572 245 755 406 820 264 931 482 457 191 496 220 56 154 176 345 205 171 260 197 569 207 583 226
41 254 212 435 572 242 760 413 816 262 928 488 59 154 180 345 199 171 257 197 568 207 581 227 440 191 475 215
573 238 768 422 55 254 216 430 811 262 924 486 69 154 185 340 436 192 480 220 39 176 83 203 185 171 247 199
63 255 217 426 809 263 920 488 435 191 481 221 576 240 771 425 75 153 189 338 35 175 81 204 184 171 246 199
432 191 482 222 810 267 919 484 82 253 231 412 607 249 800 430 97 157 220 341 33 173 78 205 551 209 563 227
812 268 917 484 432 192 481 223 105 158 225 340 91 254 239 409 612 249 805 439 553 210 565 228 69 179 113 212 32 172 76 207
114 159 231 333 103 257 248 405 811 273 915 478 429 193 482 224 609 295 828 456 717 247 802 453 553 211 564 230 64 178 114 216 24 173 63 206 570 212 579 229
120 168 245 386 811 271 915 479 428 193 481 224 553 211 564 229 723 247 809 457 58 177 114 216 618 295 828 455 571 212 579 229
131 158 241 330 821 270 916 419 47 170 131 217 552 213 562 230 117 263 258 400 731 266 819 472
137 160 240 330 40 171 128 218 825 269 916 481 550 214 561 231 761 271 848 477
155 160 264 329 765 275 848 479 33 173 128 220 837 269 919 423 550 215 561 232 419 205 453 224 431 205 471 226
20 174 110 221 160 161 267 328 772 281 852 481 549 215 559 232 838 268 917 428 418 204 452 224
13 173 105 221 165 162 269 328 548 213 557 229 773 286 862 477
167 161 268 327 525 210 534 226 2 173 82 220
167 162 266 327 0 170 75 220 385 191 427 217 159 263 269 372
167 162 264 325 139 241 284 361 104 168 163 194
164 161 262 321 157 244 263 360
160 159 258 319 155 242 256 356 474 199 484 213
155 158 254 313 154 240 249 352 336 179 379 206 473 196 482 211 453 195 463 210
450 191 462 208 155 155 250 311 149 244 237 348
143 154 235 301 307 168 357 196 448 187 458 202 148 245 235 341
151 219 234 335 310 167 354 194 294 165 328 190
151 218 234 331 287 163 331 191 752 247 807 343 522 193 540 212 140 133 234 276
282 163 332 192 748 246 804 348 152 218 235 329 423 176 435 192 520 192 540 212 141 132 235 275
159 219 243 326 743 249 800 352 280 165 332 194 517 194 538 213 16 157 58 179 157 126 250 275
162 221 244 324 279 165 332 196 516 194 538 214 11 159 53 182 157 128 250 274 405 181 417 199
514 193 538 214 167 225 247 317 281 166 331 195 405 182 417 199 728 253 786 344 8 160 49 183 269 166 307 193 160 129 253 273
726 249 785 345 514 189 538 210 282 163 331 192 404 173 417 192 173 157 257 296 7 159 48 181
723 246 781 347 512 189 537 210 404 173 417 192 181 157 262 294 284 162 331 191 3 158 31 181 323 170 342 187
206 161 263 282 719 246 777 350 512 191 537 211 2 160 31 183 185 157 234 252 733 309 814 388
206 161 267 285 0 164 29 188 198 226 259 312 511 195 538 216 403 183 417 200 730 309 811 389 191 163 235 273
205 164 266 285 403 185 417 203 0 167 26 189 202 228 261 312 712 257 803 396
207 166 264 282 207 228 264 313 702 245 756 345 0 169 24 191 712 304 798 384
405 188 417 206 699 241 755 346 227 169 281 285 0 170 22 192 322 186 341 202 712 302 794 380
228 166 285 284 697 239 754 346 405 188 416 205 476 192 485 206 423 187 432 204 226 229 280 309 323 184 343 201 700 286 794 368 0 171 22 192
