

46 385 193 448 596 382 710 468 391 396 503 437 1114 408 1272 529 254 402 360 434 947 365 1014 480 815 359 873 483 807 427 886 496 800 366 847 470
43 383 195 446 598 380 711 467 390 394 503 434 1112 407 1272 527 256 399 359 432 954 359 1023 479 815 358 873 480 1122 346 1221 495
41 382 196 446 600 378 713 467 390 393 503 432 1110 406 1272 525 954 358 1022 478 815 357 874 479 257 397 358 430 806 417 887 486 1123 345 1222 497
601 377 714 464 40 381 196 445 388 392 506 431 955 358 1022 476 1110 405 1270 525 814 356 876 478 255 396 360 430 1124 345 1223 499
603 375 716 462 39 382 196 445 955 359 1022 474 386 391 510 431 814 354 876 476 1110 404 1268 524 252 396 361 430 1123 346 1224 502
37 383 195 445 605 374 716 460 955 362 1021 471 385 390 513 430 814 354 877 475 250 396 361 430 1100 382 1252 511 1138 325 1236 481
37 384 193 446 610 370 723 460 386 384 514 429 956 366 1020 468 813 357 877 473 251 396 361 430 1099 385 1253 511 1125 324 1223 479
36 386 191 447 611 369 722 458 387 383 516 429 963 343 1022 459 1098 386 1253 509 251 396 362 430 813 362 877 470 1125 322 1223 478
34 387 189 447 612 368 722 457 388 383 517 429 964 342 1022 457 1097 386 1254 507 251 396 359 430 813 341 875 461 1124 322 1223 476 818 408 875 475
31 387 186 448 613 368 722 456 388 382 516 430 965 343 1023 455 249 396 357 431 1097 385 1253 506 814 340 875 462 1121 322 1223 475 819 407 875 474
28 388 184 450 615 369 723 456 387 382 516 431 966 343 1024 455 248 397 351 432 815 340 876 463 1097 384 1251 505 1120 322 1224 477 819 408 875 474
26 389 181 453 619 373 727 456 386 391 513 432 967 343 1026 456 247 398 351 434 816 342 877 463 1099 384 1249 507 1118 323 1223 479 819 410 876 476 39 287 53 311
24 390 180 455 623 377 731 457 387 393 514 434 247 400 350 436 818 358 878 472 970 344 1028 458 1100 384 1247 511 1119 323 1221 480
22 390 178 458 388 396 512 436 627 381 735 459 819 356 878 474 246 401 350 438 1112 349 1228 501 971 370 1027 466 909 375 937 433
14 389 177 460 388 397 513 437 630 383 737 463 820 358 878 476 246 401 350 439 1113 345 1229 502 973 368 1029 469 815 418 893 482
15 390 175 461 388 399 513 439 822 360 879 480 247 402 349 440 1114 343 1227 504 632 386 738 465 976 366 1030 472
16 391 171 461 391 400 516 441 1116 343 1224 508 246 404 349 440 640 386 747 466 824 364 881 483 986 361 1042 477
15 392 169 462 392 401 519 443 643 389 748 466 237 405 345 443 1117 345 1220 511 824 368 883 485 988 361 1043 480 828 433 882 495
11 392 168 463 392 402 522 445 646 390 750 467 237 406 346 443 1118 347 1219 511 991 361 1045 480 826 371 884 484
8 393 167 465 391 403 525 446 237 408 346 445 650 390 753 466 993 362 1048 477 1118 345 1218 507 827 372 884 481 840 429 894 497
392 403 528 448 6 393 166 467 237 409 346 447 655 389 755 465 996 364 1050 473 1117 346 1218 501 830 371 882 478 931 397 961 443 153 411 208 435 840 429 895 494
390 403 529 448 1 399 167 472 238 410 345 448 659 389 758 465 1116 347 1217 497 999 366 1052 470 831 370 882 477 839 410 900 488 933 394 963 442 153 412 208 436
389 402 529 448 0 400 163 473 238 411 344 448 660 389 760 467 1115 351 1217 494 839 366 896 477 1001 368 1054 469 935 393 965 441 154 412 208 435
389 400 529 447 667 388 770 467 0 401 159 472 237 411 342 446 1104 410 1223 516 1121 327 1211 482 839 364 898 477 1010 364 1064 469 937 393 966 441
388 397 528 445 668 386 772 465 234 408 341 444 0 391 157 467 1117 326 1210 482 839 361 899 476 1010 362 1065 470 1103 409 1222 514
389 394 526 443 0 387 156 466 670 383 775 460 233 404 338 441 1010 363 1065 469 1114 325 1211 484 839 359 902 474 1104 410 1221 513 937 376 965 430
387 392 527 441 0 385 144 463 673 382 777 457 232 400 337 439 1012 364 1067 466 837 358 902 472 1109 353 1213 491 939 377 967 430
0 382 141 460 387 391 530 439 677 381 780 454 232 396 335 437 838 358 901 471 1017 366 1069 464 1108 354 1211 491 881 368 911 421
0 381 140 457 385 389 534 438 682 380 783 454 230 393 334 435 838 358 899 471 1022 368 1072 463 1106 354 1207 492 883 367 914 424
0 379 138 456 386 389 535 438 686 380 784 455 228 392 333 433 840 358 898 471 1025 369 1075 463 1090 415 1209 508 881 364 922 442 1104 329 1195 482 158 393 214 413
0 377 136 457 386 389 536 438 689 378 791 457 227 392 331 433 841 358 898 472 1089 415 1205 508 1028 369 1077 465 883 365 924 442 158 393 214 414 1101 328 1190 484
0 376 134 459 387 390 535 438 692 381 792 455 225 392 328 434 841 359 897 472 1092 404 1201 504 885 365 927 443 1031 371 1078 465 1177 351 1218 439 156 393 215 414
0 376 129 462 694 382 795 454 387 391 534 438 224 391 325 435 841 360 897 472 1090 404 1198 504 1039 367 1088 468 882 377 931 459 1176 349 1219 440 153 394 218 415
0 375 125 465 697 382 798 454 386 392 533 439 842 360 897 472 224 390 323 436 1041 368 1091 466 1089 404 1195 503 890 364 935 445 1174 348 1220 439 153 395 216 415
0 374 121 468 699 381 801 455 386 392 532 440 225 390 320 436 842 361 898 471 1043 368 1092 464 1088 405 1192 503 892 364 935 446 1173 349 1222 440
0 375 117 470 703 382 804 456 386 393 532 440 843 361 898 470 218 392 316 437 1087 405 1188 502 893 364 937 446 1046 368 1092 462 1173 348 1224 442
386 393 532 441 707 383 807 456 0 377 113 471 218 393 314 437 844 361 898 469 895 364 938 446 1094 343 1176 499 1049 369 1094 461 1173 348 1225 443
384 392 533 442 0 378 109 473 714 381 816 457 217 393 311 437 845 361 899 468 898 363 941 446 1077 344 1173 494 1169 383 1250 464 191 246 212 285
383 392 532 442 715 383 817 456 0 379 95 472 215 394 309 437 846 363 899 468 900 363 943 447 1076 344 1171 493 1169 381 1250 465 190 245 211 285
383 392 531 443 717 383 820 455 0 379 91 474 848 365 899 467 212 395 306 436 899 377 948 455 1074 402 1171 498 1170 382 1254 465 189 244 210 286
383 391 531 444 720 383 823 455 0 379 86 475 849 366 900 467 211 395 302 436 902 378 952 454 1072 404 1169 496 1172 384 1257 465 1188 348 1238 451 188 244 210 286
382 391 530 444 722 383 826 455 0 379 81 476 850 367 901 467 210 395 298 436 905 378 956 454 1068 349 1162 484 1190 347 1240 452 1173 385 1261 464 189 244 209 286
382 392 530 445 724 383 829 456 0 378 78 478 850 371 903 468 210 395 295 437 1071 407 1165 494 906 378 957 454 1192 348 1241 454 1175 384 1263 464
380 392 528 445 728 384 832 458 0 379 69 476 1072 408 1161 494 209 396 292 437 849 374 903 468 1194 350 1243 453 908 377 957 455 1178 383 1266 464 1068 329 1156 477
379 392 527 446 732 384 833 459 0 379 64 477 1071 410 1157 493 208 396 289 438 916 375 962 455 851 377 904 469 1193 370 1253 462 986 403 1013 441
377 392 526 447 738 384 841 462 920 374 963 455 0 380 58 477 1071 411 1153 492 196 394 288 436 853 376 904 469 1199 354 1248 448 987 402 1015 443 1072 362 1133 475 1185 406 1268 471
740 385 842 462 378 393 524 448 923 375 965 455 1070 413 1152 491 196 395 286 435 0 392 54 482 1071 362 1133 475 1201 353 1250 448 853 376 901 468
743 385 845 461 375 393 523 449 194 395 283 435 1069 412 1150 491 0 397 43 481 926 377 967 454 59 400 114 423 930 421 966 458
746 385 849 459 375 393 522 449 191 395 279 436 1062 409 1145 488 0 399 36 481 931 378 970 454 61 401 110 424
372 393 523 449 750 385 852 458 188 395 275 437 1063 409 1144 486 934 377 973 454 61 402 109 425 0 397 31 485 1209 380 1272 462
372 393 523 449 754 385 854 457 186 394 273 437 1064 411 1144 484 935 375 975 454 61 402 108 425 1215 350 1266 447 866 372 920 471
371 392 522 449 765 384 868 460 185 393 269 438 1065 412 1143 482 934 375 978 454 866 371 922 470 1217 350 1268 447 58 401 107 425
369 391 522 449 766 385 869 458 185 392 266 439 1066 413 1143 481 868 372 924 468 1216 382 1276 459 941 373 984 455 56 400 106 424
357 391 523 450 770 384 872 457 173 391 260 436 1071 362 1136 474 872 373 925 467 943 374 986 454 1219 385 1277 459 54 399 105 424 0 385 30 420 170 223 196 268
359 391 520 449 773 383 874 457 172 391 258 436 1075 354 1145 476 875 376 926 467 1222 386 1279 459 946 375 988 454 0 387 29 419 54 398 105 424 169 222 194 266
358 391 517 449 779 383 877 456 1075 354 1146 475 169 390 254 436 878 377 928 467 1225 385 1279 459 950 377 992 453 167 221 193 265 0 389 29 418 56 391 104 420
356 390 514 449 783 382 880 456 1075 354 1147 473 166 389 251 435 880 379 929 466 1227 383 1278 458 0 389 28 417 54 390 104 420 955 377 994 453 165 220 191 263
353 390 512 449 789 381 894 458 1074 355 1148 472 165 389 248 435 887 374 944 470 163 220 190 261 1235 379 1279 459 54 390 103 420 959 378 997 453 1 390 27 415 1029 404 1055 438
352 390 509 449 791 381 898 458 1075 356 1148 471 888 372 944 469 165 389 246 435 1237 379 1278 458 162 219 189 261 53 390 104 420 960 377 1000 453 0 391 25 413 1032 403 1058 438 1152 370 1229 421 26 261 42 286
350 390 506 450 1077 359 1148 470 799 381 901 455 892 370 947 467 166 388 244 436 52 389 107 420 1157 371 1234 421 1241 352 1278 447 0 391 22 413 161 219 188 260 1035 401 1061 437 24 259 41 283
346 389 504 450 1078 361 1148 469 897 370 951 465 805 380 904 455 1160 371 1238 421 50 388 110 421 0 391 18 413 167 387 243 436 979 371 1007 424 23 258 40 281
343 388 504 451 901 371 954 464 814 378 917 457 1080 362 1148 469 1161 371 1242 421 49 386 111 421 0 390 17 413 983 372 1011 424 978 402 1012 449 179 394 235 434 22 257 40 279
322 388 507 449 817 380 919 455 905 374 956 464 1083 362 1148 469 1167 367 1250 420 47 386 112 420 0 389 17 412 979 401 1015 450 986 373 1015 425
323 387 503 448 821 381 922 455 1170 371 1255 421 909 371 968 468 1085 365 1149 469 0 388 18 411 47 385 113 418 1054 400 1083 437
322 386 501 447 911 369 969 469 1173 374 1259 424 825 382 927 455 1088 365 1150 468 0 386 19 410 1059 399 1087 439 47 384 113 416
322 386 496 447 1175 376 1265 426 914 369 971 470 1091 365 1154 468 840 378 950 464 992 378 1033 455 0 385 17 410 1062 399 1090 439 1141 369 1181 457 46 386 90 413
319 386 495 446 1178 377 1268 428 918 370 973 469 844 380 952 464 1093 364 1156 469 995 379 1035 453 46 386 90 412 1143 371 1184 456
316 386 491 447 922 370 975 470 1096 365 1158 469 1182 377 1271 428 853 380 950 464 1000 380 1039 453 1146 370 1189 457 46 385 91 413 148 194 178 238
313 386 488 447 1194 378 1275 428 869 377 978 467 1098 368 1157 469 1148 370 1193 457 1005 380 1044 453 44 385 91 413 146 193 177 237
291 385 490 449 1197 379 1276 427 1105 359 1167 471 875 378 977 467 1152 369 1195 457 1009 378 1047 453 144 193 175 237 818 387 863 453 43 385 92 415
294 386 484 449 1198 378 1278 428 1107 360 1168 469 1154 369 1197 457 1018 378 1054 451 43 386 90 416 940 374 991 475
294 386 478 450 1202 377 1279 428 1111 364 1169 467 1022 379 1057 452 1154 368 1199 459 940 376 993 475 43 387 88 417 816 398 847 447
291 386 474 451 1115 368 1172 465 1206 377 1279 430 1030 390 1060 447 812 398 846 447 43 388 86 418 1162 371 1207 456
287 386 472 451 808 398 846 448 1164 370 1210 457 946 379 999 475 1118 371 1174 465 1220 376 1279 431 1034 392 1065 447 42 387 85 416
284 385 471 450 806 397 844 448 1167 369 1212 458 1119 371 1177 467 1223 377 1279 432 71 376 188 426
280 383 469 449 918 384 1021 470 1171 369 1216 460 804 398 843 448 57 377 174 422 1133 361 1193 469
263 383 460 447 919 384 1027 469 802 399 841 449 1174 369 1221 463 57 377 171 422 1132 363 1192 470 1249 395 1277 433 129 174 161 220
259 383 455 447 921 384 1032 469 801 400 839 450 1251 397 1278 433 56 378 169 423 1175 372 1225 464 128 169 161 218 1133 368 1193 469
252 383 455 447 940 385 1045 469 799 401 838 450 1257 398 1278 434 55 377 168 423 1172 371 1226 465 128 167 160 217
245 382 456 449 942 385 1049 468 799 402 837 450 51 375 167 425 1165 368 1223 467
242 384 430 449 48 373 167 428 945 385 1054 468 1160 364 1221 469 789 401 824 447
239 385 428 450 786 400 824 450 967 384 1074 467 1156 362 1219 470 46 374 166 429
236 385 429 452 783 401 824 451 1160 364 1219 469 966 384 1078 467
235 385 426 454 780 402 822 451 968 384 1079 467 1166 366 1221 468
223 383 422 457 988 384 1102 461 773 398 825 453
216 386 407 455 987 384 1110 462 768 396 822 455 1183 363 1243 466
211 387 408 456 765 397 820 456 1008 386 1124 461 1022 409 1064 488
208 387 405 458 1009 387 1130 463 763 399 818 456 1188 364 1245 466
197 386 408 462 1010 387 1136 460 755 400 809 456
172 386 392 464 752 403 806 457
171 385 386 464 1017 387 1184 492 748 420 806 458 1210 364 1267 467
161 384 380 465 1025 387 1195 496 747 422 802 459 280 164 326 187
155 384 375 465 1033 387 1203 499 280 163 328 185 746 423 797 460
152 384 370 466 1037 386 1211 499 280 161 328 184 732 422 779 462 4 392 78 440
154 383 366 467 1054 380 1235 502 281 160 329 183 728 424 785 462 3 392 79 440
150 383 361 467 1065 381 1242 502 282 158 330 182 725 424 784 462 1 394 78 441
147 383 359 466 1078 383 1245 502 723 425 780 463 282 155 331 180 7 400 66 436
117 383 346 468 1087 384 1250 497 7 400 63 435
