

8 443 304 648 344 295 662 693 658 462 757 544 264 370 297 386 955 468 1038 515 1158 496 1262 590 1043 455 1095 544 828 476 922 513 1186 436 1240 550
10 444 307 647 344 298 662 687 657 463 755 543 1148 498 1248 589 264 370 296 385 955 467 1035 516 1043 455 1091 542 1166 440 1220 549 828 476 921 513 1021 475 1081 558
12 443 309 646 344 301 662 682 655 464 753 542 1140 498 1242 589 265 369 295 385 1023 455 1079 545 1163 437 1218 549 953 466 1034 517 1014 509 1084 565 828 477 920 513
14 443 312 645 343 303 662 678 654 464 750 541 1022 453 1078 547 265 370 295 384 1136 499 1236 591 1010 507 1079 566 828 478 918 513 950 466 1033 518 750 477 831 515 1164 438 1209 516 100 399 111 412
16 442 314 645 342 303 663 678 652 465 748 540 1124 499 1223 590 1022 454 1076 545 265 370 295 384 1011 507 1071 565 101 399 112 412 1143 442 1197 544 749 478 832 516 828 478 917 513 2 465 37 572 976 472 1027 511
20 443 317 644 342 304 663 675 1116 500 1217 589 650 466 747 538 1010 469 1073 561 265 370 295 385 1139 442 1190 542 1 467 39 572 102 399 113 412 828 478 917 513 749 477 833 516
25 443 319 644 320 299 656 684 648 467 746 537 264 370 295 384 0 460 55 573 1111 500 1211 587 1010 469 1069 561 829 478 918 514 103 400 115 413 749 478 834 516 1137 445 1185 539
39 449 303 631 322 299 654 684 646 466 746 536 1097 500 1196 585 0 462 58 573 264 369 295 384 1119 446 1172 543 830 477 916 514 750 478 835 516 727 477 763 509 104 400 116 413
44 450 305 631 324 298 652 685 1090 499 1190 586 645 466 744 536 0 464 61 573 263 369 296 384 749 480 836 516 726 477 764 509 835 480 904 514 1114 446 1166 542 104 400 116 413
47 450 308 630 324 298 650 687 0 465 62 573 645 467 741 534 263 369 296 384 1080 500 1175 584 724 477 764 509 749 481 836 516 835 481 905 514 1096 447 1153 545
50 449 309 628 324 298 649 687 1073 499 1171 584 640 470 729 535 0 464 61 574 263 369 296 384 724 477 764 509 1090 445 1147 546 835 482 905 514 749 481 837 516
55 449 311 624 324 299 648 687 0 463 58 575 638 471 726 534 262 368 297 384 721 478 765 510 835 483 906 514 1066 498 1164 583 947 481 985 515 751 479 837 516 1087 446 1141 546
59 450 313 622 325 301 646 687 0 461 57 576 635 471 722 534 719 477 765 510 262 368 298 384 1050 498 1145 581 1069 448 1124 540 835 483 907 514 948 480 987 515 634 367 714 520 752 479 838 516 150 363 184 376 816 403 832 428
63 449 314 619 325 304 645 684 0 459 56 576 633 471 718 533 1044 500 1138 581 717 477 767 510 261 368 300 384 632 367 714 522 835 483 909 514 753 479 839 516 1064 447 1117 540 960 447 1041 597 62 465 101 489 949 479 987 513 106 400 117 412 150 363 184 376
65 448 314 618 326 305 643 682 0 458 57 576 632 470 715 532 717 477 768 510 261 367 300 383 630 366 715 522 59 465 103 491 836 483 909 514 754 480 840 516 1032 500 1125 580 960 444 1042 596 106 400 117 412 1047 450 1106 542
67 447 313 617 327 308 642 679 0 455 59 576 631 470 712 531 716 477 769 511 261 367 299 383 59 465 106 493 629 363 717 520 837 483 908 514 1030 504 1115 579 757 480 841 516 107 400 117 412 1044 448 1098 540
70 448 312 617 328 310 639 677 0 454 62 574 629 470 708 530 715 477 770 511 59 465 109 494 261 367 298 382 629 363 717 516 837 483 908 514 765 481 831 513 873 468 969 511 107 400 117 412
81 445 326 614 328 311 638 676 0 453 65 572 629 471 705 529 714 477 770 512 60 465 111 495 261 368 298 382 764 482 833 513 838 482 907 514 628 362 718 510
83 447 328 612 326 313 637 675 0 455 67 571 625 471 699 531 714 477 771 512 59 465 112 495 261 368 299 383 758 480 844 517 839 482 907 513 1053 292 1121 404
89 449 331 610 324 313 636 674 624 472 697 531 0 456 68 570 715 477 771 512 260 368 300 383 60 465 110 495 758 481 845 517 841 482 908 513 1054 291 1122 403
96 450 333 609 322 314 635 673 623 473 694 531 0 430 66 571 715 477 773 512 259 368 302 384 61 466 108 495 758 482 847 517 842 482 908 512 939 473 997 561 1055 290 1124 402
102 451 334 608 323 314 633 674 0 428 67 571 621 473 691 531 715 477 774 512 259 367 304 384 59 467 108 501 761 482 847 516 842 482 908 511 1057 289 1125 401
105 451 332 607 325 316 631 675 0 427 68 571 619 473 688 531 716 477 775 512 259 367 304 383 62 465 107 494 762 481 848 515 843 482 907 511 1059 290 1126 401
111 452 333 605 326 316 630 676 0 426 70 570 617 471 685 530 716 477 775 511 259 367 302 383 62 465 107 494 761 480 849 515 1064 288 1128 400 844 481 908 510
116 453 334 603 326 317 628 675 0 427 72 570 618 470 684 527 714 476 776 511 259 366 301 382 63 464 107 493 761 478 850 514 1068 286 1131 401 923 469 1023 563 846 480 908 509 107 399 119 411
122 452 336 600 325 318 628 673 1 428 75 569 616 468 682 526 713 476 778 511 261 366 299 382 64 463 106 493 760 479 851 514 944 458 1009 567 1071 283 1134 402 107 399 120 411 847 479 908 508 110 463 143 486
124 452 338 597 326 319 626 671 1 427 77 569 714 475 779 511 614 468 680 524 65 463 104 493 941 458 1005 566 262 366 300 381 760 479 852 514 847 479 909 508 109 463 144 488 993 469 1053 509 108 398 120 410
126 451 339 594 326 319 625 671 0 426 80 568 715 475 780 511 613 469 678 523 64 463 104 491 262 365 298 381 980 466 1057 516 847 480 910 509 759 479 853 514 99 465 137 492 939 463 998 564 919 456 975 544 101 436 108 446 109 397 121 410
128 451 342 591 326 320 622 672 0 425 84 568 716 475 781 511 979 467 1058 515 612 470 674 522 62 464 103 491 261 365 298 381 848 479 911 509 920 455 975 544 108 463 147 491 908 507 989 570 758 479 854 515 101 436 108 447
129 451 343 590 325 322 619 671 0 426 87 568 716 475 782 511 978 467 1060 515 915 463 976 562 604 469 669 524 260 365 296 380 61 464 103 490 849 480 910 510 96 464 138 493 101 436 108 447 757 479 855 515
131 451 343 589 328 314 605 683 0 428 90 567 978 468 1062 515 717 475 781 511 603 471 667 523 259 364 296 380 851 480 908 510 61 464 103 489 911 463 973 562 95 464 139 494 771 478 861 515 101 436 108 447
328 316 604 681 134 451 342 589 0 428 92 567 977 469 1063 515 717 476 781 511 601 472 664 522 852 481 906 510 258 364 295 379 63 463 103 488 896 470 956 561 771 478 860 515 95 463 139 494
329 317 602 680 136 452 342 588 0 427 94 568 976 468 1065 515 716 476 783 511 598 472 661 522 891 469 953 562 853 482 905 509 258 363 294 379 771 479 860 515 64 462 103 488 95 462 139 495
329 319 600 679 140 453 341 587 976 469 1066 515 0 424 97 568 716 476 785 511 596 471 658 522 886 470 946 562 856 483 902 508 258 363 294 379 772 479 861 515 66 462 103 487 95 462 138 494 1061 365 1151 619
328 320 599 677 155 453 344 591 976 469 1067 516 0 431 106 564 716 476 786 512 594 471 656 522 877 469 934 560 258 363 293 378 773 479 863 515 857 483 897 507 66 462 104 487 1070 365 1155 620 95 462 138 494
327 323 597 676 159 455 341 590 977 468 1069 516 0 432 107 565 717 476 788 513 593 471 653 522 871 471 930 559 258 363 293 378 67 462 103 485 773 479 865 515 94 463 138 494 859 483 891 507 925 471 979 506 1078 358 1160 619
327 324 595 676 162 457 339 587 979 468 1071 516 0 432 108 566 592 470 650 522 717 476 789 513 865 473 923 560 259 363 292 378 775 479 867 515 68 462 102 484 92 463 139 494 922 472 980 507
326 325 593 676 166 458 338 585 0 433 109 567 981 467 1073 516 718 476 790 513 592 470 647 522 258 363 293 378 777 479 865 516 92 463 139 494 70 462 101 482 920 473 979 507
327 326 592 675 170 458 338 584 0 434 111 566 983 467 1073 517 719 476 790 513 592 470 645 521 851 478 908 559 259 363 293 378 778 479 861 517 94 467 142 504 919 473 978 508
329 328 591 672 173 458 338 583 0 434 113 564 985 466 1074 517 720 476 790 513 845 479 902 557 600 473 641 517 259 363 296 378 904 474 945 510 96 467 141 504 906 468 990 510 779 478 858 518
329 329 590 670 176 457 337 582 0 432 115 563 985 466 1074 517 720 476 791 513 588 474 631 520 840 480 897 556 259 363 299 378 900 475 945 511 903 468 991 511 97 467 141 504
330 330 588 668 180 457 336 581 0 430 117 562 994 464 1079 514 722 476 791 513 587 474 631 519 897 478 946 511 260 362 301 378 830 463 879 539 97 467 140 505 899 469 992 511 101 436 109 447
330 332 586 667 184 458 333 580 0 430 126 557 994 465 1080 514 586 473 630 517 722 476 792 513 827 462 876 542 896 479 947 511 261 362 301 377 783 483 832 514 92 463 139 493 936 473 996 505 101 436 109 446
330 334 584 665 187 459 332 578 0 426 129 557 994 465 1081 514 583 473 628 515 723 476 790 513 821 479 876 553 896 480 948 511 261 361 298 377 898 470 993 511
189 459 331 576 329 335 581 663 0 422 133 557 994 467 1081 514 581 473 626 514 725 477 789 513 817 479 873 552 895 480 949 511 261 361 297 376 971 462 1021 486 899 470 995 511 293 363 312 376
192 459 333 575 331 336 579 661 995 467 1082 514 0 419 135 556 579 472 625 514 740 476 798 512 261 360 298 375 895 479 949 512 806 477 857 553 823 467 873 540 971 462 1022 486 940 473 999 506 849 467 887 536 114 462 145 485
332 338 578 661 193 459 334 573 996 467 1082 514 0 421 136 555 578 471 624 513 738 476 800 512 802 480 854 552 260 359 301 375 828 465 878 538 894 478 951 512 115 461 144 484 971 462 1023 486
334 338 578 661 196 459 336 573 997 466 1085 515 0 420 138 555 578 470 622 513 738 476 800 512 797 480 847 551 259 359 304 376 834 465 879 538 114 461 144 483 893 477 952 513 929 467 1011 511
197 459 336 572 335 337 578 661 998 466 1087 515 0 420 140 556 737 477 800 511 579 469 619 511 259 359 305 376 835 462 875 537 115 460 144 482 879 473 963 514 929 466 1012 510
199 459 337 571 336 337 577 660 999 466 1090 515 0 419 143 557 738 477 798 511 786 477 830 553 259 359 306 376 831 462 870 537 581 470 618 508 115 460 143 480 877 474 962 513 930 466 1014 511
202 459 338 571 334 336 576 660 0 422 143 557 1000 466 1091 515 782 476 826 552 739 477 796 510 259 359 307 376 570 480 626 552 877 473 962 513 116 460 144 480 931 466 1016 510 827 463 867 536
207 459 340 572 333 339 573 658 0 423 145 555 1001 465 1094 514 776 478 821 551 259 359 306 376 566 486 642 555 878 473 963 513 733 477 783 512 116 459 145 481 931 466 1017 510
211 459 343 571 333 343 571 654 0 424 147 554 1003 465 1096 514 259 358 306 375 878 473 962 513 734 478 781 511 775 466 816 542 116 459 146 480 932 465 1017 509 581 487 665 555 566 466 602 509
214 459 344 571 334 347 570 650 0 424 150 553 1004 464 1098 515 588 489 670 556 259 358 306 375 735 478 776 509 564 465 604 511 878 473 962 513 117 458 146 480 811 496 849 540 930 464 1018 509
335 349 568 648 216 464 338 567 1006 464 1099 516 0 424 151 553 562 466 603 512 260 358 306 375 757 483 804 549 735 478 773 508 879 473 963 513 930 464 1019 509 809 495 846 540 118 457 147 480 1199 421 1278 647 603 488 686 556
221 465 338 567 336 352 566 646 0 425 156 554 1007 464 1100 517 560 467 602 512 260 358 305 374 752 482 799 548 881 474 965 513 927 465 1020 510 808 495 843 538 609 487 693 557 761 470 795 519 737 479 769 507 118 458 147 481
225 466 340 566 337 353 564 645 0 428 162 555 1008 464 1101 518 558 468 600 512 260 358 304 374 926 465 1022 510 883 474 966 514 747 482 794 547 807 496 839 537 758 471 791 520 834 475 872 508 811 473 840 522 1126 412 1213 577
228 466 343 567 337 354 563 643 0 430 169 555 1017 465 1106 515 556 468 598 512 638 486 721 560 884 473 967 515 1114 454 1214 598 260 358 304 374 744 481 789 547 926 466 1022 510 811 471 839 524 807 496 836 536 833 473 876 508
230 466 344 566 336 357 563 642 0 431 173 555 556 469 596 512 1019 466 1104 517 260 358 305 375 885 474 966 515 810 469 837 526 652 486 742 560 927 466 1021 510
233 467 345 566 337 361 562 638 0 433 175 555 555 470 594 512 259 358 307 375 886 474 967 516 1013 467 1094 519 809 470 834 527 929 467 1020 510 1098 417 1189 566 997 461 1044 489
236 467 346 565 338 364 561 636 0 434 174 555 555 471 592 511 1057 456 1150 594 258 358 307 376 886 475 968 516 928 467 1021 511 1019 477 1071 518 998 461 1045 488 807 471 831 526
238 467 347 564 340 367 559 633 0 437 175 555 554 470 589 510 260 358 304 375 681 507 780 567 885 473 970 515 923 467 1022 511 784 475 826 534 1020 476 1067 515
240 467 346 563 0 438 178 555 341 368 557 632 1023 496 1119 599 554 470 586 510 260 358 304 374 789 473 819 525 896 470 995 514
242 467 345 561 0 439 181 555 342 369 556 630 1011 460 1104 585 554 471 584 509 259 357 305 373 898 471 993 513 789 474 818 521
244 463 350 562 0 439 182 554 342 369 556 629 998 502 1087 591 256 356 309 373 546 472 579 510 725 487 823 559 900 473 991 514 789 474 816 517
246 464 349 561 1 439 183 553 342 371 556 627 985 505 1068 588 255 356 311 372 545 473 579 509 1051 462 1125 514 900 474 990 515 776 474 829 557 725 506 835 568 992 451 1054 551 716 474 744 522
247 465 350 561 344 372 555 626 3 440 183 551 979 506 1061 586 545 472 578 509 1046 462 1125 513 255 355 311 372 988 450 1051 553 901 473 988 515 710 496 746 540 713 474 743 524
248 467 352 560 346 374 555 624 4 439 183 550 1043 464 1127 514 707 498 742 540 545 472 575 509 255 355 311 372 709 475 740 525 967 457 1051 578 755 511 854 568 902 472 986 515 773 471 827 556
251 468 354 559 348 374 555 624 13 436 192 552 1042 464 1128 515 960 508 1037 581 704 499 737 541 771 506 879 571 545 471 572 509 706 476 736 524 255 355 310 372 970 455 1028 547 904 470 987 515
253 470 356 558 15 435 193 553 350 375 556 623 1042 465 1129 516 955 509 1029 578 545 472 569 509 701 498 734 542 790 506 896 570 704 475 732 525 256 355 310 372 762 477 793 520 967 456 1024 542 1 463 23 493
255 470 357 558 17 436 195 553 353 376 555 621 1043 466 1130 517 796 508 902 571 951 508 1024 577 545 472 567 509 703 476 730 525 257 355 309 371 762 476 792 523 821 468 877 557 2 463 25 493 695 496 726 539 915 476 971 510
258 469 360 557 21 437 196 553 357 378 554 619 1044 467 1133 518 545 472 566 509 948 506 1007 577 692 495 725 540 780 476 825 510 692 477 720 523 762 475 791 528 258 355 309 371 801 512 907 570 2 464 27 493 1014 462 1070 490 257 355 277 371
262 469 361 557 360 379 553 617 25 438 200 554 1046 466 1135 518 689 496 723 541 544 473 564 508 779 477 828 512 760 475 789 529 258 355 309 371 2 472 27 498 827 511 925 570 946 469 1002 568 1017 462 1070 490 257 355 277 371
265 469 362 557 362 382 554 615 29 439 202 554 1046 466 1139 518 686 496 720 540 840 508 960 574 544 474 563 508 778 477 830 513 758 474 788 530 257 355 309 371 3 471 29 499 870 464 925 562 990 471 1048 509 1020 462 1071 489 256 355 277 371
268 470 362 557 363 383 554 614 32 439 204 554 1047 466 1140 518 685 497 717 541 846 511 960 574 780 478 830 514 543 474 562 507 757 474 786 530 871 462 927 562 258 355 309 371 1 463 33 494 989 473 1049 510 256 355 277 371
270 470 362 557 364 386 553 613 35 438 206 554 1049 466 1143 518 682 496 714 540 851 505 984 577 779 477 831 514 542 474 561 507 0 462 34 496 755 474 784 530 258 355 309 371 990 474 1050 510 257 355 277 371
271 471 362 555 36 437 210 553 365 388 552 612 1052 466 1146 519 681 475 710 528 856 508 984 576 777 477 833 514 0 460 34 498 541 474 559 506 257 354 309 371 919 463 980 568 982 468 1062 515 897 463 951 565 976 474 1015 511
273 471 362 554 365 388 551 611 39 437 213 552 1055 466 1149 520 862 510 984 575 679 475 709 529 773 476 836 514 256 354 310 370 0 459 34 499 915 461 978 567 747 474 773 533 540 473 558 504 975 474 1017 512 982 467 1063 514
276 472 368 553 366 386 552 600 42 438 215 552 1057 467 1150 520 869 509 979 574 678 476 709 527 761 477 842 520 918 462 980 567 746 474 773 532 0 460 33 498 258 353 309 370 976 473 1016 511 540 474 558 503 983 467 1065 514
278 472 368 553 368 387 551 601 47 439 218 551 1064 466 1157 517 762 477 844 519 895 473 999 568 743 473 772 530 670 495 700 535 0 460 29 497 679 476 709 521 982 466 1066 513 259 352 308 369
281 472 367 552 371 389 551 601 51 441 220 550 1066 467 1158 517 741 474 770 528 895 471 1003 570 667 495 699 535 762 477 845 519 0 460 26 497 15 462 60 495 982 466 1068 512 257 347 304 368
284 473 368 551 373 390 550 600 55 444 223 549 1067 467 1160 517 897 506 1005 575 665 495 697 534 739 474 768 527 940 466 1002 565 764 477 846 518 15 461 62 495 0 460 23 496 255 347 304 368 982 466 1069 512
286 474 369 549 374 391 550 598 57 445 224 547 1070 467 1163 517 899 507 1003 573 738 474 767 526 664 495 695 533 943 469 1003 563 12 461 63 496 255 347 304 368 790 476 844 512 0 460 22 497 1000 467 1082 512
289 474 371 548 376 391 548 597 1072 466 1166 516 69 445 235 545 896 511 1004 573 735 475 764 525 663 496 692 532 777 476 857 516 257 346 304 367 14 461 59 494 947 475 1005 562 0 461 21 495 983 467 1070 512
290 475 373 546 71 446 235 545 376 392 547 597 1074 465 1170 516 892 513 1006 573 660 478 690 523 733 477 761 523 777 476 858 515 14 462 56 493 257 346 304 367 0 462 19 494 49 464 80 493 979 466 1071 511 914 462 967 542
293 474 376 546 74 447 236 544 1077 463 1173 517 378 392 546 597 657 478 686 522 778 475 857 514 889 514 1012 573 729 477 758 522 49 464 84 494 259 345 304 366 16 461 52 491 0 461 18 493 913 381 930 412 973 465 1073 510 915 462 967 541
294 474 377 546 76 446 238 544 1080 463 1175 517 378 393 545 595 779 474 858 513 656 478 685 523 48 465 87 495 728 475 757 523 888 516 1014 571 16 460 50 489 261 345 304 365 0 459 17 494 914 381 930 411 256 345 276 365
298 473 378 546 79 446 241 543 379 394 543 594 1081 463 1176 517 781 473 860 512 48 464 88 496 654 477 683 523 727 472 755 523 262 344 304 364 897 508 1041 570 16 460 48 488 1 459 17 493 843 473 944 516 916 381 931 410 256 344 276 364
300 473 378 546 83 446 243 543 380 395 543 593 1089 460 1182 513 782 473 863 513 47 465 88 495 719 473 746 521 261 344 304 363 653 476 681 522 845 472 944 517 16 461 48 488 895 508 1047 570 3 461 21 492 917 381 932 409 969 461 1075 512
303 474 378 545 1090 461 1184 514 86 446 244 543 381 396 542 592 784 472 866 513 47 464 86 494 718 473 746 522 648 478 674 521 259 343 305 363 14 462 47 488 847 472 945 516 919 381 935 409 895 509 1046 569 5 463 27 491 970 461 1075 512 593 381 610 415
1092 461 1186 514 87 446 246 543 304 475 378 545 382 397 541 592 786 472 866 513 717 474 745 521 647 478 673 521 46 464 84 493 260 343 305 363 849 472 946 516 13 462 46 489 64 463 104 493 921 380 936 409 899 511 1041 568
1094 462 1190 514 89 447 248 542 788 472 868 513 381 398 541 590 715 475 742 520 309 471 385 535 646 479 671 519 45 463 82 493 850 473 948 516 261 343 305 362 10 460 47 489 65 463 108 495 295 464 319 477 923 379 938 408
1096 462 1192 514 790 471 869 513 311 471 385 535 644 479 668 518 713 475 740 519 92 447 251 541 381 399 542 589 851 472 950 515 44 464 80 493 4 460 35 491 261 342 305 361 294 464 319 478 68 470 109 500 944 469 1048 516 1011 510 1068 572 595 382 613 414
1099 461 1195 515 792 470 871 514 314 471 386 536 711 476 737 518 642 479 666 517 107 445 245 543 381 401 542 587 853 472 951 515 42 464 79 493 4 460 36 491 260 341 306 359 947 469 1050 516 294 463 319 476 67 462 112 495 931 377 947 410 596 382 613 414
794 469 872 514 1101 461 1197 515 110 444 248 544 319 472 384 535 640 479 665 517 710 477 737 518 380 402 542 585 857 471 951 515 41 464 78 494 4 460 34 490 259 341 307 359 948 469 1053 517 294 463 319 477 932 378 948 410 68 462 113 495 596 382 614 414 1018 518 1076 575
115 445 250 544 795 469 873 515 317 471 390 537 708 477 735 518 639 480 664 517 1105 462 1199 517 380 403 542 585 4 461 34 491 40 464 76 494 259 341 307 358 642 497 663 524 964 467 1074 515 294 463 319 477 858 472 948 516 68 469 112 502 934 377 950 409 597 382 615 413
121 445 253 544 319 472 392 536 637 480 663 517 796 470 873 516 1114 460 1205 513 706 476 734 519 2 461 33 491 380 403 543 585 260 340 307 358 39 465 75 493 641 498 662 524 67 470 112 503 964 469 1073 516 294 464 319 477 859 474 948 518 936 378 951 409
126 447 254 544 1115 461 1207 514 797 474 881 515 636 481 661 517 321 473 394 535 704 475 732 520 1 461 32 491 380 403 544 585 261 340 307 358 640 498 662 524 65 470 113 504 37 465 74 492 965 469 1075 516 294 464 318 477 938 378 954 408 858 475 949 520
