

657 405 793 490 831 427 863 465 1 382 295 580 523 383 617 460 951 420 1035 473 832 406 862 441 782 421 806 459 617 309 643 334
653 401 794 488 511 380 605 455 829 426 860 460 951 420 1035 470 3 375 244 572 829 405 859 441 893 408 940 441
650 395 794 487 503 376 600 452 950 418 1038 467 827 425 857 456 826 403 858 443 4 371 217 573
647 390 794 486 497 366 598 443 950 416 1041 464 893 403 942 435 0 345 173 610 826 423 854 453 605 288 634 318
647 386 794 487 485 363 585 445 949 414 1043 463 816 402 849 441 880 398 930 431 1026 397 1057 443
640 378 798 479 481 361 581 447 815 402 849 443 949 414 1044 463 878 396 931 431 594 287 625 313 1026 395 1058 444
473 371 578 453 640 377 798 478 814 402 847 443 877 395 932 431 950 413 1046 463 592 287 623 312
641 377 797 480 468 367 574 457 813 402 845 443 876 395 931 433 950 413 1047 464 591 287 619 313
642 378 796 485 811 401 844 443 460 367 562 459 877 398 929 435 952 413 1048 466 588 287 617 313
453 365 561 463 641 379 795 489 810 402 844 443 877 399 927 436 952 414 1048 468 586 288 614 314 814 419 841 454 1013 87 1064 172
445 363 559 466 640 383 794 494 809 403 841 443 953 414 1048 469 878 402 925 438 392 401 427 432 813 419 839 454 582 288 611 315 1016 86 1068 170
637 386 796 496 807 404 839 443 436 364 560 467 971 415 1061 470 878 404 924 439 810 420 837 455 579 288 610 316
636 390 799 497 422 367 546 471 808 403 837 442 969 414 1063 472 878 406 924 440 808 421 833 454
636 390 802 497 410 368 547 474 967 415 1066 473 877 407 924 442 809 404 837 440 4 412 120 480 567 290 604 318 805 422 831 454 105 401 169 438
636 390 802 497 393 371 549 467 967 414 1070 473 876 407 925 442 5 414 112 480 567 289 604 319 543 407 571 435
638 388 804 499 379 367 544 469 968 414 1075 474 564 288 598 317 72 396 151 440
640 386 807 500 369 364 538 470 970 413 1079 474 561 286 592 314 70 394 143 437
642 387 812 499 354 360 516 472 972 412 1081 474 812 402 836 435 60 396 125 433 558 284 585 310
641 388 815 498 346 358 511 475 988 414 1093 475 51 395 126 434 516 402 544 436 812 400 836 434 876 401 922 440 23 395 50 414 557 283 583 308
640 388 818 498 331 354 504 479 988 414 1097 475 813 400 836 433 512 401 541 436 48 396 117 433 19 394 49 413
639 388 822 497 315 350 499 482 990 414 1100 475 5 393 27 414 38 395 92 431 508 401 539 435
640 387 823 497 292 346 483 485 990 413 1103 476 4 392 28 413 26 393 97 434 488 401 528 437 540 277 578 304
641 387 824 497 279 343 481 488 990 411 1102 476 487 403 525 437 2 393 25 413 811 399 837 429 20 389 90 436 538 275 577 305
641 388 824 500 257 342 475 491 991 410 1096 479 486 404 521 439 811 399 836 430
640 389 826 503 242 342 469 493 910 401 947 447 484 405 516 442 5 392 67 441 993 410 1090 481
650 390 834 505 204 336 447 504 0 392 59 444 910 402 947 448 1003 425 1276 698
649 389 836 508 183 336 442 506 465 409 499 444 993 430 1262 697 909 402 948 449 876 402 916 443 0 392 55 444 331 122 386 221
648 388 840 507 138 320 418 521 460 407 496 445 877 401 917 444 975 318 1154 639 0 396 36 441
651 388 845 507 108 315 401 525 956 315 1149 644
653 388 848 507 68 311 389 528 910 322 1102 640
654 388 850 509 39 310 378 531 871 319 1054 635 1067 432 1166 494
657 390 847 508 13 318 342 532 1041 408 1150 487 870 445 1041 647 630 386 718 467 844 320 999 625 600 403 645 438
8 316 329 538 661 390 843 507 830 326 989 621 628 386 718 470 1056 433 1177 498 369 396 390 448 599 403 643 439
4 312 315 542 668 390 835 508 1056 434 1183 502 829 452 973 635 625 385 719 473 366 394 387 450 813 314 980 579
4 309 298 550 681 402 819 523 792 343 947 608 1055 433 1185 503 624 397 721 477 1234 462 1278 691 364 392 384 452 956 405 988 447 838 458 953 630
3 300 286 565 799 455 923 619 624 399 719 477 1056 432 1187 505 957 407 987 447 679 402 822 524 758 364 959 504
623 401 719 478 581 409 625 445 1078 435 1209 505 679 420 776 523 957 407 987 447 769 447 882 611 759 351 876 534 908 418 945 462 296 401 316 444 421 409 443 442
755 448 873 609 617 407 702 478 575 409 624 445 749 350 866 535 1075 434 1215 507 362 421 397 462 491 266 528 295 905 418 945 462
612 405 705 479 572 410 625 444 1076 433 1215 509 2 300 226 562 743 443 859 607 713 363 884 518 488 265 525 295
607 405 704 481 714 445 826 602 705 349 819 533 1069 415 1245 515 570 410 624 440 485 263 521 294
603 403 700 483 700 444 809 597 1075 415 1245 516 697 352 806 534 481 263 518 293
600 401 696 486 676 447 780 597 670 360 779 531 555 411 607 444 387 424 417 457 775 388 880 517 73 401 177 531 479 263 515 292 417 424 447 452
666 448 768 594 661 365 767 530 738 384 891 518 551 411 607 446 8 398 163 540 416 424 446 452
729 384 890 520 655 443 751 593 9 399 153 539 1150 378 1254 520 654 367 756 523 414 424 444 452 468 261 502 292
722 385 890 520 1153 372 1258 522 463 259 499 291
717 393 893 530 607 408 715 561 1115 415 1276 527 582 372 725 498 458 258 493 289 392 426 424 454
717 392 898 530 597 363 708 510 1121 419 1279 529 605 462 693 574 457 258 489 288 392 425 423 453
717 392 903 530 1132 418 1279 531 571 372 723 498 523 420 578 457 390 424 422 453 456 256 487 287
718 392 908 530 544 378 706 493 1143 418 1279 532 586 462 667 567 389 424 421 452
719 392 912 530 541 382 704 495 581 461 661 564 1152 413 1279 533 507 403 583 455 444 254 477 283 389 423 421 452
722 392 915 530 538 385 701 497 566 410 665 544 1166 442 1277 538 1198 353 1276 518 440 252 475 282 278 362 296 394
724 392 918 530 562 413 657 545 532 382 700 498 496 401 566 453 1175 407 1275 541 923 395 968 460
726 393 920 528 568 444 638 547 526 380 700 498 1196 406 1276 541 490 398 561 452
728 394 921 527 563 441 631 544 522 378 701 498 1200 408 1277 544 923 393 970 457 429 237 466 269
730 393 922 528 518 378 701 498 1213 432 1279 549 537 419 627 538 921 394 972 456
731 391 924 530 513 377 698 500 547 442 613 542 923 392 973 458 1219 431 1279 553 976 392 1062 454
732 390 927 532 510 379 696 503 541 445 606 542 925 391 973 461 697 397 724 437 414 237 454 269
731 392 928 533 518 451 596 540 697 399 723 441 925 390 972 464 506 383 696 507 410 238 449 270
732 394 927 534 696 401 722 443 519 405 683 525 520 449 585 545 405 238 445 271
732 397 924 537 696 402 719 443 925 408 975 474 491 452 571 545
731 398 922 539 693 405 719 443 472 405 671 535 925 409 976 477 494 450 560 550 697 423 719 451 391 240 431 272
730 399 920 540 465 407 671 538 692 406 719 442 924 412 977 479 696 424 719 451 313 430 353 466 390 242 427 272
727 399 920 540 461 406 669 542 692 407 720 443 696 424 720 451 923 412 978 480 387 242 424 272 366 430 402 460 312 431 354 465 995 388 1039 467 98 417 130 473
721 400 917 540 452 405 668 543 692 407 719 443 697 425 718 450 900 416 984 480 96 413 126 471 995 386 1039 469 395 414 468 474 384 240 420 269
714 398 914 540 442 401 667 542 692 405 718 442 898 415 985 480 996 384 1039 469
708 395 911 539 431 398 668 541 691 404 719 441 896 414 986 480 366 231 408 262 370 412 446 474 1047 419 1135 483
706 392 907 539 406 396 662 537 896 413 986 478 365 227 406 259
704 391 902 536 397 394 654 537 1202 446 1279 616 896 411 988 476
702 391 896 534 387 393 646 537 1196 446 1279 615 896 409 989 473
395 389 634 539 699 393 892 531 1168 449 1279 612 895 407 991 473 1160 352 1274 518 612 399 655 430
397 388 630 541 696 387 888 514 1163 449 1279 611 1154 354 1270 517 893 406 994 473 610 399 655 431 1000 387 1093 467
409 388 626 543 682 386 883 513 1156 448 1275 610 893 408 995 473 291 425 436 542 1149 356 1258 518 1001 386 1093 467 341 210 383 242 544 360 563 380
403 387 623 547 680 387 882 513 1148 448 1267 608 893 406 996 474 278 429 427 544 1142 357 1249 518 1001 386 1092 467 343 209 379 242 4 382 54 469
405 386 619 551 678 388 879 513 1125 455 1271 604 256 441 410 542 895 406 996 476 65 418 148 473 5 384 50 468 1114 362 1221 516 342 209 375 241
398 384 615 556 676 390 877 513 1109 361 1216 521 243 438 402 541 897 407 996 478 2 379 39 468 1120 458 1265 603 341 207 372 240 1009 404 1092 474 119 383 161 471
387 382 614 561 676 396 872 526 1100 363 1207 523 1109 462 1223 603 1 380 33 469 897 408 995 480 45 419 127 475 1021 405 1110 477 855 385 942 456 337 205 370 238
368 381 602 561 674 397 868 527 1102 463 1210 603 1090 362 1197 529 1023 405 1108 478 0 377 28 472 855 386 941 456 898 408 994 481 1199 423 1277 505 114 383 150 473
364 379 598 565 670 398 864 526 1092 462 1198 601 201 392 367 500 855 385 940 456 1070 365 1177 523 1213 426 1277 509 1023 407 1107 478
361 378 596 566 669 400 860 524 1064 366 1174 526 1071 462 1179 597 1215 425 1278 509 856 385 940 456 606 401 640 431 582 403 627 434 70 385 107 469
352 377 593 568 667 401 854 521 1064 462 1169 590 1053 371 1162 523 172 415 356 533 856 385 941 457 1219 424 1279 510 607 399 639 430 585 401 627 434 67 385 102 471 563 403 604 432 1179 409 1265 479
345 377 588 571 665 403 847 519 1056 458 1156 585 1044 372 1150 520 164 415 350 536 856 385 941 456 587 399 628 433 560 401 604 433 1217 404 1279 496 608 398 638 430 833 398 860 430
338 379 583 574 662 399 840 506 1048 463 1144 574 131 420 334 531 855 386 941 456 557 400 602 435 1039 373 1139 515 922 411 1014 484 592 398 628 431 1219 402 1279 495 313 190 352 225 833 398 859 428
333 381 578 577 659 400 837 504 119 391 321 496 1016 368 1118 515 855 385 940 456 552 400 600 435 900 406 993 482 591 397 629 431 1218 402 1278 492 1042 464 1138 569 48 384 85 472 834 397 859 427 310 189 349 223
311 369 581 586 657 398 833 503 1011 417 1113 558 855 384 940 456 587 398 627 431 900 406 992 482 1218 403 1278 490 550 401 600 434 111 423 314 535 835 397 859 427
300 369 573 590 656 396 829 502 59 394 287 504 1002 419 1101 559 582 398 626 432 862 383 923 459 901 406 990 482 1217 405 1277 487 836 397 860 428 1107 407 1224 491
292 367 562 595 644 393 821 506 1002 459 1089 560 37 408 291 533 578 398 624 433 902 407 987 483 862 382 923 460 974 365 1069 508 837 397 861 429 1198 407 1276 485 288 188 335 220 536 402 583 432 1107 408 1226 492 527 359 540 377
285 369 554 598 645 393 818 505 862 381 923 460 14 392 256 505 997 453 1081 554 978 368 1068 510 903 407 985 484 578 397 624 433 837 398 861 430 1216 406 1277 484 526 359 540 378 288 187 333 220 1109 408 1228 493
277 369 548 599 644 394 813 504 5 388 247 512 982 453 1066 550 861 379 923 459 970 370 1060 511 837 398 861 429 916 407 977 485 578 397 622 432 1217 405 1277 484 525 359 540 379 1110 408 1228 493
266 370 546 601 642 394 808 501 0 385 233 516 965 416 1057 544 861 379 922 459 523 358 539 379 838 399 860 429 1218 405 1277 484 579 397 620 432 1111 407 1227 492
257 369 546 604 639 395 802 498 0 380 218 520 955 416 1047 543 861 379 922 459 522 358 538 379 582 397 618 432 1219 404 1278 484 838 399 860 428 1111 406 1228 492 520 401 575 435
251 370 547 606 636 394 798 496 958 448 1037 545 0 377 214 519 861 379 923 460 522 358 536 378 559 402 609 436 1219 406 1278 484 583 396 617 432 1112 406 1230 492 837 399 859 429 947 375 1041 513 1046 404 1143 479
235 366 541 612 633 394 792 495 1 378 178 513 854 378 939 458 558 402 606 435 521 358 535 376 837 400 859 430 951 447 1034 544 919 374 1016 503 1221 406 1278 482 1113 407 1229 492 1046 404 1142 480
233 366 540 615 630 393 787 494 2 376 162 512 923 408 1017 535 854 378 940 459 559 403 604 435 835 400 859 432 520 358 533 376 508 404 562 437 1222 406 1278 483 1045 405 1140 480
231 366 537 617 628 393 784 494 919 407 1012 533 559 404 601 435 504 405 564 440 834 401 859 433 519 358 532 376 1 375 148 518 1044 406 1139 481 1222 405 1278 484
220 368 537 619 636 398 779 494 916 406 1006 531 500 406 562 443 557 404 599 436 834 402 858 433 1043 406 1139 482 0 380 122 560
203 365 534 626 634 396 774 493 496 407 559 445 555 405 597 437 908 404 996 531 1042 406 1140 483 834 404 857 433 768 403 791 430
631 395 768 492 184 362 529 630 554 404 596 437 493 407 555 445 1042 406 1141 483 767 403 789 430 835 405 856 434 587 400 617 427 899 402 988 530 901 450 957 528
628 395 763 491 169 358 525 635 895 452 954 528 1042 406 1141 482 555 403 595 436 891 392 950 501 998 389 1049 497 484 405 562 447 767 404 788 430 585 399 617 426
