

28 273 195 336 228 289 422 347 398 291 516 349 593 303 770 360 775 313 865 359 1132 325 1165 353
29 272 194 336 229 288 423 347 592 302 770 360 398 290 517 349 775 313 863 354 1132 324 1165 353
31 272 192 335 592 302 771 359 397 290 517 348 230 287 420 346 775 313 863 353 786 162 820 181
34 271 190 334 590 301 773 358 396 290 517 347 227 287 423 345 775 312 862 353 959 320 1018 362 787 161 819 179
589 302 775 357 37 270 187 333 395 290 516 346 225 287 400 344 774 311 861 353 958 319 1017 361 788 159 818 178
39 269 186 332 588 301 777 355 395 289 516 345 226 287 399 343 774 310 861 352 958 318 1017 360 1002 308 1053 345 1129 314 1164 346 788 158 819 177
40 269 185 332 588 300 776 355 393 289 515 345 227 286 397 343 774 309 861 351 1004 308 1052 346 959 317 1016 359 1128 313 1164 345 787 158 819 177
40 269 184 332 586 299 775 355 390 289 515 345 228 285 393 343 775 307 860 350 1004 307 1050 345 1128 313 1163 345 889 310 915 353 785 158 819 177
41 270 182 332 586 298 771 355 386 289 515 345 226 285 392 342 753 304 858 351 1002 306 1047 345 888 310 913 352 783 158 818 177 1127 313 1161 344
221 286 389 342 40 270 179 332 585 296 768 354 382 288 516 345 754 305 855 350 998 306 1044 344 886 309 910 352 780 158 817 176 1126 313 1160 344 568 296 590 339
215 286 389 342 39 269 177 331 585 295 763 353 377 287 518 346 755 305 852 350 995 307 1040 344 950 319 1006 358 882 309 907 353
37 268 174 329 584 295 760 353 371 287 504 345 208 285 390 341 754 306 847 351 995 309 1035 344 945 319 1002 358
370 287 500 345 37 267 170 328 582 296 759 354 198 285 381 341 752 307 842 352 940 320 998 359 980 309 1025 345
24 264 161 327 367 286 495 344 562 299 752 354 197 284 378 340 750 309 838 353 867 319 890 360 934 320 995 362 979 312 1024 348
23 262 161 325 365 285 492 344 560 302 749 355 194 283 374 340 750 310 836 354 864 321 887 361 932 321 993 364 977 314 1020 347
21 261 159 324 360 287 492 346 192 283 369 341 859 325 883 365 566 304 738 356 931 319 1006 370 545 297 567 343 977 322 1017 361 729 308 830 356
18 263 156 325 189 284 364 343 356 289 492 349 732 318 825 367 972 327 1013 367 565 313 729 367 856 328 879 371 929 324 1006 374 543 302 564 346
16 265 151 326 343 295 477 351 178 287 352 345 564 315 724 373 729 324 819 373 972 334 1007 370
553 320 711 376 170 290 352 348 14 268 148 328 337 299 473 355 726 329 814 377 841 344 865 385 910 340 986 392
163 292 349 352 550 323 704 380 15 269 142 332 316 302 461 360 704 330 806 379 1084 356 1114 384 835 345 859 389 906 342 984 392 954 344 994 386
5 269 131 335 158 294 345 356 547 325 698 382 316 304 456 362 702 333 800 381 902 343 982 391 1079 357 1111 386 949 345 988 386
2 271 129 337 142 296 334 358 522 328 692 384 313 309 451 366 699 337 795 386 815 350 841 392 894 357 950 398
139 297 330 360 3 272 125 337 311 309 446 367 523 328 686 384 698 338 791 388 811 351 837 394 885 347 965 394 1061 359 1092 387 495 320 516 366
4 273 117 338 136 297 326 361 309 311 442 368 520 333 680 390 683 340 781 388 880 349 961 396 806 352 832 396 1056 361 1090 392 494 321 516 367
4 274 110 339 518 334 675 391 136 298 321 363 297 313 429 370 681 343 776 391 877 351 959 399 791 357 819 396 1051 364 1090 396 492 324 513 368
4 274 104 340 295 315 425 371 514 335 674 393 114 299 313 363 678 346 771 396 792 358 820 402 1051 372 1086 404
501 339 670 396 292 317 422 374 1 281 105 344 677 351 768 401 113 303 307 362 1047 375 1086 407
495 345 668 402 287 321 421 378 1 283 103 346 109 311 305 367 785 372 813 414 675 357 766 404 864 368 939 419
491 349 666 406 108 313 301 369 281 324 421 382 1 284 101 349 782 376 810 416 863 372 938 420 658 355 760 408 1037 385 1067 413
489 352 663 408 107 314 298 371 277 327 421 385 0 286 91 350 660 362 758 411 860 374 936 420 780 377 807 418 1035 385 1066 416 472 341 491 387
488 352 661 408 107 314 296 371 0 286 89 350 267 327 411 386 660 362 756 411 778 375 806 419 857 373 934 420 1034 385 1066 415 471 342 490 386
488 351 660 407 0 286 88 351 269 327 408 386 108 314 295 372 660 362 754 410 854 371 932 420 1033 384 1064 414 469 341 489 387 778 373 804 418
488 351 658 407 266 328 408 386 1 287 86 353 97 315 279 371 658 362 751 409 769 375 795 416 1032 384 1063 413 468 341 488 387 852 371 930 419
489 351 654 407 96 316 276 372 265 329 408 386 2 287 85 355 656 362 749 409 767 375 794 416 1031 384 1062 413 840 372 921 421 467 341 488 388
470 351 652 406 97 317 270 373 262 329 406 386 2 289 84 356 654 362 748 409 766 375 793 416 1031 383 1062 411 848 381 908 423 467 342 488 387
469 349 652 405 96 316 269 373 262 329 405 385 2 289 83 356 764 373 791 415 1029 381 1063 410 652 359 747 405 840 370 919 419
470 346 650 403 262 327 402 383 91 315 270 372 1 288 81 355 761 371 789 413 651 358 745 405 1028 380 1062 409
263 323 398 381 468 343 648 400 87 313 272 369 1 285 79 353 759 370 786 412 651 357 743 404 1026 378 1061 408
470 341 642 398 263 320 396 377 0 283 78 349 75 313 252 365 650 354 740 402 756 369 785 411 1026 377 1059 406 1049 384 1086 415
471 338 638 395 261 314 395 373 650 349 739 398 73 301 249 359 0 274 75 341 754 358 782 401 445 328 469 372 1047 380 1086 413 1029 376 1060 405
472 335 635 392 260 311 395 369 68 297 252 355 0 271 74 339 649 345 740 393 754 354 781 400 445 322 469 369
68 292 251 349 471 332 635 390 258 308 396 366 648 342 742 390 2 268 66 337 754 351 780 398 834 352 914 397 445 319 467 366
469 329 633 385 66 291 254 347 259 305 396 361 647 342 743 389 835 351 916 397 754 350 779 396 3 267 67 340 445 319 468 365
469 328 634 385 71 290 251 348 259 305 396 361 646 341 743 390 836 350 916 397 754 350 779 396 1 272 64 365
473 333 636 390 96 290 267 350 257 307 397 366 647 342 742 391 754 350 779 398 837 350 916 397 0 267 146 376
0 266 155 386 476 334 635 391 258 309 397 368 108 292 262 353 649 344 742 393 754 352 780 401 1246 392 1277 497 839 351 917 400
477 336 636 394 262 311 396 371 0 270 178 393 133 294 276 357 650 346 741 397 1243 391 1277 498 753 354 782 404 1025 375 1060 406
475 339 640 397 265 315 396 374 10 279 224 400 650 351 742 402 1024 378 1060 408 142 299 273 357
470 344 645 402 268 319 396 378 650 356 741 404 754 370 783 414 1224 382 1277 507 19 284 240 408 1022 381 1061 412
467 348 646 405 271 323 395 381 35 289 308 419 1217 383 1278 512 840 371 917 420 754 373 781 416 651 362 741 410 2 282 60 350 1020 383 1062 416
467 352 644 408 276 325 392 384 1206 372 1276 525 0 281 74 349 839 375 916 423 651 364 739 411 745 374 772 418 35 294 337 433
468 353 643 409 1200 378 1277 526 0 282 79 350 838 378 916 425 652 366 740 411 745 376 772 419 72 301 370 433 279 325 390 378
469 353 645 409 1196 377 1277 528 840 379 918 425 653 366 743 411 122 304 434 441 756 376 782 420
473 352 646 409 1193 375 1278 529 159 308 479 449 652 365 747 411 842 379 919 425 756 378 784 420
496 348 651 408 1190 369 1278 532 175 308 533 458 652 363 749 410 1 276 85 339 842 376 921 423 757 377 786 419 59 300 208 359 1026 390 1060 419
504 345 649 406 56 297 218 355 0 273 86 336 1178 364 1274 532 757 374 786 415 842 372 921 421 1027 387 1061 415 651 356 751 404 210 311 539 450
0 270 86 333 56 293 218 350 1169 358 1275 530 514 340 649 400 255 309 623 460 652 352 752 400 1027 382 1062 411 842 368 920 418 146 299 277 354
281 307 653 460 1160 352 1277 525 1 265 84 329 159 295 303 353 58 289 213 344 652 345 751 395 1026 377 1063 406 758 355 785 402 523 337 645 394
1152 348 1277 523 160 293 302 349 650 341 750 392 58 287 210 341 316 313 700 459 756 352 784 400 1025 373 1063 403 550 330 641 377
345 315 717 462 1140 341 1277 524 133 291 288 347 647 340 747 389 32 276 192 340 274 302 383 354 838 353 915 399 745 351 770 395 756 350 781 395 1025 372 1062 403
263 302 394 357 142 290 278 346 1125 337 1275 530 29 276 192 340 361 316 754 461 0 258 73 324 742 349 770 397 835 353 911 397 649 341 742 388
257 300 398 356 148 289 273 345 1113 327 1271 536 28 275 191 339 740 347 766 394 0 258 71 323 405 325 807 465 830 352 905 396 653 342 739 386
241 296 386 353 422 327 818 466 26 275 188 336 149 287 272 343 1102 316 1273 537 737 346 763 390 827 349 904 394 1005 361 1044 393
238 289 380 348 450 322 843 465 10 270 169 329 1081 320 1266 527 144 277 267 333 811 345 893 391 1002 357 1043 389
9 266 162 322 465 319 867 462 1060 264 1271 530 235 285 374 344 135 273 274 329 440 302 564 354
433 301 569 353 516 319 890 467 232 278 368 333 124 267 248 321 1041 263 1269 532 12 262 152 316 802 326 882 376 638 166 671 188
533 318 904 470 427 298 578 351 216 273 354 330 120 265 248 318 9 253 147 311 1027 259 1267 535 635 163 668 184
424 295 581 349 215 269 349 326 554 316 936 471 0 251 133 307 991 280 1274 508 116 263 248 315 970 336 1017 371
423 293 581 347 216 266 345 324 0 248 129 303 972 280 1267 514 576 314 956 469 105 258 223 309 397 279 421 325
422 290 582 345 213 264 345 323 0 245 126 300 953 273 1262 520 623 315 974 476 100 256 225 309 396 276 419 324
422 288 581 343 213 263 345 320 1 243 125 300 942 263 1262 526 98 254 226 308 644 312 975 476 396 274 419 321
211 261 346 319 96 252 226 307 1 241 122 300 421 285 583 341 927 253 1265 534 666 305 955 459 603 297 692 343 396 272 418 319
95 252 226 306 208 261 347 317 685 300 934 457 0 240 117 301 419 285 583 340 884 250 1243 537 599 296 695 344
852 241 1238 547 698 299 910 457 91 253 225 306 207 261 346 317 0 240 111 301 417 284 583 340 585 293 680 340 683 303 714 347
820 233 1233 555 87 253 227 307 193 262 334 317 419 279 578 336 0 240 108 301 680 301 711 349 701 299 893 457 583 293 676 340
773 227 1245 559 398 279 570 335 192 261 330 316 78 252 231 306 0 242 89 299 579 291 671 338 679 300 708 348 701 300 853 444
397 278 564 335 57 249 220 306 190 261 327 314 731 207 1267 569 0 240 85 297 669 300 698 345 576 290 669 337
675 200 1238 576 395 279 561 334 59 249 215 305 190 258 323 310 0 241 82 297 666 299 698 345 572 290 669 338
638 192 1243 583 393 279 559 335 61 250 213 305 188 260 321 314 0 240 80 298 572 291 668 337
60 254 211 307 186 261 319 317 583 185 1254 591 395 280 554 335 0 243 77 299 560 291 655 337
58 255 211 308 187 262 318 317 396 283 552 341 0 245 75 300 471 164 1237 603
53 254 214 307 411 156 1253 608 187 262 317 317 0 245 75 299 403 279 544 332
50 251 219 307 188 261 317 314 321 137 1222 611 0 244 75 299 391 277 521 331
48 250 222 305 188 261 318 314 269 130 1238 616 0 242 76 298
48 250 223 304 232 122 1233 622 189 261 318 314 0 241 76 297
46 250 225 305 126 95 1217 631 0 240 77 296
50 251 218 306 123 73 1193 648 0 243 77 297
94 59 1171 661 0 247 78 302 60 249 207 307
58 44 1160 678 0 248 79 306
2 24 1119 688
0 18 1126 695
0 19 1090 696
0 19 1055 698 954 346 1141 496
888 332 1156 497 0 27 954 697
869 340 1183 497 0 18 908 707
876 338 1208 494 27 23 827 694
893 322 1226 479 0 26 735 689
11 19 691 687 940 315 1254 482 648 289 762 351 744 300 859 349
