

500 337 662 646 760 368 901 632 930 485 999 600 571 306 587 327
495 329 664 710 761 367 900 633 930 485 999 600
494 328 664 711 760 367 899 633 930 486 998 599
493 326 665 711 758 367 899 675 930 486 998 598
498 331 663 653 758 367 899 675 930 486 998 598
498 330 663 652 758 368 899 674 930 485 999 598
499 330 663 651 758 368 899 673 930 485 999 599 665 125 1217 538
499 330 663 650 761 364 898 634 664 125 1218 537 930 485 999 599
500 331 662 650 761 363 897 635 663 125 1219 537 930 485 999 599
500 331 662 650 761 363 896 635 662 125 1220 538 930 485 999 599
500 331 662 651 761 364 897 635 664 126 1222 536 929 485 999 599
761 365 897 635 501 330 661 651 667 125 1224 536 929 485 998 600
761 367 898 634 501 330 661 651 929 485 998 600
761 367 899 634 500 331 661 652 929 485 999 600
761 368 899 634 500 332 661 652 929 485 999 600
501 332 661 652 761 367 899 635 929 484 999 601
501 332 661 651 761 367 900 635 929 484 999 601
502 332 661 651 768 367 916 634 930 484 999 602
502 332 660 650 767 367 918 633 930 484 998 602
765 367 920 633 502 332 660 649 930 484 998 602
764 366 921 633 502 331 658 648 668 125 1221 539 930 484 998 602
764 366 921 633 502 329 657 648 668 125 1222 539 930 485 999 601
764 367 920 633 502 329 657 649 930 484 999 601
764 368 920 632 501 331 657 648 930 484 999 601
764 368 920 631 500 331 658 648 674 148 1183 450 930 484 999 601
764 369 920 631 500 331 659 648 661 169 1196 481 930 485 999 600
765 368 919 631 500 330 659 649 663 168 1194 482 930 485 999 600
756 372 907 630 501 330 658 651 663 168 1196 482 930 485 999 600
756 372 907 631 502 332 657 649 664 167 1198 482 930 485 999 600
756 371 906 632 502 334 658 648 664 169 1205 481 931 485 999 600 743 418 776 518
756 371 905 632 503 337 658 646 663 170 1207 480 930 485 999 600 743 418 776 517
757 371 904 632 504 337 658 646 661 171 1210 480 930 485 998 600 742 418 775 517
758 372 903 631 504 336 658 647 660 170 1211 480 931 486 998 600 742 420 775 516
759 372 902 631 505 334 657 648 661 169 1210 480 931 486 998 600 740 421 775 515
760 372 902 630 506 333 656 648 662 167 1209 481 931 486 998 600 740 422 775 514
760 373 902 630 507 338 655 643 661 165 1210 482 931 486 998 600
760 373 901 629 507 343 655 638 661 164 1212 484 931 486 998 600
760 373 900 630 508 347 655 633 660 164 1212 485 930 486 999 600
760 372 900 630 510 346 654 633 660 164 1208 484 930 487 999 600
760 371 899 630 659 163 1203 485 511 350 653 634 931 487 998 600
760 371 898 630 659 164 1200 486 931 487 998 600 526 365 639 605
760 370 898 629 660 165 1199 487 529 367 639 601 932 487 998 601
760 371 898 628 543 373 653 597 661 166 1195 487 932 487 998 601
759 372 899 628 662 165 1192 489 546 373 650 599 932 487 998 600
758 372 900 628 662 164 1190 492 932 487 998 600 551 369 645 608
757 372 900 629 661 163 1188 493 932 487 998 600 553 364 642 615
758 372 899 630 660 163 1188 493 932 487 998 599 553 363 642 622
757 371 898 631 659 163 1192 493 932 487 999 599 550 362 644 625
756 369 896 633 659 163 1200 492 932 487 999 599 549 364 643 624
754 367 894 634 660 163 1203 493 932 487 999 599 538 360 634 622
753 367 893 634 660 164 1205 492 540 360 632 618 932 487 999 599 588 305 605 324
751 374 888 660 661 165 1208 490 933 487 999 601 552 364 637 613 588 305 605 324
749 375 887 660 934 486 999 602 587 305 605 324
747 376 885 660 934 484 999 603 587 305 606 324 107 379 216 576
746 377 884 658 934 484 998 604 119 377 228 579 587 305 606 324
743 377 883 659 667 130 1225 540 936 484 999 605 587 305 605 324
741 376 881 662 666 130 1227 542 937 485 1000 605 543 371 626 596 663 423 677 457
738 377 879 664 662 176 1211 487 542 377 625 587 663 424 676 456 222 389 325 572
737 377 879 666 666 132 1227 538 540 380 625 584 234 390 335 575 663 424 676 456
734 380 877 665 660 170 1208 488 537 390 623 580 261 393 364 580 663 425 676 456 586 305 605 323
731 382 875 664 277 396 375 584 659 171 1205 486 534 398 621 576 586 305 605 323
729 384 873 661 658 168 1196 487 532 404 617 574 303 435 403 626
728 384 872 660 658 168 1194 486 311 440 411 622 531 406 614 574 595 431 615 447
728 385 871 658 322 443 425 616 527 410 610 573 595 431 613 446
726 385 870 657 524 415 605 570 332 447 435 610
725 387 868 659 520 418 600 569 351 447 447 600
725 387 867 666 519 417 596 567 359 448 453 596
725 388 866 670 518 420 592 566
724 388 867 676 379 393 471 582 515 420 588 564
721 387 868 675 388 394 476 576 592 430 613 445 406 473 467 574
708 385 850 678 592 431 613 445 396 398 477 568 410 472 468 567
718 399 833 638 594 431 612 445 422 439 475 554
716 398 831 636 663 122 1205 542 595 430 611 444 425 445 479 550
713 397 828 632 662 119 1217 544 595 430 610 444 423 400 512 552
711 398 826 632 659 118 1224 541 593 429 610 444
709 387 817 617 661 118 1222 535 430 412 535 549 592 429 611 444
706 400 818 631 661 124 1217 527 432 416 537 546 593 428 611 444
437 454 536 545 702 403 815 631 594 427 612 443
436 456 534 541 700 404 813 632 658 127 1220 524 593 427 612 444
697 404 808 633 657 125 1222 530 434 458 529 537 592 428 612 444
695 402 803 634 432 458 523 533 660 124 1219 534 592 429 610 444 541 433 565 460
692 402 798 633 430 458 518 529 659 124 1216 540 592 429 609 445 541 434 564 460 516 432 540 462
691 405 797 632 592 429 608 445 429 455 516 527 657 124 1217 543 541 434 563 460 516 431 541 463
682 389 784 607 415 454 506 528 592 429 608 445 654 124 1219 546 540 433 564 460
681 390 781 605 412 455 507 526 653 124 1221 546 592 429 608 445 540 432 564 460
681 392 779 602 409 456 508 525 650 127 1226 546 593 429 608 444 541 432 564 459
679 393 778 599 406 457 507 524 650 128 1230 546 541 432 563 459
678 392 775 596 405 459 506 522 647 129 1231 549 542 434 563 459
675 390 772 597 648 128 1230 548 403 460 505 520 593 429 608 444
673 390 769 596 649 128 1229 547 592 429 608 444 400 460 506 519
670 389 766 599 651 129 1231 543 591 429 608 444 397 456 507 519
669 392 763 595 653 132 1229 540 592 429 608 444 400 434 503 515
668 390 759 599 652 133 1230 541 593 429 608 444
652 133 1232 542 667 390 757 600 383 461 482 514
651 130 1235 544 383 462 478 512 667 387 755 603 593 429 608 444
651 128 1236 545 593 430 609 444 382 463 475 511 665 387 753 602
651 128 1234 544 664 389 752 599 593 430 608 444
652 128 1232 542 662 392 750 594 593 430 608 444
