

544 182 653 381 596 139 709 251 351 256 406 380 77 422 189 516 414 293 445 346
544 176 652 383 602 131 711 253 346 239 403 371
541 172 652 386 601 127 712 251 434 235 490 304
530 174 642 389 555 267 651 415 600 126 715 252 435 237 490 305 390 226 434 332 166 281 212 367 335 252 386 384 212 277 251 369
530 183 642 388 594 131 718 257 387 245 431 350 435 236 487 310 331 252 382 391 164 288 209 368
530 196 641 384 385 245 427 351 601 138 714 267 558 289 646 444 161 302 207 388
529 207 637 377 552 294 644 451 599 152 715 288 382 254 425 347
527 216 641 439 598 161 715 296 291 299 366 445 855 115 904 236 143 326 188 415
524 222 637 436 590 171 716 302 288 302 360 458 362 290 407 402 428 281 475 362 1005 469 1276 703
521 226 631 431 588 180 713 307 281 307 354 464 358 287 401 405 998 473 1273 702
518 227 626 429 588 181 708 308 408 276 461 367 275 308 348 465 352 334 400 420 285 398 336 480 341 289 380 406
523 317 622 463 588 174 705 307 511 222 612 366 335 289 380 407 407 276 458 369 116 338 159 440 279 398 330 482
522 317 617 460 507 220 609 365 587 164 706 306 113 333 158 445 329 331 381 423 404 276 455 369 244 312 320 469 162 327 201 424 255 401 313 491
522 314 615 457 506 219 608 363 110 328 155 452 239 310 314 469 402 276 453 372 589 160 708 306 158 323 199 431 249 400 308 494 317 285 361 407
522 315 615 456 506 219 609 364 580 162 716 304 402 276 453 373 108 328 153 455 327 354 374 435 313 286 358 411 155 322 200 431
522 315 614 456 507 220 609 365 582 165 718 305 402 298 450 384 93 337 137 458 307 291 353 410
520 316 614 456 583 165 720 305 506 221 608 364 399 300 447 390 179 324 270 519 88 339 135 464 306 351 359 453
519 311 612 454 168 321 257 522 505 220 606 365 583 163 720 304 276 306 352 460 300 371 352 461 176 420 261 557 389 298 438 391 84 339 131 467
518 304 611 450 159 325 254 524 505 218 606 370 583 159 722 302 270 302 346 461 385 297 438 392 81 336 129 467
519 300 611 448 506 216 607 372 134 321 233 538 587 156 724 301 364 265 444 400 282 372 338 469
511 228 615 434 121 323 222 553 591 155 729 301 377 263 431 384 244 298 325 467 111 446 218 609 413 254 452 342 66 336 114 498
524 302 614 445 243 298 319 471 507 217 609 372 596 153 734 299 378 295 434 405 109 324 210 563 80 443 187 630 412 255 452 343
516 247 617 428 240 293 314 470 597 150 738 294 81 324 179 565 79 442 185 633 365 264 442 402 256 391 314 495
512 198 616 378 362 260 441 399 231 288 309 466 603 137 741 273 78 444 174 631 72 325 167 561 530 294 620 435
516 189 621 382 608 131 746 271 358 258 439 400 217 362 305 513 227 272 307 424 416 229 455 320 108 310 157 387
519 186 626 383 357 259 438 404 611 128 749 270 205 364 301 522 445 215 500 290 212 284 297 463 106 311 155 385 417 228 456 320 62 320 109 467
519 189 627 383 613 130 750 270 345 261 431 413 196 297 275 467 200 364 301 527 62 321 106 470 104 312 154 387 535 292 629 434 415 229 456 322
518 191 626 382 612 133 751 271 342 263 429 420 186 301 266 477 181 394 279 554 411 228 455 324 535 293 628 433 59 327 103 467 594 207 611 236 96 316 137 390
517 189 625 386 612 133 753 270 338 267 425 425 171 329 260 521 89 318 133 392 148 405 285 557 540 290 624 407 594 207 611 236
515 189 621 386 611 127 754 271 334 299 419 442 404 223 453 329 162 328 246 522 538 290 623 404 127 439 225 601
610 121 755 271 515 187 618 386 324 304 415 449 127 317 225 536 432 211 494 292 536 289 621 404 121 442 222 608
609 120 756 274 513 190 614 384 311 302 410 467 432 214 491 293 534 290 618 405 82 446 185 631
609 122 758 277 512 194 612 384 78 442 177 638 534 292 617 407 302 296 405 484
620 120 767 289 510 197 611 382 362 286 444 357 279 283 386 491 533 292 615 408
620 118 769 290 510 195 613 385 273 331 388 523 378 243 440 349 17 66 333 454 533 291 616 407 216 282 260 353
619 111 773 287 513 189 615 383 377 240 439 350 258 326 380 544 11 30 340 528
622 104 781 280 516 184 619 383 12 24 338 545 376 239 439 350 429 234 482 305 235 291 378 573
626 97 790 277 10 20 338 557 521 182 624 378 219 292 355 585 375 238 439 351 430 235 484 303
9 20 345 566 633 96 798 278 525 182 630 378 207 328 356 627 377 238 439 351 432 235 486 306
529 181 636 379 638 96 810 280 10 17 347 562 185 318 354 647 378 234 439 354 433 235 489 309
533 181 638 380 639 94 821 280 379 232 439 357 9 9 351 560 434 235 490 310 140 296 313 665 288 301 380 388 399 276 446 366
657 89 837 280 547 183 646 377 378 228 438 361 114 355 322 708 442 234 498 308 6 2 354 549 287 300 381 387
659 84 842 276 551 185 647 374 382 279 440 372 81 297 269 682 443 231 499 306 985 433 1258 699 367 217 446 360
661 78 851 277 555 187 649 374 381 279 438 375 443 229 499 308 620 183 638 213 989 436 1258 694 1163 11 1258 203
664 73 860 280 554 164 646 331 567 251 649 391 443 227 499 312 621 182 641 215
666 72 868 285 557 165 647 330 569 252 651 391 432 225 491 319 15 22 410 507 373 299 430 394 534 204 566 236 623 182 643 218
669 73 873 285 557 165 648 328 570 251 652 390 15 28 405 510 433 227 491 320 534 204 566 235 622 181 644 219 360 299 418 405
669 71 878 281 558 164 648 328 571 248 652 389 429 226 488 320 13 28 408 499 622 180 644 217 982 435 1258 693 533 203 565 234
678 52 877 290 557 163 649 328 572 245 653 389 23 56 337 439 426 225 486 319 980 424 1257 693 43 295 202 562 387 225 413 275
680 47 880 291 557 162 649 329 43 300 192 563 572 243 653 388 387 223 412 275 23 59 336 426 183 263 229 384
681 43 883 293 557 161 650 330 56 318 176 559 290 224 375 373 406 230 490 319 573 244 654 387
674 23 890 288 559 159 651 330 480 209 530 282 391 234 481 318 578 244 660 357 287 226 370 376 110 283 167 404
684 19 908 283 560 154 653 328 477 185 526 272 389 233 481 320 578 240 662 355 276 231 361 417 97 271 172 423 620 157 642 194 63 378 152 587 161 260 205 388
673 32 919 274 568 218 656 358 263 233 354 424 386 228 481 322 474 183 524 272 93 270 167 427 621 153 643 192
672 29 924 275 567 216 656 353 383 227 480 324 87 267 162 435 471 182 522 272 236 234 339 441 514 178 556 213 555 151 643 242 234 342 335 506
672 28 931 282 565 217 655 356 221 281 328 479 81 281 155 461 511 182 554 215
673 25 937 291 561 214 652 361 457 202 508 292 75 288 150 471 217 271 317 487 385 253 469 340 183 394 289 570 537 154 637 330 509 186 553 219
675 22 942 300 551 157 646 332 158 243 298 533 453 201 503 297 57 297 127 479 178 394 286 584
676 17 950 305 551 158 646 334 145 274 288 570 156 437 272 622 450 203 502 299 373 225 465 354 55 299 124 480 671 177 693 210 669 160 686 196
678 9 963 306 552 153 647 332 369 221 462 352 139 281 286 576 156 445 258 626 450 201 499 300
681 1 977 306 552 151 649 330 365 217 460 354 89 290 242 588
686 0 993 309 554 150 651 328 362 220 458 359 63 314 196 643 79 485 192 690
694 1 1009 317 556 155 653 329 362 224 459 366 578 243 661 354 71 362 167 599 79 536 182 707
695 9 1033 319 559 152 657 330 358 256 451 383 579 240 664 354 503 198 548 238
691 16 1056 317 563 147 661 328 582 236 667 352 355 258 449 384 101 403 253 545 503 196 548 237
704 12 1085 316 566 141 666 327 91 401 248 550 508 188 551 222 352 259 447 384 586 235 671 347
707 9 1100 320 573 137 672 323 89 400 242 552 508 184 555 222 594 222 663 332
715 8 1128 327 579 136 678 323 409 208 495 342 84 405 235 558
731 7 1160 335 585 134 682 322 407 210 494 344 606 225 686 332 189 306 356 446
744 5 1187 340 604 206 694 344 186 304 354 449 406 213 492 348 525 178 572 219 591 119 679 278 977 460 1250 697 430 180 520 270 331 270 429 407
751 4 1201 344 599 143 695 320 404 213 492 351 616 219 686 332 185 304 349 447 524 175 572 218 428 178 520 269 329 271 427 412
759 0 1238 351 599 143 695 324 388 214 478 362 407 184 510 275 77 451 178 607 706 138 757 204 617 221 686 332 183 309 344 451 528 178 571 219
761 1 1258 380 599 147 694 326 383 217 475 367 707 140 757 210 403 195 507 292 312 301 415 450 622 242 685 344
771 0 1274 397 598 151 692 329 405 195 511 295 376 221 472 374 708 141 756 217 621 243 684 346 436 108 589 238 144 347 317 491 689 152 709 195 305 302 411 462
783 0 1279 408 405 197 510 295 597 153 692 325 370 242 476 419 613 242 693 343 709 142 755 217 689 154 709 195 434 110 589 235 138 344 313 494 672 157 690 187 512 198 558 241
798 0 1277 419 404 195 509 294 597 151 693 323 360 231 480 425 689 153 709 192 128 343 305 498 614 241 694 341
812 1 1278 446 402 196 509 293 597 147 695 321 356 228 481 429 264 284 382 478 620 225 687 330
828 0 1272 472 401 197 510 295 600 147 697 321 351 228 482 436 253 272 378 485 720 140 772 211 96 355 267 516 623 224 689 330
839 0 1268 499 402 201 512 301 348 234 477 446 604 149 701 321 232 255 388 512 435 108 589 239 724 140 773 214 86 365 181 525 690 150 710 192
856 0 1263 533 400 202 512 305 613 212 702 349 343 237 473 453 432 111 586 244 206 259 361 525 728 140 774 215 74 369 173 531 520 194 572 237 0 301 118 675
870 0 1261 561 397 202 512 307 609 149 703 320 196 262 352 534 433 111 587 244 730 136 777 214 328 236 477 501 627 225 691 331 0 303 120 673
876 6 1265 552 183 279 344 574 608 147 701 317 391 200 511 307 304 240 458 505 730 133 778 213 431 110 587 244 626 224 691 331 0 294 120 679
882 8 1263 527 169 279 339 590 296 247 457 515 608 148 701 317 731 133 778 213 0 284 118 686 625 226 691 330
288 252 462 528 619 207 708 346 917 7 1279 493 148 308 318 643 351 200 510 334 0 271 118 693 734 164 809 226
136 306 311 654 959 16 1269 469 279 254 466 540 626 205 719 344 381 204 523 333 752 168 839 227
381 204 529 334 275 253 469 593 983 10 1272 473 125 307 301 665 629 151 726 325 758 165 838 227 714 149 739 195
383 202 533 333 265 250 469 599 90 341 274 715 632 148 731 321 990 0 1276 516 771 129 827 216
79 334 275 717 259 255 472 601 395 201 542 331 1044 24 1271 532 653 152 754 322
71 332 276 714 255 262 479 609 670 147 766 313 273 426 461 705
442 174 587 310 61 327 278 714 260 271 484 678 683 112 775 280
451 162 605 303 714 108 813 276 258 264 494 683 61 335 275 713
216 260 516 674 479 154 629 292 729 103 824 267 42 295 198 676
480 121 646 261 761 112 853 253 184 251 502 680 918 37 969 125
477 111 649 256 762 55 853 218 904 60 994 140 783 130 853 229 854 53 879 103
465 107 644 256 901 65 990 135 756 54 847 220 85 260 425 652 816 56 840 93 789 128 846 225

679 60 767 218
363 117 550 285 676 65 766 226 840 45 902 147 827 88 923 159 694 141 759 252
