

121 322 228 385 493 333 715 435 903 350 1105 457 409 301 491 505 29 308 112 462 336 362 533 507 267 328 297 351 37 384 97 468
123 322 228 384 492 333 716 435 903 350 1105 458 408 301 492 505 35 308 116 461 334 361 533 506 268 328 297 351 241 327 269 352
124 322 229 385 492 333 716 435 903 350 1104 458 407 302 492 504 40 309 120 459 332 362 532 506 240 327 270 353
491 333 716 434 904 350 1105 458 126 321 229 384 386 307 484 491 47 309 124 456 330 363 530 506 52 376 112 466 240 327 272 352
491 333 717 434 903 350 1105 458 128 321 231 384 385 307 484 490 51 308 128 454 328 364 528 506 56 377 115 465 239 327 275 352 353 331 374 360
491 333 717 434 903 349 1105 458 130 321 233 384 385 307 484 490 54 305 130 454 327 365 527 507 60 377 119 463 238 326 275 352
491 333 717 433 903 349 1105 458 132 321 235 383 386 306 484 489 327 367 526 507 56 303 131 455 63 378 122 462 237 326 275 352
492 333 717 433 903 349 1104 458 134 321 236 383 386 307 483 486 64 304 138 453 327 368 523 508 238 326 273 351 66 380 123 460 364 330 381 362
491 332 717 433 903 349 1103 458 135 321 237 382 65 302 139 452 383 309 482 484 326 369 521 508 238 326 273 351
903 350 1103 458 491 332 716 433 136 321 238 382 379 310 482 481 325 369 518 508 66 303 141 451 239 325 273 350 339 328 377 353
136 321 238 381 903 350 1102 458 490 332 717 433 324 369 517 508 376 310 482 482 76 305 139 446 338 329 377 351 239 325 273 351
139 322 238 382 490 333 717 433 903 350 1103 458 323 368 515 507 376 309 482 482 81 305 143 443 239 325 274 351 81 377 136 454
142 322 237 383 904 350 1103 458 490 333 717 433 323 369 512 507 85 304 146 441 375 309 481 483 86 378 139 454 238 325 274 351
145 323 237 384 904 350 1103 458 489 333 717 433 322 371 510 507 89 303 149 439 374 309 480 483 90 378 143 452 236 325 274 352 1202 356 1253 482
147 322 237 384 904 349 1103 458 489 333 717 433 322 374 509 507 372 310 479 484 91 303 149 439 93 378 145 451 236 325 273 352 1202 356 1253 482
904 349 1103 459 150 323 236 385 489 333 717 433 322 376 508 508 372 309 478 485 97 303 156 432 236 326 273 352 95 376 146 450 1202 356 1253 482
489 333 717 433 903 349 1103 458 152 322 236 384 321 377 507 509 372 308 478 486 99 303 158 431 99 374 153 450 237 326 273 353 1202 356 1253 482
490 333 717 432 903 349 1104 458 155 325 240 380 320 378 507 509 371 308 477 486 102 304 161 430 101 373 155 449 238 326 272 353 1202 356 1253 482
490 333 716 432 156 325 240 380 903 349 1104 458 320 379 506 509 369 308 476 485 104 305 163 429 104 375 157 447 1202 356 1254 481 240 327 272 353
491 333 716 433 903 349 1104 459 157 325 240 380 320 381 505 509 369 308 474 485 106 305 165 428 107 377 160 445 1202 357 1253 482 240 327 270 353
491 333 716 433 903 349 1103 459 158 325 240 380 320 382 504 508 369 308 473 485 109 306 167 428 110 378 163 444 268 328 302 353 239 327 271 353 1202 357 1253 481
904 349 1103 459 492 333 717 433 159 325 241 380 320 383 503 508 112 306 169 428 369 308 471 484 268 328 303 353 113 377 164 444 240 328 270 353 1202 357 1253 482
904 349 1103 458 492 333 717 433 160 325 242 380 319 382 503 507 114 305 170 429 369 310 470 483 267 328 303 352 241 329 270 353 116 377 166 444 1202 357 1253 482
904 349 1103 458 491 333 717 433 163 327 242 380 319 382 502 508 369 311 468 482 116 304 171 430 267 328 302 352
904 349 1103 458 491 333 717 433 319 382 502 508 165 328 244 380 368 312 468 481 118 304 171 431 265 328 301 352
904 349 1104 458 490 333 717 433 318 381 501 508 167 329 245 380 368 312 469 481 125 306 176 426 121 367 170 435 265 328 300 352
904 349 1104 458 490 333 718 433 318 380 501 507 168 329 246 380 369 312 470 481 127 307 178 424 265 328 299 352
904 349 1104 458 490 333 718 433 318 378 502 507 170 329 246 380 370 312 471 481 129 309 180 422 266 328 298 352
904 349 1104 458 490 333 718 433 317 377 502 507 171 329 247 380 370 313 472 481 130 311 182 421 266 328 297 352 86 334 129 361
904 349 1104 458 490 333 718 433 318 376 502 507 173 328 249 380 370 313 472 482 131 312 184 420 85 333 131 361
904 349 1104 458 490 333 718 433 318 375 502 507 173 328 250 380 371 313 472 482 131 312 186 420 84 333 133 361
489 333 717 433 905 350 1104 458 318 376 502 507 371 314 472 483 175 328 250 380 133 313 187 419 84 332 134 361
489 332 717 433 906 350 1105 458 318 377 503 507 371 314 472 483 134 313 188 419 175 329 250 380 84 332 136 361
489 332 716 434 907 351 1106 457 319 379 503 507 135 312 189 418 371 314 472 483 177 329 250 380 83 332 137 361 139 371 179 424
489 332 716 434 906 351 1106 457 136 311 191 418 318 378 503 507 371 314 472 484 177 329 251 380 83 332 138 361
489 332 716 434 906 350 1106 458 318 378 503 507 138 312 192 418 372 313 472 484 177 330 251 379 83 332 138 361 141 369 183 424
489 332 716 434 906 350 1106 458 319 378 503 507 140 312 193 418 372 313 473 485 185 329 245 379 82 332 138 361 0 328 40 416 141 369 185 424
489 332 716 434 906 350 1106 458 319 378 504 507 372 313 473 486 142 312 194 418 0 323 57 414 186 329 246 378 81 331 139 361 263 328 301 353
489 332 716 434 906 350 1106 458 373 312 473 486 319 379 504 507 143 312 194 418 0 318 64 413 186 330 246 378 81 331 139 360 262 327 302 353
489 332 716 434 906 350 1106 458 373 312 474 487 319 378 504 507 150 311 197 418 0 317 79 412 83 331 139 360 177 329 254 379 260 327 304 352
490 332 716 434 906 350 1106 458 372 313 474 486 319 376 504 506 150 312 199 417 0 315 88 411 86 331 137 360 259 326 304 352 175 328 255 378
490 332 716 434 905 350 1106 458 372 312 474 486 319 375 504 506 151 312 200 416 0 311 96 413 259 326 305 352 89 330 137 360 187 329 260 375
490 332 717 434 905 351 1106 458 151 313 202 415 371 312 474 486 318 374 503 506 0 306 111 407 260 326 305 352 189 328 260 376 91 330 135 360
490 332 717 434 904 350 1106 458 152 315 203 414 372 311 474 486 318 373 503 506 0 306 119 407 261 326 305 352 190 328 259 376 93 328 136 358
490 332 717 434 904 350 1106 458 318 373 503 506 372 311 473 486 153 317 204 413 0 307 129 406 261 326 305 351 198 328 257 378
490 332 716 434 904 350 1106 458 319 372 503 506 372 311 473 486 155 318 205 411 0 311 138 412 198 328 257 377 261 326 307 351
490 332 716 434 904 350 1106 458 319 372 503 506 372 311 473 486 156 319 207 410 0 305 145 406 198 329 257 377 261 326 308 351
490 332 716 434 904 350 1107 458 319 372 503 506 372 310 473 486 157 319 208 410 198 329 257 377 2 304 155 404 260 326 308 351
490 332 716 434 904 350 1107 457 319 373 503 506 371 310 472 486 158 320 208 411 199 328 258 378 23 312 147 398 260 326 307 351
490 332 716 434 903 350 1108 457 319 374 503 506 370 310 471 486 159 321 208 412 200 328 258 378 260 325 306 352 4 355 65 439 28 311 150 395 12 301 62 397
490 332 716 434 903 350 1107 457 319 374 504 506 370 310 471 486 160 322 209 412 201 327 258 378 260 325 306 352 50 313 166 398 12 358 96 432
490 332 716 434 903 350 1107 457 319 374 504 506 370 310 471 486 163 323 210 411 204 330 255 375 260 325 306 352 17 360 103 431 52 312 168 395
490 332 716 435 903 351 1106 457 319 373 504 507 370 310 472 486 166 324 213 411 260 325 306 352 206 331 255 374 44 359 122 427
489 332 716 435 903 351 1106 457 319 373 504 507 370 309 473 486 169 324 214 411 260 325 305 352 207 331 255 374 52 359 127 426 65 306 115 395
489 332 716 435 903 351 1106 457 319 372 504 507 371 309 473 486 170 324 215 411 260 325 305 352 207 331 255 374 81 317 138 417
489 332 715 435 902 351 1105 457 319 372 504 507 371 310 473 485 171 323 215 413 260 325 305 352 208 332 255 373 84 320 144 416
489 332 715 435 901 350 1105 457 319 373 504 507 371 310 473 485 170 323 216 413 210 333 255 373 259 325 304 352 105 306 153 398 69 334 157 411
489 332 714 435 901 350 1104 457 319 374 504 507 370 311 473 485 169 325 218 413 212 333 255 372 108 301 155 399 259 325 304 352 87 337 176 414 1215 349 1255 479
489 332 714 435 901 350 1104 457 319 375 503 507 370 311 472 485 214 332 256 373 177 322 220 411 260 325 303 352 113 300 161 397 89 336 179 414 1215 349 1255 479
489 332 714 435 901 350 1104 457 319 376 503 507 369 311 472 484 218 332 254 372 177 325 224 410 261 325 303 352 113 304 164 394 1215 350 1255 478
489 332 714 435 901 350 1104 457 320 376 502 507 369 312 472 484 179 327 228 408 261 325 302 352 132 308 179 394
489 332 714 435 901 350 1104 456 320 376 502 507 369 312 472 483 137 308 182 391 261 325 302 352 182 315 230 396 115 339 205 412
489 332 714 436 901 350 1103 456 320 376 502 507 369 312 472 484 261 325 302 352 184 313 230 397 141 309 185 389
489 332 713 436 901 350 1103 456 320 377 502 507 370 313 472 485 260 325 303 352 184 312 231 397 135 337 231 412 143 311 187 387
489 332 714 435 901 350 1103 456 320 377 502 507 370 312 472 486 138 337 233 411 259 326 303 352 185 312 231 396
489 332 714 435 902 351 1103 456 320 376 502 506 371 312 472 486 140 336 236 411 258 325 304 352 186 312 233 396
489 332 714 435 902 350 1103 457 320 375 502 506 371 313 472 486 142 339 236 410 258 325 304 352 188 313 235 396 154 313 202 391
489 332 714 435 903 351 1104 457 319 376 502 506 371 314 472 486 145 341 236 410 191 314 238 397 259 325 304 352
489 332 714 435 903 351 1104 457 319 376 502 506 371 315 472 486 193 313 240 399 261 325 304 351 147 344 235 410
488 332 715 435 902 351 1105 457 319 376 502 506 372 315 472 486 263 326 304 352 204 313 249 398 149 344 234 410 165 318 197 361
488 332 715 435 902 351 1105 457 320 376 502 506 371 316 471 485 206 312 247 399 265 326 303 352 150 344 232 410 165 318 196 361
488 332 715 435 902 351 1106 456 320 375 502 506 371 317 471 485 207 312 246 399 166 318 196 362 150 344 233 409
488 332 715 435 901 351 1106 457 320 375 502 506 372 318 472 485 208 313 244 399 149 344 234 409 166 319 196 363 1203 357 1252 478
488 332 715 435 901 350 1106 457 320 375 501 506 373 317 472 485 210 314 244 399 148 345 234 408 1203 357 1251 478
488 332 715 435 901 350 1107 457 321 374 501 506 374 318 472 485 210 313 245 400 148 345 233 409 1203 357 1251 479
488 332 715 435 901 350 1107 457 321 374 501 506 374 318 472 485 209 313 247 400 148 345 234 408 1204 357 1251 479
488 332 715 435 901 350 1107 457 321 373 502 505 375 318 472 485 209 313 249 401 149 345 235 408 1203 357 1251 479
488 333 715 435 902 350 1107 457 321 373 502 505 376 318 472 486 149 345 236 407 209 313 250 400 72 326 94 365 1203 358 1251 478
488 333 716 435 902 350 1107 458 321 374 502 505 376 319 471 485 149 345 237 407 72 326 94 366 208 313 249 400 1203 358 1252 478
488 333 716 435 902 350 1107 458 321 374 502 506 375 319 471 484 149 345 237 408 209 313 250 399 1203 358 1252 478
488 333 716 435 903 350 1107 458 321 374 501 506 374 318 471 484 209 313 250 399 149 345 236 408 235 326 315 384 1202 359 1252 478
488 333 716 435 903 350 1107 457 321 373 502 506 373 318 471 484 234 326 317 384 148 345 237 408 209 313 249 399
488 333 716 435 902 350 1107 457 321 373 502 506 234 326 319 385 373 318 470 485 148 344 237 408 208 314 248 399 100 326 121 362
488 333 716 435 902 350 1107 457 322 374 503 506 233 326 323 385 373 317 470 485 148 344 237 408 207 315 248 398 101 325 120 362
488 333 715 435 902 350 1107 457 322 374 503 506 234 326 327 385 373 317 470 486 148 343 237 408 206 316 248 397 100 327 120 362
488 333 715 434 902 350 1108 457 236 325 332 384 322 373 504 506 373 317 470 486 147 343 238 408 205 317 248 396 100 327 120 362 1202 359 1252 479
489 333 715 435 903 350 1108 457 322 373 504 506 237 325 334 384 373 316 471 486 147 343 239 408 26 326 52 368 204 316 249 396
489 333 715 435 903 350 1108 457 241 326 336 384 321 373 504 506 373 316 470 486 147 343 239 408 204 316 250 396 25 327 49 366 1212 350 1256 478
489 333 715 435 903 351 1108 457 244 327 336 383 321 374 503 506 372 316 470 486 147 342 238 408 204 317 250 396 24 328 48 364 1212 350 1256 478
489 333 715 435 247 328 337 383 903 351 1108 457 321 375 503 506 372 315 470 487 147 342 238 408 203 317 249 396 1212 350 1256 478
488 333 715 435 252 329 342 382 903 351 1108 457 321 375 503 506 373 316 470 487 147 341 238 408 203 317 249 396
255 329 343 381 489 333 715 435 903 351 1108 457 321 375 502 507 373 316 470 486 147 341 237 408 204 317 249 396 30 325 47 361 1213 351 1256 477
259 330 345 380 489 333 715 435 902 351 1108 457 320 375 502 506 373 317 470 486 147 341 236 408 29 323 47 363 204 317 249 397 1213 351 1256 477
489 333 715 435 263 329 347 380 902 351 1108 457 321 375 502 506 374 317 470 485 147 342 236 408 26 323 46 364 204 317 249 397 72 326 94 364 1213 351 1256 477
489 332 715 435 265 329 348 379 902 351 1108 457 321 374 502 506 374 317 470 485 147 342 236 408 25 322 45 363 72 326 94 364 204 317 249 397 1213 351 1256 477
489 332 715 435 902 351 1107 457 266 329 350 379 321 374 502 506 374 317 470 485 147 342 236 408 25 323 44 363 71 325 92 364 204 316 249 397 1213 350 1256 477
488 333 715 435 902 351 1107 457 267 328 351 378 321 373 502 506 374 317 469 485 147 342 237 407 24 323 43 363 204 316 248 397 1213 350 1256 477 71 325 90 363 244 327 271 349
488 333 715 435 902 351 1107 457 268 329 352 377 321 374 502 506 374 317 469 485 147 342 237 407 24 325 43 363 1213 349 1256 478 204 316 248 397 244 327 272 349
