

631 249 784 538 260 295 417 411 184 333 232 418 597 337 648 407 424 355 473 431 2 362 150 526 644 412 800 557 426 301 483 398 1022 371 1187 503 503 309 544 393 764 314 841 467 771 387 829 470 773 309 829 397 509 346 538 401 109 301 153 393
261 295 416 411 631 249 784 538 184 335 231 419 597 337 647 407 424 316 479 422 1 360 152 528 643 411 800 557 503 309 544 393 1022 372 1188 503 773 309 829 397 764 313 840 467 771 387 828 470 508 346 538 401 611 208 644 224
261 295 416 411 630 249 783 538 184 335 231 419 597 336 647 406 2 356 155 530 425 317 480 421 642 410 801 556 188 295 239 396 501 309 544 393 1022 372 1188 503 773 309 828 397 771 388 828 469 764 312 840 466 611 208 644 224 507 346 538 401
261 295 416 410 630 250 782 537 183 335 231 419 596 336 646 406 1 353 159 531 426 318 479 420 189 296 239 395 641 408 801 555 501 309 543 394 1020 372 1188 503 774 308 828 397 770 387 828 469 140 322 196 375 612 208 644 224 507 347 538 401
629 250 781 537 260 295 417 410 182 335 232 419 596 335 646 405 0 349 164 532 428 319 480 419 188 296 239 394 641 407 799 554 499 310 543 394 1019 372 1188 503 774 308 828 397 141 321 195 374 770 387 827 468 506 347 538 402 612 208 644 224
629 252 781 536 260 295 418 410 0 348 169 533 181 335 232 418 596 335 645 405 428 321 480 419 641 406 797 553 187 298 240 393 499 310 544 393 1019 372 1188 503 774 308 828 397 141 320 194 375 770 387 827 468 118 306 138 355 505 347 538 402 612 208 644 224
628 253 779 535 260 295 418 410 0 345 174 534 182 334 233 418 429 300 482 395 596 336 644 405 431 354 474 429 641 406 793 553 498 310 544 392 1020 372 1188 504 773 308 828 398 771 387 827 468 193 295 242 363 118 305 138 357 505 348 539 402
627 254 778 534 259 295 419 410 429 299 482 395 184 331 234 419 596 335 644 405 1 343 177 533 431 354 474 428 640 406 793 553 498 310 544 392 773 308 827 398 1021 373 1188 504 771 388 827 468 118 303 138 359 504 349 539 401 193 294 242 363 605 311 635 350
626 254 778 533 258 295 419 410 429 298 482 396 187 330 235 420 596 334 643 404 497 309 544 392 432 354 474 428 1 338 179 533 638 406 792 553 772 308 827 398 1022 372 1188 504 772 388 827 467 503 349 539 401 118 302 138 360
625 256 777 532 257 295 420 410 430 297 482 398 497 309 544 391 637 405 794 553 187 330 236 421 596 332 643 404 432 354 474 427 3 297 177 561 772 309 826 398 1022 372 1189 504 772 389 826 467 503 349 540 401 118 301 139 361
625 257 776 531 266 292 438 410 430 297 483 399 497 308 545 391 636 404 794 553 187 330 237 423 596 331 643 404 1022 372 1189 504 433 354 475 427 771 310 826 398 3 295 178 562 773 388 826 466 503 348 540 401 118 301 139 359 612 208 643 224
624 259 775 531 266 292 439 410 431 297 483 399 497 308 545 390 635 403 794 553 188 326 240 426 1022 373 1189 504 596 330 642 404 771 310 825 398 434 354 475 427 773 388 825 466 5 294 178 560 503 348 540 401 202 294 247 399 120 302 140 354 611 208 644 225
623 260 773 531 266 292 439 409 432 297 484 399 498 308 545 390 635 403 792 554 190 323 243 429 1022 372 1188 503 771 311 824 397 434 353 476 427 597 329 641 404 773 387 824 466 503 348 539 401 5 293 179 558
622 262 772 532 257 296 421 409 433 297 484 400 196 310 253 428 498 309 545 389 636 401 792 554 1022 372 1188 503 771 311 823 396 6 291 179 555 435 353 476 427 503 348 540 401 146 315 206 379 773 385 823 466 597 328 640 405
621 263 771 533 257 295 419 409 434 297 485 400 197 312 255 428 498 309 545 389 636 401 790 555 5 290 180 555 1022 371 1186 503 771 311 822 396 436 353 477 427 142 314 207 379 503 347 539 401 773 385 822 465 592 346 629 398 107 286 144 375
619 263 771 534 258 295 417 409 436 297 486 400 199 313 259 430 499 309 545 389 136 312 212 380 636 401 788 555 3 267 180 533 1022 370 1185 502 770 310 821 397 437 353 478 426 592 346 628 398 503 348 539 401 772 384 820 464 99 288 136 371
618 263 770 534 259 294 416 409 438 297 486 399 201 314 263 430 129 313 207 379 500 310 545 387 2 263 181 534 663 404 771 562 1023 370 1185 502 591 345 627 397 438 352 479 426 771 383 819 463 504 349 539 401 768 309 821 398
612 253 756 538 126 314 209 379 273 292 430 405 439 298 485 399 2 259 181 533 502 310 546 386 769 383 817 463 591 345 626 397 663 405 770 561 505 350 538 402 439 352 480 426 1022 370 1185 501 766 308 821 398 118 304 139 347
612 252 756 538 124 314 211 379 274 292 429 406 439 298 485 398 198 306 274 437 768 383 817 463 504 310 546 386 506 351 538 403 1 254 181 533 439 352 480 426 1022 370 1186 502 661 404 768 560 591 346 625 397 765 308 820 397 118 304 139 346
611 251 756 539 276 292 427 406 123 314 213 379 440 299 485 398 767 381 816 463 201 305 277 437 507 351 538 403 505 310 547 386 440 352 481 426 1022 370 1187 502 591 347 624 396 660 403 767 560 763 311 820 431 118 303 139 344
610 251 754 540 122 314 214 379 276 292 426 406 441 300 486 399 765 380 815 463 508 351 539 402 506 310 548 387 441 352 481 426 659 401 764 560 1021 371 1187 502 591 347 623 395 761 311 819 430 118 302 139 344
610 250 753 542 128 312 220 378 276 293 426 406 442 300 486 399 211 307 288 430 508 350 540 402 764 380 815 463 442 351 482 426 507 310 549 387 657 401 763 562 591 348 622 393 1021 371 1186 501 759 310 819 430 117 301 140 344
609 250 752 542 128 312 221 377 275 293 428 405 443 299 487 400 211 309 291 431 509 349 540 402 655 401 762 563 442 351 483 426 508 311 549 388 758 382 810 464 756 310 814 429 1021 371 1185 501 591 348 621 393 115 299 140 343
608 248 751 543 118 314 215 377 213 311 296 434 276 294 428 405 443 299 487 400 757 383 809 462 756 311 813 428 510 348 540 402 509 310 550 389 1 228 166 531 652 401 762 565 443 351 483 425 1021 371 1185 501 591 349 620 392
606 246 750 543 118 314 214 377 216 314 302 436 277 294 430 406 755 384 808 460 443 295 498 400 755 314 813 426 509 310 550 390 0 221 178 528 510 348 541 402 443 351 483 424 1020 371 1185 500 590 349 619 391 651 400 761 563
604 245 749 543 220 315 308 438 119 314 212 377 279 293 431 407 443 296 498 400 752 384 808 458 754 316 812 423 9 238 202 522 510 310 550 391 511 347 541 401 1020 372 1185 500 443 352 484 424 589 348 618 390 649 399 758 561
603 243 748 542 223 314 312 439 444 297 497 399 289 294 420 407 122 312 210 376 750 383 807 457 17 228 207 529 752 317 810 423 511 310 551 391 511 347 542 401 1021 372 1186 501 444 352 484 423 587 347 617 391 648 399 756 559
602 243 747 543 25 220 218 534 444 298 497 399 291 294 420 407 226 312 316 440 751 318 808 424 748 383 806 457 512 311 552 391 512 348 543 400 586 346 616 390 1021 373 1187 501 444 352 485 422 646 401 754 558 136 310 220 376
601 242 747 542 444 298 497 399 292 294 420 407 746 383 804 456 230 307 318 440 749 318 806 425 31 219 230 533 512 311 552 391 513 348 544 400 586 346 617 390 1020 373 1188 502 627 417 744 556 443 353 486 422 1 262 71 513
600 242 747 542 67 218 258 529 444 298 497 400 293 294 420 407 744 382 802 456 749 318 804 426 513 312 553 391 233 302 321 441 514 348 546 399 586 346 617 390 1020 374 1189 502 627 419 743 555 0 264 83 514 443 353 487 421
599 243 747 542 73 220 262 529 444 298 497 399 294 295 420 407 745 381 801 456 748 319 803 425 513 312 553 391 237 297 323 443 628 420 742 555 586 345 618 390 1021 374 1188 502 2 269 113 511
600 244 748 542 82 222 270 528 445 298 497 398 296 295 419 408 748 318 802 426 2 268 116 515 745 381 800 455 514 312 554 391 629 424 741 557 586 345 619 390 1021 374 1188 502 240 295 327 448
601 245 749 542 298 295 417 408 446 299 497 397 92 225 274 529 629 428 740 560 515 312 555 391 2 267 122 521 747 318 800 424 746 379 798 453 586 347 619 390 1021 374 1189 502 279 339 330 452
603 245 749 543 121 230 297 528 629 428 740 562 447 301 497 396 3 254 138 536 300 296 417 409 516 312 556 392 746 317 798 424 745 378 797 451 586 347 619 389 1020 374 1190 502 279 342 333 452
604 245 750 542 129 230 295 529 629 427 740 562 2 255 141 535 448 302 496 395 517 312 556 392 301 295 417 409 744 316 796 422 744 377 796 450 586 348 620 390 1020 374 1191 502 585 327 617 372 923 378 1023 462 448 354 492 421
606 245 751 541 139 232 299 529 628 425 741 561 2 255 145 535 449 302 497 395 302 296 416 409 517 313 556 392 743 315 795 422 585 347 620 391 742 377 794 449 1020 374 1190 502 584 328 616 371 924 378 1022 463 451 363 490 416
607 245 752 540 149 235 304 531 628 425 741 560 2 255 151 535 451 303 499 394 305 296 414 409 517 313 557 393 583 345 619 391 742 315 793 421 1020 374 1188 501 740 376 793 449 583 330 616 370 451 363 491 416
608 245 752 539 156 238 312 531 627 425 741 559 307 296 413 408 453 304 501 392 4 256 159 536 583 344 617 392 518 314 557 393 742 317 792 419 1020 374 1186 502 732 377 785 449 452 363 491 416
609 245 752 539 174 241 336 526 627 426 740 559 454 305 501 390 309 296 413 408 583 343 617 391 5 257 166 536 521 349 551 398 741 317 792 418 518 315 557 392 732 366 787 440 1020 374 1186 503 453 363 492 416 115 307 194 370
609 247 753 539 184 241 336 529 627 426 740 559 455 305 503 390 310 296 414 406 3 273 203 524 583 344 616 390 731 365 786 441 115 308 202 370 1021 373 1187 503 523 350 551 396 455 363 492 416 519 315 558 392 741 320 791 417
610 249 753 540 196 245 343 529 627 424 738 559 3 275 204 523 311 296 416 406 455 305 503 389 729 366 786 441 584 345 614 388 116 309 206 370 1021 372 1187 503 457 364 493 415 524 351 551 394 524 315 562 388
611 252 753 540 627 422 738 559 206 247 349 526 4 273 209 526 311 295 417 407 456 305 504 389 728 365 784 442 117 309 206 369 585 345 612 386 1021 372 1188 502 532 321 560 375 458 364 494 415 526 353 550 392
612 254 751 540 627 419 737 558 212 248 356 523 313 294 416 408 457 305 504 389 5 270 219 528 728 365 782 442 585 345 611 384 532 322 560 375 118 309 206 370 1021 372 1187 502 459 365 494 414 530 347 556 392 610 208 644 225
613 258 749 539 627 417 736 557 458 305 504 389 325 295 421 403 0 263 269 529 259 265 362 515 728 364 780 441 532 322 560 375 582 334 610 374 1021 372 1186 502 530 348 556 392 120 309 205 369 461 365 495 413 611 208 644 225
612 259 748 538 628 413 736 556 261 272 372 509 0 262 270 527 459 306 505 389 728 364 778 440 532 322 560 375 530 348 557 392 1021 371 1186 502 328 296 421 400 581 334 609 374 461 365 496 413 611 209 644 225
619 270 736 525 629 413 735 554 0 263 269 525 267 275 382 504 461 306 505 389 727 364 776 438 530 349 557 392 533 322 560 375 1022 370 1187 502 581 334 609 373 332 296 420 398 463 364 497 413 611 209 644 225
620 270 735 523 629 412 734 555 270 272 388 504 0 266 270 524 462 306 506 390 726 363 774 437 531 349 558 392 533 322 561 375 1022 369 1189 503 580 334 609 373 465 349 500 401 611 209 644 225 945 375 1044 469
620 271 734 522 629 412 731 555 0 268 269 523 533 322 561 376 462 306 506 390 532 348 559 391 725 361 771 437 271 270 393 505 1021 369 1190 503 466 348 501 401 611 209 644 225 945 375 1044 468
620 272 737 520 629 407 730 552 0 273 269 520 533 322 562 377 534 348 560 391 463 307 506 391 1020 369 1190 503 723 359 768 437 303 273 414 499 252 369 403 517 467 348 502 401 571 334 597 369 945 376 1045 468 611 209 644 225
0 274 269 519 629 405 728 549 620 274 738 518 304 275 423 496 533 322 563 378 535 347 561 391 463 308 506 392 1020 369 1189 503 261 369 407 516 722 356 765 437 571 334 598 371 467 349 503 402 945 376 1044 468 644 208 667 225
0 274 272 519 620 275 738 516 629 403 728 546 311 274 428 494 533 322 564 378 465 308 507 391 535 347 561 391 1021 368 1188 503 721 355 763 436 571 334 598 371 262 367 412 517 467 349 503 402 945 375 1044 469 643 208 666 225
0 272 273 521 319 274 435 495 629 403 727 546 620 277 737 510 534 322 564 377 466 309 508 391 535 347 562 391 1022 367 1187 503 571 333 599 371 720 354 762 434 468 348 504 403 643 208 666 225
0 273 275 521 630 403 726 545 326 275 439 495 620 278 735 504 534 322 564 377 467 309 509 392 571 331 599 372 1023 366 1188 503 297 393 433 534 280 284 353 462 720 355 761 432 943 375 1045 469 643 208 666 226
0 275 276 520 348 278 456 497 630 400 725 545 621 281 734 497 534 322 564 377 466 309 510 393 571 329 599 373 1023 365 1189 503 283 288 359 458 942 375 1046 470 320 389 429 539 643 208 666 226
0 277 278 518 353 278 461 491 622 284 733 492 630 398 725 544 535 321 564 377 571 329 599 373 466 309 510 393 302 362 459 525 1025 366 1191 503 282 295 364 454 942 375 1046 470 644 208 666 226
0 278 277 517 362 275 470 484 622 287 732 490 630 398 725 544 535 321 565 377 325 360 480 525 571 329 598 372 282 297 371 453 465 334 510 408 1025 368 1191 503 942 376 1046 471 643 208 666 226 611 209 645 226
0 278 276 518 371 275 478 477 622 289 733 488 631 398 724 544 332 362 483 523 535 322 566 376 281 296 376 457 570 329 598 372 1025 369 1190 504 464 334 511 408 643 208 666 226 610 209 645 226
0 278 274 519 622 290 733 487 631 400 725 544 362 363 477 523 283 294 380 461 536 322 567 375 381 275 484 472 569 328 597 372 1024 371 1190 504 463 308 513 393 644 208 665 226
0 278 276 519 622 291 734 483 631 400 725 544 369 364 483 520 284 293 381 465 537 322 567 374 568 329 596 371 1023 370 1190 503 386 279 486 469 539 346 568 387 604 312 654 388 463 308 514 395
0 300 274 533 622 293 734 479 631 400 725 543 283 297 382 463 375 363 490 519 538 323 569 373 406 289 504 464 568 329 596 371 1024 370 1189 503 540 347 570 387 601 311 653 390
0 300 277 534 623 295 735 477 631 398 726 543 282 298 384 465 1025 368 1189 503 539 324 569 373 412 289 508 462 378 365 494 520 567 330 595 371 600 312 652 392 540 348 570 386 940 377 1047 472 604 360 652 440
0 300 278 535 626 295 735 480 632 399 726 543 400 369 508 517 281 299 386 465 420 288 515 464 1027 367 1189 504 539 324 568 372 566 332 594 370 598 321 649 418 540 349 571 386 941 377 1047 472
0 300 280 534 629 295 734 483 633 400 727 543 407 371 512 516 427 287 520 462 282 298 388 465 1027 368 1189 505 539 325 567 372 596 320 648 418 566 333 593 370 541 349 571 386 240 318 268 369 942 378 1047 473
0 300 281 533 632 296 733 486 434 287 527 461 634 399 726 542 419 373 519 512 262 355 397 486 594 318 647 419 1027 369 1191 506 289 273 383 431 540 326 567 371 565 334 592 369 541 349 571 386 942 378 1046 472 352 307 411 397
0 280 290 518 633 297 732 487 440 290 530 458 430 373 525 509 635 398 724 541 592 316 647 420 259 357 396 487 1025 370 1192 507 290 274 383 429 540 326 568 371 564 334 591 370 542 348 571 386 942 378 1045 471 351 308 412 397
0 280 288 517 634 298 731 486 440 388 527 501 445 292 532 458 590 316 647 421 256 358 395 489 636 397 724 540 291 275 382 429 1022 369 1198 508 541 327 568 371 563 334 590 369 542 348 571 385 351 309 413 398 923 378 1021 467
0 279 290 516 635 300 731 482 454 302 539 454 444 388 528 501 589 317 647 422 252 357 394 491 292 275 382 429 1021 369 1202 509 641 418 724 520 541 327 568 370 563 335 589 368 542 349 571 384 943 377 1045 472 351 309 413 397
0 279 292 514 637 301 730 478 456 302 542 455 251 357 394 492 588 318 646 424 292 274 382 429 641 420 723 515 1045 367 1252 522 455 389 538 492 541 328 567 369 563 335 588 367 542 349 571 383 944 377 1045 473 351 309 412 397
0 281 295 513 638 303 728 475 460 302 546 458 251 356 393 493 588 319 646 425 292 273 382 430 460 388 541 491 1047 367 1251 522 641 421 722 509 944 377 1046 473 562 335 588 367 541 329 567 368 541 349 572 382 351 309 411 397
0 282 300 511 639 303 727 476 464 302 550 461 584 324 639 422 292 272 381 431 642 399 723 500 252 356 392 494 465 389 545 490 1051 367 1250 522 945 378 1047 473 541 349 573 382 562 336 587 366
0 283 308 511 639 305 727 474 467 302 552 462 584 326 638 421 642 400 723 497 292 272 380 431 251 357 390 493 1052 366 1249 522 468 390 546 490 944 378 1046 474 562 338 586 365 541 350 573 380
0 283 317 511 639 304 727 473 472 302 555 463 581 328 635 418 643 401 722 493 292 271 378 430 1052 366 1249 522 313 350 397 495 944 379 1046 473 480 393 539 491
638 304 726 470 0 284 318 511 477 304 558 463 644 402 721 490 578 329 632 416 293 271 378 431 1053 367 1248 521 313 351 398 495 494 371 549 476 944 379 1046 474
639 303 725 470 0 284 315 512 574 330 630 414 493 373 550 475 481 305 560 463 645 403 720 487 312 352 400 495 1054 367 1246 522 292 272 379 431 944 379 1046 474
640 303 723 469 0 284 307 512 492 374 550 473 573 329 628 413 309 353 398 497 645 404 718 486 483 307 561 462 1057 368 1243 521 307 275 400 417 945 378 1048 474
640 303 721 468 0 283 306 512 493 377 550 471 571 329 626 413 650 404 712 489 307 353 396 497 1060 369 1241 522 307 273 400 419 484 307 562 459
640 303 720 464 0 284 305 512 494 379 550 468 650 403 711 488 570 328 623 413 287 350 385 503 1064 371 1237 523 306 270 399 423 487 312 554 425
0 282 305 512 640 303 719 463 650 402 710 487 495 379 549 465 285 349 384 502 487 313 553 426 569 329 622 413 305 267 399 428 1066 371 1235 524 543 335 565 362 616 335 635 364
0 281 302 512 640 303 718 463 301 268 401 478 650 404 708 485 496 380 549 462 488 312 552 429 568 329 621 413 1063 371 1235 522 616 334 635 364
0 281 300 513 640 303 716 464 300 267 403 478 489 312 552 431 498 380 549 461 650 404 707 486 281 350 380 498 568 330 621 413 1062 371 1237 521 615 334 634 364
0 281 294 512 640 302 714 463 298 267 404 475 490 314 551 427 499 382 549 460 650 404 705 487 567 330 620 412 281 352 377 495 1060 372 1239 520 615 334 634 365 544 336 564 363
297 266 405 474 0 281 287 512 639 301 713 462 499 383 548 459 490 315 550 424 650 403 704 490 1062 372 1240 521 281 353 377 492 566 332 620 411 614 333 633 366 544 336 564 363 587 327 617 370
297 267 405 473 0 280 281 512 638 301 712 460 498 382 547 458 490 315 550 422 649 403 704 489 1063 371 1240 521 282 353 377 491 560 334 612 415 614 332 633 366 590 328 618 369
298 266 404 473 0 279 286 512 491 316 549 423 498 381 545 456 637 300 710 459 648 403 702 488 283 352 376 491 1062 370 1242 522 561 336 610 413 544 335 564 362 596 329 619 368 613 331 632 366
298 265 404 474 0 278 293 513 492 316 548 422 498 380 545 454 637 300 709 459 648 402 701 486 284 353 375 491 562 336 609 412 1060 367 1244 522 599 330 619 367 544 335 564 362 613 331 632 367
298 264 404 476 0 277 297 513 493 318 547 422 636 300 709 460 498 378 544 453 645 385 701 470 284 354 374 491 562 336 607 409 600 331 619 366 1059 367 1246 521 544 335 564 363 613 330 632 366 563 327 594 371
299 267 405 477 0 277 294 515 634 300 709 462 493 318 547 421 644 384 700 470 498 377 543 452 601 331 620 367 283 355 374 492 1060 367 1245 519 545 335 564 363 568 365 600 414 613 330 632 366 564 326 595 373
301 271 406 478 0 277 292 516 493 318 546 421 631 300 706 463 642 384 697 471 497 377 542 449 601 331 620 367 545 335 564 363 281 356 372 492 1062 368 1244 519 568 365 599 413 613 329 632 366
303 273 406 479 0 277 294 516 495 362 543 440 627 300 703 460 641 384 695 470 601 331 620 368 545 335 564 363 1062 368 1243 518 566 352 600 399 281 357 371 491 496 316 543 392
304 275 407 481 0 275 293 517 495 363 542 439 624 300 700 459 639 384 693 471 601 332 619 368 491 316 538 418 546 336 564 363 565 353 600 398 281 357 372 490 1062 367 1243 519
304 275 407 482 0 276 289 517 495 363 542 438 622 301 699 461 639 383 693 471 600 332 619 368 565 353 600 397 545 336 564 363 1062 366 1243 520 489 312 535 391 282 357 373 490
303 274 407 482 0 276 284 518 495 363 541 437 621 301 697 462 565 353 599 397 637 382 687 469 600 333 619 367 546 336 564 363 282 356 374 489 489 311 535 392 1064 368 1243 520
303 274 406 484 0 277 281 518 495 364 540 435 619 302 696 462 636 383 686 468 564 353 598 396 600 333 619 368 489 311 535 391 546 336 563 362 524 327 544 365 282 357 373 489 1065 368 1243 520
303 273 405 484 0 276 278 520 635 382 684 468 618 302 695 460 496 365 540 435 491 316 537 417 564 353 596 396 599 332 619 367 546 335 563 362 524 327 544 364 282 356 373 489 1068 367 1244 521 561 331 593 372
303 273 404 485 634 382 683 467 0 276 276 520 493 362 536 434 616 302 693 460 563 353 595 397 489 313 534 390 599 332 619 367 524 327 544 364 545 335 562 362 281 356 373 488 560 330 592 373 1068 366 1245 522
303 272 403 484 632 382 680 466 0 278 278 519 494 362 536 432 563 354 594 397 615 302 691 458 489 313 535 390 599 332 619 367 522 325 544 364 281 355 372 488 559 329 592 373 1068 365 1246 523
302 272 403 484 630 382 679 465 0 306 273 528 494 362 535 430 562 354 594 397 620 310 683 432 598 332 617 367 489 315 534 388 523 327 543 364 280 356 372 489 545 335 561 361 560 329 591 373
302 273 403 485 629 381 678 464 0 308 273 526 561 354 593 397 494 362 535 428 619 310 683 431 596 333 616 367 523 328 543 362 488 315 533 387 279 356 372 490 545 335 561 361 560 329 591 372
