

625 353 678 408 547 292 567 310 564 374 600 397 800 369 852 395 413 201 451 217
625 354 678 408 546 291 567 309 564 375 600 397 801 368 855 394 410 200 448 215
625 354 679 408 564 375 600 397 546 291 567 308 408 198 445 213
625 354 679 408 563 375 600 397 546 291 567 308 406 195 443 211 773 366 866 396
563 375 600 398 625 354 680 407 546 291 566 308 774 367 868 396 406 193 440 208
562 375 600 398 625 354 680 407 545 291 566 308 775 367 871 396
625 354 680 407 563 375 600 397 544 291 564 307 389 188 429 203 776 367 872 396
624 354 679 407 563 375 600 398 542 291 562 307 388 185 426 201 776 372 872 401
624 353 679 408 562 374 600 398 542 291 560 307 777 372 876 402
624 353 679 408 563 374 600 398 541 290 560 306 777 372 878 402 382 175 421 192
624 353 679 408 562 374 600 398 541 288 560 305 380 171 418 190 776 371 875 402
624 351 680 408 562 375 600 398 539 286 559 304 776 365 874 400 367 167 407 185
625 351 680 409 777 364 877 400 561 375 600 398 537 284 559 303 361 162 404 181 570 282 588 298
777 364 883 401 625 350 681 409 560 375 599 398 537 283 558 302 354 158 401 177 568 282 587 297
624 351 681 409 775 371 886 401 535 283 558 302 559 374 599 398 568 282 586 297
775 371 889 401 623 352 682 410 558 374 599 399 535 284 558 303 340 147 382 167
775 372 892 401 622 352 681 410 557 375 598 399 332 142 379 164 533 284 558 303
783 370 900 403 622 352 681 410 558 376 597 399 327 137 374 159 533 283 558 302
786 370 902 403 622 352 681 411 560 377 596 398 533 282 558 300 327 133 369 154 242 140 275 167
788 370 905 403 621 351 681 411 560 376 597 397 529 279 548 301 893 371 957 403 1012 374 1067 404
789 371 908 403 622 350 681 411 560 375 597 397 527 278 548 300 1017 373 1072 404 891 369 963 404 305 115 351 138
789 371 911 403 622 350 681 411 557 369 595 394 526 277 548 299 892 369 966 405 1022 372 1076 404 289 109 336 132
788 371 914 403 622 350 681 412 557 369 594 394 525 277 548 298 895 369 967 405 281 105 334 128
790 370 917 404 622 349 681 412 557 375 595 397 525 276 547 298
622 349 681 412 792 370 919 404 556 375 595 398 259 86 310 111
804 368 934 405 622 349 682 411 554 374 595 398 273 347 347 395 518 271 545 296 1035 371 1095 402
807 367 935 405 622 349 682 410 553 374 595 398 516 271 544 295 269 346 344 396 1037 370 1098 402
810 367 939 405 622 349 682 410 554 374 596 399 514 270 544 293 264 345 343 396 1040 370 1102 403
812 367 942 406 621 349 682 411 556 374 597 400 512 270 543 291 1041 370 1108 404
621 349 682 412 822 365 972 409 557 375 598 401 510 268 541 290 251 347 322 400 1042 370 1111 406
621 349 682 412 826 366 970 408 557 375 598 402 508 267 539 290 1063 370 1119 403
829 367 966 409 621 349 681 413 556 375 597 403 1065 370 1126 405 505 266 538 289
830 367 965 409 622 349 682 413 554 375 597 404 1066 369 1133 406 504 265 536 289 312 354 349 384
831 367 967 409 622 349 682 413 554 375 596 404 226 352 304 403 1056 367 1138 405 502 264 536 288
832 367 972 409 622 348 682 413 554 374 596 404 221 352 302 403 1058 367 1141 405
836 365 1004 410 622 349 682 413 554 374 595 404 213 352 300 404 1084 369 1147 405
844 365 996 410 622 349 682 413 555 373 595 404 1085 369 1155 406 205 350 301 404
849 365 990 411 622 350 682 414 555 374 595 404 192 352 280 407 1079 368 1161 405
850 365 994 412 621 350 682 414 555 376 595 404 188 352 274 408 1083 369 1165 406 494 261 524 285
852 365 1000 413 554 377 595 405 622 350 682 414 1118 369 1170 405 492 260 522 285 1089 373 1154 408
854 365 1003 413 553 378 595 406 622 351 682 414 1115 369 1177 406 489 259 520 286
858 364 1024 414 623 351 682 414 552 377 594 406 1106 368 1186 406 130 352 246 409 486 256 517 284
865 364 1022 414 623 351 683 414 551 376 594 405 136 350 239 411 1111 369 1190 406 484 254 516 282
867 364 1027 415 623 351 683 414 135 348 232 411 551 375 594 405 1142 369 1197 406 1113 373 1178 408
869 363 1033 416 623 350 683 414 1126 369 1208 407 130 346 229 411
867 363 1039 418 111 345 213 414 1132 370 1214 408 614 349 688 414
886 363 1051 420 106 344 208 415 552 377 595 404 614 350 688 414 1136 370 1217 409
889 364 1055 421 551 378 595 404 1149 369 1233 409 614 353 689 418
889 365 1063 422 1155 370 1238 411 614 353 690 418 551 376 595 404 82 342 189 413
888 366 1069 423 614 353 691 418 551 376 594 404 1158 371 1244 412 72 338 189 412
900 365 1087 423 614 352 692 418 552 376 593 404 1173 370 1260 413 60 338 168 411
897 366 1099 425 615 352 692 419 552 376 593 404 1179 370 1263 413 51 336 166 409
919 365 1115 427 615 350 691 414 553 376 594 403 31 335 141 410 1217 373 1267 410
915 367 1124 429 614 352 691 419 553 375 594 404 28 332 132 409 1219 373 1269 412
920 368 1126 432 13 330 121 409 553 375 593 404 614 353 691 419 1219 373 1269 413
6 328 117 409 894 370 1146 436 553 375 593 404 613 353 691 419 1216 366 1275 419
942 368 1147 436 554 376 593 402 613 354 692 418 1 326 114 407 1221 377 1275 419
933 370 1175 438 613 355 692 417 554 376 593 401 1226 379 1277 423
942 369 1181 439 613 355 693 418 554 376 593 401 1248 380 1278 422
949 368 1188 441 614 356 693 418 554 375 593 401 1256 377 1277 424
615 356 694 418 977 367 1215 442 553 375 593 402
985 368 1221 444 616 356 694 418 553 374 594 402
998 367 1229 445 617 356 695 418 553 373 593 402
1000 371 1241 453 618 356 695 419 553 374 593 401
1029 364 1262 448 618 356 694 420 553 374 593 402
1037 368 1272 457 555 375 593 403 618 356 692 421
1049 369 1277 458 556 375 593 404 616 356 690 422
1063 369 1276 462 557 376 592 405 615 356 689 423
1089 370 1279 460 557 376 592 405 614 355 689 423
1103 368 1279 464 557 375 593 404 615 355 690 423 479 187 523 205
1115 367 1278 468 557 375 593 404 616 355 690 423
1131 366 1276 474 616 354 691 423 556 373 593 403
616 354 693 422 556 373 593 402 1157 373 1279 474 466 169 509 187
616 353 693 422 556 373 594 401 463 163 510 181 1171 379 1277 475
616 353 693 422 556 372 594 401 461 159 507 177
616 352 693 423 557 371 594 402
614 351 693 424 560 366 594 395 451 145 500 165
614 350 695 424 561 366 595 394 448 139 498 158
561 366 596 394 614 350 695 425 448 134 495 154
561 366 597 393 614 350 696 424 439 121 482 143
562 365 598 393 430 114 484 136 613 349 693 425
561 363 598 391 612 347 692 426 424 107 483 129
561 361 598 390 621 345 682 415 424 95 478 119
561 359 597 389 620 343 681 413 426 89 471 110
562 357 597 387 620 342 680 411 410 73 456 94
562 357 597 387 396 64 462 91 620 341 680 409
562 357 597 386 620 341 680 407 392 57 460 84
563 357 596 386 619 340 680 406
563 357 595 386 618 341 680 406 375 36 440 65
563 357 594 386 617 342 680 406 372 30 434 57
563 356 594 386 618 343 680 406 1090 390 1153 416
563 356 595 386 618 343 680 406
562 356 595 386 619 343 680 405 1113 389 1176 416
562 356 595 385 619 342 680 406
561 356 595 384 620 341 681 405
560 355 594 383 620 338 681 406
560 354 594 382 620 336 680 404
559 353 593 381 619 333 680 402
