

273 381 491 442 35 388 100 421 519 283 534 301 1048 376 1091 414
293 382 515 441 35 388 99 421 519 283 534 302 1045 375 1088 415 1206 351 1229 401
303 379 536 446 519 283 534 301 36 388 99 421 1206 351 1229 401
242 386 276 420 519 282 534 301 36 388 100 421 310 379 552 446
341 379 581 447 237 385 269 421 519 282 533 300 38 383 114 423 1028 376 1065 413
356 378 592 445 1025 372 1063 414 38 383 114 423 519 282 533 300 234 383 265 421
1023 370 1061 414 38 383 114 422 389 378 622 449 519 282 534 300 226 385 258 421 1207 348 1230 401
403 377 630 448 222 385 255 421 38 383 115 422 1022 372 1058 414 519 283 534 302 1206 349 1230 401
419 377 638 448 217 385 251 420 519 283 534 303 37 382 116 423 1010 377 1045 414 1205 350 1229 402
1006 375 1044 415 212 384 245 421 447 376 659 453 519 284 534 304 37 388 97 420 1205 351 1229 402
466 378 649 445 1003 374 1042 415 38 388 95 420 519 284 534 303 210 384 240 421 1205 351 1229 402
500 378 651 445 999 373 1038 415 198 384 229 422 38 388 95 420 518 283 534 302 1205 350 1229 401
192 385 223 421 36 388 97 420 996 374 1035 415 523 374 638 434 518 282 534 301 1205 349 1229 400
187 385 216 421 980 375 1025 414 34 388 100 420 421 384 452 415 518 281 534 300
977 374 1023 415 37 382 115 422 421 384 451 415 518 282 534 300
172 386 203 422 974 374 1018 416 35 389 99 420 421 384 450 415
167 386 197 422 972 373 1012 416 37 389 97 420 422 383 449 414 392 371 411 415 1205 350 1229 401
952 365 1004 420 422 383 448 414 391 370 411 416 162 386 191 422 38 389 95 420 1205 350 1229 401
949 364 1001 420 422 383 448 414 391 369 411 416 153 385 183 421 38 389 95 420 1206 350 1229 402
148 385 179 421 945 364 997 421 422 383 449 415 37 388 97 420 392 369 411 415
142 385 173 420 35 388 99 420 943 364 993 423 422 384 449 415 518 281 534 300
34 387 100 420 138 386 167 420 758 366 976 440 422 384 450 415 518 282 534 300
34 387 99 421 804 383 993 441 421 384 450 415 538 382 567 397
808 366 1011 439 37 388 96 420 127 385 153 420 421 384 450 415 392 369 411 416 539 381 568 398
122 384 147 421 38 388 94 420 391 369 411 417 817 366 1026 438 541 382 568 398
850 374 1044 437 38 389 94 420 390 368 410 418 541 381 568 398 117 384 141 421
884 378 1061 443 36 389 94 420 391 367 411 417 540 381 568 398
903 382 1082 440 35 388 95 419 538 381 566 397 392 367 411 416
32 387 124 421 421 384 450 415 910 374 1081 436 538 381 566 397 903 371 936 411 393 368 412 415
899 369 937 416 933 375 1117 437 538 381 567 397 392 368 411 416
897 370 935 417 953 374 1141 437 391 368 411 417 538 381 568 397 73 382 105 417 38 389 93 418
390 368 410 418 539 382 569 398 38 388 94 419 882 376 923 415 989 376 1152 433
878 376 921 416 390 368 410 418 539 382 568 398 39 387 94 419
873 377 919 417 391 367 410 417 538 381 567 398 1030 390 1209 435
391 366 410 416 538 381 566 397
537 381 565 397 392 367 411 416
1100 374 1240 433 391 368 411 416 538 381 566 397
1101 371 1246 433 391 369 410 417 850 378 898 417 538 382 567 398
1118 370 1259 432 390 368 410 418 539 381 567 398
1126 369 1263 429 390 367 410 419 538 381 567 398
1151 366 1275 429 390 367 410 418 537 381 567 398
1163 367 1274 427 391 366 410 417 25 381 112 421 537 380 567 397
25 383 113 421 537 380 566 397 392 367 411 416
25 384 113 421 391 367 411 417 538 381 566 397
24 384 113 422 391 368 410 417 539 381 567 397
390 368 410 418 23 383 114 423 539 382 568 398
390 368 410 418 37 381 116 424 540 382 567 398
391 368 410 417 539 382 567 398
538 381 567 397
538 381 566 397
538 381 567 397
390 367 410 417 1202 370 1278 421 34 389 98 420 539 382 567 397
390 368 410 418 1176 374 1270 418 35 389 98 420
1168 373 1267 417 389 368 410 418
1141 372 1253 417 390 367 410 418 36 385 116 422 539 381 568 398
1135 373 1249 417 36 384 115 422 538 381 568 397 391 367 411 417
1113 373 1227 418 36 384 115 421 537 381 568 397 392 367 412 416
1089 373 1204 419 36 384 116 421 538 381 569 397 391 368 411 416
1084 371 1200 420 390 368 411 418 36 384 116 422 538 381 571 398
390 368 410 418 1061 372 1180 422 36 385 116 422 539 381 571 398
390 367 410 419 1012 374 1133 422 36 385 116 422 539 381 570 398
1006 369 1133 423 391 366 411 418 538 381 569 398 36 384 116 422
982 369 1112 424 538 380 568 397 392 366 412 417 33 389 101 420
538 381 568 397 977 369 1107 422 393 367 412 416 33 389 100 420
392 367 411 417 539 381 568 397 931 373 1059 423 34 389 100 420
909 374 1042 426 391 369 411 418 540 382 568 398
902 372 1039 426 391 369 410 418 36 383 117 423 542 382 567 397
391 369 411 418 879 373 1015 425 541 382 567 397 36 389 98 420
392 368 411 418 540 381 567 397 831 373 967 427 35 389 99 420
808 371 947 429 539 381 566 397 34 389 100 420 393 368 412 417
802 372 941 429 35 389 100 420 539 381 567 397 421 385 450 415 0 396 18 430 393 369 412 416
36 388 99 420 0 384 23 424 540 381 568 397 784 373 917 428 420 384 450 415 392 370 412 416
0 393 25 432 38 388 98 420 728 374 874 428 541 381 569 397 392 371 412 417
721 374 872 432 0 392 29 433 39 387 97 420 542 381 569 397 391 371 411 417
693 373 856 432 0 393 33 433 39 388 97 420 391 370 411 417 541 381 569 397
678 372 824 430 2 394 34 433 37 388 99 420 518 281 534 300 539 381 568 398
649 371 801 430 518 281 534 299 37 388 99 419
624 371 777 430 518 282 534 300
596 372 759 431
572 373 733 430 391 370 412 417 518 283 535 301
545 374 711 430 390 369 411 418 518 283 535 301
545 374 703 430 518 282 535 301 390 369 412 418 1205 350 1228 402
517 374 688 431 518 282 535 301 391 368 412 418 1206 350 1229 402
502 373 658 431 518 282 535 301 1206 350 1229 401
505 374 648 428 518 283 534 302 1206 350 1229 401
475 376 630 432 518 284 534 302 1206 351 1229 402
477 376 618 429 518 284 534 302 1206 351 1229 402
459 376 601 429 518 284 534 301 1206 351 1229 402
430 376 577 430 518 283 533 301 1206 351 1229 402
425 376 572 428 518 282 533 300 1206 350 1229 401
404 378 556 428 518 281 533 300 41 395 86 436 1207 350 1230 401
388 377 529 427 518 282 533 300 42 396 89 437 1207 350 1230 401
381 378 525 428 518 283 534 301 43 396 91 437 1206 350 1229 402
356 378 510 431 519 283 534 301 44 395 92 437
353 377 502 431 519 283 534 301 45 395 94 437
336 377 481 431 519 282 534 301 47 396 93 435
333 377 473 430 519 281 534 300 55 398 100 437 537 381 566 397
314 377 455 431 519 281 534 300 58 399 103 437 535 381 566 397 66 377 99 422 1207 348 1230 401
