

755 345 1128 554 0 396 169 548 142 352 232 543 693 349 767 505 481 396 579 437 265 377 358 460 628 380 671 461 141 458 239 569 698 430 755 512
0 396 181 548 763 345 1136 554 158 350 247 545 696 349 770 509 485 397 580 437 267 377 359 461 634 379 677 460 153 456 253 569
0 394 191 547 772 346 1142 552 165 351 251 540 278 378 372 460 696 348 772 510 501 392 594 436 639 378 681 459 161 456 258 569
0 394 213 551 781 347 1149 552 174 352 259 540 500 393 597 436 709 348 782 511 281 377 374 459 647 381 691 461
0 395 212 548 788 345 1153 550 185 354 268 541 501 394 600 436 712 346 785 509 653 380 695 460 284 376 377 458 188 459 278 566
0 396 214 546 192 356 277 544 791 345 1157 550 716 347 791 507 503 395 603 436 288 376 380 457 660 380 699 460 194 464 283 562
0 396 216 545 799 342 1198 552 197 356 283 544 722 348 798 505 507 396 604 436 291 375 382 457 206 465 296 561
0 395 219 546 805 342 1202 552 211 353 296 546 729 349 806 506 510 397 605 436 304 378 401 457 214 466 300 560
0 394 222 546 813 340 1208 552 219 355 303 543 738 348 811 508 527 393 620 434 680 380 720 460 307 377 403 456
0 393 227 547 821 339 1212 551 232 357 311 539 743 348 815 508 529 393 622 434 311 376 405 456 237 465 321 557
1 393 234 547 829 338 1216 550 243 356 320 537 745 347 818 506 534 394 624 434 316 374 406 456 244 465 327 556
3 393 241 547 836 339 1222 550 757 347 833 504 537 393 627 434 251 354 327 536 261 451 342 549
2 394 248 546 845 341 1232 553 264 357 347 530 761 347 839 501 551 391 644 432 772 424 829 509 331 376 425 454 268 451 347 549
0 395 253 546 853 342 1241 553 274 359 353 528 551 392 651 433 769 348 848 500 336 375 427 454 297 453 356 545 724 362 765 443
0 396 259 546 861 341 1248 555 285 362 360 526 555 393 652 434 777 348 854 498 301 453 362 547 736 399 768 452 730 363 769 441 341 373 428 454
0 396 265 544 297 361 367 529 874 342 1251 550 785 347 863 497 560 394 654 434 311 455 364 543
0 396 270 543 882 343 1255 551 577 392 670 433 788 346 869 497 329 454 385 541 302 360 374 526 752 363 791 440
0 395 275 542 322 359 399 523 578 393 676 433 888 345 1260 551 804 347 883 495 763 400 795 450 756 364 796 440 337 454 390 539 813 423 873 507
0 395 277 543 330 356 409 524 582 393 678 434 910 338 1275 559 807 346 887 495 351 451 406 537 817 424 877 507
0 394 279 544 340 357 418 527 918 337 1275 556 585 394 680 433 814 347 896 494 360 453 410 536 782 398 813 449 824 424 881 507
2 393 281 546 929 337 1276 553 346 354 426 527 599 392 695 433 822 348 905 493 787 399 819 450 375 452 427 532 779 364 822 440 442 394 463 448 839 420 895 506
0 395 307 541 363 358 444 518 938 336 1276 549 599 393 700 433 380 452 433 533 831 348 913 492 841 420 901 506
0 393 310 540 371 359 451 516 949 335 1275 550 603 393 702 433 835 350 918 492 387 453 436 532 806 399 837 449 847 419 905 506
1 393 315 539 382 360 461 516 960 331 1274 551 608 394 704 433 402 452 450 531 812 400 842 448 806 363 844 440 836 350 921 492
5 392 321 538 392 361 470 517 971 328 1275 554 621 391 720 432 409 452 456 530 856 353 937 497 830 400 857 445
10 393 330 538 398 360 477 518 622 392 725 432 981 326 1277 554 863 352 944 493 832 400 864 448 825 362 864 439 974 357 1015 432 424 451 471 528 873 422 929 504
16 393 338 539 410 364 487 514 625 393 727 433 989 327 1277 553 429 452 476 528 868 353 951 492 837 400 870 447 831 363 868 439 979 355 1021 431
17 393 349 538 420 365 495 515 997 327 1276 552 630 395 728 433 876 353 959 490 437 453 480 527 844 401 870 443 836 363 874 437 982 355 1026 433
19 393 357 537 430 364 505 513 1004 329 1276 550 647 391 743 432 884 351 965 491 857 398 887 445 452 450 497 527 851 364 890 438 896 421 951 502
18 393 364 537 441 364 516 511 645 392 749 433 1008 330 1277 548 860 399 894 445 459 449 503 526 889 349 970 492 859 371 889 423
30 396 372 536 444 363 523 508 647 393 750 433 1013 332 1278 549 899 348 981 494 861 364 898 437 913 408 969 493 465 450 508 524
36 396 375 537 652 394 752 433 1017 332 1279 553 918 409 975 491 447 363 527 507 905 348 985 489 474 441 525 516 879 396 907 443
44 396 383 538 463 367 539 510 657 395 752 433 1022 332 1279 555 480 442 531 516 924 410 980 490 882 395 914 444 915 346 982 457 883 372 913 420
54 395 392 537 469 368 544 511 672 393 767 431 1054 306 1275 565 887 395 920 442 923 346 986 456 885 371 917 421 487 439 534 517 936 409 991 491 1026 357 1071 436
62 394 401 537 476 370 550 510 672 393 771 431 1058 306 1276 563 938 410 995 492 931 343 996 456 501 444 546 515 1030 354 1076 437 892 398 921 437 885 363 926 435
65 394 410 536 672 393 774 432 485 370 559 509 1063 308 1277 560 945 412 1001 490 936 344 1002 456 507 442 553 515 904 396 932 439
82 394 421 536 675 393 776 432 505 369 560 510 1067 310 1277 558 907 396 938 439 943 346 1007 455 950 411 1006 488 901 363 941 435 1044 355 1093 437
80 393 427 536 679 394 777 432 1070 310 1278 558 913 398 943 438 524 444 570 514 497 366 575 505 910 372 942 421 951 349 1009 453 961 410 1015 485 1049 353 1096 437
85 392 435 536 1072 307 1279 561 682 395 778 432 511 367 586 506 528 445 575 513 964 410 1019 486 956 349 1022 453 1052 352 1099 438 917 400 944 434
96 393 445 535 1091 307 1279 556 694 393 792 432 515 366 589 506 535 444 580 511 970 411 1024 487 962 349 1027 455 1055 351 1101 438 930 399 955 435
109 393 453 535 1095 306 1279 556 694 393 796 432 530 370 584 507 976 411 1029 486 968 349 1032 456 934 397 961 436 540 441 583 510 932 374 961 420 1054 351 1104 438
117 393 459 535 694 392 799 433 1101 306 1279 557 525 369 599 505 550 440 590 512 938 397 967 436 974 348 1035 456 985 410 1038 487 935 375 966 419 1066 353 1111 438
118 392 461 536 695 392 801 433 1106 304 1279 559 988 411 1040 488 530 370 604 505 553 440 593 512 941 398 969 435 1069 351 1112 438 981 348 1045 454 933 360 973 433
137 394 468 534 699 393 804 434 1111 302 1279 561 992 412 1045 488 547 375 601 506 558 440 599 511 984 348 1049 454 1072 348 1113 438
144 394 474 534 703 394 806 435 552 375 606 506 1113 299 1279 564 998 412 1050 489 988 349 1054 454 562 439 605 509 1074 348 1116 437 956 399 981 432
157 394 479 535 557 377 611 505 707 394 808 436 1117 298 1279 564 1003 411 1055 489 995 348 1058 454 955 373 984 422 960 398 986 433 1076 349 1120 435
166 394 485 535 717 391 819 434 561 376 614 504 1120 298 1279 566 959 373 987 422 999 348 1060 453 1010 409 1063 490 964 398 989 433 1078 352 1124 433
173 393 492 536 718 391 820 435 1014 410 1066 489 569 382 621 502 1007 346 1072 455 1151 318 1279 534 965 375 989 419 968 399 991 431
193 392 508 538 720 392 822 435 571 381 623 500 1018 412 1071 488 1011 346 1075 456 1155 314 1279 537 1089 349 1134 435
201 392 509 538 720 392 824 435 574 381 626 498 1023 412 1077 487 1016 347 1080 456 979 375 1006 420 1161 310 1279 538 983 399 1005 430
208 392 511 536 721 392 827 434 578 386 628 496 1026 411 1080 487 1019 347 1083 455 980 374 1009 421 1164 308 1279 541 985 398 1009 431
216 392 520 534 579 371 633 481 721 392 829 435 985 374 1012 421 1036 410 1088 489 1023 348 1083 451 989 397 1013 431 588 428 631 502
224 391 529 535 582 371 636 479 724 393 831 436 1037 412 1091 487 1031 346 1096 452 988 376 1015 420 993 397 1015 429
230 389 538 535 726 394 831 436 1034 347 1099 451 590 371 647 478 1041 413 1095 486 599 429 641 503 992 378 1017 417 1194 316 1279 536
231 389 543 535 591 371 649 480 745 392 842 434 1037 347 1101 451 1044 411 1099 485 601 430 644 503 1198 318 1279 535 1003 398 1026 430
247 391 558 533 745 392 845 435 594 372 652 481 1042 347 1103 449 1047 408 1103 483 1005 378 1030 419 1199 322 1278 530 1007 398 1030 430
256 391 562 532 744 392 847 436 597 372 654 483 1045 347 1106 448 1050 404 1106 481 1009 378 1034 420 1202 328 1278 527
266 391 569 532 744 393 849 435 599 373 657 483 1049 379 1108 467 1013 378 1037 419 1203 335 1278 525 525 374 616 455 1118 352 1161 434
271 391 577 531 744 393 850 435 599 374 659 483 1015 378 1038 419 1050 380 1107 467 525 374 616 456 1206 337 1278 526 1119 352 1163 433
275 391 584 531 745 393 850 434 601 374 663 482 1059 349 1118 449 1017 379 1039 417 526 375 617 453 1209 337 1279 530 1019 398 1040 427
278 391 590 530 746 393 849 435 1062 350 1120 448 602 374 664 481
298 394 599 529 744 392 850 436 1066 351 1121 446
304 388 601 520 743 391 852 437 1070 353 1120 445 1028 378 1051 419 1030 398 1051 428
309 388 606 520 742 391 852 437 1030 378 1053 419 1072 356 1119 444 1032 398 1054 429
315 387 613 521 744 391 850 437 1032 378 1055 419 1035 399 1055 428 1073 358 1117 443
319 388 621 520 744 392 848 436 1033 380 1056 418 1037 398 1057 427
324 389 627 520 744 393 846 436 1034 380 1057 417 1071 397 1103 446 1038 398 1058 427
329 390 633 518 743 393 844 436 1035 378 1058 416 1072 395 1103 446
364 388 641 514 742 393 844 437 1036 377 1060 416 1073 393 1103 446
371 387 641 515 740 393 845 438 1037 377 1061 416
376 387 645 515 740 392 844 438 1038 378 1062 416 1101 350 1152 448 1074 391 1104 444
380 388 651 513 733 392 833 442 1038 378 1063 415 1102 350 1152 446 1075 391 1105 444
384 388 658 513 730 392 833 442 1039 378 1063 415 1077 392 1106 443 1103 352 1151 443 828 396 859 432
388 389 664 512 728 393 832 442 1039 379 1063 415 1078 392 1107 443 1103 354 1151 442 827 396 859 432
391 389 666 512 726 392 830 443 1079 392 1107 442 1104 356 1151 440 806 393 852 434
392 389 668 511 723 392 829 443 1079 392 1107 442 806 393 853 434 1103 357 1153 441
393 389 671 511 721 392 829 445 1078 392 1107 441 807 393 856 435 1103 357 1155 441
395 388 673 511 719 392 827 446 1078 392 1106 441 807 393 857 435 1108 356 1164 441
397 388 672 512 718 392 823 446 805 394 857 436 1078 392 1106 441 1107 354 1163 443 1052 377 1074 416
400 388 669 512 716 393 819 446 803 395 854 435 1078 393 1106 440 1107 353 1162 446 1051 376 1073 417
399 388 669 512 715 394 819 445 801 396 852 435 1077 393 1105 440 1102 351 1157 446 649 381 699 468 1051 375 1073 417
399 387 667 512 703 395 811 447 650 382 702 471 799 396 848 434 1077 392 1105 440 1103 350 1156 448 1042 379 1064 415
399 388 664 511 652 381 703 473 704 394 808 447 800 396 846 434 1076 392 1104 440 1103 350 1156 447 1042 379 1064 417
399 388 661 512 703 393 802 446 799 396 844 435 1074 392 1103 440 1103 349 1155 448 1042 380 1064 417
398 388 657 512 702 393 796 444 1103 350 1154 446 1041 380 1063 418 801 396 841 435 1072 393 1102 440
395 388 657 513 700 392 791 442 657 406 707 477 1102 351 1153 444 781 396 834 434 1040 380 1062 418 1070 394 1100 440 507 51 598 118
390 387 657 513 701 392 787 442 778 396 834 435 1102 351 1152 442 1038 380 1060 418 1064 395 1092 438 504 50 596 117
384 386 655 514 772 395 833 435 1103 352 1150 438 701 392 784 441 1061 393 1092 439 1036 380 1058 417 475 45 590 122 107 236 126 276
380 385 652 514 766 395 830 434 1103 353 1147 437 684 390 774 443 1058 392 1090 440 478 45 586 118
376 384 647 515 762 394 828 433 1101 353 1143 437 678 389 771 440 1054 390 1087 440 479 45 581 113
372 382 643 516 1098 352 1140 437 1041 359 1089 434 767 394 824 432 674 390 769 441 1050 390 1083 440 477 44 577 111
366 382 638 516 1093 350 1136 438 748 394 810 433 1039 359 1086 433 652 389 757 455 1047 390 1080 438 985 383 1009 398
359 381 638 514 744 393 806 432 648 387 756 456 1090 352 1132 438
342 381 625 514 739 392 805 432 646 388 751 452 1080 348 1124 434 445 36 563 116
338 381 623 514 1032 379 1068 421 737 392 802 432 1078 349 1121 434 622 387 734 464 446 35 559 113
332 381 618 514 1029 378 1064 422 620 386 732 462 719 392 797 434 1075 349 1119 434 1086 402 1119 441
324 381 613 513 718 392 792 432 1084 401 1118 443 1073 348 1117 434 1027 378 1060 423 619 385 726 461
318 380 608 514 1081 399 1116 442 716 393 784 430 590 383 717 465 1070 347 1115 434
