

0 305 295 527 449 289 543 390 711 310 834 386 1064 272 1278 474 854 296 1089 429 401 296 456 354 537 308 566 342 348 235 363 255 638 291 724 367
0 304 296 530 450 291 545 389 878 296 1120 432 713 311 837 386 1097 271 1279 481 404 296 457 354 537 308 566 342 653 292 744 371 579 325 610 371 348 236 364 256
0 303 297 531 878 294 1142 435 450 291 546 389 716 311 839 387 656 300 750 378 1117 275 1279 480 406 295 458 354 537 308 567 342 580 325 611 371 348 237 364 258 637 307 665 338
0 303 297 533 451 292 547 389 880 295 1158 436 718 311 840 388 659 300 753 380 538 308 569 344 1150 275 1279 484 581 324 611 371 409 296 459 354 638 309 668 341 348 237 365 259 617 310 631 343 583 345 609 383
0 304 297 533 912 294 1194 440 451 293 548 390 726 311 863 394 662 301 752 380 539 309 570 343 581 325 613 371 411 299 461 355 639 309 671 343 1166 276 1279 482 584 345 610 383 617 310 632 344 349 239 366 260
0 304 297 535 452 294 549 392 727 312 869 395 911 297 1214 441 539 308 572 343 666 302 775 384 586 345 613 383 412 302 462 357 640 311 672 344 349 240 367 260
0 304 298 536 453 294 551 393 731 313 873 396 942 300 1258 446 668 303 776 386 540 307 574 343 586 345 614 384 413 301 464 358
0 305 299 537 454 294 553 394 721 309 897 401 951 301 1271 449 671 304 779 387 541 308 576 345 586 345 616 385 420 301 473 361
0 306 300 536 454 295 555 394 727 307 905 403 673 302 782 389 970 280 1273 477 580 308 628 381 542 309 578 344 586 345 617 386 422 302 473 361
0 307 300 536 455 296 557 393 726 312 919 414 989 283 1277 480 676 304 785 390 581 310 629 381 423 302 473 362 543 311 579 344 586 345 619 388
0 308 299 537 456 296 559 394 1015 298 1276 466 582 311 630 382 727 313 928 415 679 305 785 391 883 328 1038 444 586 345 622 389 425 301 474 363 543 311 580 343
0 309 298 538 757 314 955 416 456 296 560 395 584 312 631 382 686 307 802 394 1039 293 1275 473 586 345 623 391 431 315 470 366 648 303 704 360
0 311 298 540 766 313 967 420 456 295 561 397 687 306 807 398 585 310 631 382 586 346 624 393 433 319 470 366 650 304 709 361 1103 293 1279 475 921 327 1092 457
0 312 296 542 456 295 562 398 769 314 982 423 690 305 810 399 587 309 631 382 586 347 625 394 934 332 1096 464 646 303 719 361 559 318 586 341 435 319 470 366 1122 294 1279 474
0 313 295 543 457 294 563 399 788 316 1005 426 693 304 813 401 587 309 631 383 587 347 625 394 942 358 1096 472 435 321 469 367
0 313 294 544 798 317 1013 429 587 309 630 384 587 348 625 395 705 306 833 401 656 304 733 360 436 321 470 367
0 313 293 544 802 316 1031 434 459 295 562 398 587 309 630 385 704 306 841 402 588 348 625 397 656 304 737 361 438 322 469 367
0 312 292 545 460 295 562 398 823 317 1068 441 588 309 632 386 588 349 627 399 655 305 738 369 706 313 852 411
0 311 291 546 829 317 1081 447 459 295 563 399 658 306 742 370 589 310 632 387 588 349 627 399 719 311 881 415
0 311 291 546 661 308 749 372 459 295 565 398 589 349 627 401 729 309 893 417 859 321 1146 453 561 316 597 345
0 313 291 546 869 323 1159 458 663 308 755 374 460 294 565 399 592 350 628 401 742 307 902 421 640 323 660 373 562 315 599 345
0 314 291 548 886 312 1222 488 670 308 769 375 467 298 571 399 594 351 628 402 746 305 947 426 640 323 661 376 591 315 630 390 562 323 597 356 731 342 763 384
0 315 291 550 673 308 777 375 467 298 572 400 756 305 953 429 910 325 1221 472 641 321 663 379 597 352 627 402 734 343 770 383 564 324 597 356 590 315 631 389
0 316 292 550 937 309 1269 496 469 299 575 399 768 304 964 433 642 320 664 379 664 327 683 371 606 351 638 399 600 311 646 387 567 326 598 358
0 318 293 550 968 316 1274 522 472 300 578 398 642 320 666 379 607 351 638 401 666 326 686 372 601 312 647 388 783 300 1011 445
0 319 293 550 998 313 1279 527 475 300 581 398 797 294 1018 456 641 321 666 377 667 325 687 373 608 352 640 402 603 313 649 388 639 347 668 393 752 341 812 392
0 320 293 550 1008 326 1279 509 476 299 584 399 805 295 1032 462 667 323 688 374 604 314 650 389 641 321 666 376 609 352 641 403 759 336 832 396
0 322 293 552 1036 324 1279 514 705 312 834 382 477 298 589 401 605 314 652 391 665 321 689 377 763 338 839 396 642 322 666 374 611 353 644 403 584 326 616 354
0 322 292 555 703 313 842 381 478 297 593 402 653 316 692 390 1065 329 1274 518 586 325 618 356 777 339 863 399
0 322 292 559 706 312 848 380 1110 338 1279 527 657 317 695 392 783 341 870 400 588 325 619 357 861 276 1153 491
0 321 293 560 709 311 850 381 659 314 697 393 611 328 653 410 792 334 897 402 487 299 602 402 1152 350 1276 532 880 280 1170 497 615 365 645 413 589 326 619 356 646 324 666 372
0 320 295 561 717 313 869 383 612 328 654 410 488 300 602 402 661 313 697 395 891 280 1207 503 617 367 647 414 796 336 902 403 690 325 712 379 591 327 620 355 344 241 368 266
0 320 295 562 718 313 876 383 613 326 656 412 488 300 604 402 660 311 694 397 830 328 956 407 939 262 1261 512 619 369 650 415 690 323 712 381 344 240 367 265
1 321 294 563 716 311 902 394 821 318 979 422 956 266 1266 521 495 288 602 420 612 325 658 414 681 317 717 393 710 325 732 380 662 321 682 377 659 312 693 397
0 321 294 563 827 320 995 421 719 311 910 393 974 267 1272 523 683 316 720 394 662 321 684 377
0 321 296 564 725 312 915 394 992 289 1279 550 621 325 668 412 686 315 725 396 846 320 1047 421 664 321 687 378
0 318 298 569 852 322 1065 423 730 313 921 396 489 301 632 425 623 325 669 414 690 313 727 398 667 321 690 378 632 369 663 418
0 316 299 574 484 291 640 417 734 314 927 397 860 321 1082 425 625 324 673 414 669 323 693 375 689 312 725 398 634 369 665 419
0 315 301 576 872 323 1136 428 746 313 949 396 484 291 642 417 1119 253 1278 529 626 324 675 415 701 314 741 396 634 370 667 419
0 315 302 577 752 313 954 397 494 300 639 427 629 325 679 414 886 323 1143 429 705 315 747 394 635 369 669 421
0 316 304 578 906 323 1208 434 762 311 958 398 497 301 638 426 631 325 682 414 709 313 752 395 637 370 673 422
2 315 304 580 918 322 1223 437 771 310 967 400 499 302 634 426 634 327 684 415 640 370 675 424 688 321 713 369
4 315 304 580 940 319 1258 441 777 308 976 402 501 302 636 426 634 327 685 417 722 322 770 410 733 370 761 415 689 320 715 367
4 315 305 580 956 317 1268 446 787 306 1004 403 497 292 647 414 725 318 776 413 642 322 697 419 735 371 765 419 690 320 719 365
5 314 307 581 971 317 1273 451 794 305 1010 405 500 292 649 414 645 319 700 419 731 315 780 416 739 372 768 423
5 313 309 584 1001 313 1279 462 803 303 1018 408 502 291 650 415 648 315 702 420 697 317 740 422 742 317 800 414
6 313 309 586 1020 314 1278 468 812 302 1030 410 650 315 705 420 503 290 652 414 699 315 743 424 744 313 799 417 757 377 791 426 658 375 695 429
6 313 311 589 1051 313 1273 475 653 314 708 422 503 288 654 415 750 308 801 421 707 360 751 440 702 309 745 391 759 376 792 430
5 313 313 590 827 298 1074 413 505 288 654 415 656 314 711 424 1097 310 1279 479 708 308 749 389 807 313 844 417 755 311 798 424 639 324 672 355 709 358 754 439
5 312 316 591 833 295 1087 417 1113 309 1279 486 508 288 655 415 664 313 721 427 723 309 770 431 642 324 672 355 770 309 824 425 810 310 852 422 713 307 752 390
5 313 320 591 842 294 1094 418 666 312 723 426 510 287 655 414 827 310 866 424 1148 308 1276 483 723 309 775 432 643 325 672 354 775 308 828 428
7 314 326 592 671 311 730 425 509 289 659 413 864 294 1131 417 827 307 871 427 679 365 728 440 727 312 779 425 1163 312 1277 478
8 316 331 596 875 292 1141 420 675 310 737 427 507 288 663 414 852 310 895 431 688 379 730 447
10 318 337 599 884 289 1157 424 519 286 678 422 676 307 749 442 695 379 741 451 855 308 902 433
12 318 341 603 523 294 678 437 687 316 752 428 907 288 1184 422 875 311 921 438 699 379 744 453 818 294 893 443
12 316 345 608 916 286 1196 426 525 294 682 437 692 317 759 428 705 380 751 456 816 290 903 449 876 313 927 434
11 313 349 611 528 295 687 436 698 318 765 428 819 290 913 456 709 381 756 458 872 299 948 453 755 327 845 469
9 312 353 612 531 296 692 437 947 284 1248 426 707 315 777 430 867 293 954 461 718 385 768 463 919 301 984 456
7 313 357 610 536 296 696 436 954 279 1259 429 863 283 958 473 709 314 780 429 724 384 770 465 927 299 996 457
4 314 365 607 541 295 699 437 714 307 795 450 962 264 1276 451 872 283 966 473 729 383 778 466 922 292 1005 468
0 314 373 605 547 296 703 438 721 306 802 451 969 262 1278 450 918 281 1011 487 975 297 1044 470
0 312 380 606 551 295 706 440 728 307 811 451 982 260 1278 451 918 273 1015 498 743 386 799 467 973 288 1053 480 850 307 942 396 839 314 898 380 1012 297 1077 477
0 311 383 604 555 295 711 440 733 307 816 451 986 260 1276 453 749 385 804 466 1023 294 1087 483 962 282 1059 495 841 315 899 377 850 308 943 393
0 313 406 598 556 291 715 440 737 307 823 456 991 262 1273 459 1023 285 1099 496 875 303 968 404 844 315 903 375 961 282 1055 501 755 383 809 466
0 312 409 596 564 286 726 445 750 308 838 457 875 302 970 402 765 384 822 470 1016 284 1106 504 848 314 904 375
0 310 413 597 758 308 841 457 566 288 728 446 772 383 827 472 891 300 997 410 855 310 940 383 1071 282 1157 509
0 309 419 599 569 288 732 446 764 309 847 457 855 310 941 382 894 301 998 407 777 381 833 474 1032 276 1182 564
0 307 427 600 774 308 856 453 572 290 737 444 857 310 944 383 896 302 997 403 789 380 848 476
1 306 435 599 577 290 742 443 782 306 867 452 874 308 967 388 799 392 855 485 915 314 1024 418 1020 304 1190 454
6 305 443 597 580 292 746 442 877 308 967 388 789 305 875 452 921 314 1026 419 1027 307 1185 454 812 396 870 485
13 307 449 592 802 308 885 455 583 293 747 442 817 395 875 486 881 309 969 387 1031 308 1192 454 926 315 1028 419
26 310 462 582 811 308 896 455 589 294 753 441 1070 306 1242 465 884 309 972 387 939 313 1046 422 825 394 880 487
42 315 476 570 820 308 909 453 897 305 991 387 1075 302 1254 464 965 304 1066 426 840 393 899 488 886 307 911 344
59 317 490 558 829 308 920 452 601 278 758 415 1121 299 1279 472 846 393 907 489 900 305 993 387 979 304 1135 434 576 322 623 364 795 323 842 358
72 319 496 551 836 305 923 453 1129 300 1279 469 902 304 996 387 980 304 1131 432 576 321 624 365 794 323 845 358 851 392 911 491
104 310 502 553 618 276 768 427 917 300 1022 391 848 306 936 456 983 300 1130 432 1154 296 1279 472 864 396 925 491 576 319 627 365 794 323 846 359 906 300 934 339
116 309 500 550 853 307 941 458 617 277 769 427 920 300 1024 392 870 393 933 496 988 297 1136 433 793 322 845 360 576 319 627 365 1155 290 1276 469
128 309 501 546 858 307 948 462 617 289 769 443 925 299 1025 393 994 294 1142 435 576 313 632 367 791 321 843 360 1208 292 1279 481 883 397 946 496
140 309 502 542 865 307 957 462 617 291 770 443 885 395 952 500 930 299 1026 393 999 293 1145 435 575 312 633 367 791 322 841 362 849 317 887 366
152 309 504 537 873 306 964 464 616 291 771 444 940 299 1046 393 890 393 959 503 1019 289 1187 443 574 312 632 367 1159 280 1279 466 849 318 889 366
161 310 507 534 881 303 971 466 616 289 771 445 945 298 1051 393 1026 290 1194 443 574 312 631 367 849 320 890 366 896 393 964 504
169 312 508 533 616 288 771 445 885 301 975 471 949 295 1054 394 1067 283 1246 455 911 400 975 505 572 314 630 367 788 322 824 363 844 313 897 367
172 314 509 531 616 289 771 443 896 303 983 473 952 295 1055 393 913 398 980 509 1064 280 1258 457 571 315 630 368 787 320 824 363 844 313 896 368
182 315 509 527 901 303 988 476 616 291 770 442 962 297 1072 393 571 315 628 370 787 321 824 365 1063 279 1262 458 916 396 986 510
191 317 509 521 906 303 995 476 615 292 770 442 965 297 1079 393 786 321 826 366 572 319 623 365 1062 277 1264 460
201 318 508 516 909 301 1001 480 613 292 770 443 786 322 827 367 571 320 622 365 968 296 1084 392 1071 275 1259 459 925 408 1006 521
207 319 507 514 911 300 1005 483 605 292 765 440 570 320 621 364 1078 274 1257 459 786 321 827 367 928 408 1011 521 981 298 1104 391
212 320 505 513 917 299 1015 486 604 291 764 441 786 320 826 366 570 320 619 364 836 314 918 371 934 408 1017 524
206 321 497 504 602 292 761 441 922 299 1024 490 1108 271 1279 467 785 319 824 365 964 300 1152 397 570 319 617 364 833 314 918 371 949 397 1035 541
209 321 494 504 1117 269 1279 471 598 293 758 441 939 297 1038 486 954 397 1040 541 960 301 1161 398 784 318 822 365 829 314 919 371 565 320 608 362
212 322 491 503 1140 263 1279 474 594 293 756 441 942 296 1042 486 957 397 1047 544 828 314 920 371 783 318 824 365 954 299 1167 399 564 321 608 363
215 323 489 501 590 293 754 441 1153 269 1279 474 948 294 1051 485 963 398 1060 546 828 314 920 371 563 322 607 363 781 318 825 366 947 297 1173 402
215 321 490 488 589 292 750 442 967 399 1072 550 954 293 1058 492 562 322 606 363 828 314 920 371 1165 279 1279 471 781 318 827 366 942 296 1182 406
217 322 488 487 588 292 746 442 960 294 1067 498 1194 275 1279 480 971 402 1083 556 561 322 604 363 827 314 919 371 780 318 826 366 939 296 1187 407 0 576 1279 692
219 322 486 486 587 292 744 441 965 295 1074 502 560 322 602 363 1202 282 1279 476 827 314 921 372 780 318 825 366 991 404 1090 560 942 295 1182 406 0 576 1279 696
221 324 484 485 584 292 743 440 997 409 1103 564 560 322 600 363 827 313 919 372 778 317 824 366 992 290 1097 501 0 580 1279 699 1204 292 1279 469
223 325 482 482 580 292 743 441 997 290 1105 504 1004 412 1117 568 560 323 598 363 828 313 916 372 777 317 824 366 0 580 1279 702 953 300 1042 401
226 326 480 480 578 292 741 441 559 323 596 363 1009 293 1124 545 774 315 828 365 0 579 1279 703 829 313 914 371 1215 321 1279 417 958 300 1048 400
