






















856 359 887 384







836 350 871 384
834 350 872 383
832 351 871 385
832 351 869 386
830 353 866 389
829 353 863 389 741 364 762 382
829 354 858 389 740 365 760 381 813 355 844 385
811 354 845 387
810 354 846 390 715 367 742 389
810 357 845 393
811 358 844 395
811 360 842 396
810 360 840 395
807 360 837 393





790 373 820 405
795 375 820 405 792 359 818 394
793 376 817 405
791 376 814 406 640 383 664 400
788 376 810 406 638 383 661 401
785 376 808 406 737 363 762 387
783 376 805 406 621 380 646 400
619 380 644 401 781 376 803 406 734 362 766 388
617 380 642 401 731 363 769 390
616 380 639 401 771 374 794 403 730 364 770 392
615 380 637 400
766 375 789 403 594 381 623 401 616 380 635 398
762 375 786 404 593 380 622 402 711 363 741 386
589 377 618 401 759 375 783 404 711 364 742 386
758 375 781 404 589 380 615 400 713 365 742 385 691 364 713 384
687 363 713 385 713 365 740 385 757 376 778 402
745 376 771 401 712 365 738 385 740 365 765 385 685 363 712 386
744 376 770 402 739 366 766 386 709 366 738 386
743 377 769 403 738 366 764 387 664 362 699 389 709 366 736 385
740 376 765 402 736 366 763 387 661 360 694 386 710 365 736 383
738 377 763 402 657 360 691 387 736 366 761 387
736 376 760 403 654 360 687 386 734 365 760 386 693 364 717 382
734 376 758 403 522 365 537 382
732 374 757 403 639 358 675 388 688 362 716 383 594 364 616 388
636 358 674 387 731 374 755 402 687 362 714 383 590 363 615 387
632 358 670 386 684 361 714 383 587 360 614 386
630 357 667 385 715 363 739 386 583 360 614 385 685 361 713 382 721 375 745 401
635 354 663 382
714 356 738 383 617 339 647 361
610 329 649 360 714 336 734 363 715 351 737 380 663 334 689 357 563 335 590 360
607 326 647 357 713 336 735 365 659 330 692 357 560 332 592 357 714 348 735 378
712 336 734 365 605 326 640 354 559 332 590 356 657 330 690 356
712 335 731 363 692 336 711 362 590 328 624 354 611 328 637 353 558 332 587 355 658 330 688 356
588 327 624 352 692 335 713 362 711 334 730 362
586 328 620 353 692 335 714 364 639 328 675 355 544 335 573 356
583 329 618 354 690 336 713 363 637 329 675 356 518 330 537 348 618 331 635 350
636 328 677 359 581 329 615 356 513 328 535 349 619 332 636 353
635 329 676 359 579 330 613 356 619 333 636 353 511 329 534 350
636 330 677 360 563 330 603 357 710 335 731 367 689 335 711 365 707 348 729 380
633 330 678 361 563 330 601 356 706 349 729 380
630 330 678 364 692 335 718 369 561 330 597 354
626 331 677 365 691 336 720 370 557 330 593 352
625 332 674 366 691 336 719 371 555 330 590 353
623 332 672 368 693 349 717 380
690 350 714 382 623 334 669 369
688 351 712 382 623 333 667 369
686 350 712 383 446 330 469 350 623 333 666 368
686 351 712 384 445 332 467 351 611 329 658 363
686 351 712 386 440 334 463 353
685 351 712 386 512 337 552 365
