

209 442 360 497 360 440 586 513 710 423 803 560 31 447 104 478 1046 441 1096 467 717 497 800 575 1147 433 1176 470
356 440 583 513 203 442 356 497 710 423 803 560 31 447 104 478 1046 441 1094 467 1147 433 1176 471 717 498 800 574
353 441 582 513 710 423 802 559 196 444 327 494 30 447 105 479 1046 442 1093 467 1147 433 1176 471 718 498 799 574 310 445 409 492
350 442 580 514 187 444 325 495 709 424 800 559 30 447 105 479 1046 442 1093 467 1146 433 1176 471 718 498 798 574 310 445 406 492
347 443 578 514 708 424 798 558 177 443 301 495 30 447 106 479 1046 442 1093 467 1146 433 1177 471 718 497 797 573 312 445 405 491
344 443 576 515 167 443 301 495 707 424 798 558 29 447 106 480 1146 432 1177 471 1046 442 1095 467 717 498 797 573 314 444 404 489
341 444 574 515 160 443 301 495 706 423 797 558 29 447 107 480 1147 433 1178 471 1045 442 1097 467 716 498 796 572 315 444 403 488
337 445 573 516 706 423 796 558 151 442 306 495 29 447 107 480 1146 433 1178 471 1045 442 1098 468 714 498 795 573 316 444 402 487
334 445 571 517 706 423 794 558 145 443 278 494 29 447 107 480 1146 434 1178 471 1046 442 1099 468 713 499 794 572 317 444 402 487
330 445 571 518 705 423 795 557 133 442 283 494 29 447 106 480 1047 442 1098 468 1147 433 1178 470 711 500 793 572
328 445 570 519 705 423 795 555 129 442 250 493 29 447 106 479 1047 442 1097 469 1148 433 1178 470 721 487 785 563
318 444 553 518 119 442 253 492 704 423 796 554 30 447 106 479 711 488 787 564 1047 441 1097 469 1149 433 1179 470
316 444 551 518 703 424 794 555 30 447 106 479 110 440 219 491 1047 441 1097 469 710 489 785 563 1149 433 1180 470 1220 388 1279 587
313 444 549 518 701 423 793 555 102 441 216 490 30 447 105 480 1047 440 1098 469 709 490 785 562 1150 432 1181 470 1219 393 1279 583
309 444 547 519 701 423 791 556 30 447 103 479 89 442 192 488 1047 440 1098 468 1150 432 1181 469 708 490 783 561 1220 395 1279 581 204 451 257 485
302 444 543 520 81 443 191 488 700 425 790 554 30 448 98 479 1151 432 1181 469 1048 441 1096 468 1220 396 1279 579 205 451 257 485 717 493 780 557
297 445 539 522 693 423 775 555 1152 433 1182 469 1220 397 1279 578 1049 441 1095 468 31 447 94 478 74 444 189 488 205 451 257 486 715 491 777 557
292 445 534 523 53 443 167 487 700 433 764 547 1220 398 1279 579 1152 433 1182 469 1050 441 1095 468 206 451 257 486 704 488 778 557 32 446 89 477
288 445 530 524 47 443 164 486 698 434 763 547 1221 398 1279 583 1152 433 1182 468 1050 440 1095 468 206 451 256 486 703 488 779 556
283 444 528 525 35 442 149 483 696 434 762 547 1153 432 1182 468 1221 400 1279 583 1051 439 1095 467 205 451 257 486
277 443 528 525 36 441 145 483 693 433 760 547 1153 433 1183 468 1221 400 1279 583 1052 439 1095 467 205 450 258 486
272 443 529 525 36 441 138 483 691 433 758 547 1153 433 1184 468 1222 400 1279 583 1052 439 1095 468 205 450 258 486
264 444 510 527 34 442 130 482 689 433 757 547 1153 433 1184 469 1223 397 1279 588 1052 439 1095 468 205 451 258 486
260 443 509 527 686 435 755 547 1222 393 1279 585 1153 432 1184 469 1053 439 1095 468 32 441 123 482 699 488 759 553 205 451 258 485
256 443 508 529 21 440 111 483 672 432 757 550 1219 392 1278 578 1154 432 1185 469 1054 439 1095 469 205 452 259 485 696 490 756 552
251 444 505 530 15 440 106 481 676 432 740 543 1218 390 1279 572 1154 432 1185 470 1055 438 1095 469 206 453 260 484 681 487 756 551
247 444 502 531 10 442 104 481 674 432 738 543 1156 432 1184 470 1220 389 1279 573 1056 439 1094 468 207 453 260 484
241 445 493 533 671 431 736 544 8 443 102 481 1068 440 1114 469 208 453 261 484
236 446 486 535 668 431 734 544 7 443 100 481 1068 440 1114 470 1166 413 1264 478 208 453 262 484
231 446 480 536 1153 412 1268 480 665 430 733 545 8 444 99 481 1068 440 1115 470 209 453 262 483
226 446 480 538 1148 412 1271 481 663 432 732 545 1067 440 1116 470 9 445 99 481 1249 396 1278 546 210 454 262 483
220 446 482 539 1130 415 1264 479 660 435 730 544 1068 440 1116 470 9 447 99 481 1251 396 1278 545 210 454 261 483
214 445 459 544 1121 415 1262 481 652 435 715 540 1068 440 1115 470 9 448 100 481
208 445 457 545 1103 415 1249 483 648 436 713 539 1068 439 1113 470 8 448 100 480
201 445 456 547 1096 417 1249 484 645 435 710 540 30 450 96 479 3 442 19 497
190 445 454 549 640 437 708 541 1093 418 1240 484 31 451 98 478 3 442 21 498
182 444 452 551 1063 420 1227 486 630 449 710 539 32 450 99 478 3 442 21 498
176 444 446 553 626 439 688 535 1057 421 1220 487 33 450 101 478 3 443 21 498
170 444 444 553 1035 421 1211 489 622 438 687 536 33 450 102 478 3 445 20 497
160 444 446 553 612 450 694 536 1012 413 1212 491 33 450 103 478
140 444 430 557 33 450 104 479 606 455 687 535 999 423 1188 488
132 442 427 559 976 430 1172 491 602 443 663 532 32 449 105 479 1184 428 1206 469
126 441 420 560 971 429 1166 492 599 444 662 532 32 449 106 479 1182 429 1205 468
119 440 411 561 941 432 1156 491 588 457 668 532 32 449 105 478 1183 429 1206 468
112 438 404 561 33 449 104 478 1184 430 1207 468 908 428 1131 500 372 458 489 500 1199 431 1227 468
105 438 401 562 903 428 1116 501 578 433 634 523 366 458 492 500 34 448 103 478 1185 430 1208 467 1199 431 1229 468
86 437 391 565 891 428 1105 500 573 433 632 522 1097 439 1140 469 1199 431 1232 469 35 448 102 478 364 458 494 500 1186 430 1207 467
80 435 386 567 560 455 641 528 855 430 1079 502 1094 440 1140 469 1200 431 1234 468 35 448 102 477 362 456 494 500
72 434 379 568 840 430 1068 502 1093 440 1140 469 1201 430 1234 467 35 448 102 476 546 454 628 526
62 433 374 570 808 432 1041 505 544 456 624 526 1091 441 1141 469 1201 429 1234 466 34 449 103 475 342 450 481 500
799 432 1028 504 52 433 371 572 538 459 617 525 1090 441 1141 469 1202 428 1233 466 337 450 483 499 34 449 103 475
44 433 368 572 1092 440 1142 469 332 449 487 499 1202 428 1233 466 777 433 1029 504 35 450 102 475 532 461 612 524
27 432 345 573 745 435 981 507 328 448 490 499 1094 440 1141 468 525 435 582 518 1203 428 1232 466 35 450 101 476 1223 429 1249 465
733 434 966 507 20 436 344 590 325 447 492 499 513 463 589 524 1095 440 1144 468 1223 428 1252 466 1205 429 1232 465 35 449 99 476
13 436 335 590 703 433 942 507 324 446 495 498 1097 440 1143 467 510 466 582 524 1222 427 1254 467 36 449 94 476
8 434 325 592 324 445 496 498 688 432 931 507 1099 438 1145 467 504 435 560 515 1221 429 1257 467
5 431 314 596 325 443 495 498 490 463 568 521 1100 438 1143 467 638 433 895 507
5 430 307 598 632 433 877 506 327 443 492 497 1102 436 1144 467 485 463 560 520
5 427 299 601 600 434 853 509 480 435 536 514 328 444 489 497 1102 436 1141 466 1119 436 1163 469
3 427 289 603 589 434 839 509 473 436 532 516 330 444 485 497 1120 437 1162 469 1105 436 1140 466
2 426 280 605 331 443 481 497 1120 437 1162 470 544 434 799 510 1106 436 1140 465 469 437 528 516
0 419 274 606 540 435 781 509 1120 438 1162 469 455 437 512 516 1106 437 1141 465
0 419 268 605 489 435 760 507 1120 438 1162 469 450 435 508 516
0 418 253 605 479 435 747 507 1121 439 1162 468 329 441 444 494 217 450 266 483 446 437 504 514
1 415 237 607 422 433 715 509 329 442 439 495 1122 439 1163 468 213 450 269 484
431 434 686 510 0 413 222 610 329 441 435 496 1124 439 1163 467 211 450 270 485
428 433 674 510 0 410 214 613 330 441 431 496 1124 438 1163 467 1257 431 1277 467 211 448 270 485
403 435 644 511 0 412 190 612 330 440 428 496 1126 438 1163 467
398 436 626 508 0 402 183 603 1126 437 1163 466 330 438 425 494
0 410 173 615 394 441 613 507 1127 437 1162 465 333 437 426 496
0 411 163 615 356 437 586 505 1128 437 1162 464
348 436 571 504 0 412 134 616 1129 437 1163 464
0 408 120 620 357 439 548 504 1129 437 1165 464 1142 438 1185 467
334 436 524 503 0 404 106 626 61 446 119 475 1130 437 1165 463 1143 438 1185 467 211 445 272 482
311 435 504 501 0 403 81 632 52 446 121 475 1142 437 1186 466 211 445 273 482
298 437 470 501 46 445 122 476 0 413 62 637 1144 438 1185 466
292 437 470 501 45 444 121 476 1145 437 1186 465
272 438 441 499 44 440 117 472 1148 437 1185 464
270 439 441 498 43 440 118 472 1149 436 1186 464
246 437 415 496 42 440 118 472 1150 436 1187 464
42 438 118 472 222 436 393 493 1151 436 1188 465
42 437 118 471 225 436 386 491 1152 436 1189 465
42 437 118 470 1152 436 1190 465 204 434 363 489
202 435 362 488 42 436 118 469 341 441 523 496 1153 436 1190 463
181 432 334 488 43 436 119 469 338 440 519 496
337 439 514 495 170 433 342 487 43 436 119 469
337 437 509 495 165 429 308 483 44 436 120 469 1165 435 1209 463
337 436 509 495 152 432 315 486 44 436 119 469 1167 433 1210 463
337 436 511 495 147 431 275 482 44 436 118 470 1171 432 1213 463
336 435 514 495 137 431 280 482 43 436 117 470
335 436 516 494 133 433 284 486 43 436 118 470
335 435 518 494 126 433 283 487 43 436 118 471
335 435 520 494 124 431 252 481 43 436 119 471
336 435 523 494 113 434 256 486 43 437 118 471
337 435 523 494 106 434 252 486 44 437 117 472
337 436 526 495 100 434 228 485 45 437 113 473 224 442 284 483
96 434 223 485 335 436 528 495 44 437 111 473 220 441 286 484
93 430 212 482 334 437 530 496 45 436 108 472 220 442 286 484
