

590 237 795 370 770 237 1125 428 40 173 225 362 494 216 546 321 739 46 1155 319 564 254 596 289 492 265 536 336 613 152 640 169
586 235 779 366 39 174 224 361 769 237 1123 429 496 218 546 321 739 43 1156 328 564 253 597 289 613 152 640 169
586 234 777 367 39 175 223 361 769 235 1121 427 497 219 547 320 739 42 1157 334 565 253 598 288 507 275 541 328 613 152 640 169
588 234 776 367 39 175 223 361 770 234 1118 427 739 41 1157 337 498 220 547 319 507 275 540 327 565 253 599 288 613 152 640 169
589 235 775 367 772 232 1116 425 39 175 223 360 738 43 1156 330 498 220 548 318 508 275 540 326 566 253 599 287 613 152 640 169
590 235 774 366 771 233 1113 425 39 175 223 360 738 43 1155 330 498 222 549 317 508 275 541 326 613 152 640 169 566 254 599 289
590 235 773 366 770 233 1113 424 38 176 224 360 738 43 1155 331 499 223 549 316 508 276 541 326 613 152 640 169
590 235 773 366 769 233 1110 425 37 176 224 360 738 44 1154 332 500 224 549 315 508 276 541 325 613 152 640 169
589 235 773 366 769 233 1108 426 37 177 223 359 739 45 1153 328 501 225 550 315 509 275 542 325 613 152 640 169
588 235 772 366 767 234 1106 425 39 177 223 357 502 227 551 314 739 45 1153 329 510 274 544 324 3 199 149 557 486 253 518 284 613 152 640 169
587 235 771 366 765 235 1107 423 1 154 164 536 40 178 222 356 502 228 553 313 739 45 1154 330 510 273 546 323 486 253 519 285 613 152 639 169
587 235 771 366 763 237 1101 421 504 229 554 312 10 162 217 520 511 273 547 322 737 44 1156 335 484 252 520 286 613 152 639 169
587 235 770 366 763 237 1093 419 506 230 554 312 483 252 520 286 511 273 548 322 735 43 1157 338 24 160 228 514 613 152 639 169
587 235 770 364 760 238 1084 416 481 251 521 286 64 163 274 512 734 42 1159 341 508 231 555 313 512 273 550 322 613 152 639 169
587 235 768 364 757 236 1078 413 481 252 520 286 734 42 1158 342 509 231 556 312 513 274 551 321 613 152 639 169 124 156 311 516
586 235 767 363 755 237 1078 412 480 252 521 286 734 43 1160 340 509 231 557 312 131 161 325 511 613 152 639 169 515 273 553 319
586 234 766 363 753 236 1074 410 182 161 358 505 480 252 521 285 733 43 1161 339 510 232 558 311 613 153 639 169 516 273 554 318
585 234 765 364 750 236 1070 408 39 175 217 362 731 43 1164 340 479 251 522 286 511 232 558 313 613 153 639 169 516 271 553 317 196 166 367 496
585 234 764 364 41 176 220 361 748 235 1060 407 242 166 401 478 728 42 1165 342 479 250 522 286 511 233 557 315 613 153 639 169
585 234 762 363 42 176 222 361 746 234 1056 408 726 41 1167 346 479 250 520 287 613 153 639 169 512 233 557 317 253 172 415 471
584 234 760 363 41 176 223 361 291 171 442 465 746 233 1050 409 725 39 1166 352 479 250 519 287 613 152 639 169 512 233 556 318
585 233 759 362 40 175 223 361 725 38 1167 358 305 177 455 461 744 231 1049 409 479 250 519 287 513 233 555 316 613 153 639 169
586 233 758 363 39 174 224 362 724 37 1168 361 340 165 478 442 743 231 1047 409 479 250 518 287 513 233 555 315 613 153 640 169 303 299 466 462
587 232 757 362 38 174 224 361 722 36 1169 364 353 166 491 438 751 236 1042 405 514 234 554 313 480 251 518 287 517 274 551 316 613 153 640 169
586 232 755 362 722 35 1169 368 38 174 224 361 371 176 491 418 513 235 553 312 750 237 1037 405 481 251 518 288 612 153 640 169 353 299 502 446
586 232 753 360 723 34 1169 370 39 174 223 361 388 181 512 421 513 235 552 312 746 239 1014 401 612 153 640 169 484 252 517 287
586 232 752 360 725 35 1168 368 39 174 223 362 395 185 518 419 512 234 551 312 743 239 1017 401 516 274 549 316 612 153 640 169
586 231 750 359 726 35 1166 368 40 173 222 362 408 190 531 413 740 239 1020 399 511 231 550 312 612 153 640 169
586 232 747 359 726 35 1166 369 40 173 222 362 420 191 540 406 737 238 1021 398 612 153 640 169 508 230 550 313
586 233 745 358 725 35 1165 371 40 173 223 362 427 193 547 401 736 237 1021 396 612 153 640 169
586 234 745 359 438 198 557 403 724 35 1165 370 40 174 223 361 736 236 1020 396 612 153 640 169
585 235 744 359 445 198 557 402 724 36 1166 370 40 174 223 361 736 237 1017 395 613 153 640 169
585 235 744 359 453 200 559 399 724 37 1166 369 39 175 224 361 737 237 1012 394 613 153 639 169
586 235 742 359 724 38 1167 369 460 199 563 398 739 238 1004 392 39 176 225 361 615 156 638 171
587 236 741 359 725 38 1168 368 463 199 564 396 742 239 998 391 39 176 226 361 615 156 638 171
588 236 739 359 726 39 1169 367 463 197 566 397 743 239 991 390 39 176 226 361 615 157 638 171
589 236 738 359 464 196 567 396 726 39 1169 367 39 176 226 362 740 231 985 381 614 157 638 171
590 236 737 360 465 196 568 395 727 40 1167 366 739 231 979 380 39 176 226 362 614 157 638 171
590 236 737 361 468 196 566 390 727 40 1166 365 740 233 975 378 38 176 226 362 614 157 638 171 491 297 554 401
589 236 737 361 740 234 972 377 469 198 566 383 727 42 1165 361 38 176 226 362 449 248 493 289 615 157 638 171 492 298 554 398
588 235 737 361 739 234 968 375 470 199 566 378 725 43 1167 358 38 176 226 362 446 246 498 289 495 300 555 394 615 157 638 171
736 233 964 375 587 234 735 361 472 200 567 372 722 44 1168 357 38 176 226 361 445 246 500 290 497 300 557 392 615 157 638 171
734 232 959 377 586 234 734 361 721 44 1169 357 475 202 568 368 38 176 226 361 444 245 502 290 499 298 559 390 613 153 639 169
733 232 956 377 584 234 735 361 721 43 1167 357 38 175 226 361 477 202 567 364 444 243 501 292 500 297 559 388 613 153 639 169
732 233 955 376 585 234 735 360 721 42 1166 358 38 175 226 362 479 203 569 362 443 242 501 291 613 153 639 169 501 295 559 387
733 233 952 375 586 234 736 360 722 41 1165 360 38 174 225 362 479 203 569 360 442 242 501 292 613 153 640 169 500 278 561 379
585 234 736 360 733 233 949 374 722 40 1164 363 38 174 225 363 479 204 568 358 441 242 501 292 613 153 640 169 499 279 560 377
584 234 737 360 724 40 1163 364 737 234 943 371 37 174 225 362 480 205 565 356 439 243 501 291 499 280 559 375 613 153 641 169
582 234 737 360 731 237 932 365 724 40 1163 363 37 174 224 362 480 206 563 356 439 243 501 291 498 280 558 373 613 153 641 169
580 234 738 360 733 237 928 363 725 41 1163 363 36 174 224 362 481 206 560 357 439 242 500 291 497 281 557 372 613 153 642 169
577 234 737 360 735 237 924 361 727 41 1163 364 37 174 223 362 481 207 559 357 496 282 556 372 433 242 496 291 613 153 642 169
577 234 737 360 736 237 918 358 729 42 1164 363 37 175 223 362 479 209 557 357 493 283 554 371 433 241 497 294 613 153 642 169
577 235 737 361 735 237 912 356 732 43 1166 361 37 175 223 362 478 211 557 357 432 241 496 295 492 284 552 369 613 153 642 169
579 235 738 360 736 43 1168 360 735 238 908 354 37 175 223 362 477 212 556 357 432 241 495 296 491 285 551 368 613 153 642 169
578 235 738 360 738 43 1169 359 734 238 906 352 37 175 223 362 477 211 556 358 431 241 495 296 491 285 550 367 613 153 642 169
580 234 739 360 737 42 1170 361 734 238 901 351 37 174 223 362 475 211 554 357 428 241 494 296 491 286 549 366 613 153 642 169
581 234 740 361 737 41 1170 362 733 237 896 349 37 174 223 362 474 211 551 354 425 241 492 295 486 287 540 364 613 153 642 169
583 234 741 360 737 40 1170 365 733 237 889 349 36 174 223 362 473 212 549 352 423 240 490 295 486 288 539 364 613 153 642 169
584 233 742 360 737 39 1170 366 733 236 887 349 36 175 223 361 472 213 548 350 422 239 489 295 485 288 538 363 613 153 641 169
583 234 742 360 738 40 1171 366 732 236 883 349 36 175 222 361 472 213 546 349 421 239 488 295 485 287 537 362 613 153 641 169
583 234 741 360 739 40 1171 366 730 235 880 348 36 175 222 362 471 212 546 348 419 238 486 295 484 286 535 361 613 153 641 169
583 234 741 360 739 39 1170 367 37 174 222 362 729 235 876 347 471 211 544 348 417 238 484 296 483 286 534 360 537 251 561 294 613 153 641 169
583 234 740 359 739 38 1170 369 37 174 222 362 730 235 874 346 415 238 482 296 471 211 542 348 482 287 533 359 537 251 561 294
737 38 1170 370 584 233 739 358 37 174 222 362 730 236 871 346 412 238 482 296 475 218 533 336 481 288 531 357 537 251 561 294
738 37 1170 372 583 233 738 358 37 174 222 362 731 236 869 346 410 238 481 295 474 218 532 336 538 251 562 294 479 287 530 356
739 37 1169 373 583 233 738 358 37 174 222 362 407 237 482 296 731 236 868 346 473 218 531 336 539 251 562 294 478 286 529 355
740 37 1168 374 582 233 738 358 38 175 222 362 406 236 482 297 729 243 868 337 473 219 530 336 541 251 563 294 477 285 528 354
742 36 1168 375 582 233 741 358 38 175 222 362 728 242 865 337 407 237 475 296 472 219 530 335 542 251 564 295 477 285 526 353 613 153 641 169
743 36 1166 376 582 233 741 358 38 175 222 362 728 241 862 338 406 237 475 297 471 220 529 335 543 252 564 295 613 153 641 169
743 36 1165 377 581 233 742 358 39 174 222 362 404 236 475 296 726 241 863 338 469 220 528 333 544 253 565 295 613 153 641 169
742 36 1164 376 580 233 742 359 40 174 222 362 401 237 476 296 726 241 864 339 469 221 528 330 544 252 567 295 613 153 641 169
741 35 1164 377 579 233 743 359 41 174 222 362 398 236 476 297 470 222 528 327 725 241 865 339 545 252 568 295 475 282 523 347 613 153 641 169
741 35 1163 377 579 233 743 359 41 174 223 362 395 236 476 299 471 222 528 326 726 241 864 339 546 252 569 295 475 283 523 347
742 34 1160 378 578 233 743 359 393 235 476 301 41 173 223 363 470 221 529 327 726 241 862 339 547 254 570 295 475 283 524 347
742 35 1158 378 576 233 743 359 391 235 476 301 41 172 224 363 471 222 529 328 721 241 845 336 548 255 571 295 475 283 524 346
744 36 1154 377 575 234 743 360 387 234 474 303 42 172 224 363 472 222 530 328 722 240 841 337 475 284 524 345 613 153 641 169
744 37 1152 376 575 234 742 361 383 234 474 304 43 172 224 363 473 223 530 327 723 240 836 337 613 153 641 169
744 38 1151 375 575 234 741 361 380 233 473 305 44 172 224 363 474 223 530 327 723 240 833 337 613 153 641 169
742 38 1151 376 576 234 742 361 377 233 473 305 45 172 224 362 475 224 529 326 723 240 832 337 613 153 641 169
742 37 1151 377 576 234 743 361 374 232 473 305 45 173 224 362 475 224 530 324 725 241 826 323 613 153 641 169
742 36 1149 378 576 234 743 361 371 231 472 306 476 224 531 323 45 173 224 362 725 241 822 323 612 153 641 169
743 35 1147 380 576 235 743 361 369 229 472 306 478 224 532 320 46 173 223 362 724 242 819 323 612 153 641 169
744 35 1146 379 576 235 742 361 369 227 472 307 479 225 532 319 46 173 223 362 724 242 818 323 612 153 641 169 485 280 524 329
743 36 1145 379 575 236 742 361 368 226 473 308 481 225 532 319 47 173 223 361 724 242 818 323 612 153 641 169
741 37 1144 378 574 236 742 361 483 225 533 319 365 227 466 309 48 173 224 361 723 242 817 324 612 153 641 169
740 38 1143 376 574 235 742 361 485 224 534 320 363 227 467 310 48 173 224 361 723 242 817 324 612 153 641 169
741 40 1142 375 574 235 742 361 487 224 534 321 360 228 466 310 49 174 224 361 723 242 816 324 486 281 524 328 612 153 641 169
741 41 1141 375 573 235 742 361 488 224 534 320 358 228 465 311 49 173 224 361 723 242 816 324 487 280 526 327 612 153 640 169
747 46 1141 392 573 235 741 361 489 224 534 319 356 228 464 312 49 173 224 361 723 242 815 324 488 279 529 327 612 153 640 169
746 46 1143 392 574 235 741 362 354 228 463 312 491 224 535 319 50 173 225 361 723 242 814 324 490 279 530 326 612 153 640 169
739 41 1146 374 576 235 741 362 352 228 461 313 492 224 535 319 51 173 225 361 722 241 813 325 492 278 531 325 612 153 640 169 453 251 496 292
738 42 1147 373 577 235 740 362 349 227 460 313 53 173 225 361 492 224 536 318 721 239 812 326 493 277 531 325 612 153 640 169 451 251 497 293
739 43 1147 372 578 235 740 362 347 227 459 314 54 173 225 360 493 225 536 318 720 238 813 327 449 250 497 293 612 153 640 169 495 276 531 324
742 43 1145 372 579 235 739 362 344 226 458 316 54 173 224 361 494 218 542 319 720 238 814 327 449 249 496 293 612 153 640 169
743 42 1144 374 579 235 739 362 341 224 456 317 54 173 224 361 495 219 542 319 449 249 496 293 720 238 814 327 612 153 640 169 504 275 538 322
745 41 1143 375 579 235 739 361 338 222 457 319 55 173 223 362 497 220 543 317 449 249 496 293 720 238 814 327 504 276 539 322 612 153 640 169
745 40 1144 376 579 234 739 361 335 221 459 320 56 172 223 363 498 221 543 315 449 248 495 294 504 277 541 322 720 238 813 327 612 153 640 169
746 41 1144 375 578 234 740 361 332 220 461 321 57 172 223 363 498 221 544 314 504 277 542 321 449 248 495 293 720 239 813 326 612 153 640 169
