

15 447 353 680 772 477 884 542 857 468 1005 555 346 474 481 589 1003 426 1278 598 446 469 525 554 728 484 770 521 664 480 690 503 514 480 552 526 557 483 583 511 693 482 718 507 543 483 576 518 753 482 794 522 709 484 738 515 1 460 112 604
8 444 341 686 859 467 1022 557 1012 426 1279 599 335 475 477 590 771 477 888 543 443 469 523 555 728 483 770 521 664 480 689 503 544 483 577 518 512 479 550 527 693 481 718 507 752 482 795 523 709 483 738 515
6 441 322 690 859 466 1027 558 1025 425 1279 600 440 470 520 556 784 474 898 545 326 475 476 591 729 482 772 521 544 483 578 518 664 479 689 503 509 478 547 528 708 482 738 515 693 481 718 506 752 482 795 523
4 437 302 692 862 465 1034 559 306 476 460 600 1040 426 1278 601 785 473 901 545 436 470 518 557 544 483 578 517 728 482 773 522 663 478 689 502 507 477 545 527 707 481 737 514 693 480 717 506 753 482 798 524
870 463 1042 561 290 474 455 603 5 433 282 693 786 473 906 546 433 468 516 558 1053 426 1279 603 542 482 578 516 728 481 773 522 662 477 690 503 500 477 545 529 707 481 737 514 694 480 718 505 753 481 799 524
878 461 1052 563 275 473 450 606 6 431 267 696 787 473 912 546 429 465 516 558 1072 399 1278 597 541 480 577 514 729 480 772 523 662 477 691 503 499 477 544 529 707 480 737 515 694 479 718 506 755 480 800 524
883 460 1060 566 261 473 449 609 7 429 253 694 786 473 919 546 417 464 508 562 539 479 575 514 1095 393 1278 598 729 480 771 522 663 477 690 503 496 477 544 530 693 478 718 506 708 480 737 515 768 477 822 529
883 458 1070 568 226 477 443 616 414 464 505 562 785 472 924 547 1100 392 1279 599 10 428 242 689 537 479 573 513 729 479 772 523 663 477 689 503 693 477 718 506 488 476 539 531 769 476 822 530 709 480 738 516
214 476 437 619 899 459 1085 568 410 463 500 563 801 468 933 552 535 478 572 513 0 412 226 685 1114 368 1279 615 663 477 688 503 486 477 539 532 730 480 773 523 692 477 717 506 710 480 740 515
905 456 1096 571 198 474 430 624 405 461 495 564 800 467 937 552 532 478 570 512 0 399 187 697 483 476 537 533 663 478 687 503 1148 390 1279 597 730 480 775 523 691 478 718 506 709 480 741 515 138 453 240 580
913 452 1109 574 1 397 163 698 400 458 492 565 798 467 942 552 530 477 569 511 125 453 230 575 480 475 534 533 186 471 423 629 1160 433 1277 615 663 478 687 503 691 478 717 506 709 480 742 515 743 476 799 524
383 464 487 564 147 473 405 647 914 451 1127 577 799 468 950 552 529 477 568 511 475 475 530 534 663 478 688 503 692 479 717 505 1 401 160 686 742 475 798 524 709 481 742 514 112 452 219 582 1201 432 1278 622
939 447 1156 582 110 461 404 661 373 462 485 565 471 474 527 534 529 477 565 510 798 468 959 552 662 477 689 502 742 475 799 523 32 442 198 594 692 478 717 505 709 479 743 513 1221 426 1277 631
947 443 1170 587 75 463 392 664 354 461 487 571 0 440 171 599 818 465 971 556 466 474 525 535 529 478 563 509 660 476 689 503 742 474 800 523 691 476 718 506 776 470 861 534 710 477 743 513
953 443 1185 588 50 458 385 670 344 460 481 572 0 441 157 602 820 465 977 556 742 474 801 523 466 473 523 536 529 478 561 509 660 475 688 503 778 469 863 535 689 475 719 507 710 475 744 514 645 475 670 497
978 440 1218 593 334 459 475 574 813 470 997 556 23 459 341 681 516 479 552 513 743 476 802 524 780 469 868 537 457 471 516 538 688 475 719 508 660 476 686 502 3 441 127 606 643 475 671 498 711 476 745 515
987 439 1237 596 12 460 328 693 817 469 1010 557 311 459 460 582 781 468 873 538 514 480 553 514 451 471 513 539 736 473 811 528 687 475 719 509 642 475 672 500 660 477 685 503 711 478 746 516
3 460 306 702 299 461 457 587 822 469 1022 559 1010 436 1269 601 441 473 515 549 782 468 876 539 736 474 814 529 512 481 552 514 686 476 719 511 641 477 672 501 711 479 747 518 660 479 685 504
1018 437 1275 603 282 463 452 593 8 456 284 702 840 469 1042 565 438 475 512 550 735 473 816 530 790 465 892 543 511 482 552 514 684 476 720 513 641 477 672 502 709 479 748 520 659 479 686 505
845 467 1052 569 1037 436 1278 606 265 462 449 599 10 451 263 704 791 473 896 546 735 472 820 531 433 476 511 550 509 483 551 515 684 476 720 513 641 478 672 503 708 480 748 520 659 480 687 506
852 463 1065 573 1057 433 1279 611 230 461 432 607 795 472 900 548 733 471 822 531 420 472 503 554 506 482 551 516 0 450 230 719 685 476 719 512 640 478 671 503 659 479 686 505 709 479 747 520
213 458 425 612 858 459 1080 578 415 472 501 554 1078 433 1275 614 799 465 904 545 505 481 550 516 750 470 835 532 0 446 210 719 687 475 719 511 640 477 671 503 660 479 685 504
195 456 421 618 409 470 496 555 857 455 1091 581 1101 425 1279 618 0 437 165 719 753 470 836 532 506 480 548 514 808 468 924 552 640 477 672 502 687 474 720 510 722 472 773 523 660 478 685 504
872 455 1123 586 160 457 405 625 402 468 494 557 754 469 839 533 810 466 932 555 506 478 547 513 1120 439 1279 615 640 476 673 502 688 475 722 510 0 432 145 719 721 473 773 523 659 477 686 503
875 453 1144 591 139 453 401 634 388 466 485 560 755 469 843 534 505 478 545 512 813 466 940 557 640 476 673 502 687 475 722 510 1158 449 1274 617 658 477 687 503 726 476 768 522 465 479 508 518 707 477 744 517
107 446 402 647 379 466 485 561 756 469 848 535 825 463 959 559 881 454 1158 594 504 478 544 512 640 476 672 502 1198 459 1279 623 659 477 688 504 706 477 745 518 727 477 770 523 687 474 722 510 463 479 508 517
84 445 393 652 372 466 483 564 755 468 851 537 912 452 1195 599 827 462 965 561 504 478 544 512 640 476 672 502 659 477 687 504 463 479 508 517 1213 455 1278 626 727 479 771 524 706 476 744 519
52 444 390 663 828 462 983 562 350 465 485 570 769 468 864 539 503 478 543 513 915 451 1213 599 640 477 670 502 660 478 688 505 462 480 506 519 705 475 742 519 729 480 773 524
835 461 998 564 342 468 475 575 769 466 871 542 25 443 396 673 502 478 542 513 945 446 1261 620 639 477 670 502 661 479 688 505 705 475 741 520 460 479 503 521
6 441 350 689 770 465 877 544 327 469 471 576 956 448 1274 621 841 462 1010 566 502 479 541 514 705 475 742 520 662 480 690 505 461 486 501 535 639 478 669 501 741 475 796 529
7 438 328 698 772 464 881 545 969 446 1279 624 849 462 1040 566 311 467 464 584 501 479 540 514 705 475 743 520 459 487 499 535 662 480 690 505 639 478 669 501 741 476 798 529
7 437 305 703 857 462 1052 570 294 468 462 588 986 444 1279 631 773 465 885 545 705 475 743 519 456 488 498 536 662 480 691 506 501 481 540 515 741 477 799 530 639 479 667 501
865 462 1068 577 276 469 458 591 785 464 903 547 4 432 286 701 1013 444 1276 631 705 475 743 519 454 489 497 536 489 482 537 519 662 480 692 506 732 475 808 531 639 478 667 501
257 471 456 595 785 467 916 550 880 463 1106 583 1030 442 1275 635 7 429 266 699 705 475 744 520 732 475 814 532 486 482 539 521 662 480 692 506 452 490 496 536 640 479 666 500
885 462 1125 588 249 470 455 600 1050 439 1278 635 788 466 922 551 0 416 227 719 706 475 745 521 733 474 818 532 485 481 539 522 661 480 693 506 433 488 488 551
215 469 437 611 801 466 938 553 896 460 1139 590 706 475 746 522 662 481 693 507 732 473 822 534 484 476 538 527 429 487 487 552 1096 439 1279 636 0 398 178 700
196 468 430 616 804 466 946 555 916 461 1187 594 3 402 147 719 1111 451 1279 635 663 481 692 507 706 475 747 522 481 476 537 528 414 484 491 552 731 472 824 535
926 457 1203 597 161 468 411 626 811 467 949 556 389 483 479 564 750 480 841 541 663 482 692 508 478 476 536 529 1150 456 1275 637 706 476 748 522 1 410 127 719 641 480 664 502 721 477 774 527
140 466 414 633 819 469 969 558 384 483 479 565 933 458 1215 599 750 479 847 541 663 482 692 508 478 476 535 530 707 477 749 522 431 482 488 546 1168 486 1275 651 683 481 716 520 721 477 774 526
821 469 989 562 953 460 1254 606 116 458 408 657 750 479 854 543 359 478 464 572 428 484 486 545 476 475 534 532 662 484 692 509 720 478 775 527 684 483 716 520
829 469 1003 564 79 457 400 661 968 461 1262 611 355 479 465 574 763 475 874 546 473 475 534 532 423 486 484 543 662 484 693 509 684 484 717 520 719 477 774 527
835 467 1016 567 51 455 388 672 993 459 1279 617 764 475 877 547 355 488 466 586 471 475 532 533 419 487 480 542 661 484 693 509 684 484 718 519
846 465 1036 572 1004 456 1279 622 36 452 384 678 764 475 882 548 469 474 531 534 306 472 460 589 416 487 478 541 662 483 692 508 684 484 718 519
853 459 1048 575 17 465 333 689 1026 451 1277 626 293 472 461 595 765 474 888 549 466 475 530 533 399 483 472 543 663 483 692 507 683 484 717 519 721 473 774 526
862 452 1064 579 1051 443 1275 626 10 466 315 689 278 473 458 599 782 469 906 553 395 483 468 544 459 475 531 532 663 482 691 506 684 484 717 519 722 470 775 526
867 449 1081 584 1074 437 1272 627 7 467 289 692 266 474 455 606 776 467 917 554 448 474 525 535 388 484 464 546 684 484 718 519 663 482 691 505 722 467 776 525
880 451 1105 589 3 464 271 694 1096 433 1279 634 256 477 453 610 778 471 922 554 446 477 523 541 383 485 462 549 721 468 777 527 662 483 691 506 683 484 718 519 641 481 664 501
889 450 1120 594 776 467 941 558 210 475 448 620 440 476 519 542 1115 448 1279 632 366 483 452 549 4 451 248 692 662 484 691 507 682 484 718 520 641 481 664 501
894 451 1141 597 775 468 947 559 434 475 514 535 360 482 447 551 194 473 443 625 709 467 789 529 661 485 691 508 681 484 717 519 1156 485 1277 646 0 392 178 691 640 481 665 502
775 468 953 560 920 449 1167 603 429 472 511 535 150 452 466 649 337 475 435 554 0 431 171 710 709 464 790 527 681 483 716 519 1194 488 1278 648 662 483 692 508 639 480 666 502 748 470 837 538
920 448 1181 605 774 468 960 561 115 450 432 652 418 468 502 536 332 472 429 553 707 462 790 526 638 478 666 502 1210 480 1278 660 747 470 838 537 662 481 693 507 678 481 714 518
774 465 966 561 84 448 424 653 923 449 1202 607 409 463 497 534 727 462 827 535 637 476 667 503 305 467 414 556 663 479 695 507
771 461 973 563 54 445 416 653 907 443 1239 620 725 460 828 534 636 474 669 503 687 456 770 523 383 460 480 531 305 466 401 536 661 476 694 508 1223 436 1273 466
929 442 1255 620 772 458 976 565 25 443 411 657 377 455 473 529 280 460 383 542 682 451 769 523 722 458 829 533 635 471 671 504 658 473 691 509
935 438 1268 621 772 455 979 569 362 453 460 529 3 442 371 656 720 458 828 532 679 448 769 522 636 470 672 504 254 460 367 542 613 466 641 488
944 435 1279 625 771 453 985 571 1 431 354 667 718 455 829 532 352 451 455 527 257 455 358 543 633 467 669 506 611 466 641 489
954 435 1279 630 767 449 992 575 715 454 830 533 1 418 329 677 328 448 435 527 192 452 343 552 590 463 618 486 610 465 642 489 631 466 665 508
965 431 1279 638 772 449 1012 577 713 452 830 535 657 442 745 516 2 401 311 688 586 463 618 488 319 447 429 527 181 452 330 551 419 459 443 478 612 466 652 506
766 446 1022 581 974 427 1279 645 302 444 411 528 694 452 813 534 2 400 288 696 150 451 310 556 653 443 742 515 585 464 615 490 611 465 648 506 414 458 439 477 567 462 594 484
761 442 1031 586 984 423 1279 658 689 452 813 537 633 441 726 517 565 463 594 486 281 443 392 530 133 449 304 554 607 466 643 508 394 459 423 480 0 402 276 695 585 464 617 490
757 440 1040 590 994 418 1279 662 272 442 388 532 685 453 811 539 629 441 723 518 390 459 418 478 563 464 592 489 69 450 269 574 588 467 623 505 1049 435 1094 464
756 440 1050 593 1005 415 1278 664 255 444 366 532 680 455 809 543 56 452 258 572 626 442 719 516 585 467 622 507 370 461 400 481 1048 435 1093 463 543 463 568 485 561 465 590 489 389 459 413 475
752 436 1071 607 247 442 360 535 1016 412 1276 661 21 447 236 583 679 455 807 545 607 438 705 522 364 461 396 481 541 465 568 488 582 468 617 509 1045 435 1094 462 563 468 597 503 520 462 540 480
748 436 1088 611 14 448 215 587 659 455 803 545 228 442 343 537 1043 397 1274 686 604 438 702 522 362 460 393 480 563 468 597 506 539 465 567 489 519 463 542 484
742 435 1106 618 648 453 803 548 597 438 700 532 1057 401 1279 692 0 447 183 594 560 468 595 508 517 464 544 488 221 441 337 537 343 462 374 483 144 455 221 518 539 468 571 503 364 460 390 478
734 434 1121 626 195 440 318 541 0 445 168 597 643 454 800 550 1077 431 1276 714 592 437 696 534 340 461 370 482 557 468 592 510 538 467 572 506 515 465 544 491 128 456 202 519 1184 429 1243 460 1023 435 1072 460 320 463 348 485 495 463 516 484 1116 425 1223 461
730 434 1136 630 1109 434 1279 718 639 454 798 552 0 445 152 600 124 456 194 519 578 437 686 535 178 443 305 543 538 467 573 507 318 463 349 486 1183 428 1245 461 513 465 542 491 340 461 367 481 554 468 588 512 494 464 517 486 1113 424 1224 460
726 435 1154 632 633 452 796 554 571 433 683 538 5 445 120 606 155 444 301 548 537 467 573 510 317 464 348 487 513 468 545 504 1133 439 1279 719 113 457 196 520 1182 427 1245 460 493 465 518 488 1111 422 1228 459
724 434 1175 636 627 450 796 557 145 447 286 552 567 432 678 540 4 450 108 602 96 462 167 524 534 468 572 513 316 465 348 488 512 469 544 506 1110 420 1229 457 1183 425 1243 457 271 461 303 491 1210 466 1279 709 492 465 517 489
724 430 1196 642 624 448 799 559 136 450 273 554 562 431 676 542 0 450 84 610 77 467 152 529 531 469 569 515 316 467 347 489 492 469 524 503 267 462 302 495 1111 418 1229 456 512 471 545 507 1185 424 1244 455 1217 464 1279 714
726 425 1212 652 622 451 810 570 133 459 267 559 562 432 677 542 0 451 71 613 71 471 146 531 492 470 525 503 531 470 568 517 318 468 347 490 1189 424 1243 452 265 468 297 501 513 471 545 507
743 416 1256 664 624 450 821 572 123 457 258 563 562 432 681 545 532 471 569 519 493 471 525 503 66 473 141 533 0 449 58 622 264 470 297 503 513 472 545 509 318 470 349 490
748 410 1266 678 119 456 260 565 566 433 686 545 626 449 830 574 534 472 570 517 54 478 127 542 0 466 34 621 263 470 297 503 513 471 545 509 315 474 347 496 495 471 523 502
767 404 1269 690 651 449 854 577 115 455 265 569 264 471 300 506 535 472 570 515 514 471 547 508 0 466 26 625 63 481 123 543 317 474 348 497 556 472 589 520
783 398 1270 695 662 446 869 580 115 453 269 570 593 432 711 544 267 472 303 507 536 470 569 510 66 476 140 546 559 470 592 516 289 471 321 503 518 470 548 504 338 474 371 495
812 394 1274 697 119 456 283 577 603 431 742 544 68 481 142 551 287 474 325 509 683 446 916 582 270 475 305 510 561 471 593 513 340 476 372 499 540 471 569 506 582 472 616 521
834 395 1279 696 118 460 289 583 695 444 929 585 288 478 325 514 562 471 593 510 585 473 618 516 272 478 307 513 77 488 136 554 316 478 346 507 343 479 371 503 365 479 393 499
705 446 947 589 115 463 296 590 857 394 1279 692 635 432 780 550 313 481 349 514 563 473 594 508 287 482 324 518 587 476 620 514 389 480 416 499 367 483 395 504 604 477 642 524 344 482 369 507
718 452 978 594 115 463 299 595 868 398 1279 684 644 435 790 552 312 483 351 518 388 482 417 504 587 479 618 514 607 479 645 521 565 477 594 507 287 483 322 520 343 482 371 511 368 486 395 508
111 461 303 599 731 456 992 601 912 393 1275 686 650 440 802 554 587 481 618 515 387 486 420 509 312 485 351 520 342 484 374 514 609 483 644 520 418 485 440 501 288 484 322 519
106 460 307 603 931 396 1269 690 669 440 831 563 589 483 620 515 744 459 998 604 340 485 377 517 416 486 441 505 389 488 420 511 610 484 642 520 631 483 669 538 311 486 351 521 367 487 396 514 292 488 323 535
764 464 1055 615 101 459 312 606 955 408 1270 696 680 441 838 565 414 487 444 509 339 486 379 519 610 484 642 520 591 484 620 512 633 484 670 537 391 489 419 513 310 489 352 531 366 486 397 516 294 488 327 536
96 457 317 607 978 425 1275 702 772 466 1069 614 688 441 845 564 415 488 447 509 611 484 643 518 337 486 379 520 654 485 694 540 364 485 398 515 392 487 418 512 634 486 667 534 309 485 348 519
90 453 321 607 772 462 1122 632 1013 454 1278 698 695 441 856 562 613 483 644 515 336 484 378 521 415 487 446 508 364 482 400 514 310 483 349 519 636 485 666 519 441 484 465 502 392 485 418 511 657 485 693 538
83 449 324 607 789 458 1140 633 1049 437 1279 719 335 482 378 520 711 435 887 567 636 483 667 517 362 480 402 513 439 482 467 501 615 482 644 510 313 481 351 518 415 484 444 506 675 480 721 544 391 481 419 509
67 443 310 608 817 455 1175 644 719 434 891 566 335 478 379 518 636 480 667 515 362 477 402 513 1094 447 1279 716 439 479 469 500 677 481 727 539 314 478 353 520 390 477 420 508 658 483 693 519
825 455 1183 641 62 438 309 608 726 431 897 565 1108 449 1279 717 637 477 668 512 334 475 379 517 360 475 403 512 439 477 472 498 674 472 729 531 388 474 421 508 659 480 695 519 315 475 354 520 287 472 340 532
835 455 1218 639 53 434 308 609 731 428 907 564 334 472 379 515 285 468 341 530 360 472 401 510 388 471 422 507 659 476 695 517 638 474 670 510 676 470 731 526 440 475 475 496 1122 529 1279 710
849 451 1249 641 43 431 303 611 735 422 916 564 283 466 342 528 696 468 750 532 333 469 378 513 359 471 403 509 386 468 423 506 658 471 694 514 639 470 672 507 682 473 717 518 440 474 477 495
857 443 1278 641 34 429 297 611 746 417 939 566 275 462 347 527 699 465 755 530 357 469 403 508 332 467 379 511 460 468 495 490 658 466 693 511 388 467 424 505 679 466 729 520 445 470 478 491
861 439 1279 643 27 428 293 612 750 413 944 565 274 462 346 527 701 463 757 528 460 467 495 490 355 467 405 509 660 464 694 510 332 466 381 511 389 466 424 505 445 470 477 491
866 437 1279 644 18 430 296 615 756 408 956 565 270 461 344 527 703 460 759 526 461 466 496 489 356 465 402 508 331 465 381 511 662 463 695 509 391 461 426 498 641 462 666 491 683 466 719 513
901 435 1279 646 8 430 285 615 761 404 966 567 265 462 342 526 718 461 774 531 460 465 496 489 330 465 380 511 357 465 401 508 660 460 694 497 391 460 426 498 3 445 18 497
906 434 1279 648 0 428 271 616 764 400 977 569 259 462 341 526 719 459 777 532 460 465 497 490 357 465 400 509 659 459 695 498 328 465 380 511 391 460 427 499 683 465 719 512
0 428 255 620 913 432 1279 653 765 399 983 571 255 463 341 526 721 458 780 533 461 465 497 490 326 461 386 509 356 465 401 509 659 459 694 498 702 458 751 520 390 460 427 500 684 464 720 512
0 429 246 625 925 430 1278 665 246 462 336 530 765 400 989 574 723 459 784 534 461 466 498 491 326 459 395 513 389 465 424 506 702 460 750 520 683 464 720 513
239 463 336 532 0 430 239 631 937 425 1273 675 778 402 1003 579 725 459 785 534 325 460 394 513 461 467 498 491 386 467 424 507 701 461 749 521 662 463 695 510
232 464 334 534 0 430 237 634 945 421 1271 683 778 403 1009 580 728 460 807 541 322 461 393 513 701 463 751 522 385 468 424 508 461 468 499 492 662 464 695 510
