

374 346 722 607 7 0 330 708 940 433 1085 548 802 427 890 510 162 363 314 607
374 345 722 606 6 0 331 708 940 432 1085 548 173 368 335 719 802 427 891 510
374 345 722 607 6 0 332 709 940 432 1084 547 172 367 337 719 802 427 891 510
375 345 721 606 5 0 333 710 172 366 338 719 944 448 1061 537 802 428 891 510
374 347 722 604 170 366 340 717 5 0 334 709 944 448 1061 537 802 428 892 510
373 350 723 602 169 366 341 716 940 432 1084 546 5 0 336 709 802 428 892 510
372 352 725 601 168 366 342 714 940 432 1084 546 6 0 338 709 802 428 892 510
371 351 725 600 167 364 342 715 940 432 1085 547 6 0 338 710 802 427 891 510
369 351 725 600 167 360 343 719 940 431 1084 546 7 0 336 711 802 427 891 510
166 356 343 719 368 351 725 599 939 431 1083 546 8 0 335 712 802 427 891 510
168 351 342 719 368 351 725 602 940 431 1082 547 9 0 330 712 802 428 892 510
168 349 345 719 368 350 724 605 10 0 329 711 940 431 1081 547 802 428 893 510
169 348 346 719 369 347 723 609 10 0 327 710 940 431 1081 547 802 428 894 511
171 347 349 719 8 0 329 707 367 348 723 609 940 433 1080 547 803 427 894 511
7 0 328 704 173 345 349 719 365 350 724 608 940 433 1080 548 803 426 894 511
5 2 331 701 180 343 353 719 367 351 724 604 940 434 1079 549 803 426 895 511
4 6 334 700 369 350 723 601 184 344 355 719 939 435 1080 550 802 426 895 511
3 10 337 699 371 348 720 601 188 341 360 719 938 436 1079 551 802 425 894 511
370 346 716 603 15 26 425 692 182 338 368 719 938 435 1079 550 801 424 893 511
4 17 335 689 229 330 400 639 366 348 712 602 938 433 1079 548 800 422 892 512
235 334 416 633 3 20 330 682 942 447 1063 536 800 422 891 511 360 350 711 595
1 19 327 676 242 340 424 626 941 448 1063 536 799 421 891 511 353 352 712 590
1 19 329 672 938 430 1083 545 262 337 457 633 800 423 892 511 357 349 712 578
0 17 334 671 938 431 1082 546 269 337 460 635 369 344 710 570 800 425 892 511
0 14 340 671 938 431 1082 547 278 339 462 637 800 427 892 510
0 13 344 671 938 431 1082 548 293 340 458 634 800 428 893 510
0 14 345 670 938 430 1083 548 303 342 459 630 800 428 893 510
0 17 346 668 939 430 1083 548 344 335 490 621 800 428 894 510
0 19 346 667 940 431 1083 548 800 428 893 510 351 331 499 617
3 20 344 666 940 432 1082 549 376 330 548 609 800 428 893 510
3 20 340 669 384 333 560 616 940 432 1082 549 800 428 893 511
3 19 337 670 416 333 602 618 940 432 1082 549 800 428 893 511
2 19 333 669 939 432 1081 548 427 333 615 619 799 427 894 511
2 20 330 665 938 431 1081 548 457 333 661 617 798 426 894 511
4 21 328 663 470 337 670 614 938 431 1080 547 798 426 895 510
5 20 330 663 937 431 1080 546 475 338 677 612 798 426 896 510
6 19 332 664 511 336 718 610 937 431 1080 546 798 426 896 511
4 19 332 665 937 432 1079 546 522 333 729 611 799 426 897 511
2 20 331 665 555 324 762 624 937 432 1080 547 363 459 907 632 800 426 897 511
0 18 332 666 565 320 774 631 936 432 1080 547 801 427 897 511
0 16 333 668 569 316 784 635 935 431 1080 546
0 15 331 667 610 320 821 637 934 431 1081 547
0 15 329 666 618 321 828 638 934 432 1082 548
0 15 328 665 643 322 866 643 933 433 1084 549
0 13 328 664 659 327 871 633 933 434 1084 550
0 14 328 663 669 332 878 625 933 435 1085 550
0 15 327 662 685 329 907 627 933 436 1084 550
0 14 326 662 693 331 911 628 933 436 1085 551
0 14 327 662 708 334 915 624 934 437 1085 552
720 338 920 617 0 15 328 663 932 435 1084 553
730 341 921 609 0 15 330 663 929 434 1083 553 343 350 731 575
754 339 945 615 0 19 327 663 928 431 1080 554 343 352 737 590
761 342 951 616 0 21 325 663 345 351 738 600 929 431 1078 555
770 349 956 615 0 25 323 662 347 347 733 612 932 432 1075 555
779 352 955 612 0 24 323 662 347 345 729 612
788 357 955 611 0 26 323 662 347 343 723 611
0 26 324 661 796 359 956 612 346 344 723 609
0 27 323 661 798 361 957 613 346 346 721 607
0 25 325 662 798 362 958 613 346 345 721 608
0 24 328 663 347 344 719 608 798 363 958 614 960 444 1071 542
0 24 328 664 349 344 718 607 808 375 949 591 958 444 1071 541
0 24 327 666 348 345 718 606 810 376 946 595 958 446 1070 540
0 26 324 664 348 347 718 603 814 377 945 602 937 448 1064 539
0 26 324 662 349 348 719 603 832 378 954 604
0 28 323 659 349 349 719 602 833 378 953 607 1025 323 1196 631
0 27 322 658 349 349 717 602 835 379 951 607 1016 323 1193 628
0 29 321 658 347 349 717 599 835 380 949 603 969 331 1142 630
0 29 322 659 346 349 716 598 836 385 947 597 937 333 1091 626
0 29 324 661 344 349 716 597 828 390 933 575 934 338 1066 627
0 28 325 662 344 348 715 598 907 340 1040 625 830 391 930 571
0 29 325 662 908 350 1021 603 344 348 715 599 830 389 922 566
0 28 324 663 900 349 1011 601 344 348 714 600 829 390 915 565
0 28 325 664 887 352 1001 596 344 346 714 601 825 389 906 562 792 433 847 511
0 27 327 663 344 343 713 602 817 388 900 563 885 359 998 593 865 456 975 620
0 28 329 663 343 341 714 603 860 366 987 592 810 385 894 562
0 27 329 663 342 341 715 605 851 373 975 586 810 382 903 564
0 27 328 664 342 341 717 606 844 376 966 581 839 439 1062 607
0 28 328 664 342 341 718 607 810 434 1016 612 823 377 923 571
0 28 328 664 343 340 717 608 802 431 1012 611 816 374 917 574
0 29 328 663 345 339 715 609 789 429 1011 610 806 373 915 574
0 29 327 663 344 340 713 607 757 435 984 605 793 365 903 531
0 30 326 663 343 341 712 606 752 436 984 602 774 371 934 520
0 30 327 663 343 341 712 606 746 441 985 600 932 438 1071 553
0 29 327 662 343 343 712 606 742 452 978 597 930 439 1072 553
0 27 326 661 343 345 713 607 928 439 1072 554 736 463 972 596
0 25 325 660 343 347 714 606 927 440 1072 554 733 470 966 595 746 417 853 556
0 26 324 659 342 347 714 605 927 439 1073 554 729 472 967 597
0 28 323 659 342 347 714 603 928 439 1072 554 728 468 968 595
0 28 324 659 343 346 714 603 928 438 1072 554 730 463 966 594
0 28 325 659 342 347 714 602 928 438 1072 555 731 455 965 593
0 27 326 660 343 348 715 601 927 437 1071 555 710 458 941 594
0 26 325 660 343 349 715 600 926 438 1071 555 707 461 944 591
0 25 324 661 345 349 712 600 926 438 1071 555 708 465 944 587
0 23 323 662 344 350 711 598 926 438 1071 555 708 469 941 583
0 20 322 663 343 351 711 597 928 437 1071 555 708 468 941 583
0 18 322 666 342 352 709 596 929 437 1071 555 707 468 940 583
0 17 323 667 343 352 709 597 928 436 1071 555 707 467 942 584
0 16 323 668 344 352 709 596 928 436 1071 555 708 469 941 585
