

334 422 421 469 244 425 281 449 122 426 156 449 45 426 93 461 408 424 447 455 950 419 993 440
338 421 420 469 246 425 285 449 753 427 792 467 52 426 100 459 413 423 453 454 128 426 158 448
341 420 421 469 53 426 103 460 1055 404 1135 454 760 428 797 465 137 427 169 450 416 421 458 455 259 425 291 448
345 419 421 469 141 425 175 449 56 425 108 460 262 425 294 448 426 422 471 453 777 424 813 464 313 291 347 311
349 418 422 469 0 387 58 466 429 421 477 454 145 425 181 450 780 424 821 464 62 424 114 462 265 426 299 449 315 290 341 309
354 416 424 468 0 388 61 467 510 430 545 460 269 426 303 449 434 421 483 453 66 424 118 463 799 424 839 461 151 425 184 449 318 288 338 306 997 409 1041 433
361 416 433 469 1 392 63 466 800 422 846 462 514 431 549 460 272 426 307 448 1104 398 1186 447 161 427 193 450 323 287 341 304
364 416 433 470 1 405 72 470 163 426 199 452 516 430 553 459 449 419 500 454 78 423 127 461 809 423 848 460 333 286 377 307 286 427 314 447 1020 405 1063 429
365 416 436 470 2 406 76 470 168 427 205 452 80 426 131 462 450 418 508 455 288 427 319 448 823 422 871 461 518 430 555 459 336 285 375 304
368 417 440 471 85 428 136 465 3 407 81 470 173 428 209 452 291 428 324 448 450 418 515 456 526 429 564 461 340 283 372 300
372 417 443 471 90 429 141 467 295 428 328 448 5 409 84 470 529 430 567 463 452 421 517 457 1155 392 1233 445 183 429 219 452 345 283 371 298
12 407 96 470 186 429 224 455 534 432 570 463 377 419 446 471 94 431 143 468 299 430 327 447
15 409 97 470 192 430 229 457 103 432 153 467 314 432 344 452 387 420 458 471 470 424 536 459 357 280 402 298
394 423 456 471 106 436 154 470 319 434 350 454 18 408 102 472 199 433 232 457
397 425 459 472 109 437 160 472 19 408 109 472 894 418 946 476 324 434 352 453 208 432 244 457 1096 414 1141 438 1172 410 1212 437
212 433 250 461 401 427 464 473 29 405 130 473 112 438 165 473 338 434 365 454
342 435 371 456 405 427 469 474 31 406 133 473 218 435 255 462 116 438 168 473 384 275 431 291
33 406 135 474 348 435 376 455 421 429 474 471 127 439 178 469 225 436 257 461
34 405 136 474 422 429 477 470 126 437 182 471 230 434 270 461 398 271 453 289 352 434 376 451
425 427 481 469 36 407 135 473 127 436 185 472 235 432 274 461 363 432 392 452 401 269 460 287
429 425 485 468 241 431 279 460 368 431 397 451 39 407 135 472 129 434 190 472 407 265 460 282
132 432 194 471 433 422 488 467 246 429 285 458 42 407 135 470 374 429 401 449 577 429 616 470 414 262 453 277 996 415 1052 473
47 402 172 470 567 420 624 470 437 422 487 465 134 430 198 470 1009 415 1084 474 419 257 483 274 249 429 285 457 378 428 402 447
442 422 502 464 49 403 171 470 572 419 630 469 254 426 297 457 388 427 415 447 138 428 198 468 1010 415 1088 474 423 253 486 272
446 423 505 464 258 426 301 458 394 427 421 447 54 404 167 470 578 420 635 470 430 248 484 268
452 422 510 463 262 425 305 458 57 405 161 469 583 421 639 471 217 419 250 439 146 420 208 470 1058 414 1131 474 400 427 426 446 435 246 479 265
458 422 512 463 266 426 309 458 59 404 159 470 447 243 502 263 143 420 214 471 219 419 253 440 1069 413 1127 474
62 404 155 470 449 241 508 261 145 420 217 472 463 421 512 461 414 425 442 446 272 427 309 456 223 421 255 439
64 401 154 472 147 423 220 473 420 426 447 446 472 421 521 461 451 239 513 258 277 426 322 459 2 430 18 458
473 422 525 462 278 424 328 461 149 425 223 473 66 402 157 472 240 419 275 441 1 428 20 459 456 236 511 253 426 422 447 438
478 423 528 461 281 425 331 462 152 426 225 474 67 403 161 472 1 428 21 460 1137 411 1198 474 438 422 462 439 243 419 277 441 468 233 530 251
483 422 533 461 285 425 335 462 153 425 228 474 442 422 466 440 73 401 201 475 2 430 23 461 602 430 643 473 246 420 278 441
290 425 338 462 2 431 25 462 448 422 469 438 153 424 231 475 489 422 532 459 594 424 651 477 474 222 535 243
497 422 545 462 2 433 27 465 597 424 653 480 298 425 347 463 79 404 201 476 160 426 240 477 477 219 539 241 259 427 293 444 451 423 469 437 462 426 487 446
498 424 549 461 299 424 350 465 1 432 30 468 600 422 657 482 79 404 203 477 659 411 733 461 463 426 491 446 160 428 242 479 261 427 296 444 465 423 486 438
504 426 553 462 301 419 354 473 81 406 201 480 469 428 494 446 161 436 242 484 0 432 32 471 600 435 659 490 266 429 297 446 491 213 559 234
511 427 555 462 81 406 199 480 160 436 246 484 603 436 663 491 0 432 34 472 490 210 566 231 271 430 297 447 475 428 496 445 490 430 511 449
605 436 666 492 687 413 761 464 161 436 248 484 82 406 197 480 0 431 33 472 488 429 510 447 517 427 554 461 275 432 299 448 484 206 586 229
692 411 768 464 490 428 515 446 525 426 568 462 606 436 666 493 0 430 33 472 160 436 251 484 81 405 197 479
527 425 574 461 0 429 32 472 75 406 238 482 607 435 667 492 314 418 370 474 704 410 783 463 496 427 518 445 164 435 254 484 13 432 54 466 288 428 312 446
531 425 579 459 712 409 789 463 316 415 382 472 0 427 32 472 614 435 674 491 75 403 240 481 166 426 257 483 506 187 604 211 288 427 316 445 499 423 516 436
538 421 583 458 318 412 384 471 616 418 677 486 0 425 33 471 720 406 796 457 514 420 533 437 169 426 259 482 75 401 243 480 291 426 318 443 501 421 516 433 510 179 611 204
320 410 392 472 617 416 679 485 516 418 536 435 0 424 34 470 169 425 261 482 729 406 804 456 543 420 581 455
735 404 812 454 619 414 681 485 321 408 394 471 171 424 263 480 521 416 540 432 0 423 35 469 556 414 590 442 14 426 55 465 519 163 625 188 294 423 319 439
622 411 684 485 321 406 397 470 169 422 263 479 0 422 35 468 556 412 595 444 742 399 820 451 525 414 542 429 14 426 56 464
559 411 600 444 754 398 834 451 623 408 686 487 321 406 399 470 0 422 35 468 168 421 264 479 527 143 637 169 537 410 555 431 13 425 57 463 179 164 282 190 299 421 323 439
321 405 401 470 762 397 839 450 563 409 603 443 612 434 691 494 0 421 36 468 167 419 264 479 539 410 557 429 530 136 641 162 15 424 56 462
320 404 402 471 613 435 696 496 0 421 35 468 180 420 270 475 544 410 562 428 565 409 599 438 73 390 263 472 767 396 845 449 16 424 55 461 526 130 647 157
318 404 404 471 614 436 699 498 0 420 35 468 164 418 267 480 782 394 861 449 71 389 261 473 576 408 617 441 549 409 566 425 564 407 592 433 536 114 662 142 644 406 698 483 18 424 54 461 469 411 494 426
788 393 868 449 315 404 404 471 616 437 702 500 578 408 620 441 0 420 34 469 539 106 670 135 161 418 269 482 69 388 260 474 643 403 699 485 249 409 305 442 17 425 54 462 470 413 496 427
616 438 703 501 314 404 404 471 582 407 622 439 0 420 33 469 793 391 873 448 66 387 260 475 181 417 274 476 643 402 700 486 253 408 305 441 564 405 582 427 541 101 673 132 471 412 494 427
312 404 400 473 803 389 886 448 614 439 704 504 586 407 624 438 0 421 31 470 65 388 260 477 644 399 700 489 567 405 584 425 256 409 308 443 155 416 268 484 545 86 674 117 421 406 441 426
309 402 396 476 811 388 893 447 63 387 260 478 611 439 705 507 0 421 29 470 588 406 626 436 646 398 701 492 260 409 310 444 571 405 586 423 151 414 269 485 550 63 699 102 420 405 442 427
304 402 395 479 60 388 262 481 0 422 29 470 609 439 706 511 553 58 701 94 646 398 701 496 591 407 624 436 822 389 907 449 260 410 314 446 144 413 270 488 492 410 521 428 418 405 444 430
301 402 397 481 825 391 911 449 57 389 264 484 0 424 28 470 608 436 708 515 644 397 701 501 590 409 619 435 260 410 316 447 604 409 640 438 557 52 703 87 492 411 522 429
831 391 919 451 293 406 384 483 56 392 268 488 604 448 707 530 0 426 29 470 642 393 701 508 606 410 642 440 591 410 614 434 261 412 317 446 491 413 522 432
287 405 381 486 58 395 271 492 600 447 708 537 836 390 925 451 607 410 643 439 0 426 29 471 641 389 700 514 592 410 612 432 262 413 315 445 561 12 735 53
845 391 939 452 280 404 380 489 584 428 730 536 63 399 274 494 564 6 732 46 608 409 643 438 1 427 28 470 413 409 456 439 593 410 612 429 639 383 700 518 513 414 539 430
849 390 947 451 580 430 730 540 276 403 382 489 108 415 267 495 1 425 26 471 606 407 642 435 514 414 542 430 565 2 736 36
575 430 732 549 108 415 261 494 855 387 952 450 616 364 713 527 260 404 361 489 1 422 22 471 514 412 543 428
573 431 735 557 610 359 712 533 870 388 965 449 251 402 364 491 76 400 261 498 514 411 545 427
872 386 974 450 569 428 736 566 604 354 708 542 90 415 238 495 8 373 163 489 236 405 334 494 436 410 471 432 512 412 547 428 420 416 453 437
876 385 980 453 555 439 743 589 598 353 704 549 78 421 242 502 4 372 163 491 230 402 335 496 511 412 548 430 432 409 473 434
890 386 991 456 535 443 727 606 593 359 697 576 0 369 154 493 47 414 229 511 208 389 358 509 430 410 475 436
891 388 999 458 518 443 730 623 578 355 687 589 46 413 215 513 197 391 363 514 0 367 150 492
895 391 1006 464 39 415 203 516 578 350 685 607 178 402 359 525 488 441 744 644 432 415 475 440
898 391 1010 464 29 415 194 518 544 346 699 636 159 397 358 530 476 476 742 656
915 390 1023 467 536 341 696 653 127 399 331 534 19 413 210 520
915 390 1033 466 520 330 694 664 107 390 328 539
917 391 1041 467 472 319 659 663 638 415 673 444 37 384 318 523
916 391 1043 468 635 414 672 444 41 380 302 524 415 302 624 659 401 420 450 443 712 411 731 427
925 389 1053 470 639 417 667 439 412 291 613 666 634 420 672 453
928 405 1064 481 53 251 605 671 639 431 669 455
21 205 521 681
12 176 512 690
5 84 475 650 955 379 1094 459
972 378 1110 461 659 406 687 432 0 78 344 666 409 411 443 434
967 373 1119 452 656 397 691 430 403 406 447 431 0 77 351 676
969 374 1122 453 656 399 691 431 401 409 447 433 0 165 356 700 250 393 327 443
969 376 1125 454 655 400 688 431 395 412 430 434 0 170 358 712 184 409 237 446
965 373 1130 462 389 415 429 439 656 404 685 431 93 408 182 465 646 404 671 429 177 405 235 455 462 405 494 425
965 371 1131 461 381 413 423 436 642 401 673 433 87 398 180 462 0 360 83 584 172 405 230 453 462 404 491 422
963 371 1132 463 639 402 671 434 68 413 165 463 377 413 420 438 4 325 69 564 151 412 226 458
961 370 1134 462 637 402 669 433 59 410 163 462 368 412 406 438 147 407 220 455
961 371 1137 464 635 403 666 434 54 410 159 463 361 413 406 440 152 408 211 454
963 371 1140 464 634 404 665 433 354 414 404 440 49 409 157 463 149 407 208 454 211 395 288 446
967 372 1141 465 632 404 664 433 350 415 403 441 42 414 143 465 210 404 264 444 129 411 204 459 3 426 26 474 508 410 549 432
973 372 1142 465 632 403 663 433 38 413 142 465 347 414 403 440 128 412 203 458 205 404 261 444 2 426 26 472 509 409 548 431
977 373 1144 465 631 402 662 433 33 412 142 464 125 412 201 458 346 412 402 439 2 424 25 471 510 408 547 430 608 345 615 355
978 372 1147 464 28 410 141 464 630 402 660 432 339 414 386 440 123 409 200 454 2 423 22 470 435 404 471 423 607 344 614 354
978 372 1151 464 25 410 140 463 629 401 660 431 336 413 384 440 120 408 200 454 2 421 20 469 436 404 470 423 606 343 613 353 950 392 1009 449
977 371 1155 465 23 409 138 462 333 413 382 440 630 402 659 429 118 408 197 453 3 418 18 468 436 404 469 421 605 342 612 352 950 392 1010 450
978 371 1158 467 20 409 139 462 329 412 381 439 117 408 193 453 631 403 658 428 604 342 611 352 950 393 1010 450 437 404 468 421
980 370 1161 468 21 396 139 465 326 411 382 438 116 408 188 452 189 394 270 441 621 402 648 427 603 342 610 352 950 393 1010 450 436 404 467 421
981 371 1161 468 20 395 138 465 621 402 648 427 319 413 357 438 188 394 267 441 115 408 186 452 602 341 609 351 949 393 1010 450 634 403 655 424 362 408 390 427 518 406 543 424
981 371 1162 468 621 402 648 427 15 395 122 464 315 413 357 439 188 393 267 440 102 407 182 454 601 341 609 350 950 392 1010 450 360 407 390 427 635 403 655 423 334 409 380 434
980 371 1162 468 311 413 357 439 13 407 119 464 621 402 647 427 102 408 182 454 360 407 390 427 188 392 266 440 950 392 1010 450 601 341 608 350 635 403 655 423
981 371 1162 467 307 413 357 440 13 407 119 463 621 402 647 426 102 408 181 454 360 407 390 427 188 391 266 440 950 392 1010 449 601 341 608 350
