

389 206 534 490 631 241 775 516 573 333 626 419 642 389 743 537 380 345 542 552 576 282 628 361
631 240 775 519 391 208 537 490 573 333 627 420 643 391 742 535 389 377 515 556 575 284 626 360
631 239 776 521 390 209 538 490 570 332 625 420 634 392 735 536 388 349 522 548 573 283 625 362
629 241 776 522 386 219 536 520 568 331 624 422 633 394 735 535 571 283 623 363 393 377 516 555
627 242 776 520 386 220 537 519 566 330 624 423 633 395 736 535 570 282 623 363
627 241 775 518 394 207 538 491 565 329 623 423 632 394 736 536 391 346 525 543 569 281 623 363
626 238 773 519 396 207 538 492 393 348 525 543 631 393 737 537 559 330 616 423 568 279 622 363
395 207 536 492 626 234 773 523 392 350 524 543 558 332 615 422 631 393 735 535 567 277 621 365
389 217 537 522 624 234 773 525 557 332 614 423 630 394 734 534 398 375 516 555 560 281 615 364
622 235 774 525 387 219 536 521 556 288 616 405 629 395 734 534 558 349 608 427 397 376 516 555
621 236 774 520 386 220 536 521 554 286 615 407 629 395 734 535 555 348 608 429 396 377 516 555
620 235 776 514 389 212 533 487 535 304 619 438 630 394 734 536 386 356 519 544 553 348 606 429 554 281 612 368
388 211 532 488 620 233 775 507 532 303 615 438 386 352 519 542 631 391 733 537 549 349 602 428 551 278 609 370
386 212 530 486 608 220 756 479 533 270 617 422 384 348 518 541 545 334 601 421 630 389 731 538
385 210 530 486 609 217 753 480 542 332 599 420 384 349 517 539 623 368 727 522 545 275 605 372
386 209 530 486 608 215 751 483 539 329 599 421 383 350 515 536 544 273 603 373 621 364 726 518
608 216 751 484 387 207 530 488 538 329 599 420 384 350 513 534 543 269 603 376 621 366 726 515
609 217 752 484 389 205 530 488 529 261 611 419 385 348 512 534 535 332 590 424 621 366 726 517
390 205 530 489 606 221 755 518 529 260 613 420 385 345 513 538 534 331 590 424 622 369 727 523
391 204 532 490 621 230 775 518 529 260 615 419 387 345 514 537 532 329 591 427 623 364 729 529
622 232 777 522 391 203 531 491 527 261 615 418 387 343 515 538 531 326 593 429 630 384 732 547
623 234 778 520 392 202 533 490 526 261 614 417 387 343 515 536 531 324 593 430 630 381 734 554
623 236 779 514 392 201 534 490 518 307 608 440 386 343 514 535 629 383 735 556
623 237 778 507 390 201 533 491 522 261 613 414 386 344 514 535 530 324 593 431
622 236 778 504 389 199 533 492 520 257 611 412 385 344 513 535 528 324 593 431
623 233 775 501 388 197 531 492 519 256 610 412 384 344 513 535 528 324 593 431
389 195 533 491 624 232 773 503 383 348 513 537 520 254 609 412 528 323 592 431
389 194 535 491 624 233 770 502 519 252 609 413 384 348 513 540 527 342 586 440
388 192 536 492 623 234 768 501 518 248 609 414 384 350 513 545 527 343 586 442
388 187 536 493 624 232 768 500 516 243 610 415 384 347 513 544 527 342 587 442
387 184 534 492 626 222 766 478 516 240 610 415 383 346 514 543 526 341 587 440
385 184 533 492 638 230 758 449 515 237 609 413 381 344 514 544 525 339 586 441
381 185 532 492 637 225 757 450 512 235 607 413 374 350 500 541 523 338 585 442
636 224 757 451 376 185 531 495 510 233 607 414 510 318 598 454 370 349 502 546 634 340 734 495
634 227 756 452 371 185 532 498 507 235 606 415 519 336 584 449 368 346 501 552 633 341 733 497
369 189 533 502 634 235 755 452 506 320 598 463 366 374 497 569 633 346 732 503
622 244 742 445 359 203 510 542 502 248 603 423 360 378 493 576 631 353 731 508 499 339 595 488
352 202 510 543 621 251 740 440 339 380 499 584 500 253 598 428 628 358 730 509 486 345 584 488
345 201 508 546 621 261 741 481 332 384 495 590 482 347 582 490 482 248 584 437
621 259 740 482 337 198 504 550 479 245 582 441 479 348 579 493 325 384 492 599
622 258 739 482 330 198 499 552 477 244 581 441 475 349 575 494 319 382 490 601
622 257 737 483 324 195 494 558 472 243 578 443 470 351 571 496 302 390 473 604
622 258 734 483 319 194 491 560 468 243 574 442 467 351 568 496 297 364 471 615 327 262 423 402
622 258 734 484 465 354 567 503 314 194 491 561 461 243 570 447 287 356 466 627 315 264 414 406
622 263 733 480 292 200 471 563 464 353 566 506 457 244 569 444 275 399 451 643 305 262 408 404
282 197 470 567 621 265 734 478 461 355 562 509 264 401 447 647 451 244 567 446
271 193 465 567 456 354 557 509 621 261 733 428 447 243 564 446 254 397 450 652 279 253 377 403
449 354 554 511 259 184 461 576 620 262 733 428 228 400 427 668 449 238 562 448 264 252 370 409
445 354 553 511 621 261 734 432 213 399 424 676 230 188 430 575 450 233 562 447 253 250 363 413
621 270 736 473 438 351 556 513 215 175 436 588 198 387 421 688 407 225 560 479
621 272 735 472 426 351 547 520 203 165 435 597 404 222 559 480 169 391 393 693
621 257 734 436 421 351 546 523 202 150 430 606 399 215 557 481 120 405 399 717
622 256 734 433 417 351 543 526 394 207 553 483 206 129 426 553 98 399 386 719 643 375 707 471
623 253 736 433 393 199 551 484 414 351 538 527 103 137 424 564 69 389 383 719
624 253 736 430 389 196 549 485 69 115 420 637 408 352 535 532
626 251 735 429 57 101 401 637 386 193 547 483 400 348 530 537
46 83 389 638 627 250 734 426 380 189 545 482 390 345 528 545
37 67 378 646 377 185 543 482 628 250 732 425 382 340 527 555
7 52 358 666 375 184 540 485 626 253 730 425 379 333 535 563 6 169 151 484
373 178 536 491 8 36 331 667 625 252 727 423 367 367 495 567
370 171 532 499 4 20 301 671 624 251 725 421 357 367 489 572
345 164 524 510 0 4 267 686 622 252 723 419 342 346 511 588
0 10 255 694 341 165 524 515 339 348 509 595 621 256 722 418
335 164 522 521 329 354 510 602 621 258 723 419 0 71 219 694
330 161 522 525 318 360 513 610 624 258 724 420 5 126 204 719
323 159 522 526 306 366 513 614 626 258 725 419 3 143 165 719 639 352 702 452
316 153 522 526 300 362 514 619 627 258 727 418
307 149 522 533 627 259 728 416 291 352 516 631
301 144 521 543 627 259 730 415 282 347 492 642
298 142 518 552 625 261 731 415 275 388 487 666 619 346 715 483
295 141 515 553 624 261 734 417 266 384 486 675 620 345 715 485
262 140 502 624 621 265 732 420 616 349 713 487
256 136 502 636 621 268 733 421 617 351 713 489 225 387 492 698
250 135 498 648 613 288 729 475 212 397 486 709
247 127 494 648 611 286 730 481 202 393 488 710
193 118 506 658 606 282 728 485
181 107 494 659 605 281 727 487
169 93 478 661 604 278 727 487
158 80 472 669 603 276 728 487
151 64 469 683 601 273 727 486
96 63 439 686 578 251 741 516
83 54 437 687 576 252 740 516
64 42 430 694 574 251 742 514
52 23 423 701 570 252 743 511 659 267 756 489
43 6 409 709 546 251 712 510 665 259 763 487
39 0 400 711 543 251 715 507 664 250 767 435
38 0 390 711 542 245 716 505 665 244 774 432
0 0 352 713 558 246 751 508 663 239 778 434
0 0 341 711 554 239 762 513
0 4 325 705 542 251 773 504
0 3 308 705 552 230 767 525
0 0 279 706 534 309 785 574 569 214 759 475
0 0 251 711 534 319 795 594 569 209 757 480
0 10 228 713 549 206 762 545 549 340 845 620
546 204 763 556 544 357 852 625 1 56 210 717
546 207 771 560 539 393 869 663 0 40 161 719
535 395 869 681 545 207 780 561 1 118 140 719
544 393 871 708 551 205 785 564
