


236 6 482 159
243 5 489 166
252 6 495 177
249 0 499 209
253 0 504 214

286 3 523 205

291 20 535 225
296 21 536 229
301 22 538 232
300 23 535 238
302 25 531 248
300 14 529 263

293 36 532 277
286 38 534 281
285 38 534 282
283 34 534 284













401 38 643 283
421 43 661 295
445 45 682 329
458 51 695 334
476 62 717 330
482 61 723 334
497 62 744 335
528 98 774 360
539 104 802 371
593 118 837 381 92 32 354 256
620 129 861 395 74 36 358 263
60 47 366 275
693 160 923 431 19 41 341 262
717 190 959 450 11 40 335 260
741 195 975 464 3 37 325 266
802 209 1012 470
816 231 1050 481
842 215 1075 482


961 242 1162 505
983 248 1164 501


58 188 357 402
58 191 360 404
56 190 366 412
60 220 386 425
68 224 405 422
78 229 423 419
90 236 441 420
98 245 455 424






172 310 535 488
177 309 536 488
183 305 534 490
189 295 530 489


199 284 531 493
203 284 530 496
206 282 534 498


















