

1059 198 1233 585 379 253 483 497 451 235 470 261 997 337 1082 373 1097 399 1234 594 1216 317 1275 386 910 268 923 292 798 305 853 400 911 277 926 304
1059 198 1233 586 379 254 482 499 451 235 470 261 1097 399 1234 594 910 268 923 292 995 336 1081 373 822 302 879 402
1058 198 1234 588 379 253 482 500 451 235 470 262 820 357 930 430 1098 399 1235 594 910 268 923 292
1058 198 1234 590 379 252 483 499 451 235 470 261 1098 399 1234 594 910 268 923 292
1057 199 1233 593 379 252 483 497 452 235 470 261 910 268 924 292 1099 400 1233 593
1057 199 1233 595 380 253 483 496 452 235 470 261 910 268 923 292 574 342 681 402 1099 401 1232 593 828 306 879 395 919 310 965 388
1057 200 1233 594 380 251 482 498 452 235 470 261 910 268 923 292 582 342 680 404 0 265 159 424 924 307 967 390 1099 402 1232 593
1057 200 1234 593 380 251 482 500 452 235 470 261 910 268 923 292 1098 401 1232 593
1056 200 1234 593 380 251 482 499 452 235 470 260 910 267 923 292 1098 401 1232 593
1055 199 1234 595 379 254 482 497 452 235 470 260 909 267 922 292 1099 401 1232 593
1057 197 1234 596 377 255 483 497 452 235 470 260 909 267 922 292 1100 402 1233 593
1058 197 1233 595 377 254 484 499 452 235 470 259 909 268 922 292 1101 402 1233 594
1058 197 1233 593 377 252 488 503 453 235 470 259 909 268 922 292 1102 402 1234 594 910 276 925 304
1057 198 1234 591 378 250 488 506 453 235 470 258 909 268 922 292 1102 402 1234 593 910 276 925 304
1056 197 1234 591 378 251 488 506 992 325 1085 380 453 235 470 258 909 268 922 292 798 342 891 401 1103 402 1235 593 911 277 926 304
1056 198 1235 590 379 250 485 508 973 325 1077 377 453 235 470 258 1102 400 1235 593 909 268 922 292 797 342 901 400 911 277 926 304
1057 196 1240 593 379 250 485 507 971 324 1074 376 452 235 470 258 1101 398 1236 594 909 269 922 292 911 277 926 303
1058 194 1245 595 380 249 485 506 969 323 1071 376 452 235 470 257 1100 396 1236 595 909 269 922 291 531 335 620 405 911 278 926 303
1058 192 1245 598 380 249 484 504 452 235 470 258 533 335 627 406 910 269 922 291 975 324 1065 375 1100 396 1236 595 911 278 925 303
1058 192 1239 599 381 249 483 504 452 235 470 258 909 269 922 292 1100 397 1236 595
1058 192 1235 599 380 252 473 428 452 236 470 259 909 269 922 292 1100 399 1236 595 901 323 1042 384
1059 192 1235 598 378 254 472 427 881 327 1018 375 453 236 470 259 909 269 921 292 1102 400 1235 595 606 336 701 402
1059 194 1236 596 376 256 472 425 869 326 1023 376 453 236 470 259 909 269 921 292 1102 400 1235 595 632 336 723 402
1058 196 1237 594 853 326 991 373 375 259 471 424 452 236 470 259 909 270 922 292 1101 399 1236 595
1057 196 1238 593 375 262 471 423 833 325 967 372 452 236 471 259 909 270 922 292 1100 398 1236 595
1056 196 1240 593 824 325 965 373 374 263 472 422 452 237 471 260 909 270 922 293 1100 398 1236 595 913 277 926 303
1055 196 1239 594 812 324 945 376 373 260 473 421 452 237 471 259 909 269 921 293 1101 398 1236 595 912 277 926 303
1055 197 1239 592 375 257 476 419 452 237 471 257 1101 398 1237 594 817 323 929 379 909 269 921 292 912 277 925 303
1054 196 1238 594 377 266 484 497 1101 399 1237 595 454 236 471 255 909 269 921 292 911 277 925 303
1055 196 1237 593 377 264 485 498 1101 398 1238 595 763 323 881 379 909 269 921 292 454 237 470 254 911 277 925 303
1056 195 1237 594 376 264 485 496 739 320 865 374 1101 399 1238 596 909 270 921 293 454 237 469 254 910 277 925 303
1057 196 1237 593 375 259 485 497 727 320 871 374 1101 399 1238 595 909 269 922 293 453 238 469 257 910 277 925 303
1057 196 1236 594 376 257 486 500 711 320 841 373 909 269 922 292 452 238 470 261 1101 400 1236 595 911 277 926 304
1056 196 1235 596 377 254 488 503 689 325 820 373 909 269 922 292 1101 401 1235 594 911 277 926 304
1056 196 1233 597 679 325 819 375 377 254 487 504 909 269 921 292 1102 402 1234 594 911 278 926 304
1055 196 1233 596 660 326 800 377 377 256 487 504 1101 402 1235 594 909 269 921 292 911 278 925 303
1054 196 1234 594 664 327 786 377 375 260 487 502 1101 401 1235 594 909 269 921 293 911 278 925 303 450 235 470 262
1054 197 1235 592 375 262 487 502 449 236 470 261 1099 401 1234 594 911 278 925 303 909 269 921 293
1055 198 1236 592 375 262 488 502 450 237 471 261 911 278 925 304 1098 401 1234 594 909 269 921 293
1056 197 1235 592 374 262 488 502 450 238 471 262 911 278 925 304 1098 400 1233 594 909 269 921 293
1056 197 1235 593 374 262 487 500 450 238 471 262 911 278 925 304 1097 400 1233 594 909 269 921 293
1056 197 1233 593 372 260 475 420 451 238 470 262 1097 399 1233 595 911 278 925 304 909 269 921 293
1056 198 1234 591 373 258 474 421 0 336 122 423 451 238 470 261 1097 399 1234 594 911 278 925 304 909 269 921 293 735 338 821 403
1056 198 1234 590 0 338 127 423 373 257 473 422 452 237 470 261 1097 398 1234 594 911 278 925 304 909 269 921 293
1057 198 1235 590 0 340 131 422 373 257 473 424 450 236 469 261 1097 397 1234 594 911 278 925 304 909 269 921 293 1082 283 1097 304
1059 197 1233 590 0 342 165 419 374 257 475 423 911 278 925 304 1097 398 1234 595 909 269 922 293 1082 283 1097 304 451 235 468 259
1059 198 1231 590 0 344 169 418 375 257 476 422 910 278 925 304 1097 398 1234 595 1082 283 1097 304 909 269 922 293
1059 198 1230 592 0 344 218 420 376 257 477 421 910 277 925 304 1097 399 1233 595 1082 282 1097 304 909 269 922 293
1059 198 1232 594 4 344 224 418 376 254 484 501 910 277 925 304 452 237 469 261 1097 400 1232 594 1082 282 1097 304 909 269 922 293
1058 198 1233 596 11 342 236 417 376 254 485 502 451 238 470 263 922 323 968 425 911 277 925 304 909 269 921 293
1057 198 1232 597 17 342 247 415 376 254 486 502 451 238 470 263 911 277 925 305 909 268 921 294
1057 197 1232 598 376 254 487 502 40 340 283 414 451 238 470 263 911 276 925 305 909 268 921 295
1055 196 1233 598 50 338 292 414 376 254 488 501 451 238 470 262 1098 402 1232 594
1054 196 1234 599 62 337 303 414 376 254 488 502 452 238 470 262 1099 403 1233 593
1053 197 1235 599 87 335 336 415 377 254 488 504 452 238 469 262
1053 197 1236 598 97 336 342 414 377 254 488 506 452 238 469 262
1055 197 1239 596 111 335 347 412 377 253 487 508 452 238 469 262
1056 197 1238 596 378 253 487 508 120 335 354 411 452 238 469 262 1098 401 1235 595
1057 196 1236 598 141 331 375 411 378 252 487 509 452 238 469 263 1099 401 1236 595 1222 313 1279 373
1057 197 1232 597 157 332 381 410 377 253 487 508 1220 316 1279 372 452 238 469 262 1099 402 1237 595
1057 196 1231 596 173 333 387 410 376 254 485 507 1218 318 1278 374 452 238 469 262 1098 401 1237 596
1057 196 1233 595 377 256 485 507 202 336 413 414 1216 320 1278 378 452 238 470 262 1098 400 1236 596
1056 195 1237 596 378 257 485 508 213 333 389 408 1216 320 1277 381 451 238 470 262 1097 399 1236 596
1055 194 1237 598 378 258 487 507 225 333 386 408 451 238 470 262 1217 320 1277 384 1097 399 1235 596
1055 194 1234 598 379 259 485 504 235 331 384 409 1219 319 1278 385 451 238 470 262 1098 400 1235 597
1056 193 1231 599 378 260 485 504 451 238 470 262 251 332 399 411 1218 318 1274 382 1099 400 1235 597
1056 192 1232 600 378 262 482 505 451 238 470 262 261 331 394 410 1099 400 1235 597 1216 316 1269 377
1056 193 1233 600 378 261 482 508 451 238 470 262 1099 400 1235 596 274 331 389 409 912 276 926 303
1055 193 1234 597 378 259 483 508 451 238 470 261 1099 399 1235 596 911 276 925 303 485 339 574 408
1054 194 1234 597 378 258 483 508 451 238 470 261 1098 399 1235 596 528 309 582 399 911 277 925 304
1053 193 1235 598 378 257 482 507 510 339 597 407 451 238 470 262 1098 398 1235 597 545 311 593 396 910 277 925 304
1052 195 1235 599 375 259 482 506 451 239 470 262 1098 399 1234 597 505 337 607 408 548 312 600 396 910 277 924 304
1053 196 1235 599 374 260 484 505 451 239 470 262 1098 399 1234 596 910 277 924 303
1053 197 1237 599 372 261 486 506 451 239 470 262 450 329 601 407 1097 399 1233 596 910 277 924 303
1053 195 1239 602 374 257 487 506 448 328 607 406 451 239 471 262 911 277 924 303 1098 399 1232 596
1052 194 1243 601 375 255 487 507 426 324 632 411 451 240 471 263 911 277 924 303 1098 399 1232 596
1053 194 1241 601 375 253 487 508 451 326 659 408 451 240 471 263 910 277 924 303 1098 398 1232 596
1056 194 1238 601 375 253 487 509 448 327 667 408 451 239 471 263 910 277 924 303 1098 399 1234 596
1058 193 1233 602 376 252 487 510 446 329 670 408 911 277 924 303 451 239 471 263 1098 400 1234 597
1056 194 1233 603 376 252 488 511 444 331 678 408 911 278 924 303 451 239 471 263 1099 401 1234 597
1055 195 1236 603 375 252 490 510 448 331 689 408 911 278 925 303 451 239 471 264 1099 401 1234 596
1053 197 1238 602 375 252 490 510 450 331 703 407 911 278 925 303 451 239 471 264 1099 401 1234 596
1054 197 1237 601 453 331 710 407 375 252 491 509 912 278 926 303 451 239 471 264 1098 402 1235 596
1055 197 1235 601 455 331 711 406 374 253 489 509 912 278 926 303 452 239 471 263 1099 403 1234 596
1056 196 1235 602 458 331 711 406 375 254 488 508 912 278 926 303 452 239 471 263 1100 403 1234 596
1056 195 1239 604 472 331 742 405 375 255 486 507 912 278 926 302 452 239 471 263
479 331 746 404 1056 194 1244 605 375 255 485 506 911 277 926 302 452 239 471 264 909 269 923 294
490 331 752 403 1056 194 1245 604 375 256 483 505 912 277 927 301 452 239 471 264 0 272 114 420
495 330 754 403 1055 195 1243 603 375 257 484 504 912 277 927 302 452 239 471 264
500 330 759 402 1054 196 1239 602 374 258 484 504 912 277 927 302 452 239 471 264 900 307 1089 425
502 330 760 403 1054 195 1239 602 374 259 484 504 912 278 927 302 452 239 471 264 1 270 142 421
511 330 791 406 1055 194 1239 603 374 260 483 503 452 239 471 264 913 278 927 303 3 268 150 424 1080 283 1096 304
513 329 798 407 1055 193 1240 604 374 260 483 503 4 266 158 428 452 239 471 263 914 278 927 305 845 324 946 385
517 329 803 407 1055 194 1239 604 374 260 483 502 837 323 947 387 5 265 167 428 453 239 471 263 914 278 927 306 918 309 1083 423 910 269 923 292
525 329 800 406 1055 195 1239 603 374 260 482 501 4 265 170 426 453 239 471 263 832 321 951 388 913 278 926 306
534 329 796 405 1056 196 1238 603 375 259 482 502 807 322 941 384 5 267 172 423 453 239 471 262 912 277 926 306
542 330 796 405 1056 196 1238 603 375 259 482 502 794 324 945 384 4 269 174 421 453 239 470 262 911 277 925 305 1080 284 1095 305
547 330 797 404 1055 195 1237 602 779 325 924 383 375 259 482 502 3 272 174 422 452 239 470 262 911 277 925 304 1080 284 1094 305
