

912 301 1084 412 505 315 635 424 709 333 804 401 482 331 517 374 722 284 732 302 607 319 652 388 622 341 649 393 451 262 464 291
917 300 1094 411 505 315 635 424 709 333 805 401 483 331 519 374 451 263 464 291 723 285 732 302 607 318 652 388 622 340 649 393
506 315 635 424 924 299 1107 411 710 333 806 401 484 332 519 373 450 264 463 291 724 284 734 302 622 341 649 393
506 314 634 423 710 332 808 401 929 298 1118 411 450 263 463 291 484 333 519 372 726 283 735 301 623 340 649 393
507 314 633 423 710 332 810 402 930 296 1128 412 449 263 462 290 623 340 648 393 485 334 518 370 727 284 737 302
946 294 1138 418 507 314 633 423 713 330 818 402 448 262 461 290 623 340 648 393 729 285 738 302
507 314 634 423 951 293 1147 419 712 329 820 403 448 262 460 289 623 340 648 393
712 329 821 403 506 315 635 422 959 292 1162 419 447 263 460 289
713 329 823 403 506 315 637 422 965 290 1176 419 447 263 459 288
714 329 823 403 506 316 637 422 446 263 458 288 731 285 740 303
714 329 824 403 506 316 637 421 984 286 1198 425 446 262 457 287
713 329 825 403 994 286 1212 425 505 316 636 421 444 261 456 287 463 339 503 372
713 329 826 403 505 315 636 420 1005 286 1228 426 442 261 454 287 463 339 501 372 736 282 747 304 623 341 646 394
714 329 827 403 504 314 635 420 1006 293 1244 434 440 261 452 286 736 283 747 304 624 341 646 394 462 339 499 371
714 330 828 403 1020 288 1268 438 504 315 635 420 440 261 451 285 737 282 748 303 461 339 499 371 624 341 646 394
715 331 829 403 1035 287 1273 441 504 315 635 420 738 282 748 303 460 339 497 371 389 351 419 372 440 259 450 283 433 257 446 284
716 331 829 403 1052 286 1278 444 504 315 635 420 431 255 445 283 738 281 749 302
717 331 830 404 1064 284 1279 448 503 315 636 420 431 253 445 283 739 280 749 302 463 345 497 381 383 351 416 373
718 331 830 404 1074 284 1279 450 508 311 632 423 429 252 443 283 739 281 750 302 462 345 495 381
720 331 831 405 507 311 631 424 1092 283 1279 455 427 253 442 282 462 346 496 381 740 281 750 303
722 332 832 406 506 311 632 424 1108 282 1279 457 425 254 439 281 461 346 498 382 742 281 751 303
724 332 834 407 503 314 634 423 1123 280 1276 458 459 346 504 383 743 281 752 303 422 255 437 280 0 555 1279 692
725 332 835 408 503 315 634 423 1131 281 1277 458 458 347 506 384 745 281 754 303 417 234 435 278 366 352 404 376 677 271 689 283 0 556 1279 693
724 332 836 409 503 315 634 424 1152 280 1276 461 746 281 755 303 414 234 432 278 457 348 506 385 363 353 401 377 0 554 1279 697
724 332 838 411 502 316 635 425 746 281 756 303 413 235 431 277 1164 289 1276 465 358 353 398 378 456 350 504 386 0 555 1279 700
724 332 840 413 502 318 635 426 412 235 430 276 353 353 396 380 747 281 757 303 455 351 504 387 0 559 1279 700
724 333 841 414 498 315 630 426 350 353 396 381 454 351 505 387 1136 253 1279 620 748 281 758 303 412 235 429 276 0 564 1279 698
724 333 842 415 498 316 629 427 405 231 424 275 748 281 758 303 0 564 1279 697 1069 256 1261 624
724 334 843 416 497 320 628 430 402 229 422 274 448 338 510 390 341 356 384 384 747 280 758 302 0 562 1279 697
734 333 846 421 497 319 627 430 401 229 420 273 334 355 385 385 1008 260 1196 620 446 339 508 391 748 280 759 302
732 333 847 421 498 319 626 430 330 355 384 386 399 228 418 272 445 340 508 391 966 265 1158 612
730 333 849 422 497 319 627 431 397 227 415 271 324 354 382 387 443 342 506 392 956 274 1149 604 644 322 653 338
729 333 850 422 394 226 413 269 438 340 504 394 324 353 380 387 644 321 653 338 874 277 1053 598
731 334 850 420 494 319 629 432 391 226 410 267 428 341 500 394 312 356 365 388 644 320 653 337 1096 332 1191 368 855 448 1064 615 839 285 1003 584 551 169 571 185
493 319 629 432 733 334 848 418 829 287 992 584 428 341 500 395 308 356 362 389 389 228 408 266 1100 332 1197 368 643 320 652 337 818 444 1019 610 549 167 571 182
727 334 829 414 428 341 500 396 302 355 359 389 793 294 947 578 547 164 572 179 642 319 651 337 815 445 996 605 387 228 406 265 1110 331 1215 370
427 342 499 396 297 354 357 390 1111 333 1222 370 774 299 938 576 380 222 401 266 546 160 572 176 727 333 823 414 641 319 650 337
425 343 498 397 738 301 895 564 378 224 400 266 1113 334 1229 369 288 356 340 392 641 319 650 338 547 157 573 173
490 321 628 431 423 344 498 397 724 420 893 572 282 354 339 393 376 224 397 264 641 320 650 338 548 151 572 170 716 315 832 529
490 321 626 433 421 345 498 397 699 306 828 534 549 150 572 169 369 205 392 258 276 353 336 392 641 320 650 338 701 423 899 558 1135 334 1250 368 2 253 168 414
491 320 624 434 420 345 497 398 750 334 856 420 365 204 389 258 545 147 572 166 264 350 346 398 0 253 158 418 668 319 777 527 679 416 831 556 640 321 649 339 1140 333 1251 368
740 335 858 423 491 320 623 435 417 344 496 399 651 311 770 528 542 143 572 163 361 204 386 258 257 351 345 398 0 240 128 428 664 420 776 551 640 319 650 338
732 336 860 424 492 321 621 434 414 344 495 399 541 141 571 159 249 353 325 400 360 203 384 257 658 420 758 547 629 312 730 524 0 246 124 427
725 336 862 425 410 345 493 400 492 319 614 433 541 138 570 156 240 353 322 402 613 315 718 524 353 199 378 254 718 260 740 277
723 336 864 425 407 346 492 401 351 198 375 253 493 317 606 431 542 135 570 152 224 355 302 404 718 259 742 275 574 309 667 490 1212 337 1270 364
722 336 865 425 215 355 298 407 404 347 491 402 562 309 654 490 348 196 372 252 718 258 744 274 1211 338 1273 366 572 405 670 536 542 131 570 149
723 336 866 425 403 347 491 403 206 355 297 407 346 196 368 251 524 313 622 467 551 346 649 509 543 125 571 144 718 258 744 273 1210 338 1275 366 643 323 651 338
724 337 867 425 522 315 619 469 191 353 282 409 389 344 487 403 343 195 364 249 541 121 571 141 719 258 744 273 1211 337 1279 367 643 322 651 337
725 337 867 425 509 317 607 464 388 345 487 405 537 117 571 137 339 197 360 247 181 353 279 407 608 350 637 377 512 401 592 503 721 257 745 272 690 259 706 272
725 336 867 426 383 345 488 408 159 353 262 410 535 113 571 134 607 350 636 378 497 319 602 456 329 192 355 245 508 403 588 503 722 257 745 272 691 259 706 271
725 336 868 426 381 345 487 409 485 314 577 479 152 353 256 409 606 350 636 379 491 404 566 500 328 192 354 243 532 110 570 131 722 257 745 271 692 259 708 271
725 336 868 426 379 345 481 409 474 316 570 471 604 350 637 380 127 358 243 418 322 179 347 236 480 406 535 493 109 279 122 306 530 106 569 128
726 336 868 425 379 346 473 409 317 176 343 236 601 349 637 380 440 324 609 435 100 359 219 420 471 404 530 491 105 278 118 305 641 323 649 337
728 336 868 425 452 403 511 488 439 324 608 431 312 174 338 234 599 349 637 380 367 348 458 407 71 357 206 424 641 323 649 337 78 188 140 207 444 321 519 470 531 90 570 113 102 277 115 303
729 335 867 425 365 347 456 409 598 349 637 381 440 322 608 425 438 322 512 466 445 401 503 485 65 353 200 425 311 173 335 230 640 322 648 336 531 87 571 109
729 334 868 426 598 349 637 380 483 317 608 425 427 325 501 462 363 345 451 409 432 400 486 480 299 164 328 230 640 321 648 335 695 249 717 265 732 249 757 268
727 332 869 426 417 325 491 457 598 349 637 380 423 388 482 469 294 162 323 227 360 344 448 407 640 320 648 334 733 247 759 267 695 248 717 264
725 331 870 427 1 354 128 436 410 326 485 456 599 349 636 379 640 318 649 334 417 388 475 466 282 138 317 224 695 246 718 263 504 64 561 90 345 346 427 402
724 330 870 427 0 351 116 438 412 390 465 466 409 325 483 454 599 349 636 377 343 347 426 402 640 318 648 334 696 245 719 261 501 59 563 85 274 129 310 224
724 329 869 427 407 389 460 464 393 322 479 452 342 346 426 405 600 349 635 376 269 131 305 220 640 317 648 334 0 351 108 439 696 244 720 260
724 328 869 428 401 387 455 462 264 134 300 215 392 322 476 449 600 349 636 376 339 345 427 408 640 317 648 333 499 42 559 70
725 328 869 428 600 349 636 377 264 135 292 206 334 343 428 412 404 326 467 429 395 386 450 459 496 36 559 63 640 316 648 332
726 328 870 427 600 350 636 377 392 394 438 459 329 341 431 415 384 321 467 447 640 317 649 332 261 136 287 202 1123 233 1278 630 495 31 562 59
727 327 871 427 389 392 437 458 601 350 636 376 326 339 435 417 381 320 463 447 641 316 649 332 243 111 280 203 706 237 730 252
727 327 871 427 385 390 435 457 238 109 274 199 323 337 439 420 379 318 461 446 602 350 635 375 641 316 650 332 54 260 68 292 1015 245 1198 610 704 236 732 250 495 12 564 41
719 326 874 421 379 315 459 444 321 333 441 423 382 387 434 455 971 246 1152 601 602 349 635 374 233 108 268 193 641 315 649 330 49 258 64 292
482 316 596 425 721 326 874 422 379 313 458 443 318 331 441 425 603 344 636 368 379 387 433 453 220 100 259 192 934 256 1101 590 640 315 649 329 46 256 62 293 709 234 735 247
723 326 875 422 300 335 413 418 603 343 637 369 378 312 457 443 211 74 251 184 929 248 1080 544 377 387 432 450 641 315 649 330 712 233 737 246
724 326 875 423 296 334 417 420 601 342 637 371 883 251 1036 542 377 311 456 444 375 389 431 449 195 73 237 180 642 315 650 330
724 325 874 423 293 332 419 423 190 72 232 175 601 341 638 372 843 252 992 537 381 316 447 434 375 389 430 448 834 397 1010 590 642 315 651 330
478 319 590 421 732 321 863 426 280 332 459 420 831 258 976 532 826 397 993 586 381 315 447 434 601 341 637 371 185 70 224 171 375 389 430 448 643 315 650 330
477 319 589 421 734 320 855 426 275 330 457 422 382 315 447 435 602 342 637 371 378 386 431 448 813 280 929 492 796 401 942 567 24 251 40 288 714 224 742 243
476 319 588 420 265 328 453 423 384 314 447 435 804 281 913 486 794 399 913 559 732 322 833 418 589 344 626 368 161 43 203 156 383 384 432 447 715 224 745 242 604 350 635 372
475 319 586 419 257 326 451 425 389 308 451 434 772 394 882 546 732 323 826 417 602 342 638 370 768 301 870 465 143 11 190 148 716 223 746 241 760 222 789 242
473 319 584 418 253 326 450 428 764 292 875 471 765 394 872 539 385 312 446 428 137 17 183 145 601 342 638 370
472 320 582 416 241 328 437 433 384 312 447 426 601 342 639 371 755 292 863 461 757 396 853 532 209 324 264 379 131 20 177 137 760 220 793 240
471 320 580 415 235 329 436 437 391 311 454 429 602 342 639 371 204 323 259 378 730 299 821 459 738 404 822 497
471 319 578 414 230 330 429 439 728 294 814 464 735 402 816 500 602 342 639 371 395 315 460 428 198 321 256 378 91 0 144 117
471 318 577 414 225 331 420 444 723 296 804 463 601 341 640 371 391 311 475 439 786 327 875 427 83 0 138 115 729 401 809 496
218 331 411 448 471 318 576 414 716 297 792 462 780 329 876 428 601 341 640 372 716 400 793 489 188 319 243 379 394 313 481 441 79 0 129 107
212 333 405 452 772 329 876 429 470 318 575 416 710 298 782 460 601 341 641 372 718 397 779 487 184 320 240 378 406 331 494 418
207 335 403 454 763 330 877 429 468 319 575 417 601 341 641 372 697 297 771 457 714 398 772 483 179 319 236 378 410 332 468 414
203 335 402 456 758 331 877 430 467 320 574 418 601 341 641 372 694 298 767 453 705 398 760 481 174 319 233 378 419 335 474 415 431 383 529 446
179 335 396 458 753 332 878 428 698 381 755 469 467 319 573 421 694 308 754 434 601 340 640 372 333 323 424 387
174 333 392 460 739 331 874 429 331 320 427 405 694 379 748 464 689 307 748 430 450 317 570 425 602 339 639 371 159 313 216 377 571 345 593 365
168 330 386 461 735 331 875 428 325 317 427 395 601 338 638 371 447 315 570 427 682 304 739 430 686 377 736 456 152 310 211 376 570 343 591 364
163 325 380 462 734 331 874 427 679 303 737 429 325 315 426 396 601 336 638 369 444 315 570 428 685 376 734 453 146 309 206 374 570 342 590 363
154 320 373 464 735 328 873 425 675 302 731 429 325 313 424 395 601 333 639 367 448 312 569 423 680 377 728 449 568 340 587 360
143 314 368 467 735 325 871 422 324 311 424 394 670 303 725 429 451 311 567 420 600 331 639 364 567 337 586 358
735 323 870 419 135 312 368 468 305 309 421 392 454 309 565 418 600 329 640 361 669 363 717 436 667 298 720 412 550 333 572 359 441 318 470 342 413 327 444 358
734 323 869 417 118 310 355 467 462 303 558 425 302 307 420 391 598 329 641 360 662 309 712 424 549 332 573 358 441 318 469 340
732 323 866 415 110 309 346 469 300 307 419 391 459 305 559 406 657 300 708 408 597 328 642 358 662 360 707 430 548 332 573 358 440 318 468 339
730 324 863 414 102 308 335 473 300 306 416 392 459 306 558 405 653 301 704 405 596 329 642 358 546 331 573 359 657 360 703 429 439 318 468 339
728 325 860 414 91 307 328 479 303 306 414 392 458 306 557 404 649 301 699 402 597 328 643 358 545 330 573 359 651 358 698 429 439 318 467 339 867 210 896 253
727 325 859 415 84 307 325 483 306 307 412 393 458 314 555 414 646 301 696 401 597 329 643 358 544 331 573 358 647 359 694 429 411 326 445 355
727 324 855 416 64 310 318 482 305 308 411 395 460 315 554 413 597 330 643 360 543 333 573 359 644 302 692 402 410 327 445 357
727 325 853 419 60 312 313 487 305 310 409 397 461 317 553 412 597 331 643 362 543 333 574 360 642 302 690 406 412 329 444 357
728 325 851 421 54 313 306 493 302 311 407 399 460 319 553 411 599 332 642 364 543 336 572 362 639 306 683 401 589 334 622 360 415 332 443 357 878 212 905 255
