

182 386 371 487 87 391 256 498 776 374 818 411 655 377 690 404 735 404 760 432 734 375 763 422 858 376 1036 451 567 380 600 401 511 378 528 413 711 380 729 395
171 387 366 491 75 391 252 501 776 374 821 410 864 371 1051 456 736 404 760 433 655 377 690 404 734 375 764 423 567 380 598 401 9 425 110 511 498 382 517 415 712 380 729 395
866 371 1060 457 161 386 361 493 64 392 258 504 737 404 761 433 778 374 822 410 655 377 690 403 735 374 764 422 566 379 597 400 498 382 516 415 8 424 104 513 712 380 729 395
36 392 229 511 870 371 1065 458 737 404 762 433 152 387 358 494 655 377 690 403 780 374 825 410 735 374 765 422 497 381 516 415 565 379 595 400 645 382 659 401 712 380 729 395
116 387 336 503 25 391 218 515 737 404 763 432 873 371 1063 459 654 376 690 403 735 373 767 422 782 373 827 411 497 381 514 414 364 398 399 441 564 379 594 399 645 382 659 402
114 388 332 505 15 390 210 516 737 404 763 432 875 369 1065 460 654 376 690 403 736 374 768 422 784 373 828 412 496 380 514 414 365 398 396 441 645 382 659 402 342 396 372 443 564 379 594 399
102 387 327 506 879 367 1065 462 738 403 764 432 4 390 178 517 654 376 689 403 736 373 768 422 784 371 830 412 493 381 512 413 645 382 659 402 563 379 593 399
92 388 323 506 1 390 167 519 880 365 1068 464 739 403 765 432 655 376 689 403 737 373 768 422 783 370 830 412 491 380 511 414 563 380 593 399 333 384 383 446
54 390 303 513 883 365 1069 464 0 397 155 524 739 403 766 433 737 373 768 422 655 376 689 402 783 368 831 412 489 380 509 414 562 380 593 399 331 383 381 446 712 380 730 395 990 362 1137 482
42 389 295 514 892 365 1120 471 739 403 766 433 737 372 769 423 655 376 688 402 0 394 139 527 792 368 840 414 562 379 593 399 488 380 508 412 477 384 497 416 712 380 730 395
29 389 289 516 900 366 1115 473 739 402 767 433 738 372 770 423 655 376 688 402 561 379 594 399 476 382 497 417 791 368 842 414 712 380 730 395 0 394 132 530
909 364 1118 476 6 388 262 523 740 402 768 434 474 381 494 417 738 372 770 424 654 375 688 402 560 379 594 399 788 365 845 414 1026 356 1189 490
0 388 254 534 916 362 1126 478 741 402 769 434 472 380 491 417 654 375 688 402 739 371 771 424 790 365 846 415 559 378 593 399 712 380 729 395
0 387 237 538 933 362 1174 486 741 402 770 435 468 380 488 416 654 375 688 402 740 371 771 425 791 364 848 415 557 378 591 399 712 380 729 394
0 387 225 542 940 363 1177 489 742 402 771 435 466 378 486 417 654 376 688 402 741 371 772 425 792 364 849 416 558 378 590 400 712 380 729 394
0 389 200 549 742 402 771 436 943 364 1192 493 653 375 688 403 741 370 772 426 794 363 853 417 464 376 483 416 556 377 590 399 712 380 730 394
0 390 184 551 973 363 1245 499 742 402 772 436 653 375 688 403 740 369 772 427 797 362 858 418 556 378 590 399 454 376 471 419 712 380 731 395 206 407 258 471
980 363 1254 504 2 393 166 553 742 402 772 436 451 375 471 422 653 375 687 403 739 366 776 431 800 361 862 419 553 378 590 400 711 379 732 395 181 406 234 475
980 366 1269 507 3 395 150 551 448 375 468 422 653 375 687 403 743 403 773 436 739 366 777 431 801 362 864 420 554 378 589 400 643 379 662 401 712 379 732 395 158 407 212 480
996 368 1279 514 444 375 465 422 652 375 687 402 744 403 773 437 740 366 778 431 804 363 875 422 6 394 118 556 643 379 663 401 554 378 589 399 711 379 733 394
1010 370 1279 521 652 375 687 402 745 403 773 437 805 362 877 422 440 375 462 420 740 365 778 431 643 379 664 401 712 379 733 395 553 378 589 399 0 395 82 561 206 408 256 473 235 408 284 468
1024 370 1278 529 651 375 687 403 805 361 878 423 741 366 778 432 746 402 773 437 439 376 460 419 643 379 665 402 712 379 733 395 0 396 70 564 553 378 589 399 1013 365 1123 418 427 375 449 424 89 411 183 492 234 408 286 469 205 408 256 474
1040 377 1278 553 806 361 882 423 651 375 686 403 742 365 778 433 746 403 773 438 424 372 446 426 644 379 666 402 712 379 733 395 1016 365 1130 419 182 408 234 479 440 379 459 418 229 408 281 470 553 378 588 400 376 381 391 417 207 409 260 474
1058 375 1276 556 807 365 887 425 651 376 687 404 742 367 778 435 746 402 773 439 421 374 442 426 1034 365 1150 420 643 380 665 402 712 380 734 396 183 410 235 480 542 379 582 402 373 382 389 418 207 410 260 474 155 410 209 485
808 367 894 427 651 376 687 403 747 402 773 440 1075 373 1275 559 742 367 778 435 1036 367 1156 422 420 379 440 425 643 381 664 402 712 381 734 397 541 380 581 403 184 412 237 479 135 409 188 489 12 432 111 511
1102 373 1279 568 808 369 899 429 651 377 686 403 747 402 773 440 742 368 779 436 1036 368 1163 424 643 381 664 402 399 377 419 429 183 413 238 479 711 381 735 398 540 380 580 403 424 384 442 423 10 428 108 514 132 410 186 492
810 368 901 429 1115 377 1279 567 652 376 686 403 742 368 779 436 747 403 773 441 396 375 417 431 1056 368 1178 423 643 380 665 402 711 381 735 398 540 380 579 403 426 385 444 423 179 409 231 478 12 423 106 516 355 382 369 417
1150 386 1276 571 816 366 915 432 742 367 779 436 652 376 684 402 1057 366 1183 425 643 379 668 402 747 403 773 441 711 380 734 397 540 380 579 402 396 379 414 427 351 383 366 417 426 384 443 422 13 419 105 516
817 364 919 434 742 367 778 437 643 378 668 401 653 376 684 401 1165 400 1277 572 747 402 773 441 1061 366 1187 426 711 379 735 397 539 380 579 403 12 419 108 516 368 367 399 444
819 362 923 434 742 365 778 437 1082 365 1205 426 1196 409 1279 572 643 378 669 401 653 376 683 401 538 379 580 403 747 402 773 441 710 378 735 396 10 421 107 516 363 367 392 444
822 361 925 435 742 364 778 436 1079 365 1214 427 643 378 668 401 536 378 580 403 653 376 683 401 710 378 735 396 746 402 773 441 10 421 107 517 1213 395 1278 578 343 375 376 450
825 361 931 436 742 363 778 437 1097 365 1235 428 642 377 671 401 534 376 579 403 747 402 773 442 710 378 734 396 4 417 63 524 340 371 371 452
742 362 778 437 827 361 936 437 1104 364 1236 431 642 376 672 401 532 376 576 402 747 402 773 442 710 378 734 395 398 386 418 420 6 416 62 524 315 372 351 456
835 358 949 441 743 362 778 438 1121 364 1255 433 641 376 674 401 532 375 575 402 310 368 348 458 747 402 773 442 711 378 733 395 11 424 110 513 1223 357 1279 423
837 360 953 441 1123 364 1258 434 743 361 778 438 641 376 674 402 531 375 574 402 747 402 773 442 710 378 733 395 293 369 330 460 11 425 101 513
839 360 961 443 1125 364 1267 435 743 361 778 438 641 376 675 403 530 375 574 403 748 403 773 443 710 378 733 396 288 367 325 461
841 360 967 443 1128 365 1272 436 743 360 778 438 641 375 674 402 527 374 571 402 750 399 780 441 711 378 733 396 770 358 814 401 262 368 304 462
850 359 982 447 1148 362 1279 438 744 360 778 438 641 374 674 403 526 374 570 403 750 399 780 441 711 378 733 396 258 369 300 462
849 358 990 447 1156 363 1279 438 744 360 778 438 641 373 675 403 524 374 569 402 750 399 780 442 237 368 279 467 711 378 733 395
853 357 996 447 639 374 675 404 744 361 778 439 523 375 568 403 750 399 780 442 1165 363 1279 440 710 378 733 395 236 374 275 462
637 373 676 404 872 358 1012 450 744 361 778 439 750 399 780 443 523 375 567 403 710 378 734 395 185 368 224 479 1174 387 1270 445
869 353 1020 458 637 374 676 404 772 354 822 411 345 397 370 437 750 399 780 443 743 362 779 439 710 378 734 395 524 376 567 403 162 366 202 484 697 380 713 394
871 360 1033 464 636 373 676 404 342 397 366 438 749 399 780 443 772 354 824 410 743 362 779 439 709 378 735 396 524 376 567 403 140 365 183 488 161 371 202 480 1198 389 1276 449 697 379 713 394
873 359 1051 466 634 374 676 404 750 399 780 444 773 355 826 410 743 361 779 440 513 373 561 404 710 378 735 396 137 370 179 483
876 356 1068 471 632 375 675 405 748 361 781 439 774 358 831 414 513 374 561 404 710 378 735 396 323 399 346 439
888 357 1094 475 630 376 674 405 776 357 834 414 748 360 781 440 319 397 344 442 512 375 558 404 712 378 735 397 38 361 111 516 969 318 983 339
890 356 1103 479 630 376 674 405 777 356 836 415 749 360 781 440 511 374 558 405 313 399 339 443 711 378 735 396 2 357 64 531
897 356 1120 484 628 376 673 406 748 360 781 439 777 356 839 416 509 373 557 405 712 378 735 396 2 361 66 528 985 317 999 341
902 356 1139 488 627 377 672 406 750 399 783 445 506 372 557 406 778 355 841 418 991 314 1005 341 712 378 736 396 742 359 781 441
921 355 1168 497 626 376 671 406 750 399 783 445 505 373 555 406 782 355 844 418 711 378 736 396
929 354 1179 499 625 376 671 405 748 359 782 439 781 354 846 419 505 373 555 405 710 377 736 397
938 355 1194 499 625 375 670 404 748 359 783 438 504 372 553 404 783 352 847 413 709 377 736 396
624 375 669 405 779 350 851 424 748 360 783 439 963 356 1230 505 502 372 552 405 694 380 711 398 711 377 735 397
968 358 1246 508 779 350 854 425 623 375 667 405 748 360 784 439 501 371 550 405 693 380 711 398 713 377 735 397 1037 309 1054 338
972 360 1262 511 780 351 857 424 748 359 785 438 622 374 665 405 693 380 711 398 499 370 549 404 713 378 734 397
970 353 1279 535 782 351 860 424 748 359 785 438 612 375 655 404 693 379 711 398 497 371 547 404 713 377 735 396 272 389 294 420
992 355 1279 544 784 351 863 424 747 359 786 438 611 375 658 405 750 399 783 446 693 379 711 397 713 377 736 396
1012 358 1279 556 786 351 866 425 610 375 657 406 747 359 786 438 750 400 784 448 693 379 711 398 713 376 737 397
787 351 868 425 1023 358 1279 560 611 375 656 407 748 358 787 437 750 400 784 448 693 380 711 398 713 377 737 397
788 351 872 425 1042 353 1271 546 610 376 655 407 748 358 788 437 750 401 785 448 692 380 711 398 486 370 538 406 714 377 737 396
789 349 875 426 1062 333 1273 612 608 375 655 407 748 357 787 437 751 401 785 449 484 369 539 408 692 380 711 398
795 348 883 427 606 375 654 406 749 356 787 437 751 400 785 449 1071 329 1278 616 482 367 538 408 691 379 711 398 349 378 365 418
795 346 886 428 1097 338 1279 610 605 375 654 406 749 356 787 438 751 400 785 449 691 379 711 397 131 405 188 482 346 378 363 418 222 399 245 432
795 345 889 428 604 375 652 406 750 356 788 438 752 400 785 449 1117 336 1278 613 691 379 711 396 343 379 361 419
795 343 894 430 603 375 650 405 753 400 785 448 751 357 787 438 478 366 531 408 1154 374 1275 578 691 378 710 397 70 407 158 487 567 378 595 402
796 343 900 430 754 401 785 448 603 375 648 405 752 356 787 438 474 365 530 408 81 406 142 488 1173 384 1275 584 567 376 596 403 691 378 709 397 328 377 344 420
798 343 904 430 1202 389 1279 584 754 401 785 448 753 356 787 437 604 374 645 404 472 365 528 407 714 368 743 393 326 377 341 420
800 343 907 431 754 401 786 448 753 356 788 437 603 373 643 404 686 369 711 392 470 365 526 407 714 367 743 393 323 378 338 420
804 342 910 432 754 400 787 448 753 356 788 437 685 368 711 392 601 373 641 404 714 366 744 393
811 339 918 437 756 401 788 448 754 357 789 437 554 368 643 407 685 368 711 392 714 366 745 394 305 376 323 424
811 340 921 437 756 402 789 449 753 357 790 438 553 368 641 408 4 421 65 513 684 369 711 392 714 366 746 395 302 377 320 425
812 340 926 436 757 402 790 450 754 358 792 438 552 368 639 409 297 378 315 425 685 370 711 392 715 366 746 395
815 340 932 436 754 357 794 439 757 402 791 451 551 368 636 410 685 370 710 392 295 379 313 425 515 372 541 403
817 339 938 437 758 402 791 451 754 356 795 440 551 367 634 410 685 369 710 392 727 363 761 395 513 372 541 403
817 340 944 439 758 402 792 450 755 356 796 441 551 367 633 411 277 377 295 428 727 364 761 396 511 372 540 404 686 370 711 392 246 382 265 424
828 338 952 441 759 402 793 450 756 356 796 441 541 367 631 410 272 377 290 428 728 364 762 396 686 369 711 392
826 340 961 443 760 402 795 450 452 359 509 413 758 357 797 440 540 369 630 411 728 365 763 397 270 380 288 427 252 379 270 427
827 334 965 454 760 402 797 450 759 357 798 440 449 358 507 413 539 369 629 411 729 364 764 397 223 382 242 424 254 378 272 428 685 370 710 393
829 334 970 456 539 371 627 413 762 402 798 451 447 357 506 414 760 357 799 441 250 377 269 430 729 364 764 398 685 370 710 392 221 381 240 427
832 335 978 457 444 358 504 414 764 402 799 452 539 371 625 414 761 357 801 443 245 379 264 430 223 379 242 430 688 377 709 396
834 333 987 458 440 357 502 414 765 403 800 453 761 357 803 444 539 371 624 414 225 377 244 431 576 377 621 409 202 383 221 426 687 377 709 397 731 373 763 402
833 332 997 459 762 356 804 445 438 357 501 414 226 376 246 432 766 402 800 453 518 379 542 411 538 371 623 414 198 382 217 427 575 377 620 409 732 372 764 403 686 376 708 397
832 331 1005 460 435 359 495 413 762 356 805 446 223 376 242 432 516 379 541 411 767 402 800 453 536 371 621 414 732 372 764 404 686 376 708 397 576 378 618 408
829 331 1013 461 434 359 493 412 763 356 806 446 732 371 765 405 534 371 619 415 219 379 238 431 687 376 708 397 178 383 197 428 804 335 893 422
858 332 1025 464 432 358 492 413 732 371 766 407 533 372 619 416 806 335 896 425 687 377 708 397
862 332 1034 466 431 358 491 414 732 370 767 407 532 372 619 416 807 334 899 426 202 381 223 443 775 397 808 452 688 377 709 396 528 382 569 418
866 331 1045 467 424 354 497 418 733 370 768 407 806 333 902 426 530 372 619 416 776 398 810 452 198 379 219 444
870 330 1058 470 429 356 490 415 734 369 770 406 530 372 619 415 790 326 923 445 778 399 812 452 690 377 711 397 526 383 569 419
874 328 1069 472 428 356 489 415 736 369 772 406 777 353 821 442 793 326 924 444 529 371 618 415 779 401 815 452 690 377 711 398
874 329 1079 473 427 355 487 416 779 352 823 442 820 328 920 445 781 402 818 453 736 369 771 405 529 371 619 414 689 377 711 397
888 327 1100 480 425 355 486 416 823 328 923 445 783 401 820 454 528 372 620 415 781 352 824 443 735 368 771 405 689 377 711 397
895 327 1112 482 420 353 492 420 806 328 934 445 528 373 620 416 785 401 823 455 783 353 825 445 689 377 712 397
902 325 1128 485 419 353 491 420 530 374 620 418 806 330 939 447 785 385 828 457 691 377 712 397 718 376 737 398 753 371 784 407
906 330 1145 494 417 353 490 420 786 356 831 446 532 374 620 418 691 378 713 398 753 370 787 408 840 336 944 446 718 376 738 398 146 380 168 450
915 323 1168 503 416 353 490 420 532 374 619 419 786 355 833 446 692 379 713 398 841 335 952 460 753 369 788 409 718 376 738 398
923 322 1183 506 414 353 488 421 533 375 619 419 692 379 713 398 753 369 790 410 791 385 838 459 839 332 969 459 718 376 738 398
912 333 1213 506 412 353 487 421 794 384 838 459 531 374 619 420 753 369 791 410 694 378 714 397 845 332 976 460 718 376 738 398
916 331 1231 506 411 353 486 421 795 357 840 443 753 370 792 410 694 378 715 397 532 374 620 420 800 413 837 464 851 330 982 461 718 377 737 398 733 374 757 404
