

400 107 620 299 699 130 808 352 356 112 457 199 680 144 736 205 605 135 660 202
399 106 625 303 702 130 813 347 357 114 456 197 931 180 956 229 606 133 662 205 681 144 737 205
399 105 628 303 706 131 817 339 358 114 456 196 934 181 961 230 974 189 1020 268
401 103 629 300 710 130 822 334 359 111 457 194 1000 191 1041 266 691 143 748 207 973 189 1021 270
405 99 626 294 714 126 826 336 362 110 457 190 999 190 1044 268 615 125 675 187 953 179 982 225 694 140 752 205
406 93 625 287 716 124 828 341 617 123 677 185 955 176 987 225 365 112 454 185
404 85 629 282 720 119 832 346 620 119 681 182
402 80 635 280 723 119 834 347 624 115 685 180 703 125 763 185 313 27 519 145
400 79 640 281 728 119 835 347 979 170 1011 223 627 114 686 180 706 123 763 186
402 82 640 282 740 111 841 348 984 172 1014 226 629 116 688 182 1175 203 1211 283 713 125 771 188 1008 178 1035 233
402 84 642 282 740 111 843 349 1181 204 1214 287 987 176 1015 229 1005 174 1031 235 630 119 689 185
403 85 643 284 740 112 847 345 1003 175 1030 236 851 166 931 222 1035 192 1059 247 1198 207 1231 293 631 120 688 185
402 85 645 285 742 112 850 346 856 168 936 223 1007 178 1033 235
400 83 648 286 745 110 855 345 861 169 942 223 1008 188 1036 244 209 347 1053 711
379 75 666 290 748 108 857 344 217 351 1048 712 644 120 699 180 722 128 783 189
375 74 670 288 750 105 860 342 723 127 785 190 219 353 1053 707 645 116 700 180
372 75 672 287 753 105 862 341 724 127 786 190 644 117 699 181 877 168 965 224 1153 212 1198 329
370 76 671 294 755 104 865 344 881 170 972 228 643 121 698 182 725 129 787 189 1166 214 1212 331
369 81 670 299 757 107 870 343 885 173 975 232 642 124 698 183 1171 217 1217 332 1033 184 1071 258
367 84 674 299 759 111 873 341 895 171 987 235 643 124 699 184 1170 219 1221 328
364 83 677 297 760 109 869 284 897 169 993 232 762 211 866 355 643 120 699 182
365 75 680 294 761 103 872 281 643 114 698 180 899 165 1001 226 759 207 865 346 725 120 787 189 1056 166 1095 244
368 66 676 297 760 100 873 277 723 112 795 185 1060 161 1098 240 757 209 864 343 902 162 1003 223 644 108 697 177 1175 192 1214 310 1252 206 1278 343
369 64 667 302 760 99 873 280 723 113 793 185 1070 159 1109 239 755 206 866 347 1177 198 1219 297
365 74 658 309 759 102 871 282 756 205 869 358 723 118 785 190 1075 163 1116 242
758 120 875 348 357 84 657 315
357 111 654 350 758 131 874 346 756 237 869 408 355 10 557 146
356 127 652 371 752 177 874 392 355 12 560 158 1096 206 1133 295
355 146 649 383 750 173 871 391 707 192 787 261 1097 214 1137 300 757 281 862 447 922 235 1032 300
355 155 642 392 750 177 868 387 704 195 786 265 620 192 677 252 939 236 1048 305 1100 227 1144 308 757 282 863 445
353 152 644 391 750 172 868 388 703 188 784 259 936 233 1056 301 1106 211 1147 295
342 142 632 396 753 161 863 324 752 259 866 426 700 179 782 255 1121 203 1161 297 944 213 1050 291
340 148 632 404 751 163 870 398 700 181 782 258
340 160 631 415 752 170 870 395 759 293 865 449 1150 205 1186 299 562 445 962 717
338 173 632 423 752 178 871 389 758 298 867 452 698 200 783 282 994 206 1038 299
333 181 634 424 750 183 870 380 698 205 782 284 997 209 1044 299 756 301 868 454
329 172 632 420 751 179 872 381 760 295 872 452
323 157 632 410 750 182 873 384
316 140 631 401 746 135 873 351 756 242 879 411 685 161 773 241 600 161 655 235 994 189 1151 297
313 146 634 403 748 140 875 346 741 247 889 419 684 161 773 240 598 166 655 235
313 159 636 410 744 257 891 428 755 154 877 336 685 185 772 262 600 180 654 264
317 173 639 417 686 188 778 271 756 166 883 399 750 286 891 443 601 190 657 262
316 173 641 418 687 191 779 272 758 167 886 398 752 285 894 444 601 192 658 261
312 165 640 419 685 186 780 267 749 262 899 434 602 187 657 256 763 161 885 333
306 157 637 422 682 179 780 263 750 259 900 434 761 154 887 340 600 183 655 252
299 152 634 423 679 176 778 263 749 258 901 435 759 150 889 346 596 177 652 237
293 157 633 426 677 180 776 269 747 261 901 436 760 153 889 340 1123 235 1275 363 597 184 650 253 887 202 925 246
287 165 631 427 674 186 774 273 743 265 903 436 760 156 890 339 596 190 649 257 1134 240 1277 365
282 171 628 429 671 190 773 276 746 153 897 418 585 189 637 260 764 278 887 455 841 176 869 223
277 172 628 429 669 188 772 276 745 151 898 416 584 190 637 259 842 176 869 220 763 279 887 454
273 168 631 427 668 183 772 273 744 147 897 415 583 186 636 256
270 159 631 424 668 174 770 270 742 261 903 439 756 144 883 354 581 182 635 254
271 150 626 423 667 169 769 266 742 257 904 437 754 138 882 361 577 175 636 234
269 145 622 426 666 165 768 266 746 257 904 436 754 133 882 366 577 173 635 232 346 93 365 119
266 145 621 428 744 135 897 406 667 167 771 265 576 173 634 232 765 263 917 429 346 92 365 119
261 147 621 431 748 137 898 406 667 171 773 265 754 283 907 444 577 174 635 230 345 91 364 120
256 149 624 435 754 140 899 408 667 176 777 267 756 284 908 447 578 176 635 231 344 91 364 120
253 151 628 441 668 180 779 271 759 144 900 413 770 293 916 454 579 178 636 232
251 154 630 445 761 151 901 419 667 186 782 274 768 296 921 464 583 188 657 254
770 158 914 423 252 158 629 447 668 193 782 290 767 300 927 474 583 188 638 258
771 164 916 424 250 176 623 462 667 196 783 291 764 300 931 479 583 190 638 257
771 165 918 424 251 161 627 445 668 196 785 291 763 301 934 478 585 190 638 254
247 157 628 444 771 161 921 424 668 191 788 291 762 299 938 475 940 215 1049 291 585 187 636 251
248 155 627 442 774 158 925 426 665 190 794 290 763 299 944 476 592 186 651 249
249 153 630 444 776 160 931 425 662 193 798 289 763 301 953 477 589 189 662 251
251 156 634 442 780 164 937 425 682 198 806 291 764 306 960 476 592 192 666 255 984 231 1098 316
249 156 640 444 781 168 942 424 683 202 810 291 595 197 670 256 765 309 964 473 975 223 1119 333
245 154 643 443 785 168 945 425 683 205 812 292 597 198 672 255 986 229 1132 336 768 314 963 468
241 150 643 446 788 167 950 427 681 205 815 292 598 198 673 255
240 146 639 447 792 166 952 427 679 204 818 292 598 197 673 254 1023 237 1172 348
240 145 637 447 792 166 956 425 680 191 835 299 598 197 673 254 1031 238 1184 355
238 143 635 448 795 168 958 422 682 189 841 299 598 197 674 253 811 343 981 505
236 144 635 449 796 169 961 420 682 188 846 298 598 196 689 257 807 339 989 508 1074 257 1237 380
235 141 634 454 809 167 972 423 804 338 997 515 682 191 851 298 598 196 690 256 1089 260 1244 381
234 139 635 457 809 170 974 424 803 340 1004 520 685 195 851 300 599 196 691 258 1096 263 1246 384
231 139 633 463 810 185 981 469 691 200 854 304 600 198 692 260 804 347 1006 523 1126 267 1266 396
228 138 631 468 811 193 982 472 694 216 852 317 601 211 699 281 808 356 1004 523
224 164 631 485 812 200 983 475 695 218 856 321 601 215 700 282 809 363 1005 522
219 166 631 486 812 202 982 474 694 219 857 324 601 218 699 283 813 366 1008 523
812 200 981 477 213 160 625 490 694 220 853 324 598 214 701 285 825 387 1008 552
810 194 979 481 205 126 619 482 592 210 703 288 692 220 847 325 828 384 1004 556
196 117 612 488 791 183 969 482 587 205 704 289 690 217 841 324 825 383 996 557
190 116 611 486 788 175 965 480 579 205 691 285 688 214 836 322 814 361 994 525
186 112 609 479 783 161 959 431 691 189 843 306 576 186 686 266 810 356 989 513
171 113 587 473 778 154 953 430 569 178 688 264 692 184 837 299 768 341 982 498
158 114 581 465 773 147 948 432 565 172 689 261 691 178 833 293 752 322 980 468
142 112 574 462 769 143 944 436 563 171 688 261 685 176 826 292 764 343 977 492 1026 231 1179 364
123 113 557 466 760 136 939 443 764 347 966 490 550 174 666 260 678 172 823 292 1031 227 1190 366
107 112 542 473 730 137 921 443 545 174 660 261 765 350 955 489 661 178 800 289 1037 226 1198 368
92 113 532 478 726 133 912 444 539 174 655 262 659 176 797 286 763 349 946 491 1037 224 1205 369
86 111 528 478 721 129 909 446 533 171 657 262 657 173 794 284 762 349 941 492 1059 223 1231 375
81 110 525 475 714 124 905 447 528 166 643 246 657 167 790 283 1064 222 1246 375 759 332 930 466
79 109 522 473 708 121 902 446 529 162 660 247 670 164 771 288 1070 224 1254 374 720 323 920 464
703 122 899 443 68 110 505 471 527 162 644 247 721 322 918 467
699 128 897 442 63 114 506 470 529 170 644 260 727 352 920 488
698 135 896 440 45 94 517 501 528 170 664 266 725 354 915 490
44 110 517 547 698 140 894 440 530 174 665 267 722 355 910 494 667 174 767 306
38 111 521 548 697 142 893 439 533 179 666 267 721 353 907 497
