

525 293 1006 599 318 306 406 400 431 304 518 404 2 320 39 421 162 305 206 391
526 293 1008 601 318 306 406 400 431 305 518 404 2 320 39 421 162 306 205 390
529 293 1008 601 318 306 406 400 431 305 519 404 162 306 205 390 2 321 39 421
529 292 1008 601 318 306 406 400 431 305 519 404 162 305 205 390 2 321 40 421
529 292 1010 602 318 306 406 400 431 304 519 404 162 305 205 390 2 321 40 421
529 292 1012 602 318 306 406 401 431 304 519 405 162 306 205 390 2 320 40 421
529 292 1013 602 318 306 406 401 431 304 519 405 162 306 205 390
529 294 1015 602 318 306 406 401 432 304 519 405 162 306 205 390
530 294 1016 600 318 306 406 401 432 304 519 405 162 306 205 391
532 294 1016 601 317 306 406 401 432 304 519 405 162 306 205 391
535 293 1016 600 317 306 406 401 431 305 519 405 163 306 205 391
537 294 1017 599 318 306 405 400 431 304 518 405 162 305 206 392
539 295 1018 597 318 306 405 399 431 304 518 405 162 305 206 392
538 297 1020 597 319 306 404 399 432 304 518 405 161 304 206 391 206 311 255 390
538 298 1021 599 319 306 404 399 432 304 517 405 161 304 206 391 206 311 254 390
537 298 1023 600 318 306 403 399 432 305 517 405 161 304 206 391 206 311 254 390
535 297 1026 599 318 306 403 399 432 305 517 405 162 304 206 391 206 311 254 390
544 298 1044 605 318 306 403 399 432 305 517 405 162 305 205 391 206 311 254 390
545 298 1045 605 318 306 403 399 432 304 517 405 162 305 205 391 207 311 254 390
546 298 1045 605 318 306 403 399 432 304 517 405 162 305 205 391
544 297 1048 606 318 306 403 399 431 304 517 405 162 305 205 391
543 298 1054 606 318 307 404 400 431 305 517 405 162 305 205 391
541 299 1058 607 318 306 403 400 431 305 516 404 162 305 205 391
541 299 1063 606 318 306 403 401 430 306 516 404 163 305 205 391
540 299 1069 606 318 306 403 401 163 305 205 391 430 306 516 404
543 300 1073 606 318 305 403 401 163 305 205 391 431 306 516 405 207 313 253 391
543 302 1077 606 318 305 403 400 163 305 205 391 431 305 517 405 207 313 253 391
546 303 1081 607 318 305 403 400 163 305 205 391 431 306 517 404 207 313 253 391 256 315 300 386
545 304 1087 608 318 306 403 400 163 305 205 391 431 306 517 404 206 313 253 391 256 316 300 387
548 304 1091 609 318 306 403 401 431 306 517 404 164 305 204 391 206 313 253 391
551 305 1091 609 317 306 403 401 431 306 517 404 164 305 204 391 206 312 253 390 255 316 300 387
554 305 1093 610 317 306 403 400 431 307 517 404 164 306 204 391 255 316 300 387
555 306 1096 611 317 306 403 400 431 306 517 405 164 305 204 391 256 316 300 387
554 307 1101 611 318 306 403 400 431 306 517 405 164 305 204 391 206 313 253 391 256 316 300 387
555 308 1101 613 318 306 403 400 431 306 517 404 163 305 205 391 206 313 253 391 256 316 300 387
556 307 1104 612 318 306 403 400 431 306 517 404 164 305 205 391 206 313 253 391 256 315 300 388
556 307 1109 613 318 306 404 401 431 306 517 404 164 304 205 391 206 312 253 391
555 306 1115 614 318 306 403 402 432 305 518 405 164 304 205 392 206 313 253 391
555 308 1119 616 317 306 403 402 432 305 518 405 165 304 205 392
555 310 1122 615 317 305 403 402 432 306 518 405 165 304 205 391
555 310 1130 615 318 305 403 402 432 306 518 404 165 305 205 391
556 310 1135 615 318 306 403 402 432 306 518 404 165 305 205 391
555 308 1142 616 318 306 403 402 432 306 518 404 2 319 40 420 164 305 205 391
555 307 1146 616 318 306 403 402 432 305 518 404 1 320 41 420 164 305 205 391
551 306 1154 614 317 306 403 402 432 304 518 404 1 320 41 420 164 305 206 391
550 306 1162 614 317 306 403 402 433 305 518 405 1 320 41 420 164 305 205 391 255 315 299 387
545 307 1174 613 318 306 404 402 432 304 518 405 1 320 41 420 164 305 205 391 256 315 299 387
542 306 1186 613 318 306 404 402 432 305 518 404 1 321 41 420 164 306 205 391
540 306 1195 613 318 307 404 401 432 306 517 404 1 322 41 419 164 306 205 391
540 306 1201 614 318 307 404 401 432 306 517 403 2 323 41 419 164 306 205 391
539 306 1205 614 318 307 405 401 432 306 516 403 2 322 41 419 164 306 205 391
537 306 1211 613 318 307 405 401 432 306 516 403 2 322 41 419 164 306 205 391
536 305 1213 614 318 307 405 401 432 305 516 404 2 322 40 419 163 306 205 391
534 304 1217 614 318 307 405 401 431 305 516 404 163 306 205 391
531 304 1222 614 318 307 405 401 431 305 516 404 163 306 205 391
527 303 1228 612 317 307 405 401 431 306 516 403 164 307 205 391
523 303 1231 612 317 307 405 401 431 306 516 403 164 307 205 391
521 304 1234 613 317 307 405 401 431 306 517 403 1 322 41 419 164 307 205 391
520 304 1235 614 318 307 405 401 431 306 517 404 1 322 41 419 164 307 205 392
525 313 1268 614 318 308 405 400 430 308 517 403 1 322 41 419 164 307 204 392
524 313 1272 614 317 310 404 400 430 310 516 402 164 307 204 392 1 321 41 419
524 313 1274 613 316 322 403 402 432 318 517 407 164 307 205 392 1 321 40 420
523 313 1276 612 316 322 403 402 163 307 205 392 432 319 518 407 1 321 40 420
525 312 1274 611 315 322 404 403 433 317 517 409 162 307 205 393 1 319 40 421
524 313 1276 610 314 322 404 403 433 316 516 410 162 308 205 394 203 314 253 391
525 313 1273 610 314 321 404 404 434 316 516 411 162 310 205 394 203 315 253 392 254 319 299 389
523 314 1273 610 314 321 404 405 435 317 516 411 1 320 40 422 162 311 205 395 203 315 253 392 254 319 298 390
523 315 1273 610 435 318 517 411 315 321 404 406 1 322 41 421 162 312 205 396 255 319 299 391
523 316 1272 610 435 319 518 411 316 322 404 407 1 324 41 421 164 313 205 397
522 318 1275 611 434 320 518 412 1 324 41 422 316 322 405 407
522 319 1275 611 1 323 41 423 316 322 405 408 434 321 518 411
522 319 1274 610 316 322 405 408 434 320 518 412 1 321 40 423
524 319 1272 609 433 319 520 411 315 321 404 407 1 320 40 422 254 318 300 393
526 319 1270 609 435 319 520 411 315 320 403 407 1 321 41 421 254 318 299 393 205 317 254 392 163 311 206 396
525 318 1272 609 315 320 402 406 1 322 42 420 437 320 520 410 253 318 299 392 205 316 255 391 162 310 206 395
525 318 1272 609 315 320 404 406 436 320 519 410 1 322 41 421 254 318 298 392 205 316 255 391 162 311 206 395
525 318 1272 610 316 320 404 407 434 320 519 411 1 322 40 422 254 318 299 392 205 316 255 391 163 312 206 397
526 318 1272 611 316 320 405 408 434 319 518 412 1 321 40 422 254 318 299 393
524 317 1273 611 316 321 405 408 435 320 518 412 1 321 39 422 254 319 299 394
525 318 1273 610 316 320 406 408 435 320 519 411 1 321 39 422 254 318 299 393
526 319 1271 609 434 319 520 411 316 320 406 408 1 321 40 422 255 319 299 392
527 319 1271 608 434 318 521 411 315 320 407 407 256 319 299 392
526 319 1271 608 434 319 520 411 315 320 407 407
525 318 1271 608 434 319 520 411 315 321 407 406 1 322 41 422
525 317 1271 609 434 320 521 411 315 322 407 406 1 323 41 422
525 316 1270 610 434 320 522 411 315 322 407 406 1 323 41 421
527 316 1269 610 434 320 522 411 314 322 407 406 1 324 41 421
528 316 1268 610 433 320 522 410 314 322 408 406 1 323 41 422
528 317 1267 609 433 320 522 410 314 322 407 406 1 322 40 422
528 317 1267 609 433 320 522 410 314 322 407 406 1 321 41 422
527 317 1268 609 434 320 522 410 314 322 407 406 1 322 41 421 163 313 204 397
528 317 1267 609 434 320 522 411 314 322 407 406 1 322 41 421
528 317 1267 609 434 319 522 411 314 322 407 406 1 322 40 421 256 320 299 392
529 317 1266 609 434 319 522 411 314 321 406 406 1 322 40 421 256 320 299 391
528 317 1267 609 434 319 522 411 315 321 406 406 1 322 40 421 256 320 299 391
528 317 1267 609 435 319 522 411 315 321 406 406 1 322 40 421
528 317 1267 609 435 319 521 411 2 321 40 421 315 321 406 406
529 317 1266 609 435 319 521 411 2 321 40 421 315 321 406 406 163 312 204 397
