

433 366 541 424 595 309 738 455 68 352 191 425 930 361 969 438 166 356 303 429 789 357 821 388 819 327 928 404 952 392 1033 459 721 348 769 410 982 351 1013 399
48 351 174 428 432 367 540 424 595 309 738 452 931 362 971 438 981 350 1014 399 789 358 821 388 165 358 299 431 721 348 769 410 952 392 1032 458 821 328 926 404
430 367 539 424 932 363 972 438 596 307 738 453 38 354 176 427 982 350 1016 401 789 358 821 388 147 355 277 432 263 357 348 420 721 348 768 410 822 329 926 405 972 388 1029 459
430 367 539 424 16 352 156 428 933 364 972 438 596 305 740 455 143 353 272 434 982 350 1017 401 261 359 345 420 789 357 822 388 972 388 1027 459
11 352 152 430 428 368 538 424 597 304 741 457 934 365 972 437 982 350 1018 402 789 357 822 388 720 346 767 409 971 389 1027 459
427 367 538 426 84 347 271 450 596 305 741 457 3 352 128 434 935 366 973 437 980 351 1018 403 788 356 823 388 720 346 767 410 970 389 1026 457 543 359 573 380
425 367 539 426 4 350 124 437 76 343 262 453 239 350 324 425 936 366 974 437 595 306 741 454 979 351 1017 404 720 346 768 410 788 356 823 387 968 390 1025 456 542 358 574 381
422 365 540 427 2 351 116 436 66 340 255 455 937 366 974 437 235 351 319 425 594 307 740 452 979 351 1016 404 541 358 576 382 967 390 1023 455 788 357 822 387
421 364 540 427 33 344 238 454 1 350 110 437 938 366 973 437 979 351 1015 406 540 358 577 383 966 391 1022 455 788 357 820 386 604 409 708 493
418 364 540 427 36 344 230 456 0 350 89 441 217 353 308 425 940 365 972 437 979 351 1013 405 966 390 1020 454 541 358 577 382 604 408 708 494 799 358 834 385
418 364 539 427 33 342 222 460 210 350 305 426 596 309 740 449 0 351 83 444 965 389 1019 454 941 364 971 437 979 351 1012 405 604 408 708 495 801 358 834 384 541 358 576 380
417 364 538 427 21 337 211 461 203 346 300 428 971 349 1016 441 598 308 741 447 801 358 833 384 605 408 705 495 541 359 575 380 941 362 972 435
416 363 538 427 969 349 1014 441 599 307 742 443 541 358 575 379 802 357 832 384
178 345 285 431 414 362 537 428 0 333 183 465 599 306 742 444 966 348 1012 442 541 359 573 379 801 357 832 384
412 362 537 429 597 305 742 448 0 332 178 467 965 348 1011 442 802 357 833 384 541 358 573 378
412 361 535 431 0 328 166 472 604 304 733 468 954 353 996 439 804 356 834 384 542 359 573 378
411 361 534 434 146 344 265 432 0 326 153 473 954 351 999 442 603 302 734 472 804 356 834 385 541 359 573 380
412 361 532 436 139 342 260 434 0 325 139 475 954 350 1001 444 602 301 734 476 719 343 769 410 805 357 835 386 541 359 572 380
123 344 253 435 410 361 532 437 2 317 118 480 601 302 733 478 954 350 1000 444 806 357 835 387
400 364 524 436 100 342 249 444 601 304 733 477 953 351 998 442 0 319 88 479 807 358 835 387
396 364 525 438 87 342 241 443 600 306 732 475 952 353 997 441 807 359 836 388
393 364 525 440 86 347 226 440 599 306 732 474 952 354 996 438 807 359 837 389 718 341 768 413 821 322 1002 424
390 364 525 442 58 341 221 451 600 307 731 471 950 355 996 438 807 360 838 391 209 372 247 406 820 325 1005 427 718 342 768 413
388 365 525 443 48 341 215 453 601 307 731 467 949 356 998 437 717 343 768 415 819 327 1006 427 808 361 839 391 948 405 1000 475 368 376 409 408 205 373 247 406
39 343 204 453 387 367 522 444 602 309 729 465 947 356 998 437 364 377 409 409 946 406 998 476 190 369 239 408 809 362 840 392
27 344 193 455 388 371 521 453 602 311 728 468 181 371 240 409 945 357 995 438 360 377 409 411 715 356 768 424 944 406 996 477 809 362 841 394
390 372 519 453 6 346 177 458 603 312 726 470 355 378 406 413 943 356 990 441 715 356 768 424 178 372 238 409 808 364 842 395 981 371 1013 423
4 345 165 462 386 370 516 456 604 313 726 471 349 378 405 414 942 356 986 442 161 368 238 412 714 356 768 424 808 364 844 396 982 372 1016 424
2 343 151 465 381 369 516 457 150 371 233 413 606 313 725 466 344 377 404 413 715 357 768 424 941 356 984 442 980 367 1022 440 809 363 845 395
370 369 506 457 145 372 232 413 2 341 139 468 983 366 1025 441 607 313 724 462 933 360 978 441 810 362 846 394 340 382 391 414
140 372 231 413 368 369 505 458 1 349 133 478 932 360 977 440 983 364 1026 442 607 312 724 461 810 362 846 394 337 383 391 415
366 371 504 460 135 372 228 413 4 344 112 485 931 359 977 439 332 383 389 416 715 358 768 423 994 365 1031 442 811 363 846 394 928 406 981 467
363 373 502 463 133 373 226 415 930 360 976 437 715 360 768 424 327 385 387 418 996 365 1035 443 926 407 980 468
361 374 500 465 0 343 83 487 131 373 223 416 929 360 974 436 320 384 384 418 999 372 1040 458 922 407 978 468
357 374 497 467 114 374 216 414 0 343 75 488 926 359 972 436 1002 365 1042 443 317 383 382 418 607 315 721 461 920 407 975 468
354 372 495 467 113 373 214 412 923 356 970 440 605 313 723 459 1005 365 1047 441 306 384 372 417
337 372 498 469 115 373 212 412 920 356 969 440 594 316 732 453 301 383 371 418 915 407 970 467
333 373 495 471 115 373 210 413 296 382 366 420 918 355 966 442 593 318 732 454 913 408 968 468
329 373 492 472 115 373 208 412 293 382 360 420 916 355 964 441 591 319 732 456 1018 372 1060 460 911 408 967 469
325 373 490 473 113 372 205 412 1023 371 1067 462 591 319 733 456 905 355 953 441 291 377 362 423
322 371 486 474 112 371 202 411 904 355 954 440 1028 370 1073 464 590 318 733 456 284 380 343 419
318 369 486 474 109 369 199 411 902 354 951 440 277 378 344 419 1032 368 1078 467 604 313 722 463 464 379 494 400
315 368 486 475 108 368 198 410 900 353 949 442 1039 364 1087 471 273 377 337 418 604 313 720 462 463 378 495 401
107 366 195 410 303 367 471 470 898 350 947 442 1044 364 1092 469 604 311 719 459 264 370 339 422 460 376 495 401 893 406 947 473
300 364 468 470 95 365 191 410 894 346 945 443 714 346 770 413 603 310 718 455 253 370 324 421 1050 367 1096 465
295 361 464 470 249 367 320 420 713 343 770 409 890 341 944 442 91 358 188 406 589 311 727 439 1056 356 1099 438 460 367 487 390
291 358 461 470 85 357 187 402 242 364 314 419 713 339 770 406 886 340 943 442 589 307 728 435 1063 353 1108 436
284 356 456 471 79 355 184 399 713 337 770 403 878 385 933 452 590 304 729 434 888 335 945 418 1068 350 1114 433 234 359 313 418
278 346 451 462 78 353 179 397 223 358 298 418 714 336 770 402 875 385 932 450 588 302 731 435 879 336 932 414 1073 348 1122 436
270 345 445 463 64 354 171 397 214 356 293 417 587 301 730 437 877 336 929 412 871 385 929 450 1078 348 1128 438
266 346 441 463 66 355 168 397 206 355 292 417 600 296 720 450 875 337 925 411 862 385 936 449
64 356 166 398 198 361 277 421 597 298 719 454 872 339 919 414 864 382 921 455
241 354 432 487 188 364 272 423 62 359 164 400 713 343 771 407 596 301 718 459 866 343 917 443
236 355 430 497 180 369 270 427 595 304 719 462 713 347 770 410 854 347 908 444 57 365 160 409 1064 397 1174 551
233 358 424 502 168 373 257 430 56 367 159 410 595 307 718 462 852 350 905 446 1047 405 1183 541 438 378 467 400
229 359 419 505 55 370 154 413 159 375 254 434 851 350 900 447 595 308 718 464 714 356 769 419 1036 407 1179 545 435 380 464 402
223 361 414 508 56 373 150 414 848 350 897 447 153 374 252 436 714 357 770 420 432 381 463 402
212 360 412 512 137 375 232 436 46 374 139 413 848 350 895 445 521 306 716 461 714 358 770 420
200 360 411 515 130 375 228 436 44 373 137 412 522 306 715 459 714 359 771 420 1139 361 1192 484 846 349 893 443 421 381 451 400
184 362 392 515 41 370 132 411 110 374 215 435 420 379 453 400 713 358 771 419 523 306 716 457
177 358 389 520 102 371 211 433 40 366 125 409 416 378 453 399 598 307 714 458 828 349 880 442
170 353 383 523 78 369 198 434 1169 355 1218 445 414 376 451 398 39 359 119 404 582 312 726 443
161 352 378 530 71 367 194 434 1173 354 1224 445 412 375 449 398 21 358 108 404
149 350 370 535 50 367 174 437 19 358 106 402
139 349 366 540 44 367 169 438
119 350 353 536 22 366 151 439 713 347 775 411 516 302 725 440 829 295 1094 443
111 351 346 538 16 366 144 439 713 347 775 411 515 302 726 439 808 387 858 458
96 352 336 541 6 365 123 440 713 347 775 410 806 389 855 458 849 268 1067 429
3 364 115 440 74 353 344 542 714 346 774 410 803 389 852 457 857 265 1060 423
58 357 307 537 0 375 89 451 866 260 1054 419 487 357 534 382 801 388 848 457 382 369 426 393
37 353 307 557 1 363 87 445 484 358 534 383 867 262 1059 418 799 387 847 457 806 344 852 438 379 369 426 394 938 353 1017 512
21 355 295 562 932 344 1012 506 482 358 532 383 0 361 80 438 797 389 845 458 869 264 1056 414
8 353 281 565 480 359 531 383 795 390 843 458 924 346 1004 501 867 267 1056 408
0 352 267 574 794 391 840 457 220 373 259 405 366 367 407 394 479 359 528 383 920 335 979 456 611 412 700 485
0 348 252 580 918 335 976 453 793 391 839 456 217 374 257 405 365 367 405 395 478 359 527 383 866 262 1053 406 810 347 838 398
0 346 240 591 360 372 403 400 216 375 253 404 477 360 525 384 791 389 838 454 654 410 707 483 916 338 968 450
0 338 220 610 354 371 401 401 719 346 776 411 473 361 525 385 805 348 833 398 790 386 838 453
1 338 208 615 348 370 398 403 721 346 775 410 470 362 525 385 783 386 833 453
0 337 189 618 721 346 775 410 344 369 401 403 782 385 834 452 469 361 525 386 611 317 710 417 816 251 1117 466
0 336 178 624 851 240 1171 478 782 386 833 451 610 316 711 416 465 361 509 385
0 338 165 629 848 240 1170 477 463 361 510 385 340 373 382 404 616 316 722 414
0 335 151 633 843 245 1180 481 334 373 378 405 460 360 511 384 616 314 723 413
0 327 139 637 794 251 1131 472 327 372 378 407 457 359 510 385 616 314 723 414
846 253 1187 486 453 358 507 387 615 313 723 415 322 372 380 408
855 253 1191 491 449 358 504 388 616 315 722 417
867 254 1195 494 616 314 721 419 444 360 502 390 306 369 395 410 0 353 88 603
872 249 1202 493 616 314 721 418 441 362 501 391 301 370 396 411
882 247 1210 496 617 315 721 418 440 363 501 392
888 245 1225 500 619 315 722 416 437 364 490 393 285 373 386 412 881 355 922 392
896 245 1229 500 621 315 723 416 433 362 494 394 280 372 382 412 786 355 868 500 611 417 704 483 884 355 922 392
895 242 1236 498 622 314 725 415 276 371 380 413 784 355 864 505 610 417 705 484 2 379 36 414
927 237 1268 491 624 316 725 414 272 371 378 415 782 358 862 509 1 380 35 414 730 350 787 411
627 319 727 414 932 241 1268 489 263 373 361 418 1 379 35 415 779 361 858 510 889 356 944 393
257 373 358 419 935 244 1269 484 630 322 727 414 423 360 487 396 1 379 34 414 890 356 947 395 773 362 855 503
252 372 353 420 632 322 730 414 935 247 1274 481 1 379 35 414 892 356 948 396 770 366 831 468
938 241 1279 482 635 320 730 416 1 378 33 415 769 349 825 451 895 355 951 396 250 373 350 420 762 410 845 487
940 235 1279 483 637 320 732 416 232 375 336 423 416 353 487 400 483 348 534 381 1 378 30 415 897 355 953 396 348 378 362 409 767 348 820 448 758 407 843 488
941 224 1279 486 224 374 333 425 638 320 733 419 413 352 488 400 345 377 360 409 899 354 959 400 483 346 535 381 1 378 27 415 751 348 808 444 753 405 841 491
