

657 426 703 517 604 425 623 455
657 426 703 518 604 425 623 455
657 453 702 527 605 425 623 454 658 408 704 490
657 453 702 526 605 425 623 453 658 406 703 490
658 453 702 526 607 423 626 456 658 404 704 490
659 452 703 525 608 423 626 455 659 404 704 489
658 426 703 520 608 423 626 454
659 427 704 520 608 412 629 446
659 427 705 520 608 412 629 445
661 451 705 524 608 412 630 445 660 404 707 493
660 426 707 522 609 412 630 445
661 425 708 522 609 412 631 444
662 423 709 523 610 412 632 444
665 454 706 525 610 412 632 444 662 403 711 495
665 455 707 528 610 412 632 445 669 404 714 490
666 456 707 531 613 423 633 453 670 406 714 490
613 423 634 454 665 457 708 535 671 407 715 489
613 425 634 455 671 452 712 538 672 409 716 488
613 425 634 456 671 453 713 540 672 410 717 487
612 426 634 456 671 454 714 541 672 411 718 487
611 426 633 457 671 454 715 541 672 411 718 487
670 454 716 542 610 426 632 456 672 411 719 487
671 454 716 542 609 425 630 455 672 409 719 488
671 454 717 541 672 408 720 488 607 424 629 453
671 453 717 540 672 405 721 489
671 453 717 539 673 403 722 489 602 411 624 443
671 452 717 539 673 402 722 489 602 410 623 443
672 452 718 540 672 401 723 489 600 409 621 442
672 452 720 540 598 408 619 441 673 402 723 489
673 453 722 540 596 408 617 441 673 402 723 489
674 453 723 540 595 408 615 441 673 402 724 488
674 453 723 539 593 407 614 440 673 400 724 489
673 453 722 537 592 406 612 439 673 399 724 491
592 405 611 437 673 452 723 536 673 398 725 492
591 405 611 436 673 452 724 534 672 397 725 494
589 404 609 435 674 451 724 534 672 396 726 494
587 404 608 435 674 451 725 534 672 396 726 493
675 452 726 535 586 404 606 435 672 397 727 490
675 455 727 536 586 405 605 436 673 400 728 486 635 385 668 410
675 454 729 538 674 398 729 490 584 406 604 436 633 385 669 411
676 453 730 540 632 386 671 411 674 397 730 493 583 406 603 436
676 452 730 542 674 393 731 498 630 385 671 411 579 409 598 436
677 452 730 543 674 392 732 499 629 385 671 411 579 409 598 436
678 451 731 544 675 392 732 500 579 408 597 436 626 385 671 411
680 450 732 546 578 408 597 436 676 392 733 501 625 385 670 411
681 451 733 546 578 408 596 437 677 394 734 501 623 385 669 412
682 452 733 547 577 407 596 437 677 395 735 501 623 386 668 412
683 452 734 547 577 407 596 437 678 396 736 501 623 387 668 413
684 452 735 548 577 407 596 437 614 388 654 414 678 396 738 502
685 452 736 548 613 387 654 415 577 406 596 436 679 396 739 502
685 451 736 547 613 388 653 416 578 406 596 437 679 397 739 502
612 389 654 417 688 452 743 552 578 406 596 437 680 396 739 502
611 390 654 418 689 451 743 553 578 406 596 438 688 393 744 502
690 449 743 554 610 391 653 419 577 406 596 438 690 393 744 504
691 448 743 554 609 391 652 418 577 406 596 438 690 392 745 505
694 472 745 560 608 391 650 419 577 406 596 438 690 402 746 528
695 471 747 561 606 391 649 419 577 405 595 436 692 401 748 528
696 472 749 562 604 391 648 420 577 405 595 436 693 404 750 526
696 470 750 564 603 390 648 421 577 404 594 436 695 403 751 527
696 470 752 567 602 394 647 428 576 404 594 438 695 404 753 529
696 469 753 571 603 394 645 429 575 404 594 437 696 403 754 533
696 469 754 574 601 395 644 430 575 405 592 437 695 406 754 533
696 468 755 576 574 406 591 437 603 394 641 430 695 406 755 534 549 390 572 413
696 467 755 576 572 406 590 436 695 406 755 533 605 394 639 428 586 398 626 430 548 388 573 413
696 467 755 577 695 405 755 533 570 404 588 434 588 389 630 419 546 386 575 412
694 466 753 579 584 386 632 421 693 400 755 496 569 402 586 431 545 385 576 412 608 385 635 415
583 384 630 420 692 466 751 581 692 399 754 497 544 384 576 411 568 401 584 429
581 383 628 418 690 465 749 584 543 383 575 411 566 400 582 429 691 399 753 497
689 464 748 586 581 382 625 416 542 383 574 411 562 400 581 429 690 399 752 498
687 463 746 588 579 383 623 416 687 401 751 533 540 383 572 413 560 399 581 430
688 482 746 592 581 385 622 417 686 402 750 532 538 384 572 417 560 399 583 431
687 483 745 594 679 405 752 556 585 387 619 418
686 485 745 596 677 407 751 558
684 485 738 595 676 408 750 559 559 396 606 434
683 485 738 596 554 393 608 434 675 407 748 560
680 486 736 593 674 402 745 558 551 392 604 432 520 384 549 416
677 466 735 579 519 382 550 414 551 384 600 418 674 398 737 499
674 462 733 578 547 379 600 417 518 379 547 413 672 396 734 500
673 459 731 574 546 374 600 414 517 376 545 412 665 372 742 517
671 439 728 561 663 368 738 513 521 367 597 416
669 439 728 559 662 364 735 513 518 363 594 414
667 436 727 556 661 358 734 513 518 358 593 405 508 356 541 389
666 433 727 553 660 352 735 512 516 358 593 403 507 355 540 391
666 431 727 549 659 346 734 511 514 357 592 402
665 431 727 546 659 341 733 510 514 357 591 401
665 430 727 545 658 338 732 511 514 357 591 402
664 428 726 546 658 337 731 512 513 357 591 403
657 339 731 512 663 429 725 547 511 357 589 405
656 344 731 513 663 430 725 550 509 364 587 412
655 349 730 514 663 433 724 553 509 367 587 416
655 354 731 517 663 436 724 557 511 369 588 419
656 356 730 520 509 374 589 425 663 438 723 561 495 382 526 415
656 360 731 521 663 455 724 572 509 376 588 430 492 385 528 418 519 360 549 382
657 362 730 524 662 456 724 579 507 389 588 439 519 363 550 385
657 364 730 527 662 459 724 582 508 392 588 443 519 365 549 388
658 392 726 567 506 395 589 445
659 388 725 566 504 397 590 447 664 479 723 590
660 388 725 565 502 400 590 449 664 478 722 594
