

622 296 996 559 247 333 374 381 445 293 454 308 535 352 569 378 528 257 542 274 500 89 556 115 484 349 522 374 575 348 620 387 611 347 656 411 554 354 605 385
622 296 995 559 248 333 374 381 445 293 454 308 535 352 569 378 528 257 542 274 500 89 556 115 484 349 522 374 574 348 620 388 611 347 656 411
621 297 995 558 248 333 375 381 445 293 454 308 535 352 570 378 528 257 542 274 500 89 556 115 484 349 522 374 611 347 656 411 551 352 606 386
621 297 995 557 248 334 375 380 445 292 454 308 536 352 571 379 528 256 542 274 500 89 556 116 484 349 522 373 550 352 605 386 611 347 656 411 576 349 620 388
619 297 996 556 248 334 376 380 445 292 454 308 536 352 571 379 528 256 542 274 500 89 556 116 485 349 522 373 551 352 604 385 611 347 657 411 578 349 620 388
618 297 996 556 248 334 377 380 537 352 571 380 445 292 454 308 528 256 542 274 500 89 556 116 551 351 604 385 489 346 522 367 611 347 657 411 580 349 619 388
617 297 996 555 248 334 378 380 537 352 571 380 445 292 454 308 528 256 542 274 500 89 556 116 552 350 604 385 612 347 657 411 489 346 522 367 580 349 618 387
617 297 996 555 248 334 378 380 536 352 573 381 445 292 455 308 528 256 542 274 500 89 556 115 489 346 523 367 612 347 658 411 551 350 604 385
617 297 996 554 249 334 378 380 536 352 574 381 445 292 455 308 528 256 542 274 500 89 556 115 489 346 523 368 613 347 658 411 550 350 605 385
617 297 996 554 250 335 378 380 536 352 575 382 445 292 455 308 528 256 542 274 500 89 556 115 489 345 523 368 613 347 658 411 549 349 605 385
617 297 996 554 265 334 384 382 445 292 455 308 528 256 541 274 485 349 524 374 536 352 574 382 500 89 556 116 612 347 657 411 546 349 606 385
617 297 997 554 266 334 385 382 445 292 455 308 485 349 524 374 528 256 541 274 535 351 576 383 500 89 556 116 612 346 657 412 539 348 617 391
616 297 997 555 269 334 387 382 445 293 455 309 485 349 525 374 537 348 615 391 528 256 541 274 500 89 556 116 611 345 657 412 534 351 577 383
617 297 996 556 274 339 391 382 445 293 455 309 485 349 525 374 532 350 579 385 528 256 541 273 500 89 556 116 612 346 657 412
617 298 996 556 274 340 393 382 446 293 455 309 531 351 580 385 485 349 524 374 528 256 541 273 500 89 556 116 612 346 657 412
618 298 995 557 276 339 394 382 530 351 582 385 446 293 455 309 528 256 541 273 485 349 524 374 500 89 556 116 612 347 657 411
618 298 995 557 275 334 394 381 529 352 582 385 446 293 455 309 528 256 541 273 485 349 523 374 500 89 556 116 613 347 657 411
619 297 995 558 528 352 581 385 278 333 394 381 446 293 455 309 528 256 541 273 485 349 522 374 500 89 556 116 613 348 657 411
619 297 995 557 528 352 580 386 280 333 394 381 446 293 455 309 528 256 541 273 485 349 522 374 500 90 556 116 613 348 656 411
620 297 995 557 280 333 395 381 526 352 579 386 446 293 455 309 485 349 522 375 528 256 541 273 500 90 556 116 613 347 656 411
619 298 995 557 279 333 397 381 525 352 579 387 446 293 455 309 483 349 523 376 528 256 541 273 500 90 556 116 613 347 656 411
620 298 995 557 278 333 400 381 525 352 578 387 446 293 455 309 483 349 523 376 528 256 541 273 500 90 556 116 613 347 656 411
620 298 996 557 294 340 407 383 525 351 578 387 446 293 455 309 481 349 524 377 528 256 541 273 500 89 556 116 613 347 656 411 44 327 133 378
620 298 997 557 294 341 409 382 446 293 455 309 528 256 541 273 482 349 524 378 500 89 556 116 526 350 578 387 45 327 133 379 613 346 656 411
620 298 997 556 295 341 411 382 446 293 455 309 528 256 541 273 500 90 556 116 482 349 524 379 45 327 135 379 526 350 578 386
620 298 997 557 296 341 413 382 446 294 455 309 528 256 541 273 45 327 135 379 500 90 556 116 484 350 524 379
620 298 996 557 298 341 414 382 446 294 455 310 528 256 541 274 500 90 556 116 516 343 599 392 44 327 136 379 485 349 523 380
621 298 995 557 299 341 416 382 446 294 455 310 515 343 599 392 500 90 555 116 528 256 541 274 44 327 137 379 485 348 523 381
621 298 995 557 301 341 419 382 513 343 600 391 446 294 454 310 500 90 555 116 528 256 541 274 44 327 137 379 485 348 523 382
621 298 995 557 303 340 421 382 511 343 600 391 445 294 454 310 500 90 556 116 528 256 541 274 45 327 137 379 485 348 521 382
621 298 995 557 304 340 422 383 510 344 600 391 445 294 454 310 500 90 556 116 528 256 541 274 46 327 135 379 485 349 519 383
621 298 996 558 304 340 423 383 507 343 599 392 445 294 454 310 500 90 556 116 528 256 541 274 485 348 518 385 48 328 134 379
620 298 995 558 304 340 424 383 504 344 598 392 445 294 454 310 501 90 556 116 528 256 541 274 485 347 518 385 47 328 135 378
620 297 995 559 501 344 597 393 303 340 427 383 446 294 455 310 501 90 556 116 528 256 541 274 486 346 518 385 46 328 138 378
620 297 995 559 501 343 596 393 320 341 428 384 446 294 455 310 501 90 556 115 528 256 541 274 58 327 148 380 485 347 517 384 613 346 658 412
619 297 996 559 500 343 595 393 320 340 429 385 446 294 455 310 58 327 149 380 528 256 541 274 501 90 556 115 613 346 658 412
619 297 996 560 321 340 431 385 500 343 593 393 446 294 455 310 58 327 149 380 528 256 541 274 501 90 557 115 613 346 658 411
619 296 995 560 322 340 433 385 500 343 592 393 446 294 455 310 59 327 150 380 528 256 541 274 501 90 557 115 613 346 657 411 596 342 614 358
619 296 995 560 322 340 434 385 500 343 591 394 446 294 455 310 59 327 151 380 501 90 556 115 528 256 540 274 613 346 658 412 596 342 614 358
618 296 996 559 323 340 436 385 500 343 590 394 446 294 455 310 59 328 152 381 500 90 556 115 528 256 541 274 613 345 657 412 596 342 614 358
618 297 996 558 324 340 437 385 500 342 589 394 446 294 455 310 60 328 152 381 500 90 556 115 528 255 541 274 614 344 657 412 596 342 614 358
618 296 996 557 324 341 438 385 494 342 578 392 446 294 455 310 61 328 153 381 500 89 556 115 528 255 541 274 614 344 656 412 596 342 613 358
619 296 996 557 325 341 439 385 492 342 579 392 446 294 455 310 63 328 154 381 500 89 556 115 528 255 541 274 614 344 656 412 482 347 518 383
619 296 996 557 326 341 441 386 491 342 578 392 445 294 455 310 500 89 556 115 66 328 155 381 528 255 541 274 614 344 656 412 595 342 613 358 481 347 520 384
620 296 996 558 327 341 442 385 489 343 578 392 445 294 455 309 500 89 556 115 529 255 541 273 69 328 156 381 614 344 656 412 595 342 613 359
620 296 996 559 328 340 444 385 488 343 577 392 445 294 454 309 500 90 556 115 529 256 541 273 70 327 156 381 614 344 656 412 594 342 613 359
620 296 996 560 329 340 445 385 487 343 579 393 445 294 454 309 500 90 556 115 529 256 541 273 615 344 657 412 70 327 156 381
621 296 996 559 331 339 445 385 486 343 579 393 446 294 454 309 500 90 556 115 529 256 541 273 615 344 657 412 87 325 173 381
622 296 995 559 334 339 444 385 486 343 578 393 445 294 454 309 500 90 556 115 529 256 541 273 615 344 657 412 87 326 173 381
623 296 995 559 486 343 576 393 336 338 444 385 445 294 454 309 500 90 556 115 529 255 541 273 614 345 657 412 88 326 174 381
622 296 995 559 486 343 574 394 338 338 443 385 445 294 454 309 500 90 556 115 529 255 541 273 614 344 657 412 90 325 174 381
622 296 996 561 486 343 572 394 346 342 446 384 445 293 454 309 500 90 556 115 614 345 657 413 529 255 541 273 93 325 176 382
622 296 996 561 485 343 570 394 347 342 445 384 445 293 454 309 500 90 556 115 528 255 541 274 614 345 657 413 93 325 176 382
622 296 996 562 485 343 569 394 347 342 446 383 445 293 454 309 500 90 556 114 528 255 541 274 614 345 657 413 92 325 176 381
622 296 996 562 484 343 568 395 348 342 446 383 445 293 454 309 500 90 556 114 528 255 541 274 614 345 657 413 90 326 175 381
623 297 996 562 483 343 568 395 347 342 447 383 445 293 454 309 500 90 556 114 528 255 541 274 93 327 176 380
623 296 995 562 482 343 568 395 347 342 447 383 445 293 454 308 500 90 556 115 528 255 541 274 95 327 177 380
624 296 995 561 481 343 569 395 347 342 447 383 445 293 454 308 500 90 556 115 528 255 541 274 96 327 177 380
624 296 995 561 481 343 568 396 347 342 447 382 445 293 454 308 500 90 556 115 528 255 541 274 97 327 176 380
625 296 994 562 480 343 567 396 347 342 447 382 445 293 454 308 500 90 556 115 528 256 541 274 614 344 657 413 96 327 176 381
626 296 994 564 479 343 566 397 349 342 447 382 445 293 454 308 500 90 555 115 528 256 540 274 614 344 657 413
627 296 994 563 478 343 566 398 352 342 446 381 445 293 454 308 500 90 555 115 528 256 541 274 614 344 657 413
627 295 994 563 476 343 567 398 355 341 446 381 445 293 455 308 528 256 541 274 500 90 556 115 614 344 657 413 593 342 614 361
627 295 995 562 476 343 566 399 357 341 446 381 445 293 455 308 528 256 541 274 500 90 556 115 614 344 656 412 592 341 614 361
627 295 995 561 476 343 564 399 359 342 446 382 445 293 455 309 528 256 541 274 500 90 556 115 614 344 657 413 592 341 614 361
627 295 994 561 474 345 553 399 360 342 446 383 446 293 455 309 528 256 541 274 500 90 556 115 613 344 657 412 593 342 614 361
628 295 994 561 473 345 552 399 359 342 446 384 446 293 455 309 528 256 541 274 500 90 556 115 613 344 657 412 593 342 613 361
628 295 994 561 473 345 552 399 358 343 445 385 446 293 455 309 528 256 541 274 500 90 556 115 613 344 657 412
628 295 994 560 472 345 552 400 360 343 443 386 446 293 455 309 528 256 542 274 500 90 556 115
628 295 994 560 472 344 551 400 363 342 442 388 446 293 455 309 528 256 542 274 500 90 556 115
628 295 995 559 471 344 550 400 367 341 441 390 446 294 455 309 528 256 542 274 500 90 556 115
629 295 995 558 470 343 549 401 370 341 444 391 445 294 454 310 528 256 542 275 500 90 556 115
629 295 996 557 468 344 548 400 445 294 454 310 372 341 446 390 528 256 542 275 500 90 556 115
629 295 996 557 466 344 549 400 445 294 454 310 373 341 447 389 528 256 541 275 500 90 556 115
629 296 997 558 464 343 549 401 446 294 455 310 372 341 445 389 528 256 541 274 500 90 556 115
630 295 997 559 462 342 548 401 446 294 455 310 375 342 435 386 528 256 541 274 500 90 556 115
631 295 996 559 375 341 434 386 446 294 455 310 528 256 541 274 500 90 557 115
630 295 996 560 376 340 432 386 446 294 455 310 528 256 541 274 500 90 557 115 215 347 249 388
630 295 996 560 376 339 431 386 446 294 455 310 528 256 541 274 500 89 557 115
629 295 996 561 377 339 430 385 446 294 455 310 528 256 541 274 500 89 556 115
630 296 996 561 377 339 430 385 446 294 455 310 528 256 542 274 500 89 556 115
631 296 995 562 446 294 455 310 377 339 431 384 528 256 542 274 500 89 556 115
632 297 996 562 446 294 455 310 377 339 430 384 528 256 542 274 500 89 556 115
632 297 996 561 446 294 455 310 377 339 430 384 528 256 542 274 500 89 556 115 335 346 376 381
632 298 995 561 377 340 430 383 445 294 455 310 500 89 556 115 528 256 542 274 337 346 379 380 217 343 261 386
632 297 995 561 461 342 545 404 378 341 429 382 445 294 455 309 340 346 381 380 500 89 556 115 528 256 542 274 216 342 263 386
633 297 995 561 461 343 545 404 380 341 429 382 445 294 455 309 500 89 556 115 343 346 382 380 528 256 542 274 614 343 657 413 216 341 264 387
633 296 995 561 460 343 546 404 383 342 428 381 446 294 455 309 500 89 556 115 614 343 657 413 528 256 541 274 217 340 264 388
634 296 995 561 460 343 546 404 446 294 455 309 386 343 427 381 613 344 657 413 500 89 556 115 528 256 541 274 542 352 562 377
634 295 995 561 459 343 546 405 446 294 455 309 500 89 556 115 613 344 657 413 528 256 541 274 387 343 426 381 542 352 564 376
634 295 995 562 459 343 546 406 446 294 455 309 500 89 556 115 613 343 657 413 528 256 542 274 542 352 564 376 387 342 426 381 545 346 564 363
633 295 995 562 459 343 546 406 446 294 455 309 500 89 556 115 528 256 542 274 613 343 657 413 383 340 426 383 541 352 565 377 544 346 564 363
633 295 996 563 459 343 546 406 446 294 455 309 500 89 556 115 528 256 542 274 379 339 427 384 541 352 565 377 544 346 564 363
632 295 996 563 459 343 546 407 446 294 455 309 373 338 429 385 499 89 556 115 528 256 542 274 541 352 565 377 544 346 564 363
632 296 996 562 459 343 546 407 446 294 455 309 368 340 428 385 499 89 556 115 528 256 542 274 541 352 565 377 543 346 564 363
632 296 996 562 459 343 545 407 446 294 455 309 499 89 556 115 528 256 542 274 541 352 565 378 544 346 564 363
632 296 996 562 459 343 545 407 446 294 455 309 499 89 556 115 528 256 542 274 541 352 566 378 544 346 565 363
633 295 996 562 459 343 545 407 446 294 455 309 499 89 556 115 528 256 542 274 541 352 566 378
