

0 336 143 455 645 330 662 359 1148 330 1250 517 1121 420 1279 571 706 328 724 362 169 342 248 392
645 330 662 360 4 332 115 468 1149 329 1259 523 1128 421 1279 572 706 327 724 363 165 343 244 392
645 330 662 359 1153 328 1268 532 1134 419 1279 573 0 334 90 466 806 322 828 371 707 327 725 363 145 343 233 393
644 331 662 359 1156 329 1275 541 0 335 85 467 145 344 232 394 707 327 726 363 808 322 829 371 1140 441 1279 598
644 331 662 358 0 330 76 467 1162 331 1276 546 142 345 228 395 707 329 726 362 810 322 831 371 787 325 804 368
644 331 662 358 1168 333 1276 548 0 339 63 458 141 345 223 395 708 329 726 362 813 323 834 371 1160 428 1279 617
644 330 662 358 1164 388 1276 583 0 338 56 458 708 330 726 362 815 322 836 372 137 346 220 397 788 325 806 367
644 330 661 358 1169 389 1275 583 709 330 726 361 118 348 209 399 1 342 38 459 818 322 837 373
644 330 661 357 1202 327 1277 554 114 348 205 401 709 330 726 361 1172 421 1276 622 76 339 99 395
644 329 661 357 709 329 726 361 112 348 200 402
644 328 661 358 708 328 726 361 111 348 196 403 786 324 806 366 831 321 852 378
644 328 661 357 709 328 727 361 832 320 854 378 93 349 183 405 787 323 806 365 395 331 412 357
644 329 661 357 709 329 727 361 90 349 180 405 394 331 410 357 834 319 857 379 788 324 807 365
644 330 661 357 709 330 728 361 85 349 178 405 393 331 408 356
643 330 660 358 709 330 728 362 81 350 177 405
643 331 660 359 709 330 729 363
643 330 659 360 709 331 730 363
643 330 659 360 709 331 730 364 692 331 707 355 370 334 392 362
642 330 658 361 709 331 730 364 693 330 707 355 368 334 390 362
641 331 657 361 709 330 730 364 367 334 388 362 694 331 708 356 426 329 441 356
640 332 656 361 708 331 730 364 366 334 386 361 694 332 710 356 425 329 440 356
640 333 656 361 708 330 730 365 695 332 711 357 364 334 385 361 423 330 439 356
639 334 655 361 708 330 729 365 695 333 711 359 422 329 439 356 364 335 383 362
639 334 655 362 708 329 730 366 695 332 711 359 421 329 439 357
638 333 655 362 707 329 731 366 694 332 711 359 421 330 439 358 346 336 373 365
638 331 656 362 707 329 731 367 694 331 710 358 347 335 371 365 421 330 440 358
638 330 656 363 707 329 732 366 694 330 710 358 346 334 369 365 420 330 439 358
638 329 656 363 708 330 732 366 694 331 710 358 345 334 366 365
638 330 655 363 708 330 732 365 694 331 711 358 343 334 364 365
638 330 655 362 709 331 732 365 695 332 711 358 341 335 361 365
637 330 655 362 709 330 732 365 695 331 712 359 339 337 360 365
637 330 655 363 709 330 733 365 695 331 711 359 706 350 727 375
636 330 656 363 710 331 733 365 695 330 710 359 546 331 565 348 623 331 637 353 706 350 727 376 459 331 491 351
636 330 656 363 712 331 734 365 546 331 565 349 694 330 709 359 595 331 607 348 706 350 727 377 622 331 637 353 459 331 491 351
636 331 656 362 712 331 734 366 705 351 728 377 546 331 564 349 622 331 637 353 595 331 607 348 694 331 708 359 459 331 491 352
636 331 656 362 712 331 733 366 705 351 728 377 545 331 564 349 621 331 637 353 595 331 608 348 694 331 709 360 439 332 470 356
636 330 656 362 710 330 732 367 706 351 728 377 545 331 563 349 622 331 639 353 440 331 475 354 398 328 416 360
635 329 656 361 709 329 732 367 622 331 639 353 440 329 478 352 544 331 563 349 706 351 728 377 376 327 392 362 397 326 416 359
635 329 656 359 708 329 733 367 622 330 640 352 376 325 392 361 441 328 477 350 397 324 415 359 695 330 713 358 706 350 729 376 295 332 324 367
636 329 655 356 708 328 732 365 375 324 391 360 623 329 641 351 696 329 715 359 397 323 417 358 292 329 320 366 441 327 475 348
636 328 653 354 373 323 390 359 707 327 730 364 536 318 568 341 697 328 717 358 625 328 643 351 621 318 636 340 696 315 711 346
535 317 568 341 636 327 652 354 621 317 637 340 371 322 389 359 706 327 729 364 698 327 718 359 696 314 712 347 641 317 654 341 626 327 644 351 670 316 683 344
636 327 653 355 534 316 569 341 705 327 730 366 621 318 636 340 369 322 387 360 626 327 642 351 641 317 655 342 695 315 710 346
636 328 654 355 706 327 730 367 535 316 568 342 624 328 641 351 621 318 635 340 706 351 727 375 436 327 470 348 641 317 655 342
636 329 655 356 707 327 731 368 706 351 728 377 623 329 639 352 432 327 470 350 267 327 294 370 641 316 655 342
637 330 655 356 708 328 731 368 706 351 728 377 622 330 639 352 386 329 413 366 433 328 471 351
637 330 655 357 707 327 731 369 705 350 728 378 621 330 639 353 434 329 471 352 525 329 542 349
637 330 656 358 707 326 731 370 705 350 728 379 621 331 639 354 523 329 543 350
637 330 656 359 708 326 732 369 621 331 639 355 705 349 728 379 520 329 542 351 367 331 396 370 695 328 713 362 538 330 563 351
637 330 656 360 621 332 639 356 705 350 728 379 695 328 714 363 709 327 732 369 518 329 542 353 364 333 391 371 540 330 564 352 433 331 468 353
637 331 656 360 620 332 638 356 695 329 715 364 517 330 540 353 705 351 727 379 710 329 731 367 362 332 389 372 542 331 564 352 434 331 468 354
637 331 656 360 620 332 638 356 695 330 714 364 516 331 540 354 710 329 730 367 705 352 727 379 543 331 564 351 411 331 458 357
637 331 656 360 620 331 640 356 695 331 714 365 515 330 541 353 710 330 730 367 705 352 726 378 343 330 371 373 545 331 564 351 410 331 458 357
637 330 656 359 709 330 730 367 621 331 641 355 695 330 712 363 514 329 543 353 706 351 727 378 545 330 565 350 411 331 457 356
637 329 656 359 708 328 731 368 621 330 641 354 694 328 711 363 514 328 544 352 705 350 727 378 501 332 518 355 547 330 565 350
637 329 657 358 707 327 731 368 621 330 641 354 693 327 712 363 499 332 516 356 317 330 345 376 547 329 564 350 705 350 727 378
637 329 657 359 708 326 732 368 496 332 515 356 621 330 640 354 693 326 712 364 410 329 456 354 316 329 345 376 548 329 563 350
637 330 657 360 708 325 732 368 621 331 640 355 494 332 515 357 694 327 713 365 409 328 454 354 549 329 563 349 316 331 341 374 347 333 367 366
637 331 657 360 709 325 733 368 620 332 640 356 492 333 515 358 407 329 452 354 694 328 714 365 291 345 322 390 504 328 543 354 550 328 564 349 346 332 364 365 318 332 339 372
620 332 639 356 638 332 657 359 708 326 733 368 502 328 545 355 408 329 450 354 345 331 363 366 695 329 715 365 550 328 564 349 319 334 337 371 293 343 318 389 703 349 729 379
638 332 657 359 620 332 639 356 708 326 733 368 503 328 544 354 343 331 362 368 408 329 449 354 549 328 564 350 695 328 715 365 703 349 729 380 268 346 296 392 297 332 320 376
638 332 658 359 620 332 639 355 708 325 734 369 475 334 496 361 505 328 545 353 549 329 565 350 702 349 730 380 409 330 448 354 341 329 361 369 299 330 322 376 262 345 293 395 645 318 657 340
637 332 658 360 619 332 639 355 472 333 494 362 707 326 735 369 549 329 566 350 505 327 545 353 701 348 731 381 409 330 446 354 297 330 321 375 644 317 657 340 339 326 360 368
636 331 658 359 619 331 639 355 467 333 491 363 707 326 736 369 504 327 545 352 549 329 568 351 700 348 732 381 295 328 320 376 408 329 446 354 991 332 1104 374 644 318 658 340
636 331 658 359 619 331 640 356 708 325 736 369 463 333 488 363 549 329 567 351 504 326 544 351 293 328 317 375 992 332 1110 375 700 348 732 381 322 333 343 370 617 319 632 339
635 329 658 360 619 330 640 356 1003 333 1132 378 710 324 738 368 550 328 568 351 503 326 544 351 292 329 316 374 695 328 720 369 319 333 341 371 206 331 248 403 617 318 632 340
635 329 658 360 1004 332 1137 378 619 329 641 356 711 323 738 367 447 333 477 366 549 327 569 351 187 333 235 407 694 327 720 369 502 325 544 350 318 332 338 370 617 318 633 340 277 328 301 376
635 328 658 359 443 333 474 367 711 324 739 367 619 328 641 355 1005 332 1141 377 694 327 721 369 549 326 569 351 181 327 228 408 617 318 633 340 502 325 544 350 275 328 299 376 738 322 759 361 317 332 337 369 696 350 724 377
440 333 470 367 636 328 658 358 619 329 640 354 711 324 739 366 549 326 570 351 161 329 210 413 694 328 720 367 617 318 634 340 271 326 296 377 1030 332 1151 376 503 319 548 343 736 322 758 362 696 351 724 376
636 328 658 357 620 329 640 353 710 324 738 367 436 332 466 366 270 326 293 376 1029 331 1156 375 617 317 634 341 548 326 569 351 694 329 721 367 297 331 317 370 504 319 545 342 643 318 658 340 736 321 758 361
635 328 658 357 268 325 292 375 617 316 634 340 621 329 641 353 708 323 736 367 295 330 317 369 490 319 531 344 642 317 658 341 1031 329 1160 373 549 326 570 350 133 324 183 414 562 327 581 351
415 330 450 369 488 318 533 343 617 316 634 340 635 327 657 356 641 315 658 341 695 327 723 368 292 329 316 368 1033 326 1162 372 547 316 567 344 269 326 292 371 568 316 585 337 622 329 641 351 562 326 581 350 695 310 713 348
486 316 534 342 617 314 634 339 640 313 657 341 635 327 657 355 566 315 585 338 694 327 723 368 410 329 443 369 290 327 314 367 1057 325 1177 371 547 316 566 341 59 326 114 414 270 324 293 368 249 321 275 372 737 309 759 352 562 326 582 350 696 307 716 350
484 314 533 341 618 313 634 338 640 312 657 340 565 313 585 338 247 320 273 372 1059 322 1178 371 693 327 723 367 636 327 656 353 548 315 567 339 394 328 428 365 57 322 109 420 737 307 760 352 288 326 312 364 272 323 295 365 127 313 244 383 563 326 582 349 695 306 716 350
483 311 533 340 388 328 426 370 639 311 657 340 564 312 585 339 618 312 634 338 244 317 269 371 1056 320 1184 369 693 326 723 365 738 306 760 351 547 313 567 336 273 322 296 365 636 328 655 352 36 318 92 425 695 305 717 350 563 327 583 349
481 308 531 337 639 310 658 339 564 311 586 338 619 312 636 337 738 305 762 349 693 325 724 363 1055 317 1187 368 271 322 295 364 546 311 566 334 244 317 268 369 387 329 421 362 695 306 717 348 710 303 732 347
478 306 531 335 638 309 659 339 564 310 587 337 619 312 637 335 738 304 762 347 1079 317 1206 365 268 322 293 363 693 324 724 361 545 310 566 332 226 312 252 371 695 306 718 349 245 316 266 366 709 302 731 347 764 302 785 347
476 304 529 334 565 310 588 337 638 309 659 337 620 312 638 334 224 311 251 372 1080 315 1207 365 738 303 763 346 693 324 724 360 545 309 565 330 266 322 289 363 341 322 388 378 695 307 718 347 709 302 731 345 14 326 56 409 970 274 1003 363
475 303 529 334 565 309 589 338 638 309 659 337 620 311 638 334 1077 315 1209 366 333 320 382 381 222 312 249 372 693 323 724 360 737 303 765 346 545 309 565 330 694 306 718 348 971 274 1004 364 710 302 731 345 248 317 273 364 9 326 53 411
472 303 527 335 566 309 590 339 637 309 659 338 620 311 639 335 1077 315 1213 368 693 323 725 361 738 302 766 347 217 314 246 373 545 309 565 331 695 305 718 348 248 320 276 365 710 301 732 346 975 274 1009 366 154 310 211 376
469 304 526 336 566 308 590 341 636 310 659 339 621 311 639 336 1079 315 1215 370 693 324 724 362 738 302 767 349 545 309 566 333 246 321 273 366 710 301 734 347 216 315 243 373 695 305 718 347 365 312 408 341 281 339 338 400 568 327 592 349
637 311 658 341 567 309 591 342 1107 318 1228 371 469 306 524 337 621 312 638 337 739 303 767 352 693 326 724 362 546 311 567 335 361 313 410 343 711 303 733 349 569 325 593 351 696 306 717 347 244 323 270 367 277 341 333 403 199 317 231 376 216 316 243 374
637 312 657 341 1103 318 1233 372 567 310 592 343 462 309 514 340 694 326 724 363 622 313 637 338 739 304 767 353 360 315 409 344 570 324 595 351 546 312 567 337 194 311 236 380 712 304 733 349 696 307 717 346 762 306 785 351
459 310 515 342 638 313 657 342 1104 318 1236 373 694 327 724 363 740 305 766 353 621 314 636 339 567 311 591 342 358 316 409 345 571 324 598 352 697 310 715 345 715 307 733 348 546 314 566 337 762 307 784 352 189 313 234 379
458 311 515 344 694 328 724 364 639 313 656 341 1121 320 1261 373 356 316 409 346 621 314 637 340 741 307 765 351 582 325 610 354 566 312 588 341 697 311 712 343 762 308 783 352 717 310 733 346
455 313 513 345 1118 320 1266 374 580 325 614 356 695 330 724 364 354 317 410 347 640 313 656 340 620 313 638 341 697 313 710 342 741 307 763 350 762 309 783 353 719 311 734 346 590 313 612 340
453 313 510 346 1117 320 1267 374 578 327 619 356 695 331 724 364 353 316 409 347 639 313 656 340 762 308 784 354 697 313 710 341 741 307 762 350 719 311 734 346
450 313 509 346 1118 319 1270 375 351 315 408 347 695 331 724 364 579 326 623 357 638 312 656 340 762 306 785 354 719 310 735 346 516 311 540 328 697 312 711 341 740 307 760 349
448 312 507 345 1122 319 1270 375 695 330 724 363 352 314 405 346 583 325 627 357 763 305 785 355 638 311 657 340 696 312 711 341 516 310 538 327 740 306 758 349 719 310 735 345
446 311 507 345 1125 318 1270 375 764 304 786 354 695 329 724 362 351 313 404 346 637 311 657 340 738 305 755 348 695 311 710 340 586 324 628 358 515 308 539 327 617 310 641 342 721 310 735 344 160 314 200 386
445 311 508 345 1124 317 1273 375 764 303 786 354 695 330 724 361 636 311 658 339 354 312 402 346 738 305 755 349 514 308 539 326 695 312 708 339 159 313 200 386 67 317 148 392 721 310 735 342
442 310 507 345 765 303 787 354 1126 316 1273 375 354 312 401 345 637 311 659 339 738 304 756 351 696 330 724 360 515 308 540 326 194 324 224 377 143 316 188 387
441 309 507 345 766 302 788 354 737 303 757 353 1146 317 1279 376 637 310 660 340 357 312 400 344 516 308 540 326 48 317 130 395 698 329 724 359 192 325 221 376 141 314 182 388
440 308 504 345 736 302 756 355 1149 316 1279 377 766 301 790 354 638 310 661 339 45 319 125 394 355 312 400 344 556 326 590 348 139 312 177 390 191 325 220 373
735 300 757 357 435 308 504 346 1152 317 1279 378 631 330 667 363 137 313 173 393 638 310 661 339 766 301 790 352 42 320 122 392 172 323 203 379
736 299 758 358 427 309 501 350 1158 316 1279 379 558 326 594 350 17 321 108 406 631 330 671 366 638 309 662 340 171 324 202 379 711 306 729 348 136 315 174 392 788 301 809 354
424 309 500 352 739 298 759 359 1162 315 1279 380 14 322 103 406 559 326 596 351 786 299 808 357 320 309 401 352 169 325 198 379 712 305 729 348 811 298 831 358 117 313 160 392
420 309 499 353 740 299 760 360 315 310 399 352 1167 314 1278 382 11 322 98 408 561 326 596 352 520 308 542 329 786 299 808 358 115 313 155 393 167 325 196 377 810 298 830 359 712 304 729 349 146 321 174 375
