

654 364 748 531 989 406 1046 486 814 395 870 456 902 398 928 448 858 399 888 448 790 389 804 411
654 363 747 532 986 409 1046 486 858 399 889 449 902 398 928 448 809 391 856 458 790 389 804 411
654 362 746 533 984 409 1044 487 857 398 888 449 902 398 929 448 808 390 855 457 789 389 804 411
654 362 746 534 983 408 1042 487 856 398 888 449 807 391 853 457 902 398 930 447 789 389 804 411
654 362 745 534 983 408 1041 487 854 397 887 450 805 390 852 456 902 398 931 446 790 388 805 411
654 362 745 534 976 413 1034 485 804 389 850 455 854 397 887 450 902 398 931 444 789 387 805 411
655 362 745 534 973 412 1033 484 803 388 848 455 853 397 887 451 903 399 932 444 789 387 805 411
656 363 746 534 970 409 1031 484 853 397 887 451 802 388 847 454 954 386 1040 459 789 386 804 411
657 363 746 533 958 412 1036 482 854 398 887 451 805 419 841 458 902 400 932 444 788 386 804 411
658 362 746 532 956 412 1034 483 854 399 887 451 805 400 840 445 902 400 933 444
658 361 747 529 955 413 1031 483 854 399 887 450 805 420 839 457 800 388 844 453 902 400 933 444
658 361 746 526 960 407 1022 485 804 398 838 445 854 399 886 450 902 399 932 445 787 387 803 412
657 361 746 523 958 408 1019 485 658 448 753 542 803 398 837 446 851 423 886 458 804 421 836 457 902 399 932 445 787 388 803 412 905 422 936 459
656 361 744 519 954 412 1011 484 657 447 751 543 852 424 885 458 803 398 836 445 855 399 885 449 804 422 836 457 903 399 932 445 786 387 802 412 906 422 936 459
654 361 743 518 952 414 1010 483 656 446 749 543 802 399 836 445 853 425 886 457 804 423 835 456 855 400 884 449 903 400 932 444 907 422 936 459 786 388 802 412
651 362 741 517 948 417 1006 481 800 399 835 445 655 446 747 541 855 399 884 449 855 426 886 456 803 424 835 455 906 421 936 459 904 400 933 444
648 364 740 519 855 398 884 449 943 419 1002 479 800 398 834 445 653 446 745 539 801 424 834 455 856 427 887 456 903 400 933 443 905 421 937 460 786 388 802 413
647 366 738 517 854 397 884 449 652 446 744 538 929 421 1002 477 794 386 838 451 856 427 888 456 800 424 833 454 787 389 803 413 903 399 934 443 904 421 937 461
640 362 728 523 855 397 884 449 650 445 742 539 793 385 838 451 856 426 888 457 911 418 994 475 800 424 833 454 786 389 803 413 904 398 934 442
640 362 727 519 910 419 989 474 854 397 884 449 650 445 740 538 855 425 888 457 799 397 832 446 786 390 803 413 904 398 934 440 800 424 832 453 927 388 978 462
907 421 985 475 639 362 727 518 854 397 885 450 855 424 888 457 799 397 832 446 649 445 738 537 786 390 803 413 925 387 975 461
638 360 727 517 906 421 981 475 854 398 886 450 799 397 831 446 640 447 730 535 934 387 966 440
637 360 726 514 905 421 978 474 855 398 888 450 639 448 729 534 798 396 830 446 920 384 969 460
633 360 723 511 638 447 727 534 794 403 823 443 903 418 975 474 855 398 891 449 916 384 967 460
628 361 720 509 636 447 724 534 794 402 824 444 854 393 901 454 902 385 954 460 892 415 970 471 1019 359 1118 521
1010 361 1110 528 622 363 718 510 889 417 968 472 902 384 952 461 794 402 824 444 633 448 721 534 855 394 904 455 990 449 1138 583
620 364 716 510 885 417 967 473 631 448 720 534 794 401 824 444 998 363 1095 524 901 385 950 460 856 394 905 455 978 448 1122 580 1148 432 1247 514
618 366 712 510 966 367 1065 522 794 400 824 445 629 446 717 534 1146 436 1240 512 856 393 904 455 881 417 964 473 938 426 1087 555 898 386 945 459
617 365 708 510 794 399 825 445 946 403 1055 553 628 445 713 535 856 393 904 456 1145 437 1232 510 1141 387 1199 500 906 389 937 439
1138 385 1198 497 793 398 825 445 615 364 703 511 1128 437 1219 508 613 443 703 534 856 392 903 457
1139 386 1197 496 1124 437 1214 508 793 397 824 444 613 362 698 509 611 443 700 532 906 405 1005 539 856 392 904 458
793 397 824 445 610 430 693 521 615 365 682 482 1119 436 1208 507 1138 385 1192 496 893 445 992 538 872 384 969 504
609 429 688 522 793 398 823 445 612 365 680 478 1107 435 1193 504 866 385 960 505
1103 436 1190 503 794 399 823 445 607 430 683 518 1115 390 1174 494 853 423 945 520 610 371 677 472
1101 438 1184 503 794 401 822 445 847 426 940 516 601 371 668 477 605 433 681 514 1114 392 1170 494 928 422 974 459
597 373 663 476 794 401 822 446 595 431 674 511 833 427 917 512 1098 438 1179 503 843 384 904 468 930 421 974 459
593 372 659 477 592 432 670 511 1083 435 1165 501 794 402 821 445 845 384 900 466 812 428 895 503 906 420 947 464
1078 437 1160 501 589 373 654 475 804 399 898 491 598 428 659 518 1091 393 1147 492 904 395 950 463
1074 439 1155 501 799 403 895 487 582 371 662 512 904 395 950 463 1088 395 1144 491 597 447 659 532
577 369 657 511 1059 436 1144 500 905 394 950 463 798 407 893 482 794 385 853 468
1055 439 1140 499 572 367 651 512 1068 397 1125 490 785 407 873 484 906 395 950 463 945 420 981 460
570 371 632 475 1050 439 1134 498 1065 394 1122 490 569 434 644 508 944 418 982 461 914 396 943 447 780 385 829 466
567 370 629 475 566 436 639 506 1048 438 1129 497 770 411 828 483 1048 399 1105 488 945 418 983 461
1045 395 1102 487 556 367 638 502 568 435 629 507 770 385 822 462 946 418 984 461 827 420 875 463 841 385 864 417
1042 392 1100 487 1031 438 1114 495 553 374 615 474 754 382 803 465 826 420 873 463 841 385 863 416 566 437 624 506 919 396 963 462 948 420 985 461
549 373 611 477 1038 394 1097 487 748 382 798 462 556 434 615 503 841 384 861 416 826 420 870 463 926 395 954 445 751 426 795 474 805 403 839 443 949 420 987 461 928 422 967 467
544 371 607 476 1035 396 1095 486 552 435 612 501 745 382 792 459 840 385 861 416 747 425 791 472 920 393 960 463 825 420 869 462 805 405 839 443 950 420 989 461 878 426 915 465 790 402 819 437 870 389 912 460 0 532 1279 710
540 369 603 476 1022 403 1079 484 921 393 961 464 879 426 915 465 825 420 867 461 836 385 859 418 547 436 606 499 737 424 776 467 0 527 1279 712 951 421 991 461 881 394 910 450 734 386 781 462
1020 400 1079 485 732 425 775 466 923 394 964 465 881 425 916 465 824 420 865 460 532 374 590 471 833 386 858 420 883 395 912 451
527 372 588 472 728 424 770 464 1000 412 1086 486 880 426 917 466 926 394 966 465 824 420 863 459 828 398 860 441 882 395 913 451 35 342 74 367 737 385 764 420 832 385 856 421
523 369 585 471 723 385 768 456 997 412 1081 486 881 426 919 466 927 394 968 465 817 388 863 454 734 384 762 420 883 395 914 451 529 433 589 493 832 385 856 419
518 366 580 470 882 425 920 465 984 408 1073 484 928 393 970 465 816 388 862 453 720 385 764 453 885 395 916 451 15 338 71 366 724 420 761 460 733 382 758 417 831 385 855 419 524 434 584 491 992 380 1044 468
982 410 1069 485 884 423 921 463 930 391 972 465 14 337 70 364 516 416 579 481 887 395 917 452 812 401 847 443 508 369 567 468 831 384 855 418 993 380 1044 467 823 418 860 457
503 366 564 467 978 411 1065 484 715 401 749 445 14 336 69 362 886 389 923 460 933 390 974 466 994 380 1044 468 830 384 854 418 720 383 743 415
499 366 561 466 713 403 749 444 975 413 1061 482 14 335 69 361 886 390 925 460 717 384 742 412 824 402 857 448 935 390 975 465 992 382 1045 467 830 383 854 417
712 403 746 443 493 369 556 464 14 334 69 359 974 414 1056 480 824 403 857 448 716 384 740 412 887 390 927 460 829 383 853 417 976 384 1026 465 413 370 455 387 898 422 934 461
712 402 744 442 13 332 68 357 989 381 1042 467 892 390 936 460 824 403 856 448 713 383 740 415 482 365 538 440 828 382 853 418 960 416 1045 477 947 389 987 463 416 369 453 386 493 414 552 474
477 362 535 443 710 402 740 442 13 333 65 357 893 389 937 460 824 403 856 448 481 412 540 472 959 418 1040 477 904 424 939 460 988 381 1038 465 947 388 987 465 828 381 853 419 712 383 741 415
472 375 534 461 709 402 738 442 14 334 63 358 896 389 940 459 824 402 856 447 957 418 1036 477 949 389 989 465 827 381 853 420 710 382 741 415
707 402 736 440 14 336 61 360 823 403 856 447 899 389 942 458 955 417 1030 476 467 377 530 459 950 387 995 465 826 381 854 420
12 338 62 362 706 400 735 439 823 402 857 447 953 415 1027 474 902 388 945 456 456 362 513 442 826 382 855 420 952 385 999 464
451 362 507 444 11 339 62 363 706 400 733 437 823 402 858 446 964 382 1020 465 908 394 940 449 454 412 514 469 826 380 856 422 416 369 449 385
445 360 503 446 9 340 63 365 824 401 859 445 705 400 733 435 963 381 1019 465 827 380 858 423 450 413 510 469
826 402 860 444 8 340 64 366 706 401 733 432 441 379 504 458 829 378 860 423 952 378 1003 462 932 414 1018 471
828 402 862 443 7 341 64 367 431 358 489 445 950 377 1003 461 831 378 862 421 931 415 1015 470 707 401 733 430 919 386 968 456 1048 400 1093 424
426 358 485 446 831 401 865 442 5 341 64 368 833 377 865 420 948 376 1001 460 930 416 1013 469 695 374 804 422
421 356 481 444 832 400 869 442 6 341 63 368 689 371 806 423 834 377 867 421 946 375 1000 460 930 415 1014 468 395 367 420 381
834 399 872 442 416 355 479 444 6 341 62 367 692 373 802 424 942 374 997 461 835 377 869 421 930 414 1012 467
6 340 60 366 835 397 875 443 939 375 996 460 408 355 468 441 837 376 871 421
404 353 464 442 4 340 59 366 936 375 994 460 837 397 876 442 992 390 1049 456 837 375 871 420
401 351 460 442 3 339 59 367 936 375 994 460 654 365 789 422 839 398 876 441 994 391 1051 456
396 349 455 443 3 339 59 366 935 374 994 460 644 361 767 421 997 390 1054 457 847 396 884 439
634 361 772 422 935 376 994 460 4 338 59 366 393 351 451 444 849 398 885 440 1000 390 1057 459 852 378 885 424
626 361 773 424 936 378 995 461 385 353 440 441 4 338 58 366 850 400 886 440 1010 387 1064 458 855 380 887 422 441 370 473 387
938 379 997 461 382 355 438 441 619 360 771 426 852 400 888 440 4 338 57 366 1012 385 1066 460 856 381 888 422 1 226 1273 708
940 379 1001 462 378 354 435 441 1014 385 1069 460 600 359 762 430 854 400 892 441 3 339 57 367 857 381 890 421 1075 403 1123 426 0 229 1272 710
374 353 431 441 943 381 1003 462 596 359 756 433 857 399 896 443 1018 386 1072 460 2 340 57 368 859 381 891 420 0 234 1270 711 114 354 160 369
370 351 429 441 945 382 1005 463 1022 388 1076 461 859 398 898 444 2 341 56 370 591 360 751 436 114 353 162 371 0 236 1264 715 860 381 891 419
367 350 427 443 1025 388 1078 462 861 399 898 444 946 384 1006 463 2 341 56 370 114 353 165 373 0 241 1262 712 862 381 890 417 577 360 739 436
3 341 54 370 948 385 1007 463 863 399 897 442 1028 387 1080 464 115 353 164 372 362 353 417 443 0 244 1260 711 863 380 890 417 573 358 738 436 878 398 906 435 883 386 905 418
359 353 415 442 3 341 54 370 115 353 163 372 949 384 1007 461 865 400 897 441 1035 387 1088 463 882 384 906 420 865 379 890 416 0 249 1254 708 560 340 744 426 415 371 447 389
356 351 411 440 1038 387 1091 463 2 341 53 370 875 400 908 438 116 354 161 370 950 383 1006 459 353 396 424 450 879 382 907 420 414 370 446 388 536 337 730 423
353 348 409 441 877 401 909 437 1041 387 1094 462 2 340 52 369 969 382 1025 459 350 396 421 449 880 380 909 421 533 338 728 421 114 354 160 370 415 370 445 388 459 371 495 391 1171 372 1272 513
350 347 407 442 879 401 911 437 1043 386 1097 460 2 340 53 369 345 396 417 449 879 379 910 421 524 341 724 421 973 383 1029 458 1163 375 1266 513 415 369 446 389 461 371 495 391 113 354 159 370
346 345 406 444 881 401 913 436 1044 387 1098 460 880 379 910 421 2 339 53 369 1155 373 1256 514 513 345 719 420 973 384 1030 458 459 370 496 391 415 368 448 389
342 344 404 444 883 401 914 437 1045 389 1099 461 881 379 911 421 1148 368 1242 517 501 361 704 425 2 339 53 368 973 386 1030 458 416 368 447 388 694 398 724 428 459 370 494 391
884 400 915 438 341 344 404 444 1047 388 1100 461 882 378 912 422 1129 370 1221 515 694 399 724 429 499 364 697 427 973 387 1031 459 1 338 39 367 953 387 1001 456 417 369 446 386
884 399 915 439 1048 387 1100 462 883 379 912 422 337 393 406 450 1125 372 1215 510 691 397 724 430 1 338 39 367 992 386 1032 457 485 364 672 426 952 385 1001 456 104 353 165 371
884 398 916 439 1050 385 1099 463 883 379 913 422 336 354 392 439 992 386 1032 458 1114 425 1218 516 0 337 39 367 687 397 724 431 462 346 670 423 952 384 1000 457 1141 373 1199 476 103 353 165 371 996 425 1036 467
885 398 916 439 1051 387 1097 464 884 380 913 421 455 336 655 421 334 354 392 439 1 337 39 366 992 387 1033 460 105 352 165 372 1103 427 1200 515 684 398 724 432 1138 372 1193 473 952 386 1000 458
885 398 916 439 1097 428 1198 514 334 350 392 439 884 380 913 421 1051 387 1095 463 1 336 39 365 107 351 165 372 993 387 1033 460 436 331 628 421 683 399 724 432 953 386 999 458 1120 376 1180 471
886 399 916 438 333 350 391 440 885 380 912 421 430 327 616 420 109 351 165 372 1 336 39 365 1052 388 1094 462 1090 427 1191 512 992 387 1033 461 680 401 723 432 952 386 997 457
886 399 914 436 333 349 390 441 886 380 911 421 418 328 607 419 1 336 38 364 108 351 165 371 1051 387 1094 462 992 388 1032 461 678 401 723 431 951 385 996 455 1078 427 1173 510 0 385 1277 704
887 399 913 435 332 348 387 441 887 380 911 422 1073 428 1166 508 409 327 597 417 1 336 37 365 108 351 165 371 1050 387 1095 463 674 403 724 431 949 384 995 454 992 389 1032 461 0 382 1270 702
331 345 386 442 887 400 912 434 887 379 911 423 1 336 35 365 1069 430 1159 505 377 322 583 420 107 351 164 371 670 403 726 432 1049 386 1095 464 992 390 1032 460 947 385 994 454 0 383 1273 701 329 394 401 450
331 343 384 444 887 400 912 434 886 380 912 422 1 336 34 365 373 320 570 421 106 351 163 371 668 404 727 433 1059 437 1143 500 945 385 993 455 1179 432 1268 501 0 387 1279 699 1048 387 1093 465 992 389 1031 459 1072 379 1123 464
331 341 384 444 886 399 912 435 885 380 910 422 0 336 33 366 1056 438 1135 498 104 351 161 372 1172 432 1268 501 356 266 566 423 668 403 727 434 0 390 1279 701 1070 383 1123 464 977 393 1032 460
332 340 385 445 886 399 911 435 885 381 910 422 1166 434 1265 500 0 336 31 366 103 351 160 373 1048 402 1130 486 319 249 544 426 977 393 1031 460 669 404 726 434 0 391 1279 701
