

378 215 662 493
374 204 659 493
370 201 658 494
369 199 656 493 721 381 783 472
368 201 658 491 622 310 722 382
721 402 780 478 622 312 725 381 369 202 659 486
721 403 779 481 623 315 725 381
624 317 727 382
422 295 636 483
421 297 636 485 625 319 726 382 721 406 776 486
420 299 635 489 624 318 727 382 720 405 776 487
625 316 727 383 417 301 635 489
625 314 725 383 413 302 634 490
627 313 721 382
628 313 717 381
631 314 715 382 407 307 633 487
404 311 632 482 632 314 715 382
402 313 631 478 633 314 717 384
397 328 638 513 632 313 719 385
397 327 637 511 632 313 721 386
396 324 633 510 632 313 722 385
392 312 627 487
390 311 624 488 633 313 723 382
389 311 624 487
387 310 623 481
386 308 622 476
384 306 620 473
382 304 616 473
380 302 614 473
374 302 598 472 587 304 666 357
374 302 597 473
374 302 596 473
372 304 596 473
372 306 596 474
372 306 596 476
371 306 596 479
369 306 597 477 633 287 814 407
367 305 597 477 638 288 815 408
368 306 595 475 640 302 814 439
370 305 593 476 636 297 815 442
371 305 592 477 633 293 816 444
622 285 826 448 369 303 594 475
619 275 829 432
615 275 833 429
616 275 832 424
654 279 837 415
617 275 838 427
612 274 845 432
611 275 845 434
649 277 850 428
651 288 848 443
656 290 854 441
660 292 864 441
667 295 872 441 109 297 160 449
669 297 875 442 103 296 175 465
670 302 880 445 413 305 617 478 99 299 174 470
698 305 900 447
705 307 903 453 378 248 644 509
711 308 909 457 379 248 646 512
713 310 917 463
709 310 932 466
704 311 941 471
704 311 948 473
728 309 964 483
732 309 972 485
736 310 984 484 444 310 661 490
736 311 999 479
718 281 1018 498 440 314 669 477
765 314 1036 475 435 316 671 471
416 316 652 468 742 322 1061 523
753 320 1064 535 417 316 650 465
768 314 1076 539 420 318 647 461
786 310 1092 541 420 317 644 458
801 314 1112 537 420 315 643 455
807 316 1128 540 419 312 641 455
837 317 1167 555
839 321 1184 563
854 323 1207 575
427 318 637 456 865 321 1224 584
427 321 639 458 864 316 1250 593
431 322 637 458 864 309 1255 594
434 326 636 460
433 327 637 462
430 327 638 467
429 327 636 469
429 327 634 470
429 328 634 470











