

310 372 440 455 99 364 138 476 448 303 617 472
310 373 440 455 99 363 137 476 446 303 618 471
97 362 137 476 295 378 430 457 445 304 619 471
96 362 137 477 312 377 440 456 445 303 619 472
95 363 137 478 313 377 440 457
95 363 136 478 312 375 441 460 448 301 619 474
95 365 136 479 287 369 448 471 450 300 618 474
283 369 447 471 95 367 135 479 453 300 618 474 696 144 1226 555 272 369 294 423
281 371 448 471 95 368 135 479 453 301 618 475
280 373 450 470 95 369 135 477 465 298 625 476
282 373 450 471 95 370 134 477 465 298 626 475
282 374 449 472 96 371 134 478 465 298 626 475
292 376 431 463 96 372 134 479 464 297 627 477
95 372 134 481 452 300 618 479 280 372 446 478
452 300 618 481 95 372 134 481 281 371 447 478 384 428 436 560
452 303 617 481 94 372 134 480 283 371 450 481 385 429 435 561
284 372 452 480 453 305 615 479 93 373 134 478 384 431 435 559
284 371 454 483 453 307 613 480 94 372 135 478
285 371 454 482 94 371 135 480 454 307 612 482
285 371 456 482 94 371 135 482 677 132 1228 569 454 307 610 483
287 371 456 481 94 371 134 484 674 131 1228 570 454 307 611 484
290 371 458 483 95 370 133 485 673 127 1227 571 455 307 612 483
293 371 458 483 95 370 133 485 674 128 1224 570 455 307 613 478 155 381 200 466
294 369 457 485 95 369 133 485 456 308 614 471
293 367 455 482 95 368 134 485 468 303 623 472
292 366 452 485 95 366 134 485 467 303 623 475
291 367 452 487 95 365 135 485 466 302 624 479
291 368 453 491 95 365 135 485 467 304 624 476
290 370 454 489 96 365 136 485
290 368 456 489 98 366 135 484 155 373 198 468
290 365 458 487 98 367 135 483 155 373 198 467
290 364 459 484 99 368 135 482 156 375 198 466
290 365 459 482 99 369 136 481
291 367 459 479 100 370 136 479 684 148 1230 559
293 368 459 478 100 369 136 478 685 148 1232 557
295 369 459 477 99 370 137 478 685 148 1232 558 157 377 202 466
297 369 457 478 99 370 138 479 474 305 618 464
299 370 458 476 99 371 139 480 474 304 617 468
298 372 460 475 99 371 139 481 473 301 618 470
299 373 464 473 105 374 148 478 473 302 618 469
300 374 465 473 105 374 148 477 473 303 618 467
304 374 468 471 105 374 149 476
302 373 470 469 105 375 149 476
302 372 471 468 105 375 149 477
314 371 483 466 105 375 149 476
316 369 484 465 105 375 149 475
318 369 486 466 105 375 149 473 157 376 203 467
318 369 494 468 105 375 150 472 157 377 205 468
320 368 506 470 105 375 150 472 157 379 206 468
323 368 518 470 105 375 151 473 157 379 207 468
105 375 150 474 332 367 526 469 157 378 207 468
105 374 151 476 337 368 531 467
104 374 151 478 338 366 535 465
104 374 151 478 346 368 562 467
104 374 151 477 348 367 571 466
354 368 577 466 104 374 152 475
361 370 585 469 104 374 152 475
366 370 591 470 104 374 152 475
105 373 152 476 368 370 596 472
105 373 151 475 356 370 603 473
105 372 151 475 380 373 631 474
105 372 151 476 377 372 645 474
105 372 152 478 375 370 652 473
104 372 152 479 296 367 653 470
104 373 152 479 296 370 651 470
104 373 151 479 300 372 646 470
105 372 150 480 323 372 711 476
105 372 149 481 319 367 722 478 626 349 719 406 270 360 308 435
99 368 139 483 318 366 722 478 308 366 406 428 626 348 719 404 270 360 307 435
98 368 139 482 747 148 1258 559 307 365 409 428 625 349 721 401 326 370 711 479 154 374 202 466
745 156 1265 558 98 368 139 481 311 361 448 428 624 348 723 399 153 372 203 468
739 159 1269 553 97 368 139 482 304 365 414 428 153 372 205 468
97 369 139 482 737 156 1267 552 303 365 417 432 153 374 206 467 274 367 298 428
97 369 139 483 302 365 420 436 659 153 1246 555 353 363 759 549 152 374 206 467 274 367 298 428
300 365 422 438 97 369 139 483 664 153 1245 557 369 358 750 550 152 373 206 468 274 367 298 428
97 369 139 483 297 365 424 441 670 150 1242 556 153 372 207 470 274 368 298 427 357 356 761 548
296 369 419 461 97 369 139 482 153 371 207 471 273 369 300 426
293 369 417 460 97 369 139 482 154 371 208 471
291 370 416 459 97 369 139 482 154 372 208 471
290 369 416 458 98 368 138 482 154 371 208 471 458 354 787 557
289 369 417 458 98 366 138 483 155 371 207 471 456 349 802 553
287 368 416 458 98 365 137 484 155 370 207 471
284 368 416 458 97 365 137 484 156 370 207 472
281 367 416 459 97 366 137 483 157 371 207 470
266 365 437 465 97 366 137 482 448 360 874 544 158 372 206 468
269 364 437 466 442 361 893 543 99 367 137 481 156 374 205 467
271 362 435 465 440 353 896 546 101 369 138 481
438 344 907 543 274 361 432 464 104 374 150 481
436 340 909 541 264 365 413 465 104 374 150 481 154 375 203 470
439 340 913 539 263 366 411 465 103 374 151 480 156 378 205 470
442 339 909 543 258 366 410 467
444 339 910 542 252 365 411 468 378 343 471 412
245 364 411 469 440 340 909 539 376 342 471 413
238 366 411 469 436 341 912 538 370 343 455 415
234 366 412 469 435 340 913 541 370 344 455 415
439 341 913 543 231 369 408 471
443 342 908 544 230 371 405 472 106 379 151 471
454 346 948 543 225 371 402 473 102 372 138 483 161 378 203 470
