

411 435 619 624 367 470 436 551 630 428 719 524 0 449 176 539 283 468 369 518 1135 471 1275 592 160 475 244 529 939 478 997 553
0 449 171 539 367 469 436 551 630 428 719 525 412 435 619 624 283 470 369 518 144 473 231 530 1143 469 1276 593 941 479 999 553 1014 477 1076 570
631 427 719 525 366 472 435 550 135 473 227 531 412 434 620 623 279 469 371 518 0 450 162 541 1162 462 1266 598 945 480 1001 553 1005 476 1088 570 220 477 298 521 592 459 627 494
365 471 434 550 631 427 719 524 411 434 620 622 262 467 360 519 0 447 151 542 129 473 223 530 1168 463 1267 598 948 480 1003 553 1002 476 1091 569 591 460 628 495
111 468 211 529 257 466 360 519 632 427 719 523 364 471 434 550 409 434 620 622 0 441 125 538 1173 465 1269 599 1024 474 1113 576 956 475 1039 558 592 460 628 495
632 427 720 523 365 468 435 551 253 465 358 520 409 433 620 622 103 467 207 530 0 441 114 539 1199 464 1276 605 962 477 1022 557 1024 473 1117 574
79 466 195 532 633 427 720 523 363 469 435 550 409 433 620 621 250 465 358 519 0 440 90 539 966 477 1025 558 1205 461 1278 607 1045 473 1139 578
72 465 190 532 632 427 721 523 362 469 434 550 230 465 340 520 410 432 620 620 0 423 77 558 971 477 1029 558
51 465 176 529 632 427 723 524 362 469 435 550 229 464 339 520 410 431 619 619 3 439 61 540 594 463 628 494 985 474 1046 563
43 464 173 529 231 463 338 520 632 428 724 523 363 469 435 549 409 430 618 618 594 463 628 494 989 474 1050 564 1105 456 1197 588
228 463 337 520 22 464 158 531 360 465 439 542 632 429 723 523 408 430 618 618 593 464 628 493 993 475 1054 564 343 481 380 508
15 463 153 533 224 463 334 520 632 429 723 523 360 465 440 542 406 429 618 617 339 480 382 509 1003 472 1087 570 596 473 624 501 878 470 959 537
203 462 316 519 5 461 130 531 632 427 723 524 362 464 439 543 404 428 618 617 334 478 382 509 877 470 962 537 592 463 627 493 1009 474 1089 570
2 460 127 532 201 462 316 519 632 425 723 525 366 465 432 543 401 427 618 617 1025 475 1109 573 877 470 966 538 330 478 380 509 591 461 627 493
0 459 117 531 194 462 318 520 631 423 723 525 365 463 431 543 400 426 618 617 1031 476 1113 573 877 470 969 538 591 461 627 493
631 424 722 524 399 426 618 617 176 459 299 521 365 462 431 544 0 457 91 530 1049 476 1138 577 878 470 970 538
631 423 722 524 169 458 298 522 0 457 84 532 398 427 617 617 364 461 430 543 1056 478 1140 576 902 481 986 542 592 461 626 492
631 423 722 523 396 427 616 616 159 458 300 521 2 452 66 536 364 460 429 540 903 481 990 542 593 462 625 491
144 457 278 522 630 422 724 522 392 426 615 616 0 453 59 535 303 473 372 510 361 464 421 539 1079 466 1240 584 593 462 624 492 903 482 994 543
630 422 724 522 389 426 614 616 133 457 280 521 298 472 368 508 360 464 421 539 1117 464 1275 591 1091 476 1194 580 592 462 623 492
630 421 723 521 387 426 613 616 113 455 254 521 287 469 367 512 1121 466 1274 593 360 462 422 539 591 462 622 492
631 421 723 520 388 426 611 616 1126 465 1273 594 360 460 422 541 94 454 233 522 284 469 363 510 927 479 1014 545 590 462 622 492
81 453 236 523 631 422 722 520 388 427 610 617 359 459 423 541 1134 466 1275 594 270 467 356 513 925 479 1017 546 589 462 621 492
631 422 721 520 388 428 610 618 1145 465 1277 594 358 460 421 539 35 447 235 529 265 467 353 512 922 478 1021 547 588 462 620 492
22 443 231 528 631 422 721 520 386 427 611 619 257 467 350 511 1164 459 1273 597 356 462 419 535 920 477 1024 550 588 462 619 492
5 437 230 526 631 422 722 520 385 427 612 619 250 467 350 510 1174 460 1275 598 921 476 1027 551 589 463 617 491
0 442 187 534 631 422 723 520 384 426 612 618 237 467 333 512 1200 455 1276 598 923 475 1025 551 612 469 629 489 590 471 613 500
0 440 179 536 631 422 723 520 384 425 611 619 231 467 330 511 943 475 1050 552 589 472 612 501 613 469 629 490
0 440 169 537 631 422 723 519 385 425 610 619 589 472 611 501 944 474 1053 552 213 466 310 512 613 470 630 490
631 421 723 518 385 424 609 619 0 436 158 537 206 465 310 512 588 473 610 501 961 473 1075 554 613 470 630 490
631 421 723 517 383 423 611 618 197 464 311 513 3 433 153 535 337 458 419 527 612 469 631 490 962 473 1077 555 588 473 611 499
630 420 723 517 382 423 612 617 182 463 291 515 5 427 147 532 335 457 419 528 612 469 631 489 989 476 1100 557 593 465 615 485
628 420 723 517 382 423 612 617 172 463 293 515 3 427 118 527 593 465 616 485 988 477 1101 559
628 421 722 517 382 424 611 617 158 464 269 517 990 475 1099 563
629 420 722 518 375 423 602 615 150 463 269 517 994 474 1097 564
629 420 723 518 374 423 603 615 3 381 176 519 134 462 241 518
629 419 724 518 372 424 604 614 123 461 243 519 2 380 172 521
629 419 725 518 371 424 606 614 1 378 168 524 102 461 227 520 293 463 377 511 612 469 632 488
629 418 725 517 91 461 230 520 370 425 606 614 0 376 163 524 290 463 375 510 612 469 632 488 353 466 411 535
631 418 725 517 370 426 605 614 0 375 159 522 285 462 371 510 68 460 203 521 351 465 410 535 613 469 631 488
633 418 726 517 371 426 604 614 0 375 154 518 53 458 210 523 280 462 369 511 350 464 411 535 614 469 631 488
370 426 604 614 635 418 727 518 30 457 191 524 269 462 358 512 0 378 148 512 351 463 411 534 587 474 609 503 614 469 632 488
370 426 604 614 636 418 729 519 265 462 356 512 0 381 144 505 22 457 191 524 586 474 609 504 614 469 632 488 352 464 410 532 1083 461 1240 581
370 426 604 614 636 417 730 519 4 455 165 527 257 461 354 511 0 380 138 499 613 469 633 488 586 474 610 505
372 426 604 614 637 416 731 519 251 460 351 511 6 455 154 527 0 378 133 497 614 470 633 488 586 474 611 505 218 472 246 511 1123 462 1277 588
372 427 604 614 636 416 732 519 0 452 131 529 241 461 336 511 614 470 633 488 587 474 612 505 0 375 126 497 1134 461 1279 590
373 427 604 614 637 415 733 518 0 453 120 528 235 460 332 511 587 475 612 505 199 472 224 511 615 470 633 488 0 375 122 496 353 465 410 528
373 427 604 614 637 416 734 518 229 460 328 511 0 454 87 528 588 475 613 505 196 472 222 512 615 470 633 488 356 464 411 530
373 426 604 614 643 413 739 518 216 459 310 512 588 474 614 505 0 455 81 528 616 470 633 487 358 463 412 531 1 381 87 472
372 425 605 615 207 458 311 512 643 413 740 518 589 474 615 505 0 376 79 515 171 471 198 514 617 469 633 487 359 464 412 532 308 463 398 517
371 425 606 615 198 458 311 512 643 413 740 518 0 378 72 520 589 474 615 505 167 469 196 515 617 469 633 487 359 464 412 533 898 455 941 536
371 425 606 614 644 415 741 518 184 456 292 515 589 474 615 505 0 374 60 525 360 464 415 534 616 468 633 488
381 425 611 620 644 414 744 519 177 455 289 515 360 463 417 535 590 474 615 505 142 467 172 513 616 469 633 488 293 463 372 514
382 422 611 622 644 413 746 519 171 455 285 515 360 464 417 535 289 464 370 515 592 475 616 504 615 469 634 488
382 420 610 624 153 456 270 516 645 414 749 519 359 464 417 535 286 464 368 516 120 465 150 513 615 470 634 488
383 419 610 624 646 415 749 519 146 455 269 517 358 462 417 535 284 465 365 515 616 470 635 488
383 421 610 623 647 415 751 518 357 461 417 535 125 455 250 518 270 467 357 513 592 474 617 505 616 470 636 488 866 465 887 515 91 466 120 516
112 453 254 518 647 415 753 517 357 461 418 534 266 467 355 513 591 474 618 505 617 470 636 488 869 465 888 515
648 416 755 517 356 462 417 534 263 467 353 513 96 456 228 519 592 473 617 505 618 470 636 488 68 467 98 517 870 464 889 515
649 416 755 517 355 462 417 534 85 451 232 521 260 468 350 512 592 473 618 505 619 471 635 487 977 440 1015 545
650 417 756 518 385 423 612 622 355 463 416 534 57 451 211 523 257 469 348 512 593 473 619 505 983 439 1018 546
650 417 757 518 386 422 613 623 355 462 417 534 20 446 217 529 252 469 348 513 997 437 1035 550
650 418 758 519 387 421 613 623 10 445 211 529 355 463 417 535 242 471 329 514 886 466 906 514 1003 437 1038 552
651 417 760 519 386 420 613 622 356 462 418 534 234 470 329 515 887 466 907 515
653 416 762 519 0 443 177 532 387 420 615 622 357 462 418 534 225 468 331 515 890 465 910 516
654 416 763 520 0 440 167 533 387 419 615 622 206 469 313 517 358 461 419 535 892 463 913 517
389 418 615 622 655 416 764 520 0 437 157 536 359 460 418 536 199 467 317 517 597 472 619 504
390 418 615 622 655 417 765 521 0 439 126 536 360 461 418 537 193 464 317 517 913 461 936 517
388 417 617 622 654 416 766 521 360 461 418 538 175 468 295 521 0 437 116 538 913 461 937 518
387 417 619 623 167 466 295 522 359 462 418 538 654 416 767 521 0 438 86 536 915 461 939 518
386 417 621 623 359 463 418 539 654 415 767 521 150 468 277 524 1 437 64 538 918 460 940 518
387 419 624 622 357 463 419 539 143 467 275 525 653 415 768 521 935 460 959 519
388 420 626 622 356 464 418 540 653 414 768 521 140 467 271 524 936 460 958 519
110 466 258 531 390 422 627 623 354 465 418 539 642 411 776 526 936 461 960 519 614 465 639 490
390 422 628 623 643 409 776 527 354 465 418 538 90 468 239 530 940 461 963 520 614 473 637 501 48 472 74 520
391 423 630 623 644 410 776 527 355 464 419 539 79 466 241 531 612 464 639 489 958 459 982 520
392 423 631 623 644 410 777 526 357 465 419 539 70 466 243 530 959 459 982 521
393 425 633 623 644 411 779 526 357 465 419 539 46 464 222 532 962 457 985 522
395 425 634 623 646 411 780 525 28 463 194 533 356 466 418 538 966 457 988 522
648 410 782 524 396 425 637 623 355 466 419 538 22 464 191 534 612 473 638 506 984 459 1006 521 332 480 373 509
652 410 784 525 397 424 639 622 3 463 169 534 356 465 418 539 986 459 1006 523 612 474 638 505 333 479 375 511
654 410 785 525 398 423 641 622 0 464 163 535 358 465 418 538 988 460 1008 523 334 478 376 512 613 476 638 505
656 410 786 525 398 422 641 622 0 460 141 537 359 465 418 538 991 461 1011 523 336 478 376 512 613 477 637 506 1011 458 1031 522
657 410 788 526 400 423 643 622 0 461 129 540 366 465 428 540 614 477 639 507 1012 458 1032 524 336 477 375 510 311 481 349 510
659 409 789 527 402 424 643 624 366 465 430 540 1013 458 1032 526 0 460 121 542 304 481 353 511 614 476 641 508 84 475 182 528
660 409 790 528 404 424 644 625 0 459 86 542 365 466 431 540 62 475 166 530 297 479 358 512 1016 458 1035 525 615 476 642 507
671 408 784 532 405 425 644 627 55 475 162 533 364 466 432 540 0 459 81 542 616 475 642 508 291 475 370 518 1037 460 1055 522
663 410 792 528 406 425 645 628 364 467 433 541 616 475 643 509 36 473 140 535 283 482 340 514 1037 462 1055 524 0 461 63 542
665 411 794 528 409 426 645 627 364 467 434 542 278 484 337 515 617 475 645 509 6 467 119 539 1035 449 1062 538
665 411 797 527 411 426 646 628 365 467 435 542 4 469 115 540 617 475 647 509 276 485 331 515 1055 450 1083 538
664 410 799 527 413 427 647 627 366 467 437 542 0 476 112 542 619 475 648 508 1055 449 1082 541 264 486 310 515 1078 451 1106 538
662 411 802 526 367 462 441 546 414 428 650 628 0 470 86 538 620 474 648 507 1078 450 1106 541 256 486 313 517 1060 449 1087 544
675 409 808 530 366 461 443 545 415 430 650 628 1079 449 1107 543 0 475 80 544 251 475 351 520 622 475 648 507
675 409 808 529 366 461 445 545 416 430 652 627 1080 448 1108 546 241 477 335 521 0 467 60 541 1104 449 1137 539 639 478 659 498 623 474 649 507
674 408 810 529 366 461 445 545 416 430 652 626 234 476 334 522 1086 448 1114 547 1104 448 1135 540 637 478 659 500 0 475 56 548
673 407 812 530 365 461 445 545 228 475 332 523 417 429 652 624 1105 448 1136 542 637 478 660 502 1126 449 1158 538 1086 449 1117 547
673 407 815 531 365 462 445 544 1107 447 1136 546 418 429 652 624 1127 448 1159 541 226 475 328 522 637 478 659 504
674 406 817 532 363 462 446 543 418 429 653 626 1127 447 1159 544 205 478 316 525 1148 449 1181 542 134 431 237 513 1113 448 1143 548 15 428 221 526
