

418 391 926 711 876 406 979 558 4 413 63 522 648 218 819 418 93 401 176 498 214 405 263 485 476 368 487 389 1045 432 1138 522 839 374 890 435 499 369 509 387 358 386 456 452
420 391 925 712 876 404 977 556 4 413 63 521 648 218 820 417 214 405 263 485 93 401 176 498 476 368 486 389 1205 442 1279 715 839 373 890 436 1045 432 1138 522 499 369 508 387 358 386 456 452
421 390 923 712 874 402 975 554 4 413 63 521 648 219 820 417 214 405 263 485 1198 435 1279 715 93 400 176 498 476 368 486 389 838 373 890 435 499 368 508 387 357 386 456 452 1044 432 1138 522
421 391 923 711 873 402 972 551 5 414 63 521 214 405 263 485 93 401 175 498 647 218 820 417 476 368 486 390 838 373 890 435 1161 371 1279 700 500 368 509 387 1044 432 1138 522 356 385 456 452
420 391 923 712 870 403 968 548 1161 369 1279 701 4 414 63 521 214 405 264 485 93 401 175 498 647 217 821 418 837 372 889 434 475 368 486 390 1044 431 1138 523 500 368 509 388 356 385 455 453
421 391 923 713 1156 364 1279 701 867 403 965 547 4 414 63 521 215 405 265 485 93 403 175 498 1044 432 1138 523 837 371 889 434 474 367 486 391 966 397 1065 490 500 368 509 388 355 385 455 453
423 390 923 713 1151 361 1279 702 866 403 963 545 5 414 63 521 214 405 264 484 835 366 882 433 92 402 175 498 1044 432 1138 524 475 368 485 391 355 385 455 453 500 368 508 388 967 397 1064 490
424 390 922 714 1145 362 1279 702 867 403 961 542 5 414 63 521 215 404 264 484 835 366 882 434 92 402 175 498 475 367 486 391 1044 431 1138 524 355 384 455 453
425 390 921 715 1137 360 1279 702 5 414 63 521 867 402 959 539 215 404 264 484 92 402 175 499 1044 431 1137 523 475 368 486 390 835 365 881 434 647 218 820 418 356 384 455 453
424 390 920 716 1129 361 1279 697 5 415 63 521 865 369 951 519 1045 431 1136 524 215 405 264 484 92 402 175 498 475 367 486 390 647 217 820 417 834 366 881 433
424 389 918 716 1124 360 1278 693 5 415 63 521 861 369 950 518 1046 430 1135 524 215 405 264 485 474 367 486 390 93 402 175 498 647 218 820 417
425 389 916 716 5 414 63 521 859 369 947 518 215 405 264 484 1115 531 1279 719 1046 430 1134 524 1120 330 1274 665 474 367 486 390 93 402 175 497 933 400 1018 503 836 375 872 424
426 389 914 716 5 414 63 521 858 370 944 517 215 404 264 484 1085 367 1239 684 474 367 486 390 94 403 175 497 932 400 1018 503 836 374 871 425 1110 531 1279 719 1040 434 1096 517 56 422 113 509
426 390 914 715 1078 365 1226 687 856 370 939 516 5 414 63 521 215 404 265 484 836 375 870 426 932 401 1017 503 95 404 175 497 1039 433 1094 517 56 421 113 509
426 389 914 715 1072 366 1216 688 856 369 938 515 5 415 63 521 215 404 265 484 835 375 869 425 931 401 1017 502 95 404 175 497 56 422 113 509 1039 432 1093 517
427 389 914 716 1070 364 1209 688 855 370 936 514 5 415 63 520 835 375 868 425 215 405 265 484 544 383 570 407 930 402 1017 502 94 404 175 497 56 422 113 509 357 386 452 453
428 389 914 717 1053 366 1191 678 5 415 63 521 855 371 935 514 835 375 867 425 544 382 569 407 215 406 264 484 928 402 1017 502 94 403 175 497 356 386 452 453 56 422 114 509
427 391 916 717 1044 367 1186 674 5 415 63 521 854 372 935 513 543 382 569 408 836 375 866 424 215 406 265 485 927 402 1017 502 94 402 175 498 56 422 114 509
427 391 917 716 1036 366 1178 671 5 414 63 522 854 373 933 514 543 382 568 408 927 402 1018 501 646 218 822 420 215 406 264 484 838 375 865 424 94 402 175 497 55 422 114 509 357 385 453 453
428 391 917 715 1027 351 1165 642 4 414 63 522 927 402 1017 500 542 382 567 409 853 373 931 513 646 218 822 420 215 405 264 485 1042 504 1167 679 94 402 175 497 838 375 864 424 851 429 906 507 56 422 114 509
429 391 916 716 4 414 63 522 927 402 1017 499 1022 352 1161 640 542 383 566 408 646 218 821 420 852 373 930 512 1034 505 1156 672 851 429 906 508 215 405 264 484 94 402 175 497 838 375 863 423 44 415 127 512
429 392 915 716 1014 367 1127 610 4 414 63 522 542 383 566 408 928 403 1017 498 1009 498 1145 658 646 219 821 419 851 430 906 508 851 372 932 509 215 405 264 484 94 403 175 497 45 415 127 512 837 375 863 423 399 386 454 448
430 392 915 716 1009 369 1121 609 1006 499 1141 654 5 414 63 521 542 384 565 408 851 430 905 508 929 403 1018 497 646 220 821 419 215 405 263 484 851 372 933 508 95 403 176 497 836 375 862 422 45 415 127 512 398 387 454 448
430 391 915 716 1000 369 1112 604 1008 496 1124 652 4 414 63 521 541 384 565 409 852 429 904 505 646 219 821 420 215 404 263 484 94 402 176 497 931 403 1017 497
430 390 917 716 994 369 1104 601 999 493 1113 648 4 413 63 521 540 385 564 409 852 428 902 502 215 405 264 484 646 219 821 420 94 401 175 497 850 377 902 464
430 390 918 717 988 369 1096 599 992 490 1102 644 4 413 63 521 539 386 564 410 849 402 902 494 215 404 264 484 94 401 175 497 647 219 821 421
430 390 917 717 986 368 1093 597 4 412 63 522 990 490 1095 642 538 386 563 411 847 400 900 493 215 404 264 484 646 219 822 421 93 401 175 497 926 429 981 498
430 389 917 717 968 366 1077 598 4 412 63 522 535 385 563 412 846 401 899 493 215 404 264 484 646 218 822 421 93 401 175 497 973 486 1082 642
428 388 918 717 962 365 1072 594 4 412 63 522 534 384 563 413 845 401 899 492 647 217 821 421 215 404 264 484 94 401 175 497 357 386 453 453
427 388 918 717 955 365 1065 589 4 412 63 522 215 404 264 484 534 383 562 414 844 404 899 492 647 217 821 421 94 402 175 497
426 389 918 716 951 364 1062 584 4 413 63 522 215 404 264 484 843 405 899 492 646 218 821 420 535 383 562 414 355 385 454 453 939 470 1080 613 94 401 175 497
425 388 919 715 947 364 1057 579 4 413 63 522 841 405 898 492 215 404 264 484 647 218 821 420 355 385 455 453 94 402 175 497 937 468 1076 607 44 414 127 513
425 388 921 714 942 364 1053 575 4 413 63 522 840 405 896 492 215 404 265 484 647 219 820 419 355 386 455 453 94 402 175 497 1046 431 1139 520 44 414 128 513
425 388 923 714 937 366 1048 573 4 413 63 522 839 405 895 491 215 404 265 484 647 219 820 418 94 403 175 497 1045 431 1139 520 356 386 454 453 945 485 1041 593 44 414 128 513 893 405 947 491
426 388 923 712 933 367 1046 573 4 413 63 522 215 404 264 484 839 404 894 491 354 386 456 453 93 402 176 497 647 220 820 418 893 404 946 492 1045 432 1139 520 943 485 1037 590 44 414 128 513
426 389 924 711 925 383 1022 559 5 414 63 521 215 404 265 484 837 404 894 491 354 387 456 453 93 402 176 497 1045 432 1138 519 939 458 1038 597
426 389 925 711 921 384 1016 558 5 414 63 521 931 472 1017 578 215 404 265 484 837 375 894 464 93 402 175 497 355 388 456 453 1045 433 1138 520
425 389 926 712 916 389 1010 558 5 414 63 521 214 404 265 484 521 395 545 431 93 402 175 498 837 375 893 462 357 389 455 453 1045 433 1138 521
425 388 927 712 913 390 1008 558 5 413 64 522 520 396 544 431 214 404 264 484 93 402 176 498 357 389 454 452 1044 433 1138 521 837 375 892 460
425 388 927 713 907 376 998 527 5 414 63 522 519 395 544 432 214 404 264 484 93 402 176 498 357 388 453 452 913 470 997 565 1044 432 1137 520 44 415 128 512 833 371 882 435
427 387 925 715 908 392 998 554 4 414 63 522 518 395 541 433 215 404 264 484 94 401 176 498 356 388 452 452 44 415 128 512 833 370 881 435
427 387 926 715 906 391 993 552 4 414 63 522 517 395 540 433 215 404 263 484 355 388 452 452 94 401 176 498 43 415 128 512 832 370 881 435
425 387 926 714 904 393 992 551 4 414 63 521 516 395 539 434 354 388 453 453 215 404 263 484 94 401 176 498 43 415 128 512 832 369 881 436
423 387 925 713 899 392 990 552 5 414 63 521 514 395 538 435 354 387 453 452 215 404 263 484 94 402 176 497 43 416 128 512
423 387 923 713 896 395 988 552 5 414 63 521 513 394 537 436 215 404 263 484 355 387 454 452 94 401 176 497 1044 432 1137 520 44 416 128 512
422 388 923 713 889 374 971 530 5 414 63 521 215 404 263 485 510 394 536 437 94 401 176 497 355 387 454 452 1044 431 1137 521 831 377 882 456
422 389 924 713 888 374 969 529 5 414 63 521 215 404 263 484 510 394 536 437 1044 430 1137 522 94 401 176 497 474 381 491 408 831 377 882 457 355 387 454 452
423 390 922 714 886 376 964 528 5 414 63 521 214 405 263 484 94 400 176 497 1044 431 1137 521 831 377 881 457 356 387 454 452 886 383 908 416
425 390 919 714 883 377 959 527 5 414 63 521 214 405 263 484 94 400 176 497 1044 431 1137 521 831 378 880 455
426 390 918 715 882 377 953 528 4 414 63 521 214 404 263 484 94 400 176 497 1044 431 1137 522 830 377 879 456
427 390 917 713 880 376 950 527 5 414 63 521 214 404 263 484 94 401 176 497 829 371 877 439 945 398 1048 494 1045 431 1136 522
428 389 918 714 877 376 947 526 4 414 63 521 214 404 263 484 93 401 176 498 493 395 521 449 828 370 876 439 943 397 1049 495 1045 431 1136 522
429 389 918 715 874 376 945 522 4 413 63 521 93 401 176 498 214 404 263 485 492 394 520 451 827 370 876 439 930 401 1019 499 1045 431 1136 522 357 386 454 452 45 415 128 512
430 390 919 716 872 376 944 521 4 413 63 522 92 401 176 498 214 404 263 485 826 371 874 439 489 394 519 453 357 386 454 452 927 401 1019 499 1045 431 1136 522 45 414 129 512
430 392 919 715 4 413 63 522 874 383 931 501 825 371 874 439 214 404 263 484 92 401 176 498 356 387 454 452 927 401 1019 500 1045 431 1136 522
430 392 918 714 872 382 930 501 4 412 63 522 215 404 263 485 92 401 176 498 927 401 1019 500 825 372 872 438 1045 431 1137 522 358 387 453 451 853 433 942 514
430 392 918 714 870 382 929 499 4 412 63 522 215 404 264 484 92 401 176 498 928 402 1020 501 480 390 523 462 1045 432 1137 522 853 433 941 513
430 391 918 713 869 382 928 499 4 412 63 522 215 405 264 484 92 401 176 498 928 402 1020 501 477 388 520 465 1044 432 1138 522 854 433 940 512
429 391 917 713 869 384 926 498 4 412 64 522 929 402 1020 501 214 405 264 484 92 401 176 498 1044 432 1138 522 475 387 518 466 854 433 939 512
429 390 917 714 868 384 924 497 4 413 63 522 929 402 1020 501 92 401 176 498 214 405 264 484 1044 432 1138 522 467 385 507 467
428 391 918 715 867 383 923 498 4 413 63 522 929 402 1020 501 91 401 176 499 214 405 264 485 464 384 505 468 1044 432 1138 523
427 391 919 715 866 382 920 498 4 413 63 522 930 402 1020 501 91 400 176 499 458 403 501 479 214 405 264 485 1044 432 1138 522
427 391 919 715 864 383 919 498 5 414 63 522 929 402 1020 501 454 405 497 481 91 399 176 498 214 405 264 485 1044 432 1137 522
426 391 920 715 862 382 918 498 5 414 63 522 928 402 1020 502 450 406 494 483 215 405 263 485 92 400 176 498 1044 433 1137 522
423 393 920 714 926 401 1021 502 5 414 63 522 860 382 918 498 441 405 486 484 215 405 263 485 92 402 176 497 1044 433 1137 522
422 394 921 714 851 390 910 492 437 405 483 486 926 402 1020 502 5 414 63 522 214 405 263 485 93 403 176 497 1044 433 1138 521 493 380 510 418
422 393 920 713 851 392 908 491 432 403 480 489 926 402 1020 502 5 414 63 522 214 404 262 485 493 379 511 419 93 402 176 497 1044 433 1138 521
424 392 919 714 853 379 905 472 426 399 476 493 925 402 1019 502 5 414 63 522 214 404 262 485 92 402 176 497 494 379 513 417 1044 432 1138 522 850 427 904 507
424 392 920 715 853 379 902 471 925 402 1019 502 5 414 63 522 422 396 473 496 215 404 262 485 92 402 176 497 1044 432 1138 522
423 392 922 715 852 379 901 470 408 392 465 499 924 402 1019 502 5 415 63 522 215 404 262 485 92 402 176 497 497 396 519 441 1044 432 1138 521
422 392 922 714 852 379 900 471 403 391 462 501 924 401 1018 502 5 415 64 522 215 404 262 485 496 394 518 443 1045 432 1138 521 93 402 176 498
422 393 921 715 852 379 899 471 923 401 1018 502 5 415 64 522 398 423 456 508 494 393 517 447 215 405 262 485 1044 432 1138 521 93 402 176 498
422 394 921 715 852 378 898 471 922 402 1018 502 5 414 64 522 492 392 517 449 215 405 262 485 1044 432 1138 522 386 423 439 513 93 402 176 498
423 395 921 715 852 378 897 471 378 425 437 518 921 401 1018 502 5 414 64 522 490 392 516 451 215 405 261 485 1044 431 1138 522 93 402 176 498
424 396 922 716 851 378 896 471 921 401 1018 502 5 414 64 522 371 423 432 521 488 392 514 453 215 405 261 485 1044 431 1137 522 92 402 176 498
424 396 922 715 850 377 894 471 921 401 1019 502 4 413 64 522 486 393 513 453 1044 431 1137 522 215 405 262 485 355 420 416 525 92 402 176 498
423 395 922 715 849 377 894 471 4 414 63 522 920 402 1019 502 332 381 418 513 480 382 519 458 1044 432 1136 523 92 403 176 498 214 406 262 486 349 442 409 534 404 389 458 443
423 395 922 715 849 376 893 470 4 414 63 522 920 401 1019 503 320 377 404 517 1044 432 1136 523 92 404 175 498 214 406 262 486 332 442 392 539 46 416 129 512
425 395 922 716 848 377 892 469 313 373 395 522 4 414 63 521 920 401 1019 503 324 444 391 543 1044 431 1135 523 92 404 176 498 214 406 262 486 45 416 129 512
425 394 921 716 848 377 891 469 4 414 62 521 920 401 1019 503 291 371 378 527 1044 432 1135 523 214 406 261 486 93 405 176 497 309 446 393 546 45 416 128 512
426 393 919 717 279 373 367 524 847 377 890 468 4 414 62 521 920 401 1018 503 215 406 262 485 93 404 176 497 1044 432 1135 522 286 444 372 553 46 416 128 512
426 392 918 717 262 414 355 557 4 414 62 521 846 377 889 469 920 400 1018 504 461 400 502 477 93 404 176 497 214 406 261 486 1044 432 1135 522 46 416 128 511
426 392 917 717 4 414 62 521 920 400 1018 504 844 377 889 467 458 402 499 479 93 404 176 497 236 412 339 563 213 406 259 488 1044 432 1136 522 45 415 128 512
426 392 917 716 223 446 323 581 224 373 322 521 453 403 497 484 921 400 1017 504 4 413 62 521 844 377 889 468 93 404 176 497 1044 432 1137 521 45 414 128 512
425 393 918 716 921 400 1017 504 4 414 62 521 448 403 495 487 93 404 175 497 843 377 889 467 208 446 310 587 213 372 307 519 1044 432 1137 522 45 414 128 513
422 393 920 715 171 448 282 598 920 399 1017 504 438 402 488 489 4 415 62 521 176 371 277 524 837 376 878 465 1044 432 1138 522 512 364 553 392 44 415 128 513 92 406 173 497
419 393 921 714 434 403 487 492 920 399 1017 504 4 417 63 520 158 371 266 574 837 376 877 463 1044 432 1138 522 511 364 552 391 646 218 820 419 84 426 137 502 45 417 129 512
420 393 921 714 427 400 482 497 919 400 1017 504 836 377 875 463 4 417 63 520 1044 432 1138 522 488 379 507 421 509 364 551 389 646 217 820 420 124 373 231 581
422 393 919 715 919 400 1017 504 835 377 873 462 487 379 507 422 421 397 477 500 3 416 63 521 1043 433 1138 522 1163 465 1272 704 508 364 550 388 36 439 214 639 120 373 217 585 645 217 820 419
424 393 918 717 410 392 466 501 919 401 1017 504 834 377 872 464 487 379 507 421 1043 432 1138 522 214 406 262 485 30 396 196 662 1159 536 1275 714 507 364 549 389 2 418 63 519
422 394 919 717 406 391 463 502 1 391 159 666 832 377 871 463 488 380 507 421 919 401 1018 504 1044 432 1138 523 1129 355 1279 702 1154 537 1276 714 490 397 510 429 214 407 263 485 508 365 546 388
420 395 921 717 831 377 870 463 488 380 508 420 400 418 457 514 919 401 1017 503 1114 529 1278 717 1044 432 1137 522 490 397 511 429 1123 311 1278 679 214 407 263 485 0 433 145 709
417 395 922 716 830 377 869 463 488 380 508 420 918 402 1016 502 1108 530 1279 714 214 406 263 485 384 418 441 518 1044 432 1135 522 96 406 174 494
418 394 923 715 829 377 868 464 374 418 440 525 488 380 509 420 919 403 1016 502 1099 529 1279 717 214 406 263 485 440 379 462 416 92 406 173 496 43 415 129 512
419 395 922 716 829 378 868 463 487 380 510 421 1075 525 1262 719 919 403 1016 502 5 417 61 520 359 402 446 532 1077 331 1229 662 441 380 463 414 214 406 263 485 92 404 174 498
418 394 921 716 1062 520 1253 719 827 378 867 462 5 415 62 521 919 403 1016 502 339 406 427 537 490 396 512 431 1069 340 1224 651 93 404 174 498 214 407 263 486
418 393 918 718 326 409 415 542 919 402 1016 502 1037 346 1188 641 5 414 62 521 490 396 512 432 826 379 866 460 93 404 174 497 1033 517 1205 716 443 379 464 411 214 407 262 486
418 392 916 718 313 412 402 547 1027 347 1176 633 1029 513 1190 716 919 402 1016 502 5 414 62 521 490 396 512 432 825 379 866 458 214 407 262 486 93 405 174 497
