

1040 234 1279 661 598 230 867 458 850 251 1135 457 504 207 515 227
598 228 868 459 1042 233 1279 661 851 250 1134 461 504 207 514 227
597 227 868 460 1045 233 1279 661 851 250 1134 463 504 207 514 227
598 226 867 460 1049 236 1279 658 851 251 1134 464 502 206 513 227
596 225 868 459 1053 238 1279 656 850 250 1136 461 500 206 511 226
596 223 869 461 1062 281 1275 662 851 249 1136 458 499 205 510 226
596 221 871 462 1064 281 1276 663 852 248 1137 454
596 219 871 466 852 248 1137 451 1066 283 1276 662
595 217 871 467 1068 284 1276 664 852 248 1134 448
594 216 871 469 848 254 1110 434 1070 290 1276 664 375 135 399 183
593 214 872 470 849 255 1108 435 1073 294 1275 665 375 135 398 182 495 197 506 219
592 214 876 473 851 255 1106 436 1075 299 1275 666 1168 284 1275 348 373 134 397 181 494 197 506 218
852 255 1105 435 591 215 879 474 1079 305 1273 664 1165 284 1273 346 371 133 395 179 493 198 505 218 815 146 846 165
852 256 1104 434 591 217 882 476 1080 310 1272 660 1161 285 1270 344 370 133 392 178 493 198 504 219
850 255 1104 430 592 218 883 476 1082 315 1271 657 1160 286 1268 344 368 133 391 179 492 205 503 225
850 254 1103 429 590 218 885 475 1084 316 1270 657 1158 288 1266 345 367 133 389 179 491 205 502 225
850 251 1100 428 591 217 885 475 1094 310 1279 660 1157 288 1264 345 364 132 387 179
851 250 1098 429 593 215 886 477 1095 311 1279 659 1155 288 1263 345 363 131 385 177 482 197 494 218
851 249 1095 429 596 214 886 480 1096 310 1279 658 1154 288 1264 345 482 197 494 218 353 126 378 174
851 249 1092 428 596 213 889 484 1098 311 1278 658 1142 287 1262 342 481 197 493 219 351 125 376 173
851 250 1088 427 595 213 892 485 1100 312 1277 658 1140 287 1260 343 481 196 493 219 350 124 374 173
854 250 1083 426 591 213 895 488 1102 315 1277 657 1139 288 1259 344 480 196 492 220 348 123 371 173
856 251 1079 425 591 214 898 489 1104 317 1277 655 1137 288 1259 344 480 196 492 220 347 123 369 172
857 251 1075 425 586 214 901 492 1106 322 1277 652 1134 288 1257 344 480 196 491 219 521 258 539 287 344 122 367 172
856 250 1072 423 582 214 905 494 1109 324 1277 650 1132 288 1254 344 522 259 538 287 480 196 491 219
855 250 1068 421 577 215 908 496 1111 325 1277 650 1130 288 1251 344 522 260 538 288 480 197 491 220
856 251 1066 420 575 217 912 497 1113 323 1278 651 1129 288 1251 344 481 205 491 225 521 261 538 288
858 251 1061 420 576 218 915 501 1114 325 1278 651 1128 287 1251 344 480 205 490 225
858 251 1055 419 576 218 917 503 1116 327 1278 651 1126 286 1253 343 479 205 490 225 521 264 536 290
857 251 1050 418 579 218 919 506 1117 330 1277 650 1124 285 1253 342 520 263 535 291 479 205 490 225
579 219 920 505 856 251 1046 417 1117 330 1277 650 1123 285 1252 343 519 262 535 292 479 205 490 226
581 219 923 506 854 250 1044 415 1117 331 1276 650 1123 284 1251 343 518 262 535 292 478 205 489 226
581 219 927 505 851 250 1044 413 1118 331 1275 651 1108 284 1244 342 519 263 535 292 478 205 489 226
582 219 928 506 850 251 1043 409 1118 332 1275 651 1107 283 1243 343 519 262 535 291 477 205 488 226
582 219 930 507 850 251 1039 407 1117 332 1275 652 1106 283 1242 343 519 261 535 291 477 205 488 226
581 219 933 511 853 253 1034 406 1104 283 1239 343 1119 333 1275 651 519 261 536 291 477 206 489 226
578 220 938 514 855 255 1027 404 1104 284 1234 344 1121 334 1275 650 476 197 488 219 518 263 536 290 478 206 489 226 1221 309 1278 346
576 221 941 517 1125 334 1275 649 1103 285 1229 345 859 257 1023 404 476 197 488 218 1220 310 1279 346 518 264 536 290
576 222 945 519 1103 286 1228 346 1125 333 1275 649 861 257 1019 403 476 197 488 218 517 264 535 291 1219 310 1278 346
578 221 944 521 1101 286 1228 347 1123 334 1275 649 865 257 1014 401 516 264 534 291 475 197 487 217 1217 310 1278 346
578 220 944 522 1100 286 1228 347 1123 334 1275 648 870 257 1008 399 474 196 487 217 515 264 533 291
580 218 943 522 1099 286 1228 347 1121 334 1275 648 874 258 1004 396 473 195 486 218 13 260 154 394
580 218 945 521 1098 285 1229 347 1119 333 1275 648 882 256 1000 394 473 195 486 218 10 263 154 396 514 260 530 290
580 217 947 520 1096 284 1231 346 1116 335 1275 647 853 251 998 391 473 195 486 219 515 259 530 290 10 266 155 399
582 216 947 519 1115 337 1276 645 1094 284 1233 345 870 246 988 395 473 195 486 219 516 260 531 290 7 269 155 402
582 215 948 523 1114 339 1277 643 1093 283 1234 343 870 247 985 390 473 195 486 219 515 261 531 290 0 268 41 375 338 228 371 317
582 214 948 529 1114 338 1277 642 1093 283 1234 343 869 248 980 388 472 195 485 219 514 261 531 290 337 228 371 316 0 265 39 378
579 213 948 536 1114 335 1278 642 1083 282 1223 344 867 249 975 387 337 227 371 316 513 262 531 290 471 195 486 219 7 270 154 406
577 213 949 539 1114 333 1278 643 1083 283 1221 344 865 249 970 385 336 227 370 317 6 273 152 408 513 264 530 289 470 194 486 220
577 212 950 541 1083 283 1221 345 1116 332 1277 643 335 226 370 318 865 250 967 385 6 276 149 408 513 264 530 289 469 194 486 221
576 212 951 540 1082 283 1221 344 1118 332 1277 643 334 226 371 318 6 278 147 407 469 194 486 220 512 264 530 289 866 250 964 385
576 211 950 540 1081 283 1222 344 1121 331 1278 643 334 226 371 318 513 261 530 289 26 268 126 413 469 193 486 220
575 210 947 539 1079 283 1222 343 1124 330 1278 643 334 227 372 317 25 267 123 413 513 260 530 289 470 193 486 221
575 210 944 536 1078 283 1221 343 1126 328 1278 645 334 226 372 316 22 267 120 415 470 192 486 221 513 258 529 288
576 209 942 533 1127 327 1277 647 1078 282 1221 342 334 225 372 316 20 268 119 418 469 191 486 221 513 256 529 287
575 208 941 532 1128 327 1277 647 1077 277 1216 340 334 224 372 316 15 266 117 424 469 191 485 220
574 207 939 531 1128 328 1278 645 1075 277 1216 340 335 223 372 316 11 263 115 427 468 191 485 220
571 207 939 534 1129 330 1278 644 1074 277 1215 340 336 221 372 315 8 259 113 428 468 191 484 219
572 206 939 539 1073 277 1215 339 1129 330 1278 644 337 220 372 315 6 256 112 427 468 190 484 218 316 94 339 148
573 206 941 537 1073 277 1214 339 1128 330 1278 644 336 218 373 315 4 254 110 428 469 190 484 217 311 224 338 315
573 207 939 530 1072 277 1215 337 336 217 373 315 1126 329 1278 644 3 256 109 427 468 189 483 216 310 220 339 314
571 207 939 519 1072 276 1215 336 336 217 374 315 1124 327 1278 644 308 217 339 314 4 258 106 425 468 188 483 215 1198 293 1272 344
570 208 936 518 1071 275 1218 334 336 216 373 316 1124 326 1277 645 306 216 338 314 1 256 82 427 468 188 483 214 1198 293 1274 343 504 252 518 282
571 208 933 517 1072 273 1216 333 335 216 373 317 1123 324 1277 645 1 257 80 430 305 215 339 314 468 188 483 214 504 251 518 283 1197 291 1274 342
572 208 930 517 1071 272 1217 332 334 215 373 317 1122 323 1276 645 305 215 339 314 1 259 78 430 467 188 483 214 503 250 519 283 235 67 280 149
574 207 926 515 1072 272 1215 331 333 216 373 317 1121 321 1276 645 304 215 340 315 467 188 483 215 503 249 519 284 2 258 74 433 231 69 277 147
574 207 926 514 1072 272 1217 332 334 216 373 316 1121 318 1275 646 303 215 341 315 467 189 482 215 501 248 520 285 2 260 72 432
574 207 924 512 1071 272 1219 332 1121 313 1275 647 334 216 374 315 302 214 340 316 467 189 482 215 500 247 520 285
574 207 923 509 1071 273 1220 332 1120 308 1276 650 334 216 374 315 303 213 340 316 500 247 520 286 467 188 482 215
574 207 921 507 1071 273 1221 333 303 212 340 317 1119 303 1276 654 334 215 375 315 466 188 482 214 499 249 519 285 1 303 59 435 790 128 817 143
573 206 920 503 1072 273 1220 333 334 214 374 315 1119 300 1276 657 304 212 340 316 466 188 482 214 0 302 56 437 790 128 817 142 498 251 518 285
573 204 916 500 1072 273 1218 333 333 214 374 315 1118 297 1277 659 305 213 339 316 465 188 482 214 790 128 817 142
1069 273 1220 334 572 203 912 497 334 214 374 315 1117 295 1276 659 305 213 339 315 464 188 481 215 495 250 514 284 790 128 817 142
1067 274 1223 334 573 203 908 495 1116 291 1276 661 334 214 374 314 305 214 340 314 464 188 481 215 494 248 514 284 204 57 256 138 790 128 818 142
573 204 907 495 1065 274 1227 335 1116 292 1276 662 334 214 374 314 304 215 340 314 464 188 480 216 201 56 254 135 494 247 514 285 791 128 818 143
1064 275 1228 336 573 205 906 494 1115 290 1276 663 335 215 374 315 304 215 340 315 464 188 480 216 495 248 515 286 199 55 253 135
1063 275 1231 338 574 206 904 494 335 216 373 316 1113 291 1276 661 305 215 340 316 494 251 515 286 464 188 481 217 565 266 599 290
1062 275 1232 339 576 206 903 493 1112 290 1275 660 336 216 373 317 305 215 340 316 494 253 515 287 464 189 481 217 565 266 599 291 429 245 449 288
1062 275 1233 339 578 206 900 493 1112 290 1275 660 336 217 374 317 304 215 340 317 495 253 514 288 464 190 481 218 566 266 598 291 192 55 238 133
1063 275 1233 339 581 206 897 491 1111 292 1274 658 336 217 374 318 303 216 340 318 495 253 514 289 464 190 480 218 565 266 597 290 188 54 236 133
582 206 894 488 1063 275 1234 339 1109 293 1274 657 336 216 374 320 299 210 337 323 495 253 513 289 182 52 235 134 463 191 480 219
581 206 892 485 1063 275 1234 339 1108 293 1273 656 336 215 374 320 298 207 337 325 495 253 513 289
579 206 891 483 1064 275 1234 339 1104 269 1279 615 297 207 338 325 335 215 373 321 494 252 513 287
578 206 891 480 1064 275 1234 339 1104 270 1279 613 297 208 338 325 335 216 373 321
576 206 891 478 1105 271 1279 611 1076 273 1250 341 297 210 338 325 335 217 372 321 257 183 272 209 462 190 480 219
574 208 891 474 1107 273 1279 610 1077 272 1250 342 297 211 338 325 335 218 372 322 258 183 273 210 163 44 214 128 462 190 480 220
573 209 891 474 1108 275 1278 607 1078 272 1250 342 298 212 337 324 335 219 371 324 257 184 273 211 462 189 480 220 158 44 213 127
573 209 890 473 1108 275 1278 608 298 213 336 324 1078 272 1249 343 335 219 372 324 257 184 273 210
572 210 890 472 1108 274 1278 608 298 215 337 323 336 220 372 324 1078 272 1249 343 256 185 273 210 456 195 472 220
571 210 887 470 1107 271 1278 609 335 221 373 322 296 215 338 324 1077 272 1250 343 254 185 274 210 456 195 472 220
572 211 886 471 1107 269 1279 610 335 220 374 322 1076 273 1251 342 295 214 339 326 253 185 273 211 456 196 472 220 472 257 494 293
573 211 883 472 1106 268 1279 611 335 221 375 323 293 213 341 328 1066 276 1234 340 252 185 271 211 456 196 471 220 472 257 493 293 838 132 870 153
573 210 880 472 1106 269 1279 611 293 212 342 329 336 220 375 323 1086 280 1239 346 252 185 269 211 456 196 471 220 838 133 870 154
571 210 877 471 1107 272 1279 609 293 213 342 330 336 220 375 323 1089 280 1235 347 252 185 268 211 455 196 471 220 838 133 869 155
569 210 876 471 1108 275 1279 607 300 218 343 327 336 221 374 323 1089 281 1235 347 455 197 472 221 838 133 870 155 251 186 268 211
569 210 872 470 1109 279 1279 603 302 218 342 327 336 222 374 323 1077 280 1228 349 542 240 620 320 455 197 472 221 250 187 267 211 838 133 872 155
569 210 869 470 1110 281 1279 601 336 224 374 324 1077 281 1228 350 303 218 340 326 535 240 619 321 838 133 873 154 248 187 266 213 455 197 472 222
569 210 866 470 1110 283 1279 600 1091 283 1233 350 335 225 374 325 527 240 619 322 304 219 340 326 247 187 265 213 457 202 470 226 839 132 873 154
