

783 384 903 469 46 371 228 462 687 382 721 409 437 377 474 403 345 376 427 421 702 383 738 413
780 385 907 469 38 372 218 464 687 383 721 409 437 377 475 403 212 357 254 432 343 377 426 423
782 387 909 469 28 371 207 466 686 383 721 409 436 377 474 403 340 379 425 422 205 358 249 432
785 388 909 469 18 371 199 467 686 383 721 409 435 377 472 403 337 380 423 419 193 359 236 434 742 448 767 482 736 382 769 473
786 388 911 468 5 370 174 469 688 383 720 408 189 356 229 433 434 377 472 403 236 377 334 419 762 386 845 445 733 382 768 472
1 369 165 468 787 388 913 469 234 377 333 419 690 383 719 407 434 377 473 402 762 386 844 445 172 352 211 431 707 385 737 412 730 378 766 471
0 368 155 469 786 388 916 468 169 348 208 434 433 376 475 402 235 376 329 419 690 382 717 405 761 386 842 444 706 384 736 412 331 380 389 413
788 388 917 468 0 366 147 470 161 345 201 436 689 381 718 404 234 376 326 419 431 375 474 401 413 377 452 403 760 386 840 444 725 373 761 469 318 375 401 418 705 384 737 409
794 388 936 473 0 363 143 471 687 380 719 404 232 375 324 419 412 376 456 402 770 380 877 447 432 374 472 401 332 378 388 414
802 398 939 476 0 361 129 465 230 373 326 419 411 376 457 402 688 379 720 404 140 344 177 437 313 374 394 416 769 379 875 445
806 398 941 477 0 363 123 463 411 376 456 403 227 373 330 418 772 377 870 430 688 379 720 404 310 374 391 416 703 381 739 408 458 368 488 392
809 397 946 477 1 367 114 460 215 371 308 418 774 376 869 431 294 374 382 416 689 378 719 403 411 376 454 402 704 380 741 407 116 345 154 437
800 387 950 473 214 372 306 418 295 374 381 416 0 371 90 461 775 374 870 434 688 378 718 402 412 375 454 402 705 379 741 406 434 369 476 393
210 372 301 418 802 384 951 474 296 374 381 415 0 375 87 457 687 377 716 400 413 374 452 402 776 373 872 435 707 382 748 465 705 380 741 407 615 372 636 384 434 368 476 394 714 422 744 469
822 395 967 481 207 371 299 418 291 373 381 415 0 379 84 455 704 383 746 463 414 372 451 402 686 377 716 400 776 374 872 434 714 423 743 469 616 372 636 384 641 372 663 387 437 368 476 395
822 397 973 482 196 370 284 420 703 383 744 463 713 423 742 469 412 371 450 403 289 372 378 417 778 374 874 435 688 378 714 401 616 372 636 384 641 372 663 387 0 382 77 454 439 372 474 399
815 391 982 487 191 371 280 421 703 383 743 462 711 422 740 469 410 372 451 403 776 382 870 448 437 373 474 400 689 380 714 402 640 372 663 387 616 373 636 384
817 395 987 490 185 372 279 422 703 382 742 462 711 422 739 469 777 383 873 450 408 373 453 405 435 373 474 400 688 380 715 403 391 377 423 401
820 395 993 494 703 383 741 462 779 384 873 453 181 372 283 423 435 374 474 400 406 374 451 405 213 372 352 425 686 380 715 404 391 377 426 402
827 395 1003 498 708 420 737 471 789 378 901 456 177 372 340 427 702 383 740 463 436 374 475 401 686 381 715 406 402 374 452 406 390 377 428 404
832 395 1013 502 790 380 900 459 175 373 341 428 707 419 737 472 436 374 476 402 687 382 716 407 389 376 429 407 400 373 455 407
834 395 1020 504 791 382 903 461 706 418 736 472 177 374 338 432 434 373 476 404 687 383 716 407 385 376 428 408 390 369 474 408
833 396 1024 504 792 382 906 461 433 373 476 405 707 418 736 472 177 374 337 433 384 376 427 409 686 383 716 407
847 399 1034 508 795 383 908 461 433 373 475 405 382 376 428 410 182 375 331 432 707 418 735 471 687 384 715 406 144 377 231 428
850 396 1041 512 798 383 908 462 434 373 475 405 155 374 310 434 381 377 427 410 706 416 735 470 687 384 715 406
855 392 1050 516 806 383 931 466 433 372 474 405 378 376 427 410 158 373 307 436 706 415 734 469 338 378 370 403 615 374 636 385
862 401 1064 523 809 382 933 467 433 372 474 405 376 375 428 410 162 371 302 438 338 378 369 403 616 373 636 385
867 401 1075 523 432 372 474 405 813 382 934 467 374 374 429 410 128 371 286 439 336 379 368 403 688 381 713 405 617 373 636 384
870 402 1085 524 431 372 474 405 371 373 431 411 817 380 936 465 132 372 281 438 706 394 734 452 335 380 366 402
885 402 1106 533 429 372 473 405 131 372 276 439 819 380 934 465 370 373 431 412 706 394 734 452 688 379 715 403
892 403 1114 537 100 376 272 446 428 372 473 404 832 383 958 468 706 394 735 452 373 373 430 412
897 403 1128 540 103 374 262 446 428 372 472 405 361 376 409 413 835 382 959 466 706 394 734 452
899 403 1145 542 427 372 471 405 77 374 243 448 358 376 407 413 706 393 734 451 835 379 962 464 316 382 358 406 619 371 636 383
914 402 1171 550 74 374 237 448 425 372 471 405 355 375 406 413 706 393 733 451 833 378 1003 474 315 382 359 407 619 370 637 383 757 365 780 415
917 402 1179 552 58 376 223 452 834 375 1003 475 425 372 471 405 353 375 404 413 706 393 733 451 314 382 359 407 758 363 782 415
922 403 1196 555 36 376 220 465 836 373 1001 474 425 372 469 404 351 374 405 413 706 394 734 450 312 380 355 406 759 363 784 414
26 377 212 467 915 399 1219 578 839 371 998 474 706 394 733 450 426 372 468 403 339 366 415 418 619 368 640 382 760 365 783 412
948 404 1238 587 15 377 205 471 335 367 413 417 839 370 999 472 414 373 464 404 705 395 734 450 891 376 1103 501 706 375 737 423 761 366 783 412 619 367 640 381 435 369 470 391 467 370 487 386
954 407 1246 592 332 367 413 415 0 379 175 476 412 372 464 405 869 371 1047 492 706 395 734 449 466 370 488 386 760 365 782 411 619 366 640 380 842 378 953 454
962 407 1257 596 0 378 163 479 317 366 409 418 409 370 465 405 871 370 1043 489 706 395 734 448 619 366 639 380 464 370 486 386 760 366 783 411
973 406 1262 598 0 376 151 481 315 366 408 418 408 370 463 405 878 371 1039 486 706 396 734 448 619 366 639 380 463 369 485 385 762 366 783 411
988 412 1279 621 0 378 129 472 312 366 404 417 407 370 459 405 876 371 1040 479 706 396 734 447 707 375 737 423 462 369 484 385 619 366 638 380 444 368 473 390
1001 414 1279 631 311 366 402 418 406 371 457 405 912 378 1097 506 0 376 119 472 879 377 1009 461 707 397 734 447 707 376 737 424 444 368 473 390 462 369 484 385
1018 416 1277 643 309 366 395 419 404 371 455 406 911 378 1098 505 707 397 734 447 881 379 1009 462 0 376 87 477 88 374 181 432 707 376 737 423 462 370 484 386
1032 421 1272 656 402 373 456 407 305 368 393 420 877 374 1047 472 937 400 1090 529 707 397 734 447 0 374 38 474 442 369 474 390 461 371 484 387
1047 416 1271 672 300 369 380 422 878 375 1053 468 399 374 455 408 706 396 734 447 943 402 1095 530 0 376 38 476
1055 421 1274 670 297 371 380 423 876 378 1060 468 398 375 455 409 706 395 734 448 960 402 1131 534 710 420 735 455 442 370 476 389
290 372 377 424 904 380 1101 485 1069 447 1270 636 396 376 453 410 706 393 734 448 965 402 1137 540 710 421 735 455
905 381 1105 484 282 372 375 426 1098 419 1279 674 401 376 451 412 706 392 734 447 972 402 1142 546 790 370 811 416 67 386 157 441 711 423 736 455
908 381 1106 485 1115 444 1273 703 262 373 364 432 62 385 157 439 388 379 434 413 706 392 735 447 1000 394 1208 552 751 383 790 416 792 373 814 416 446 376 474 398 712 423 735 455
257 373 363 433 911 380 1109 488 55 385 157 440 387 379 432 414 706 393 735 446 1141 474 1274 683 1002 394 1208 558 407 377 449 412 751 383 791 418 446 377 475 398 793 373 815 417
251 372 360 436 912 381 1114 489 49 385 158 441 706 394 734 446 1010 396 1209 562 384 379 432 415 1157 482 1273 685 753 383 793 419 407 377 448 412 447 377 476 397 711 423 735 455
948 385 1159 501 247 372 357 435 34 383 150 445 706 394 734 446 380 379 433 416 1019 402 1203 563 447 378 478 397 753 382 796 421 1171 488 1272 685 711 423 734 455 408 377 446 412 339 381 381 409
230 371 343 437 946 386 1162 501 32 384 144 444 706 394 734 446 377 378 433 416 1040 396 1262 571 1205 496 1278 682 446 377 478 396 754 383 798 422 336 382 379 409 710 423 734 455 910 389 1034 460
223 369 340 437 950 385 1165 504 30 384 138 442 1048 394 1270 576 706 394 734 446 374 377 434 415 444 377 479 396 754 382 800 423 332 382 375 409 915 391 1031 460 711 423 734 455
954 384 1167 505 1062 389 1271 576 219 368 335 437 707 394 735 445 26 384 136 441 372 376 434 415 755 382 800 423 443 376 477 396 332 381 371 406 709 383 735 419 927 385 1060 460
201 368 321 439 1071 389 1263 569 957 384 1167 504 707 395 735 444 365 371 437 417 29 376 131 434 331 380 369 405 444 373 476 390 709 383 736 419 757 381 796 421 929 387 1061 464
191 367 323 440 985 383 1217 513 707 395 735 443 1098 392 1279 582 363 371 434 415 12 385 121 442 444 373 476 390 709 382 736 421 333 380 368 406 935 389 1060 465
989 382 1222 515 187 366 318 441 707 395 734 443 1106 393 1279 580 361 372 432 415 9 384 117 443 442 373 477 390 709 382 736 421 763 380 821 430 950 383 1089 461 332 380 368 407
169 365 301 445 989 381 1230 517 707 395 734 442 1120 397 1279 575 8 383 113 444 441 372 477 391 349 372 430 416 937 380 1110 477 759 381 831 429 312 381 354 407
988 380 1237 517 707 395 734 442 161 373 296 447 1135 403 1279 571 348 372 427 419 6 383 111 444 760 381 831 429 440 372 476 391 937 378 1115 477 314 381 349 406
139 370 281 451 1027 381 1269 550 706 396 734 442 961 375 1146 483 345 372 424 421 1151 400 1279 578 5 384 108 444 761 381 834 430 439 372 476 391 707 382 734 420 313 379 347 407
1033 381 1273 553 342 372 421 421 965 374 1156 485 706 397 734 442 129 370 280 451 760 381 837 430 1160 401 1279 581 5 384 106 444 439 371 475 391 707 381 734 420 314 378 346 408
1048 380 1276 557 971 372 1166 486 113 369 257 454 761 381 840 429 705 397 733 441 338 372 417 420 1 383 83 446 437 371 475 391 706 379 733 422 1196 432 1278 608
1062 379 1276 561 991 375 1197 492 85 367 251 459 762 380 841 428 705 398 732 440 335 371 413 420 0 381 79 447 438 370 474 390 1204 428 1279 608
997 376 1193 492 1076 379 1274 566 76 365 240 462 764 380 842 429 705 397 731 439 324 371 405 421 0 380 76 448 437 370 474 390 1219 420 1279 622 234 383 294 415
1003 375 1200 496 1093 377 1279 580 321 371 404 422 52 366 216 464 765 379 841 429 704 376 732 429 437 370 474 390 0 378 73 450 231 385 294 416
38 367 206 467 1011 374 1212 500 1102 381 1279 586 316 372 400 422 703 397 730 438 765 379 843 431 435 371 473 391 0 376 60 453
24 366 198 471 1117 386 1279 590 1017 377 1224 503 312 373 396 422 703 397 731 439 434 371 473 391 764 378 844 431 210 382 293 421
1047 379 1247 512 1133 392 1279 592 308 375 392 422 6 369 170 475 703 397 731 440 775 387 858 439 435 371 472 390 398 379 425 397 749 374 795 408 835 367 856 422
1055 381 1251 517 3 370 162 478 1143 393 1279 595 306 375 391 423 702 397 731 441 774 388 859 441 705 381 734 421 436 372 471 390 396 379 423 397 200 384 284 422 746 375 797 407
1066 381 1261 521 297 376 383 425 2 371 149 481 702 396 732 442 775 388 861 442 432 376 472 397 704 381 734 420 1160 423 1279 622 394 380 421 398 197 384 283 422 747 376 800 409
1072 383 1273 546 290 376 380 425 775 388 861 444 702 396 732 442 2 370 138 482 431 376 471 397 1200 423 1279 632 195 384 281 423 705 381 734 420 392 380 419 398 745 376 803 410
1096 383 1277 552 283 376 375 427 0 372 115 476 777 387 865 445 702 397 732 441 1215 420 1279 646 429 375 471 397 192 385 276 424 704 381 734 422 745 375 808 411 391 380 418 398
1104 379 1277 557 778 387 868 445 278 375 371 428 0 372 91 482 702 398 732 441 190 386 271 424 705 380 734 424 429 375 471 397 745 373 809 411 1230 401 1279 669 391 380 418 398 375 380 397 400
1116 377 1279 559 261 377 363 431 781 386 871 445 702 399 732 439 705 379 733 426 187 385 267 424 433 372 470 390 746 372 810 412 373 380 396 400 391 380 417 397
1129 379 1279 561 785 384 875 444 256 374 360 429 702 401 731 439 705 378 733 425 432 372 470 390 370 379 399 400 746 370 810 411 184 383 269 424 1 372 58 473
1150 382 1279 566 788 382 877 444 252 372 355 428 704 377 732 424 701 402 731 437 432 371 470 390 367 379 398 400 747 370 810 411 175 383 256 424 0 373 36 466 418 373 454 390
1163 390 1279 569 793 383 889 445 232 373 343 432 704 376 731 423 701 403 730 436 432 371 470 389 747 369 810 412 366 379 398 400 172 384 250 424 418 373 454 390
793 381 890 445 228 371 339 431 1189 395 1279 578 704 375 731 421 701 403 730 434 434 370 469 389 417 372 451 389 366 379 396 398 748 368 809 410 168 384 245 423
794 381 891 445 221 368 339 431 1200 403 1279 579 697 376 722 424 416 371 451 388 433 370 469 388 341 377 373 399 366 378 396 397
794 381 893 444 206 368 320 432 1213 404 1279 585 697 376 722 424 416 370 450 388 340 377 373 399 433 370 468 388 638 362 662 376
199 366 323 431 794 381 897 446 697 377 723 425 1224 393 1279 595 416 370 452 387 341 377 373 398 432 370 467 387 393 375 419 390 751 363 833 410 321 375 350 400 639 362 664 376
795 382 902 447 197 367 318 430 696 378 722 424 752 365 832 411 415 370 454 388 341 377 373 398 318 376 350 401 392 374 420 390 639 362 663 376
798 383 903 449 170 369 303 435 753 368 831 413 696 378 721 424 413 370 454 389 314 376 351 402 340 377 374 399 732 374 764 404 365 377 399 396 639 364 663 378
160 369 300 438 800 385 904 451 754 370 832 415 696 378 720 424 412 370 454 390 312 376 350 403 365 377 401 397 341 378 373 400
155 369 298 440 803 387 904 453 754 373 834 419 697 400 721 436 696 380 719 421 364 378 399 398 730 377 765 406 411 371 451 390 640 369 662 382 665 372 690 385
138 370 285 443 755 374 837 421 805 389 902 456 696 400 721 438 696 380 718 418 343 380 371 402 365 379 398 400 406 375 457 401
128 374 281 446 756 375 840 423 808 391 901 458 697 399 721 438 696 381 718 417 342 380 371 403 364 379 397 401 731 381 763 408 405 375 453 400
114 374 266 448 758 375 843 424 814 389 925 466 697 399 721 439 696 381 720 419 342 380 371 403 731 381 764 410 364 379 395 400 405 375 450 400 291 378 327 405
105 373 263 449 759 374 846 424 816 388 925 467 697 398 722 438 696 381 721 421 731 380 768 410 342 379 372 402 290 378 328 405 363 379 395 400 242 380 282 411 406 375 448 399
80 370 263 458 761 374 848 424 697 398 722 437 820 388 927 468 731 379 772 411 235 380 280 411 343 379 373 402 289 377 328 404 363 379 395 399 407 376 447 399
69 371 252 458 761 374 848 424 697 398 721 436 731 379 774 411 837 385 953 471 229 381 277 412 317 381 349 404 289 377 325 404 343 380 371 403 364 380 395 400 390 377 427 397
49 372 228 461 837 385 959 474 697 398 721 436 732 380 774 412 762 375 847 424 217 383 266 416 319 382 348 405 390 378 427 397 0 397 37 432 364 381 394 400 343 381 372 403 290 378 323 405 263 381 302 407
41 374 221 463 836 385 965 475 213 385 265 419 698 397 720 437 732 381 772 413 761 375 847 424 260 381 307 410 391 378 430 399 0 398 34 434 319 383 348 406 343 382 374 404 289 379 322 407 750 380 789 416 364 382 392 401
25 376 210 465 207 386 261 420 697 396 720 437 837 384 966 476 775 376 861 424 391 378 430 400 732 382 768 413 343 383 375 405 258 382 308 410 318 385 346 407 288 382 322 409 363 382 392 402 751 381 792 418
14 378 203 467 697 396 720 438 204 387 256 421 851 395 984 480 390 379 429 400 761 375 845 425 343 384 375 405 318 386 345 408 732 382 765 415 288 383 323 410 751 382 793 419
0 379 174 473 837 388 1002 485 697 396 719 438 388 379 427 401 774 376 866 426 201 387 251 421 317 386 345 408 344 385 375 405 245 388 282 416 440 381 477 414 287 384 324 410 732 383 764 416
