

46 396 231 450 824 412 984 464 590 378 668 529 640 403 760 458 1067 408 1214 463 583 474 673 548 468 386 500 410 1178 419 1264 460
47 396 230 450 823 412 984 464 589 379 668 528 640 403 760 458 1066 408 1216 463 583 474 673 548 465 388 500 411 1177 419 1264 460
47 396 230 450 822 412 985 464 588 379 668 528 639 403 760 458 1066 408 1217 463 583 474 672 548 464 389 500 412 1177 419 1264 459
48 396 230 450 822 412 985 464 588 379 668 527 640 403 760 458 1065 408 1217 463 583 474 672 548 465 389 500 412 433 400 475 425 1176 419 1264 459
48 396 230 450 821 412 986 465 588 379 668 527 639 403 760 458 1064 408 1217 463 583 474 672 549 432 399 474 425 467 389 500 412 370 403 394 432 1175 419 1265 459 748 371 760 390
48 396 229 450 821 412 986 465 587 454 670 545 1063 408 1217 463 639 403 759 458 367 403 397 436 602 388 665 514 433 399 473 425 468 390 500 412 1173 419 1265 459 748 371 760 390
48 396 229 450 821 412 986 464 587 379 668 527 1060 409 1191 463 639 403 759 458 584 473 673 549 433 400 473 424 467 390 500 412 1172 419 1265 459 748 371 760 390
48 396 229 450 821 412 986 464 587 379 667 527 1059 409 1191 464 639 403 759 458 584 474 673 549 433 400 473 424 467 390 500 413 1172 419 1264 459 748 371 760 390
48 396 229 450 821 412 986 464 588 379 667 528 1058 409 1192 464 639 403 758 458 433 400 473 424 584 474 674 549 1172 419 1264 459 467 390 500 413 381 399 430 423 748 371 760 390
49 396 228 450 821 412 986 464 587 379 667 527 1058 409 1192 463 639 403 758 458 433 400 473 424 1172 419 1264 459 467 390 500 412 584 474 673 549 381 399 429 423 748 371 760 390
49 396 228 450 821 412 986 465 587 379 667 527 1058 409 1192 463 639 403 758 458 433 400 473 423 1172 419 1264 459 467 390 500 412 584 473 673 549 381 399 429 423 748 371 760 390
49 395 227 450 821 412 986 464 587 380 667 527 1058 409 1190 463 639 403 757 458 1172 419 1264 459 433 400 473 423 467 391 500 412 584 473 673 549 381 399 429 423
48 395 226 450 822 412 985 464 586 380 667 527 1057 410 1189 463 638 403 757 458 1171 418 1264 459 434 400 473 423 584 474 673 548 467 391 500 412 381 399 429 423
48 395 226 451 822 412 985 464 586 380 667 526 1057 410 1189 463 638 403 757 458 1171 418 1265 459 434 400 473 423 584 474 673 548 467 391 500 412 381 399 429 423 748 370 760 389
48 395 227 451 823 413 985 464 585 380 667 526 1056 410 1189 462 638 403 757 458 1170 418 1265 459 584 474 673 548 434 400 473 423 467 391 500 412 381 399 429 423 248 395 276 436
47 395 227 451 823 413 985 464 583 398 669 533 1055 410 1188 463 638 403 757 458 1170 418 1264 459 584 474 673 548 434 400 473 423 467 391 501 413 245 394 273 436 382 399 429 423
47 395 228 451 822 413 985 464 583 397 669 533 1055 410 1188 463 638 403 757 458 1171 418 1263 459 584 474 673 548 434 400 473 423 467 391 501 413 382 399 429 423 748 370 760 389
47 395 229 450 822 413 985 464 583 397 669 533 1055 410 1188 464 1172 418 1261 459 638 403 756 458 433 400 473 423 467 391 501 413 584 475 673 548 341 403 371 430 382 399 429 423 748 370 760 389
46 396 229 450 822 412 985 464 583 397 669 533 1055 410 1187 464 1172 418 1261 459 639 403 756 458 433 400 473 423 467 391 501 412 584 475 673 548 341 403 370 430 382 399 429 423 748 370 760 389
47 396 230 450 823 412 984 465 583 397 669 533 1054 410 1187 464 1172 418 1261 459 638 403 756 458 433 400 473 423 467 390 501 412 584 475 673 548 341 403 371 430 382 399 429 423 748 370 760 389
46 396 231 451 823 412 984 465 582 397 669 533 1054 410 1186 464 1171 418 1262 459 638 403 756 458 584 474 673 548 467 390 501 412 434 400 473 423 341 403 371 430 382 399 429 423 749 370 760 389
45 396 232 451 823 412 984 465 582 396 669 534 1053 410 1185 464 1170 418 1263 459 584 474 673 548 638 403 756 458 434 400 473 423 467 390 501 412 341 403 371 430 382 399 429 423 749 370 760 389
45 396 232 451 823 412 983 465 582 396 669 534 1053 410 1185 464 1169 418 1264 459 583 474 673 548 638 403 756 457 433 400 473 423 467 390 501 412 341 403 370 429 382 399 429 423 749 370 760 389
44 396 232 450 823 412 983 465 582 397 669 534 1052 409 1186 464 1170 418 1261 459 583 475 673 549 433 400 473 423 638 403 756 457 467 390 501 412 342 403 370 429 382 399 429 423 749 370 760 389
44 396 232 450 823 412 983 465 582 397 669 534 1052 409 1185 464 1170 418 1257 459 583 475 673 548 433 400 473 423 467 390 501 412 638 403 756 457 342 403 370 429 382 399 429 423 749 370 760 389
45 396 231 450 823 412 983 465 582 397 669 534 1052 409 1185 465 1171 418 1256 458 583 476 673 548 433 400 473 423 467 390 500 412 591 400 762 458 342 403 370 429 382 399 429 423 749 370 760 389
48 396 230 450 823 412 983 465 583 397 669 534 1053 409 1184 465 1172 418 1259 458 583 475 673 548 433 400 474 423 466 391 500 412 638 403 756 457 1225 422 1268 458 748 370 760 389
49 396 230 450 823 412 983 465 584 397 669 534 1053 408 1185 465 1174 418 1264 458 583 475 673 548 433 400 474 423 466 391 500 412 639 403 756 457
49 395 231 450 822 412 984 465 584 397 669 534 1053 408 1186 465 1176 417 1267 458 584 475 673 548 434 400 474 423 639 403 756 457 466 391 499 413 544 390 563 402
49 395 231 450 821 412 984 464 585 396 669 534 1053 408 1185 465 1177 416 1269 459 584 475 673 548 434 400 473 424 639 403 756 457 466 392 499 413 544 390 563 402
49 395 232 450 820 412 984 464 586 396 669 534 1052 409 1185 465 1176 416 1267 459 584 475 673 548 434 401 473 424 639 403 756 457 467 393 498 413 544 391 563 402
46 395 233 450 820 412 984 464 1053 408 1183 465 586 396 668 534 1175 417 1265 459 584 474 673 548 434 400 473 424 639 403 756 458 467 393 499 413 544 391 563 402
43 396 234 450 820 412 984 464 1053 408 1182 465 588 379 667 527 1174 417 1261 459 433 400 473 424 583 474 673 548 638 403 756 458 467 393 499 413 544 391 563 402
41 396 235 450 820 412 984 464 587 379 667 527 1054 408 1184 465 1173 416 1257 459 433 401 473 424 583 474 673 548 638 403 756 458 467 393 499 413 544 391 563 402
42 396 235 450 819 412 985 464 587 379 667 527 1054 408 1188 465 638 403 756 458 433 401 473 424 583 474 674 548 466 393 499 413 544 390 563 402 1171 415 1257 460 748 370 759 389
44 396 234 451 819 412 985 464 588 379 667 527 1051 408 1228 464 638 403 756 458 433 400 473 424 583 474 674 548 466 392 499 413 544 390 563 402 748 370 759 389
45 396 233 451 818 412 986 464 588 379 667 526 1053 408 1224 464 433 400 473 424 583 474 674 548 639 403 755 457 466 392 499 413 544 390 563 402 748 370 759 389
46 396 233 451 818 413 986 464 588 379 668 526 1054 409 1195 464 583 474 674 548 433 400 473 424 639 404 755 456 466 392 499 413 544 390 563 402 1245 421 1277 460 748 370 759 389
47 396 232 451 818 413 986 464 586 380 668 525 1053 409 1192 463 582 474 674 548 433 400 473 424 1245 421 1277 460 466 392 499 413 596 401 756 456 544 391 563 402 748 371 759 389 1173 416 1252 459
47 396 231 451 819 413 985 464 586 381 668 524 1053 409 1186 464 1172 417 1252 460 433 400 473 424 1244 422 1277 459 639 404 755 456 466 392 499 413 544 391 563 402 748 371 759 390
45 396 232 450 819 413 985 464 586 381 668 524 1050 410 1184 463 1170 417 1252 459 433 401 473 424 595 401 756 457 1243 423 1277 459 466 392 499 413 544 391 563 402
44 396 233 450 819 413 985 464 588 455 671 541 1047 410 1182 463 1169 417 1252 460 603 388 666 513 596 401 756 457 434 401 473 424 1242 423 1278 459 467 392 499 413 544 391 563 401
43 396 234 450 819 413 985 464 588 456 671 541 1035 412 1165 462 1169 417 1252 459 603 388 665 514 596 401 756 458 1242 423 1278 459 467 392 499 413 434 401 473 423 544 391 563 401
42 396 234 450 819 413 985 464 588 398 669 533 1033 412 1164 462 1169 417 1252 459 596 400 755 458 1242 423 1278 459 467 393 499 413 585 475 673 547 435 401 473 423 544 391 563 401
41 396 235 450 818 413 985 464 589 397 669 533 1051 411 1182 462 1169 417 1251 459 597 400 755 458 467 393 499 413 1243 423 1278 459 585 476 673 546 998 414 1095 458 435 401 472 423 544 391 563 402
40 397 236 450 817 412 986 464 589 397 669 533 990 413 1095 458 1055 411 1180 462 597 400 755 458 1169 417 1251 459 467 393 499 413 586 476 673 546 1243 423 1277 459 435 401 472 423 544 391 563 402
40 397 236 450 817 412 987 464 589 398 669 533 973 413 1079 457 1055 411 1179 462 597 400 755 458 1169 417 1251 459 467 393 499 413 585 476 673 547 435 401 472 423 1243 423 1277 459 545 391 563 402
40 397 236 450 816 412 987 464 588 398 669 533 967 411 1074 459 1052 411 1180 462 596 401 755 458 1169 417 1251 460 585 476 673 547 467 393 499 413 435 401 472 423 1243 423 1277 459 545 391 563 402 748 371 759 389
40 397 235 450 816 412 987 464 587 398 669 533 1050 410 1181 463 596 401 755 458 963 412 1069 459 1169 417 1251 460 585 476 673 547 467 393 499 413 435 401 472 423 1244 422 1277 459 545 391 563 402 748 371 759 389
40 397 234 450 815 412 988 464 587 397 669 533 1048 409 1182 464 952 410 1052 459 596 400 754 458 1169 417 1251 460 585 476 673 547 467 393 499 413 435 401 473 423 545 391 563 402 1244 420 1276 459
42 397 233 450 814 413 991 464 587 397 669 533 1048 409 1182 464 597 400 754 458 1169 417 1251 460 585 476 673 547 467 393 499 413 435 401 473 423 951 408 1043 453 545 391 563 402
41 397 232 450 812 413 996 464 587 397 670 533 1048 409 1183 464 598 400 753 458 1169 417 1251 460 586 476 673 547 467 393 499 413 435 401 473 423 545 391 563 402
41 397 232 450 825 412 1007 463 587 397 670 533 1048 409 1183 465 600 400 752 458 1170 417 1251 460 586 476 673 547 467 393 499 413 435 401 472 423 545 391 564 402
40 397 233 450 816 411 992 464 588 397 670 533 1047 409 1184 465 602 400 752 458 1170 417 1251 460 587 476 673 547 468 393 499 413 435 401 472 423 546 391 564 402
40 397 233 450 816 410 988 465 588 397 669 533 1047 409 1183 465 602 400 751 459 1170 418 1251 460 587 477 672 547 468 392 500 413 435 401 472 424 546 391 564 402
40 397 234 450 811 410 989 465 588 397 669 533 1047 409 1183 465 602 399 751 459 1170 418 1252 460 587 477 673 547 468 392 500 413 435 401 472 424 342 402 371 429 546 391 564 402
40 397 234 450 811 411 989 465 588 397 669 533 1047 408 1183 465 1169 418 1253 460 603 400 750 458 586 477 673 547 468 392 500 413 435 401 473 424 342 402 371 429 545 391 564 402
40 397 233 450 814 412 989 465 1047 408 1184 465 588 397 670 533 1169 417 1254 460 605 400 749 456 762 408 880 450 468 392 500 413 586 477 673 547 435 401 473 424 342 402 371 429 546 391 564 402
39 397 234 450 817 412 990 465 738 406 871 453 1047 408 1184 465 588 397 670 533 638 404 755 455 468 393 500 413 1170 417 1255 459 435 401 473 424 546 391 564 402
40 397 233 450 815 412 991 465 1047 408 1184 465 588 396 670 533 732 404 866 453 640 404 753 454 468 392 500 413 435 401 473 423 546 391 564 402 1170 417 1255 459
41 397 233 450 812 412 992 465 1047 408 1183 465 586 382 672 524 709 404 846 454 468 392 500 413 641 403 750 455 342 402 371 429 435 401 472 423 546 391 564 402
42 397 233 450 811 412 991 465 587 382 673 524 1047 408 1186 465 709 403 835 453 468 392 500 413 585 477 673 547 342 402 371 429 435 401 472 423 632 402 732 450 1171 418 1255 459 546 391 564 402
41 397 234 450 813 413 990 465 588 382 673 524 1048 408 1187 465 690 402 811 453 468 392 500 413 585 477 673 547 1171 418 1255 460 435 401 472 423 342 402 371 429 546 391 564 402 591 390 613 404
41 397 234 450 816 413 988 465 588 382 672 525 1048 408 1186 465 1170 418 1254 460 468 392 500 413 585 477 673 547 690 400 805 450 434 401 472 424 342 402 371 429 616 401 743 452 546 391 564 402
41 397 234 450 818 414 987 464 589 396 670 533 1048 408 1182 465 1170 418 1253 460 468 392 500 413 639 401 758 456 585 477 673 547 551 423 610 458 434 401 472 424 342 402 371 429 546 391 564 402
41 397 234 450 818 414 987 464 589 397 669 533 1048 408 1180 465 1170 418 1252 460 468 392 500 413 585 477 673 547 610 399 746 455 551 423 609 458 434 401 472 424 343 402 371 429 546 391 564 402
43 397 233 450 819 414 986 464 589 457 672 541 1048 408 1181 465 587 381 668 523 1170 418 1252 460 468 392 500 413 434 401 473 424 610 398 742 455
42 397 234 450 819 414 986 464 1048 407 1181 466 589 457 672 540 603 390 666 512 1170 418 1251 460 468 392 500 413 434 401 473 424 570 393 737 456
43 396 234 450 819 414 985 464 1048 407 1181 466 589 458 673 539 604 389 665 512 1170 418 1251 460 468 392 501 414 434 401 473 424 568 394 737 456
42 396 234 450 819 414 985 464 1048 407 1181 466 594 396 669 535 1170 418 1251 460 535 397 623 455 433 401 475 425 468 393 501 415
43 397 233 450 819 414 985 464 1048 407 1181 466 593 393 669 536 1170 418 1251 460 432 400 477 425 500 396 611 452 466 393 501 416
42 397 233 450 819 414 985 464 1048 407 1181 466 591 393 669 537 469 396 590 450 1170 418 1251 460 431 401 481 426 622 399 737 456
41 397 233 450 818 414 986 464 1048 407 1181 465 590 394 669 537 1170 418 1253 460 454 396 600 449 621 399 736 456
42 397 232 450 818 413 986 464 424 396 579 447 1048 407 1181 465 590 396 668 536 1169 418 1254 460 576 393 732 460
43 397 232 450 818 414 986 464 1048 408 1180 465 604 388 664 512 406 393 557 446 588 459 672 538 1169 418 1255 460 576 394 733 460
44 397 232 450 817 414 987 464 1048 408 1181 464 603 388 664 513 587 458 672 538 383 392 530 444 622 399 732 459 1170 417 1255 459
42 397 233 450 817 414 987 464 1049 408 1181 464 592 398 667 535 375 392 528 445 574 395 733 460 1171 416 1255 459
40 397 234 451 347 392 508 447 817 414 987 464 1050 407 1184 465 593 398 667 535 570 395 734 459 747 370 758 390
39 397 234 451 325 392 487 445 817 414 987 464 1050 407 1185 465 594 397 667 535 747 370 758 390 1171 416 1253 460 551 393 710 456 469 390 503 412
40 397 234 450 817 414 987 464 1050 407 1185 465 594 396 667 535 303 394 466 442 1171 417 1253 460 550 392 710 456 468 391 503 415 748 370 758 390
42 397 233 450 817 414 987 464 1049 407 1182 465 595 395 667 536 1170 417 1253 460 548 393 711 455 274 393 438 441 468 391 503 415 748 370 759 390 435 400 480 424
41 397 233 450 818 414 986 464 1049 407 1181 465 595 394 667 537 252 393 420 443 1170 418 1253 460 428 399 483 425 546 393 712 454 468 391 503 415 748 370 759 390
41 397 232 450 819 414 986 464 247 393 413 445 1049 407 1181 466 594 395 668 536 1170 418 1253 460 430 400 481 424 545 394 711 454 469 391 503 415 748 370 758 390
41 397 231 450 819 414 985 464 1049 407 1181 466 594 396 668 536 231 393 386 445 1170 417 1253 460 431 400 480 424 523 388 724 467 469 392 502 415 747 370 758 390
41 397 231 450 819 414 985 464 1049 406 1182 466 594 397 668 536 1170 417 1253 461 208 392 357 444 432 400 479 424 522 388 723 468 468 392 502 416 747 370 758 390 379 398 433 423
41 397 229 450 819 414 985 464 1049 407 1181 465 202 391 351 444 593 397 669 536 1170 417 1253 461 522 389 721 469 432 400 479 424 468 392 502 416 747 370 758 390 379 398 433 423
41 397 226 450 192 391 325 444 819 414 986 463 1048 407 1182 465 592 398 670 536 1170 417 1254 461 523 389 718 471 432 400 479 424 468 392 502 416 747 370 758 390 379 398 433 423
41 396 225 450 817 414 987 464 1049 408 1181 465 172 391 300 444 591 399 671 536 524 389 714 473 1170 417 1253 461 432 400 479 424 584 479 674 547 468 392 502 416 747 370 758 389 380 398 433 423
41 396 225 450 817 414 987 464 1048 407 1181 465 588 458 672 539 176 392 283 444 1170 417 1253 461 524 389 712 474 433 400 479 424 604 385 662 512 467 392 502 416 748 370 759 389
39 395 230 450 817 413 987 465 163 393 262 444 1048 407 1181 465 588 458 672 540 1170 417 1253 461 524 389 711 475 433 400 478 424 604 385 662 512 467 392 502 416 748 370 759 389
39 394 234 450 818 412 987 465 1048 407 1181 465 588 458 672 541 1170 417 1253 460 584 376 669 518 433 400 479 424 522 389 711 475 163 392 252 442 467 392 502 416 748 370 759 389
40 394 236 450 817 412 988 465 1047 407 1182 465 588 457 672 542 1170 417 1253 460 587 376 670 517 433 400 479 424 518 389 709 475 467 392 502 416 748 370 759 389
42 395 234 450 817 413 988 464 1047 407 1182 465 588 456 672 541 589 376 672 516 1170 417 1253 461 433 400 478 425 511 389 710 476 467 392 502 416 748 370 759 389
44 396 231 450 817 414 988 465 1047 407 1182 465 588 456 672 541 592 377 674 516 1170 417 1252 460 433 400 478 425 748 371 759 389 467 392 503 416
41 396 234 450 818 414 986 464 1047 407 1182 465 588 457 672 540 594 377 673 516 1170 417 1252 460 782 409 822 446 433 399 477 425 467 392 503 417 748 371 759 389
34 396 237 449 818 414 985 465 1047 407 1182 465 587 457 672 539 596 377 671 517 1170 417 1252 460 433 399 477 425 459 400 499 422 748 371 759 389
25 396 240 449 817 414 985 465 1047 407 1182 465 587 458 671 538 596 377 670 517 1170 417 1252 460 433 399 478 425 483 400 627 459 466 391 504 418 748 370 759 389
816 414 985 465 24 396 239 449 1047 407 1182 465 588 457 671 538 596 377 670 519 1170 417 1252 460 478 400 630 459 432 399 479 426 465 391 504 418
