

0 355 134 711 209 341 255 460 185 332 227 467 290 368 452 462 908 220 1209 358
168 333 211 471 0 361 123 711 285 371 451 467 209 344 251 465 187 336 230 473 979 223 1229 352
164 333 209 476 281 374 450 470 210 355 248 476 0 362 115 711 192 348 233 477 956 225 1247 349
162 334 208 475 278 372 450 470 194 349 236 477 0 358 109 712
159 333 207 475 274 370 450 471 194 348 239 478 958 220 1255 346
272 372 451 476 191 351 236 479 990 220 1243 352 148 320 217 482 0 437 82 718
269 380 447 483 146 336 212 496 187 357 230 482 1013 221 1221 360
134 344 203 504 241 389 417 496
113 381 162 501 231 396 405 502
110 385 158 502


714 219 927 383
682 211 941 387
643 197 968 391
584 196 952 382
546 192 940 380
507 187 919 379
463 189 859 384 860 413 1177 705
408 189 861 391 845 409 1204 709
340 194 750 397
305 216 732 427 972 132 1059 333
253 224 668 436 968 137 1056 329
223 238 645 447 924 144 1011 327
142 250 558 463 760 250 1263 714
106 256 537 474 747 245 1266 716 830 152 915 406 489 249 648 360
94 257 517 479 813 154 904 413 747 247 1263 716 487 261 632 373
53 269 472 495 760 249 1249 712 782 157 868 410 448 264 591 379
27 271 453 501 768 155 859 412 732 257 1199 705 439 267 577 380
6 272 432 507 757 156 847 409 399 270 540 381 790 248 1227 707
3 270 413 509 737 144 826 409 390 269 526 381 892 296 1209 663
6 274 369 509 724 142 818 403 886 293 1216 662 353 265 497 378
7 269 355 509 715 140 807 397 343 263 483 374
7 264 335 507 713 132 797 375 302 250 453 359
8 261 317 506 678 124 776 381 297 250 439 358
9 257 292 504 671 117 770 374 288 243 427 355 812 228 945 443
10 248 271 501 664 104 761 365 811 224 942 435 254 236 399 347
9 237 255 491 657 97 754 351 794 162 945 424 247 225 384 338
8 226 245 481 655 76 747 320 791 156 942 416 246 226 370 317
625 59 734 322 2 208 239 472 798 186 930 401 245 229 362 305
622 47 727 317 0 200 226 470 227 205 336 290 776 197 932 389
0 194 215 471 618 37 722 311 201 202 318 287 780 19 871 188 670 25 781 76 771 201 930 385
0 190 210 472 617 27 722 313 202 185 315 272 672 21 772 72 779 19 868 188 482 71 582 130 774 198 934 386
0 185 204 474 611 13 732 303 203 183 309 271 478 68 578 128 673 18 766 74 776 192 942 391 540 35 623 83
616 13 737 302 3 185 201 476 204 182 304 272 538 34 621 83 473 64 575 126
618 12 742 302 0 184 187 490 174 183 295 279 535 34 620 83 472 64 570 128
619 12 746 304 2 190 185 495 174 196 292 295 778 18 869 193 457 67 562 134 534 36 620 83
624 25 771 316 2 197 185 498 176 201 292 300 535 46 616 96
636 26 779 330 0 219 189 546 538 52 618 102 175 221 299 324 475 87 573 153
651 32 790 345 0 239 205 531 479 88 577 161 162 224 301 338 539 59 621 109
0 250 209 529 656 41 805 352 194 246 317 345 557 71 637 123
0 263 218 586 678 65 836 384 561 76 643 131
687 74 845 396 0 274 216 589 191 270 317 395
696 83 853 409 0 285 213 595 190 280 318 411 497 133 597 219 564 119 645 177
697 85 859 416 0 312 210 647 190 305 313 430 676 127 718 219 563 128 645 180 683 176 717 226
715 103 881 446 2 328 205 644 165 316 306 442 674 133 717 222
722 105 886 457 1 335 182 651 159 326 298 455 484 190 578 257
727 108 895 469 3 376 173 688 150 335 288 467 656 151 704 245 478 193 575 262 535 153 622 206
730 108 900 475 143 353 271 477 650 154 700 246 661 200 699 251 476 194 569 263 529 154 621 208
734 104 904 488 141 356 265 482 644 155 698 248 453 209 556 275 511 158 599 209
737 102 908 497 109 362 253 495 448 211 553 280 2 421 127 661 509 167 596 222 634 185 686 259
741 113 911 535 97 366 245 511 0 422 119 669 630 184 682 265 446 210 548 286 506 171 593 229
757 124 942 549 84 372 239 523 1 450 107 695 632 209 679 280
764 136 952 555 83 401 229 554 1 462 83 706
769 147 965 615 45 410 217 572 622 212 672 291 426 262 528 329
799 151 1003 634 39 435 208 598 423 266 527 335 621 236 669 312 484 222 573 280 711 200 802 286
804 155 1014 644 35 441 201 602 481 224 573 281 620 234 668 313 719 203 828 288 424 268 525 336
27 446 196 614 480 227 573 283 845 165 1049 618 717 206 835 291 426 269 524 337
861 167 1057 613 0 443 185 634 620 231 670 312 423 285 525 351 628 269 666 318 479 235 572 295
0 449 181 641 621 230 671 311 480 238 572 296 410 288 514 358 900 189 1097 591 629 271 668 319
907 163 1115 685 0 469 174 666 621 230 671 310 480 238 571 295 409 289 514 357 629 269 667 318
0 478 158 664 940 165 1160 687 405 287 509 353 620 230 670 307 479 237 568 294
948 142 1176 710 2 486 123 660 602 212 653 290 684 196 851 295 459 227 550 279
673 186 843 288 980 127 1209 651 431 219 534 277 379 263 483 331
668 178 833 282 967 75 1249 695 0 495 75 654 431 213 524 272 354 259 460 330
638 175 814 276 992 60 1261 697 553 185 605 268
634 174 809 277 323 260 441 331 549 182 599 270 1114 113 1279 660 375 204 486 261
625 173 806 279 529 183 583 266 1129 72 1277 690 375 204 478 262 303 265 420 334
623 172 802 278 524 182 578 262 298 262 420 334 372 201 475 262 534 225 574 273 1149 32 1279 651
618 173 798 282 295 259 416 337 522 183 573 263 359 211 458 273 530 224 568 273
618 179 795 291 506 186 560 266 356 215 453 279 294 259 412 340
615 187 796 304 507 210 558 283 275 285 397 362 520 246 553 291 352 220 450 285
614 194 797 311 517 250 553 298 507 210 555 285 275 285 394 368
613 198 802 315 516 254 552 301 507 212 554 286 340 239 432 301 275 284 391 371
616 208 808 326 514 256 552 302 506 214 554 285 267 302 389 383 339 240 432 305
617 210 812 330 508 215 553 289 339 243 433 310 515 254 551 303 269 304 385 387
620 216 814 339 518 270 551 316 249 282 394 400 341 247 433 313
622 226 823 353
620 236 833 365
624 259 837 386 957 202 1149 461 339 289 433 358 512 261 557 337 519 302 555 349
636 263 854 392 965 200 1164 467 336 292 432 360 511 262 556 338 518 303 555 350 236 339 387 451
636 260 857 394 970 190 1266 484 333 292 432 361 511 262 556 337 518 303 555 349 229 339 386 453
637 260 861 400 985 188 1277 497 332 292 432 363 519 301 554 349 513 262 556 339 226 336 384 455
640 266 866 410 999 192 1279 509 209 363 366 477 329 305 435 381
643 274 868 421 1029 174 1274 529 326 310 434 385 207 365 365 485 521 323 555 368 513 285 557 358
1041 197 1276 548 643 295 877 441 200 360 359 499 326 313 429 392
1059 195 1277 570 644 308 883 455
1093 201 1279 583 645 323 890 470
