

336 457 441 546 420 426 651 632 703 475 787 522 60 448 255 535 224 467 297 516 775 480 820 519 857 471 940 533 636 480 676 515
336 456 441 546 41 447 225 537 703 475 786 522 421 427 650 632 228 475 289 513 775 481 821 519 635 481 676 515 860 471 941 532 306 476 349 507
335 456 441 546 29 447 215 538 704 475 786 524 421 427 649 632 225 475 285 513 778 480 821 518 306 478 349 507 635 481 677 515
335 457 441 546 15 446 209 537 706 475 786 525 421 427 648 632 215 472 290 518 779 481 821 517 308 479 348 507 291 481 330 509 635 481 677 516
335 458 441 545 707 475 787 526 8 444 206 538 423 426 647 631 781 480 821 515 290 482 334 511 213 472 291 517
335 459 441 544 709 475 789 527 0 442 181 537 197 473 276 520 288 482 337 513 782 480 823 516 424 425 647 630 601 419 688 512
335 458 441 544 0 441 174 538 709 475 791 528 192 473 273 519 288 482 337 513 782 481 824 516 424 424 646 628 601 420 688 511 636 482 677 518
334 459 441 544 0 440 165 541 710 475 793 530 188 473 269 519 286 483 337 514 423 424 646 628 783 481 824 516 600 421 689 511 123 465 201 526
334 459 441 543 711 475 795 531 0 438 155 546 121 466 197 527 183 472 269 520 283 484 335 515 423 423 646 628 600 421 690 512 784 481 824 515
714 474 796 531 332 460 441 542 0 442 133 541 170 471 261 521 423 421 647 629 282 485 333 515 115 467 195 526 600 422 691 514 785 480 823 514
715 473 798 532 331 462 441 540 0 444 124 541 168 472 257 521 422 420 649 629 100 466 177 529 281 486 329 514 600 422 691 514 927 476 1014 549
717 472 799 532 337 470 441 550 163 473 252 521 422 420 649 628 89 466 176 529 281 485 327 514 0 443 91 540 601 422 693 514 924 476 1018 549
339 473 439 549 720 473 812 533 156 473 250 522 0 444 85 541 423 421 648 627 281 484 325 514 600 422 693 515 67 465 158 531
719 472 816 535 58 466 155 534 145 473 237 524 342 474 438 548 424 421 648 626 0 442 67 543 281 483 323 515 600 423 692 516 969 478 1074 556
720 470 820 535 138 474 235 523 350 469 442 552 44 466 139 535 425 422 648 626 601 424 690 517 0 441 59 545 281 481 320 516 991 480 1097 558
722 469 823 537 350 468 441 553 129 475 233 524 426 422 648 628 31 466 140 536 602 426 689 516 298 469 377 517 265 483 308 515 991 480 1098 559
726 469 823 538 350 469 442 553 295 468 376 516 427 422 647 627 123 475 233 524 602 427 688 516 261 483 307 516 11 465 115 539 808 478 848 519 994 480 1096 559
728 469 825 538 108 476 210 525 344 472 438 551 5 464 110 539 293 466 374 515 428 420 647 628 255 483 303 517 603 427 689 515 878 486 964 538 948 475 1044 551 998 478 1091 559
731 469 827 539 345 470 438 552 104 476 204 526 290 466 371 515 0 463 91 539 427 418 647 627 881 485 968 537 604 427 690 515 253 483 299 519 952 474 1044 551 1000 477 1091 559
349 468 442 554 734 469 828 539 91 477 188 530 286 466 368 516 426 418 648 629 0 463 86 539 605 428 690 515 882 485 972 538
348 468 443 554 734 473 832 545 425 418 650 630 86 477 181 531 282 466 367 517 606 428 689 515 899 485 988 542
348 468 444 555 736 472 833 547 263 467 359 521 423 418 651 630 62 478 170 530 903 486 991 544 605 429 688 515
349 468 443 555 261 467 358 521 739 470 842 548 423 418 651 630 66 478 163 529 979 478 1068 554 604 429 688 514
349 468 443 555 741 471 847 549 258 466 354 521 424 419 650 629 999 477 1093 555 66 476 156 528 604 430 689 513
349 469 443 554 743 472 853 549 252 465 351 521 425 419 649 627 0 354 155 711 1003 478 1093 556 605 431 690 513
746 474 858 549 348 469 443 554 238 465 338 522 425 418 649 627 1 354 165 709 606 431 691 515 1021 477 1116 559 855 460 879 489
748 474 859 549 348 469 444 555 233 465 337 523 425 417 649 629 4 356 167 707 1024 477 1117 560 607 432 690 515 856 461 881 489 933 486 1020 549
347 469 444 555 751 474 861 550 227 464 335 523 424 418 649 629 20 362 203 708 1044 476 1141 563 947 486 1041 551 859 461 883 490 607 431 689 516
348 470 444 556 753 473 863 551 28 360 212 708 223 463 336 524 424 418 649 629 1045 475 1144 564 951 486 1046 551 863 460 886 489 607 431 689 516
348 471 444 555 759 472 874 555 38 355 223 712 209 464 314 528 424 418 648 628 1048 475 1145 565 965 485 1064 554 607 431 689 516
348 472 443 556 761 473 875 556 47 354 225 713 205 464 313 530 423 420 649 630 0 468 59 538 1065 476 1170 567 967 485 1067 555 606 431 689 519 1169 463 1267 593 269 430 390 510 880 487 961 547
765 474 879 557 349 471 443 557 70 360 243 707 204 463 307 529 422 421 649 632 605 430 690 520 972 485 1073 556 268 430 390 511 881 487 963 546 0 467 59 538
767 475 886 558 349 470 442 558 76 369 246 701 422 422 649 632 203 464 300 529 264 429 389 514 882 486 964 546 989 485 1094 558 605 431 690 519 1118 468 1277 587 880 460 908 493
350 470 442 559 768 475 894 559 86 376 249 696 422 424 649 631 198 462 285 534 993 484 1100 560 260 430 389 516 1115 468 1277 585 102 540 231 719 884 460 906 491 605 432 690 516 659 477 686 526
350 471 442 559 765 475 899 562 95 378 253 692 421 425 649 630 999 484 1105 561 1121 468 1276 586 105 537 234 719 257 433 363 519 199 461 282 536 899 488 989 550 885 461 905 489 605 432 691 517
771 475 916 566 352 473 443 558 109 380 256 689 421 428 650 629 1134 465 1276 587 1011 481 1121 565 115 537 237 719 901 485 993 551 605 430 691 522 885 461 903 489
772 476 921 568 353 473 443 559 420 429 650 629 117 380 259 685 1019 478 1125 568 1143 464 1276 588 605 429 692 524 124 540 241 714 904 483 996 551 886 463 904 487 907 458 930 490
775 477 925 571 354 474 443 558 132 387 281 674 420 431 650 629 605 429 692 524 1167 458 1270 591 143 539 268 714 1033 477 1143 571 7 482 62 543 920 485 1011 555 908 459 930 491 243 432 377 519 887 463 904 487
355 474 443 558 781 470 930 573 135 392 284 669 420 432 650 628 1039 477 1149 573 605 429 692 524 147 537 272 711 921 488 1014 556 1173 460 1271 594 241 431 377 519 909 460 931 492
784 472 937 573 354 473 444 559 421 434 649 629 154 535 275 709 142 398 286 668 605 430 693 522 238 429 377 519 924 489 1017 556 1198 459 1277 595 1049 481 1150 572 91 463 174 531 912 459 935 493
786 474 944 573 354 472 444 560 421 436 647 629 162 410 278 641 160 534 276 706 80 459 179 535 604 431 693 520 238 428 376 520 927 489 1020 557 1205 455 1277 599 1064 492 1179 581
789 475 950 574 354 472 444 561 421 437 647 630 169 414 283 642 67 456 187 539 167 535 278 704 604 432 694 518 239 427 374 522
791 475 954 576 353 472 443 561 45 459 186 541 421 437 647 630 176 421 288 639 172 537 280 701 605 431 695 522 1087 493 1203 585 943 490 1041 562 241 427 371 522
793 474 960 579 352 473 443 561 421 438 647 630 182 427 289 640 179 538 284 698 605 430 696 524 27 454 193 549 945 488 1046 563 1097 492 1202 587
795 475 964 581 351 473 444 561 421 439 645 630 605 429 697 527 185 539 287 695 186 434 290 637 10 461 199 560 1117 491 1224 589
804 474 981 584 0 451 177 554 420 441 646 630 351 474 444 561 605 429 697 527 203 436 306 642 189 538 289 693 1132 494 1250 590
806 474 983 585 0 450 169 555 419 442 647 630 351 474 445 558 605 429 697 528 203 437 307 640 192 536 290 692
810 474 991 585 0 448 156 557 419 441 649 631 204 441 307 642 352 475 445 557 606 429 697 528 208 535 299 689 326 488 380 517
814 472 1000 587 419 441 648 633 205 441 309 645 0 446 148 557 353 475 446 556 607 430 697 528 325 488 380 517 201 278 223 314
819 472 1009 589 420 440 647 634 354 475 446 557 209 446 312 643 0 451 134 555 608 430 697 528 182 425 350 518 326 488 379 517
821 471 1015 590 420 440 647 634 353 475 446 557 0 450 125 553 215 446 317 636 608 430 697 528
824 473 1024 594 420 441 648 633 352 475 447 557 224 448 321 628 608 430 697 528 0 452 114 553
838 473 1059 599 421 441 647 632 353 475 448 557 233 448 326 623 608 430 698 528 6 458 104 548 152 417 315 529 71 468 150 532 314 486 358 519
841 474 1063 605 354 476 449 557 422 441 645 631 241 452 330 617 608 430 699 528 146 415 313 528 237 542 322 645 313 487 358 519
845 474 1070 608 356 477 450 558 245 450 333 615 423 442 644 630 607 430 699 528 139 415 313 527 240 544 324 644 340 487 375 511
851 475 1076 611 356 476 449 558 423 441 645 630 258 454 342 614 131 414 322 526 609 429 699 529 245 544 327 644 340 489 375 511
854 477 1088 614 358 476 449 559 259 452 345 613 423 441 645 630 123 413 323 528 610 429 699 529 341 490 374 511 257 540 342 642
863 475 1126 622 115 412 326 533 423 440 644 630 357 476 449 559 261 452 348 606 611 429 699 529 260 538 341 643 1090 486 1193 570 0 471 35 559 45 464 132 534
867 475 1131 624 424 440 643 630 107 411 323 539 355 475 450 558 264 451 351 605 612 429 699 529 263 540 343 640
873 475 1143 625 425 441 641 629 269 450 355 606 613 430 699 529 354 475 449 556 100 413 319 539 267 544 345 636 17 466 108 537
875 475 1159 625 425 441 641 629 272 449 360 609 615 430 698 529 355 476 448 554 69 414 293 535 277 543 339 635 13 465 107 534
886 469 1194 640 425 441 641 629 275 449 364 610 616 430 697 529 357 476 447 552 59 413 296 533 282 545 341 632 1142 490 1246 585 7 464 105 532 88 486 228 539 850 482 942 554
893 472 1207 644 425 441 641 628 281 450 369 609 616 430 697 529 361 476 446 551 51 409 299 531 65 486 212 539 851 481 946 555
897 474 1224 652 425 442 640 628 289 453 374 606 616 430 698 529 41 404 300 531 364 474 446 551 296 525 362 620 0 468 82 533 60 486 210 539
899 475 1239 658 426 443 639 628 616 430 699 529 297 459 378 604 29 400 304 508 301 527 366 619 368 473 447 552 189 488 288 532
924 473 1261 666 426 443 639 630 616 436 700 534 18 397 306 530 311 462 390 601 308 529 369 618 370 473 448 553 177 477 299 529
932 472 1267 672 426 443 639 630 617 437 700 534 313 462 392 601 16 397 307 530 312 529 370 616 372 473 448 553 169 475 300 531
947 470 1275 680 426 442 640 630 617 437 701 534 315 459 395 599 16 391 299 516 319 530 380 614 374 474 448 553 167 475 294 532
964 471 1279 687 426 442 639 630 616 436 703 534 317 461 400 596 0 393 273 536 324 533 383 613 381 476 446 553 142 470 280 536 824 490 923 547
977 472 1279 694 425 443 638 628 614 436 705 534 320 461 405 593 0 382 277 519 329 535 386 612 383 476 446 551 135 481 276 538
986 474 1279 697 425 443 638 628 613 436 706 534 0 379 271 517 323 463 407 592 332 533 389 611 110 480 262 541 384 476 446 550 1024 469 1064 535
999 470 1279 699 425 444 636 627 612 437 706 533 0 377 261 520 336 533 392 609 345 457 403 583 110 481 253 539
1013 465 1277 698 611 437 707 533 425 445 635 627 0 373 253 524 347 459 405 582 339 532 393 606 89 481 230 539 969 476 1057 614
1058 446 1277 709 611 437 708 532 425 445 635 627 0 371 246 527 351 463 409 580 347 532 401 607 979 471 1067 614 285 476 367 525 62 471 215 538 902 495 989 556 825 492 865 541
1067 448 1279 706 611 437 709 533 426 445 636 628 353 466 412 579 350 532 403 606 983 465 1072 613 275 479 356 524 905 495 994 555 59 470 209 538
612 433 707 526 1098 454 1279 712 427 445 634 629 271 480 355 524 356 467 416 578 354 531 407 604 1007 460 1097 621 29 478 191 542 906 493 998 555
611 433 708 527 428 444 633 630 265 480 352 524 1119 453 1279 717 349 466 427 591 358 531 412 602 1019 457 1110 622 921 490 1018 559 9 469 165 538 408 481 444 516
611 432 709 527 427 443 633 632 1152 519 1278 716 8 469 159 538 258 479 350 525 351 463 428 593 923 486 1025 560 363 530 415 600 1056 452 1141 631 409 479 444 515 1124 450 1195 626
610 432 710 526 427 443 633 631 1061 450 1149 634 253 479 348 524 371 464 428 582 6 467 157 538 926 484 1026 560 370 524 422 602 409 478 444 513
622 429 717 529 423 444 634 629 374 463 429 581 244 477 334 525 0 462 124 541 941 485 1045 564 373 522 422 601 1074 447 1158 629 0 375 211 516 1116 445 1199 639 1169 441 1235 642
624 430 717 529 375 462 431 578 420 444 635 625 237 478 330 524 0 369 183 524 1110 441 1205 644 1166 443 1240 648 376 521 423 600 943 485 1051 564 0 460 85 538
625 430 717 528 415 443 635 621 377 461 432 575 0 364 176 532 228 477 329 523 1226 424 1275 658 1122 442 1216 644 0 458 79 542 336 482 386 516 856 482 935 549
626 430 717 528 379 461 432 572 415 441 634 618 0 357 167 537 222 475 330 524 1149 443 1255 646 964 483 1075 569 858 481 938 550 1228 428 1276 652 1066 442 1124 553
627 429 719 528 209 470 317 525 414 440 632 620 0 354 155 542 382 461 433 569 965 481 1081 569 1164 441 1264 646 862 479 942 550
200 469 319 525 628 430 719 528 415 440 632 623 0 353 146 544 385 462 435 567 1119 443 1159 549 988 483 1100 570
191 467 318 524 0 353 131 543 413 440 633 623 629 430 718 528 1124 441 1166 556 876 479 963 553 988 483 1108 571
0 353 122 545 412 440 633 622 630 430 718 528 180 465 299 526 378 469 436 562 877 478 966 553 1144 441 1182 556
169 463 298 526 630 430 718 528 411 439 631 622 362 472 441 556 0 351 113 547 879 477 971 552 1150 442 1187 554 327 478 377 516 983 472 1142 575
631 430 718 527 412 439 630 625 162 464 296 525 361 473 440 554 0 349 94 547 1172 440 1212 554 882 476 973 552 324 478 377 514 985 472 1148 577
631 431 718 527 141 463 284 527 412 439 630 627 0 347 86 548 359 474 440 553 1019 475 1171 579 897 476 992 556 1178 439 1218 554 309 481 367 516 609 470 636 505
631 431 719 526 131 463 284 528 1195 436 1240 557 413 439 630 627 359 474 440 552 0 351 78 545 1025 477 1179 580 899 476 995 556 307 479 366 517 608 470 636 505
630 430 719 526 414 437 629 627 113 461 262 530 361 473 438 552 305 478 362 518 1031 478 1190 581 1218 435 1262 558 900 475 999 555 1198 439 1242 553 608 470 635 504
628 429 719 526 363 473 436 553 414 435 627 625 98 461 268 529 921 478 1015 558 1224 431 1269 563 1250 427 1277 562 303 477 358 517 1033 479 1198 583
628 429 719 526 365 473 436 553 413 435 626 623 73 460 249 529 1249 428 1278 563 919 476 1019 558 330 479 386 517 1062 480 1231 586
627 428 718 527 412 436 627 622 365 472 437 552 63 459 259 538 1070 479 1241 587 326 478 385 517 920 474 1020 557
411 437 627 624 628 427 718 526 366 471 437 552 34 455 237 537 294 471 376 518 1080 478 1250 587 952 477 1039 561
410 436 625 625 367 470 437 552 19 453 231 535 629 427 718 525 290 470 374 518 1115 476 1270 589 919 478 976 549 171 476 254 526
411 436 622 625 366 473 435 550 630 428 718 525 4 452 227 533 287 469 371 517 1123 476 1272 591 168 477 247 528 922 480 977 549 977 475 1062 566
