

869 351 1038 634 0 381 149 522 628 352 769 637 1073 384 1279 673 137 360 327 450 883 519 1044 665
868 351 1034 633 1 379 142 524 136 361 325 450 1073 385 1279 673 628 353 769 636 880 519 1041 665
868 351 1030 632 3 377 123 528 131 362 323 450 1073 385 1279 674 628 354 769 636 878 518 1035 663
867 351 1026 631 0 378 115 527 127 363 321 449 1072 386 1279 673 627 355 768 635 880 518 1028 659
866 351 1023 632 121 363 320 448 1072 386 1279 673 0 378 107 527 628 355 768 635 882 516 1022 656
865 351 1021 633 116 362 318 448 0 376 91 527 1071 386 1279 673 628 355 768 635 883 515 1019 655
864 352 1018 634 0 376 81 527 111 362 317 449 1071 385 1279 674 629 355 769 636 883 514 1017 655
865 352 1016 632 110 361 315 450 0 372 72 528 1071 385 1279 674 629 355 769 636 881 514 1016 655
865 353 1013 631 106 360 314 450 1072 385 1279 674 639 362 761 608 635 489 782 657 0 367 60 531 879 515 1014 655
866 353 1011 631 104 359 313 451 1072 385 1279 674 640 362 762 606 635 490 782 657 879 517 1013 657
863 357 999 629 101 358 312 451 1091 379 1279 679 641 362 762 606 635 491 782 657 878 517 1010 658 0 398 31 538
861 355 998 630 98 358 311 451 1091 379 1279 680 636 491 782 657 642 362 761 606 877 515 1009 658
859 353 997 629 73 356 301 453 1091 379 1279 680 636 493 782 657 643 361 761 607 876 514 1007 657
856 351 995 629 70 355 300 454 1073 384 1279 675 636 493 782 657 642 361 761 608 858 505 999 653
855 353 994 627 66 355 297 454 1073 384 1279 672 640 361 761 609 636 493 781 656 859 503 998 652
853 354 992 626 63 354 295 453 639 361 760 610 1094 382 1279 667 636 493 781 656 859 502 997 650
852 355 991 626 55 354 297 454 639 361 760 610 1098 381 1278 661 635 492 780 655 859 503 997 650
850 355 989 627 50 354 298 454 628 353 768 636 1104 379 1277 658 867 503 989 653
43 355 294 454 848 354 987 628 628 354 767 636 1106 379 1277 657 867 504 988 653
40 354 289 454 847 354 985 628 627 353 767 637 1100 348 1279 640 867 500 986 652
38 353 283 455 845 352 983 628 627 353 767 637 1104 388 1279 654 867 498 984 650
34 351 281 455 844 351 981 628 630 377 770 658 1100 340 1279 642 866 493 982 650
34 350 279 455 844 350 980 628 630 377 770 658 866 493 981 648
12 347 259 457 843 350 979 628 630 377 771 658 866 492 980 647
5 345 256 458 842 349 979 628 630 377 771 658 867 493 979 644
0 341 251 459 842 349 978 629 630 377 771 658 1091 315 1279 660 868 494 977 643
0 337 247 460 842 349 979 629 630 377 771 658 1067 328 1279 661 868 494 977 643
0 334 242 460 843 349 978 630 1060 332 1274 660 630 377 771 657 867 493 976 644
0 332 238 460 1050 333 1268 658 844 349 977 631 631 377 771 657 866 492 975 646
0 331 233 460 1037 336 1267 657 845 349 976 631 631 377 771 657 864 493 974 647
0 330 230 461 1030 335 1265 660 845 349 975 632 631 376 771 657 864 494 975 648
0 328 226 460 1005 337 1218 655 845 350 976 632 631 375 772 657 866 494 977 648
0 326 222 457 1002 338 1203 655 845 350 977 633 631 375 772 658 868 492 979 648 266 374 289 431
0 321 219 456 844 351 977 633 973 336 1176 655 629 354 768 639 1039 350 1272 698 266 374 289 432 870 490 980 647
0 316 216 457 970 338 1167 657 842 351 975 631 630 354 768 639 266 375 289 432
0 313 211 457 958 338 1162 660 845 351 965 610 630 353 767 639 266 375 289 431
0 311 207 457 947 338 1158 663 844 352 966 604 630 353 767 639 649 501 768 655 267 376 289 431
0 313 189 456 843 353 967 598 911 337 1132 660 630 353 767 639 1123 374 1279 678 649 501 767 655 267 375 289 431
912 339 1124 661 0 313 186 457 842 354 968 595 630 353 767 639 1116 378 1277 674 648 502 766 654 267 375 289 432
907 338 1114 662 0 314 182 457 841 355 967 592 1108 380 1277 674 629 354 767 639 648 502 766 655 267 375 289 432
0 313 179 459 898 338 1105 663 840 359 967 585 1101 382 1278 672 628 354 768 638 648 503 766 655 267 375 289 432
0 313 174 461 890 336 1097 664 1095 382 1279 670 840 365 965 577 628 355 767 638 648 503 766 655 267 376 289 432
2 313 170 463 869 343 1075 656 1094 383 1279 667 843 354 961 543 628 355 767 638 648 503 766 654 268 376 290 431
867 350 1064 651 4 314 163 462 1093 383 1279 663 843 354 955 535 628 356 767 638 651 503 765 651 268 377 290 431
860 358 1055 672 3 313 158 461 845 355 947 526 1094 384 1279 659 642 371 760 591
856 358 1045 674 849 355 938 516 643 372 760 591 1096 357 1279 626
833 361 929 515 643 372 760 589 857 360 1032 627
642 366 760 604 824 354 1016 638 636 497 782 650 833 366 925 515
814 354 1012 640 642 367 759 599 637 495 788 651
803 353 1003 652 1072 385 1279 677 641 369 760 594 638 493 794 652
2 309 137 457 799 355 996 650 641 369 759 595 1073 387 1279 675 598 390 615 416 639 492 797 652
769 357 973 645 640 370 759 594 0 305 124 460 1091 383 1279 676 640 494 797 652 600 390 616 417 269 377 293 432
761 356 965 647 639 369 758 595 0 305 121 459 1090 384 1279 675 641 495 795 653 601 389 616 418 269 376 293 432
753 355 956 648 639 367 759 595 0 305 117 457 1089 384 1279 674 642 496 793 653 599 389 616 419 269 376 293 432
749 353 951 650 638 366 759 594 1090 385 1279 673 0 306 112 455 642 495 789 652 598 389 615 419 882 357 965 526
715 354 929 648 639 367 760 596 1090 385 1279 672 0 307 106 454 882 357 964 523 595 389 614 418 658 495 772 651
712 356 915 648 638 367 760 597 1090 384 1279 672 0 311 92 457 879 359 963 520 593 389 613 418
707 357 904 648 638 367 760 599 1090 383 1279 672 0 309 88 458 874 359 963 519 591 389 612 417
707 360 902 668 637 368 759 597 1090 383 1279 670 0 309 84 462 869 358 963 521 590 388 612 418
704 361 895 668 637 369 759 599 1091 385 1279 666 861 359 968 583 0 308 78 463 590 388 611 418
674 358 874 647 857 355 964 535 1093 384 1279 663 636 374 758 595 590 389 611 418 0 305 73 461
671 370 869 658 853 354 964 542 1095 383 1278 662 589 390 610 418 636 378 757 590
1098 379 1279 666 666 363 868 673 863 359 963 539
858 373 966 575 660 360 863 676 1098 379 1279 668
858 372 966 576
847 355 968 580 649 361 845 622
847 354 968 584 619 357 827 631
611 357 817 650 846 353 966 593
606 358 804 647 1105 315 1279 651 845 353 964 599
599 364 795 663 1103 309 1279 651 830 352 964 635
581 371 780 656 1099 305 1279 655 832 352 964 635
577 372 775 656 1066 307 1279 661 834 352 963 634
571 372 769 657 1061 309 1279 655 836 351 964 634
564 372 764 658 1056 310 1273 652 837 351 964 633
1050 310 1270 650 559 370 762 660 843 351 963 620
1041 310 1266 652 555 373 757 657 843 350 963 620
1032 310 1267 653 553 366 750 637 843 350 963 619 605 521 799 655
1027 311 1267 657 550 367 746 635 842 350 962 619 578 521 776 656 673 371 758 527
1026 310 1268 661 539 375 726 653 842 350 962 619 577 522 776 655 671 369 758 526
1006 313 1227 666 536 375 717 654 842 350 963 619 574 522 775 653 670 367 759 526
998 313 1224 667 533 373 708 656 843 350 963 618 669 366 760 527 571 520 773 653
988 313 1219 668 530 370 698 658 843 351 963 617 668 365 765 582 568 518 771 654
982 311 1217 670 523 364 690 639 844 352 963 616 666 365 765 588 565 516 770 656
979 309 1214 670 521 366 686 637 845 353 964 615 664 365 765 601 561 516 769 659
517 369 683 635 959 305 1188 671 846 354 965 615 662 365 765 607 558 516 769 661
515 370 681 633 953 301 1187 666 848 355 967 612 660 365 765 612 557 516 766 662
513 371 681 632 915 325 1198 632 849 357 967 610 658 365 766 606 556 515 767 660
900 327 1190 629 512 371 680 631 850 360 967 606 655 365 765 606 557 513 767 658
496 377 674 627 890 330 1181 627 850 362 967 606 653 365 765 606 556 512 768 658
496 378 671 627 884 333 1174 626 851 362 968 606 652 366 765 609 556 510 767 659
496 377 669 627 880 334 1170 628 851 363 967 607 651 366 765 611 556 509 767 661
496 375 667 629 878 332 1169 631 851 363 966 606 556 508 767 661 650 366 765 614
496 374 665 630 877 331 1169 633 850 364 965 605 556 507 766 661 649 366 764 615
495 372 663 632 931 307 1158 662 850 364 965 606 555 507 766 661 648 381 763 652
498 377 659 648 931 306 1157 665 850 364 964 607 554 507 766 662 647 365 763 619 1135 371 1279 688
497 376 658 648 930 305 1154 666 850 364 963 609 647 365 763 618 553 506 768 663 1133 372 1279 688
492 369 658 635 931 304 1152 667 849 363 963 610 647 365 763 616 551 504 768 663 1131 372 1279 687
492 368 657 634 915 305 1130 665 849 363 963 610 647 365 763 616 551 502 768 662 1129 373 1279 686
