

932 367 1011 421 350 380 428 444 479 397 521 429 542 393 568 416 522 391 539 419 195 402 225 444 698 393 712 402 186 420 233 463
932 367 1011 421 350 380 428 444 479 397 521 429 541 393 568 416 522 391 540 419 698 394 712 402 200 403 228 447
931 367 1011 421 350 380 428 444 479 397 521 429 541 393 568 416 698 394 712 402 211 420 258 461
931 367 1011 421 350 381 428 444 479 397 521 429 540 393 567 416 218 403 249 447 698 394 711 402 214 421 261 460
931 367 1011 421 350 380 428 444 479 398 520 429 540 393 567 416 698 394 711 402 222 403 251 446
931 367 1011 421 350 380 428 444 479 398 520 429 542 393 568 416 522 391 539 419 698 393 711 401 231 420 280 458
931 367 1011 422 350 380 427 444 478 397 519 429 522 391 539 419 242 402 274 448 697 393 711 401 543 393 568 416 237 419 281 458
931 367 1011 422 350 380 427 444 478 397 519 429 522 391 539 419 244 401 277 447 697 393 711 401
349 381 427 444 931 367 1011 422 478 397 519 429 523 391 539 419 697 393 711 401
930 367 1011 422 349 381 427 444 477 397 519 429 221 408 257 444 523 391 539 419 265 397 295 447 697 393 711 401 262 419 306 458 543 392 569 417
930 367 1011 421 348 381 427 444 477 397 519 429 221 408 258 444 523 391 539 419 697 393 711 401 269 397 299 445 542 392 569 417
929 367 1011 422 346 381 427 444 476 397 519 429 523 391 539 419 292 402 325 449 697 393 711 401 222 409 258 443 542 392 569 417
929 367 1011 422 344 380 426 444 476 397 520 429 295 399 328 449 523 391 539 419 232 408 273 445 698 393 711 401 542 392 569 417
929 367 1010 422 343 380 426 444 476 397 520 430 523 391 539 419 232 408 274 444 698 393 711 401 301 398 328 447 541 392 569 417 313 403 344 447
929 367 1010 422 341 380 426 443 476 397 521 429 315 402 347 445 523 391 539 419 698 393 711 401 541 392 569 417
929 367 1010 422 340 380 426 444 476 397 521 429 524 391 539 419 698 393 711 401 541 392 569 417 321 400 349 443
929 367 1010 422 338 380 426 445 476 397 521 429 524 391 539 419 698 393 711 401 541 392 569 417
929 367 1011 422 342 380 425 445 477 397 520 429 524 391 540 420 698 393 711 401 541 392 568 417 342 396 366 446
929 367 1011 422 478 398 520 429 523 390 539 420 698 393 711 401 542 392 568 417
930 367 1011 422 478 397 520 429 523 391 539 420 345 374 425 436 697 393 711 401 542 392 568 417
930 367 1011 422 479 397 520 429 523 391 540 419 697 393 711 401 344 375 425 434 542 392 568 417
930 367 1011 422 478 397 521 429 524 391 540 419 343 375 427 433 697 393 712 401 541 392 568 417
930 367 1011 422 478 397 521 429 342 375 427 434 697 393 712 401 540 392 568 417
930 367 1011 422 478 397 521 429 342 374 429 435 539 392 568 417 697 393 712 401
930 367 1011 422 478 397 522 429 342 374 430 436 540 392 568 417 697 393 712 402
930 367 1011 422 477 396 522 429 343 373 430 437 540 392 569 417 697 393 712 402
930 367 1011 422 478 396 522 430 342 373 429 438 697 393 712 402 540 392 568 417 417 400 451 444
930 367 1011 422 477 396 523 430 342 373 427 439 697 393 712 402 540 393 568 417
930 367 1011 422 477 395 524 431 341 373 427 439 698 393 712 402 541 393 568 417
930 367 1011 422 477 394 524 431 347 379 425 444 443 395 472 442 698 393 712 402 542 393 568 417
930 367 1011 422 347 379 426 444 477 394 523 431 444 396 477 443 698 393 711 402 542 393 567 417
930 367 1011 422 347 379 426 444 483 396 520 431 697 393 711 401 542 393 567 417
930 367 1011 422 347 379 426 444 459 399 496 442 521 390 539 419 697 393 711 401 542 393 567 417
930 367 1011 422 348 379 427 444 464 399 500 441 520 390 538 419 697 393 711 401 542 393 567 417
930 367 1011 422 348 379 427 444 468 401 502 439 520 390 537 420 697 393 710 401 541 393 567 417
929 367 1011 422 349 380 427 444 486 401 514 438 520 391 537 419 541 393 566 417 697 393 710 402
929 367 1011 422 349 380 427 444 489 401 519 439 539 392 567 417 698 394 710 402
929 367 1011 421 349 380 428 444 494 401 523 439 511 398 534 434 539 392 566 417 698 394 711 402
929 367 1011 421 349 380 428 445 509 397 535 437 496 400 525 437 540 393 567 417
929 367 1011 421 349 380 428 445 510 398 539 438
929 367 1011 421 349 380 428 444 515 398 544 437
929 367 1011 421 349 380 428 444 519 398 549 437
929 367 1011 421 349 380 428 444 522 398 550 435
929 367 1011 421 349 380 428 444 535 399 564 435 523 399 546 430
929 367 1011 421 349 380 428 444 539 400 568 435
929 367 1011 421 349 380 428 444 543 401 572 435
929 367 1011 421 349 380 427 444 546 401 575 434
929 367 1011 421 349 380 427 445 484 398 518 429
929 367 1011 421 350 380 427 445 561 400 587 434 483 398 518 429
930 367 1011 421 350 380 427 445 564 400 591 433 483 397 519 429 521 391 540 420
930 367 1011 421 351 380 427 445 569 399 595 433 483 397 519 429 522 391 540 420
352 380 426 444 930 367 1010 421 481 397 519 428 573 399 597 431 522 391 540 421 696 394 710 402
352 380 426 444 930 367 1010 421 481 397 519 428 583 400 606 432 521 391 540 420
584 399 610 434 352 380 427 444 930 367 1010 421 481 398 519 428 521 392 540 420
587 399 613 434 352 380 427 444 930 367 1011 421 481 398 519 428 521 392 540 420
352 380 427 444 590 399 617 433 931 368 1010 421 481 399 519 428 522 392 540 420
352 380 427 444 931 368 1010 421 595 399 620 433 481 399 518 428 539 393 567 418 522 392 540 419
352 380 427 444 931 368 1010 421 599 399 623 431 537 393 567 418 480 398 518 428 521 392 540 419
352 379 427 445 931 368 1011 421 608 399 629 430 537 392 567 418 480 398 518 428
931 368 1011 421 351 379 427 445 610 398 633 431 480 398 519 427 537 392 568 418
931 368 1010 421 353 380 442 444 613 398 636 430 480 398 519 427
931 368 1010 421 353 379 443 444 616 398 639 429 480 398 519 427
931 368 1010 421 352 379 444 444 619 398 642 428 479 398 519 427
931 367 1011 421 352 379 444 444 623 399 644 427 479 397 520 428 537 393 567 418
930 367 1011 421 350 379 428 445 479 397 520 428 627 399 646 425 537 393 568 418
929 366 1011 422 350 379 428 445 480 396 520 429 633 398 652 427 537 393 567 418
929 366 1011 421 350 379 428 445 480 396 521 429 635 398 654 427 537 392 568 418
929 367 1011 421 350 379 428 445 480 396 521 429 637 398 657 426 538 392 568 418
929 367 1011 422 350 379 428 445 480 395 522 429 641 399 661 426 538 393 568 418
929 367 1011 422 350 379 428 445 479 395 522 429 538 393 568 418
929 367 1011 422 350 379 428 445 479 395 522 429 537 393 568 418
929 367 1011 422 350 379 428 445 479 395 522 429 537 393 567 418
929 367 1011 422 350 379 428 445 479 395 523 429 537 393 567 418
929 367 1011 422 350 380 428 445 479 394 523 430 537 393 567 418
929 367 1011 422 350 380 428 445 480 394 524 430 660 391 678 416 537 393 567 418
929 367 1011 422 350 380 428 445 479 394 524 430 660 391 679 416 537 393 567 418
928 367 1011 422 350 380 428 445 479 395 524 430 664 400 683 425 537 393 567 418
929 367 1011 422 350 380 428 445 479 395 524 430 663 392 683 413 666 400 685 425 536 393 567 418
929 366 1010 422 350 379 428 445 480 395 523 429 666 393 685 413 668 400 686 424 536 393 567 418
930 366 1010 422 349 379 428 445 480 395 523 429 668 394 687 414 536 393 566 418
931 365 1010 421 349 379 428 445 480 395 523 429 536 393 566 418
930 366 1010 421 349 379 428 445 480 395 524 429 536 392 566 419
930 366 1009 421 349 380 428 445 480 395 523 429 536 392 566 419
930 366 1010 421 349 380 428 445 480 396 523 429 536 392 566 419
930 366 1010 421 348 380 428 445 480 396 523 429 536 392 566 419
930 366 1010 421 348 380 428 445 480 395 524 429 536 392 567 418
930 366 1009 421 348 380 428 445 480 395 523 429 537 392 567 418
930 366 1009 421 348 379 428 445 687 393 705 414 480 395 523 429 537 392 567 418
930 365 1009 421 348 380 428 445 688 393 707 413 480 395 523 429 538 392 567 418
930 365 1009 421 348 379 428 445 480 395 523 429 689 393 708 412 538 392 567 418
930 365 1009 421 348 379 428 445 690 393 709 412 480 395 523 429 538 392 566 418
930 365 1009 421 348 379 428 445 691 393 710 413 480 395 523 429 539 392 566 418
930 366 1010 422 348 379 428 445 693 392 712 413 480 395 523 429 540 392 567 417
930 366 1010 422 348 379 428 445 481 395 523 429 541 392 567 417
930 367 1010 422 349 379 428 445 481 395 523 429 542 392 567 417
929 367 1011 422 348 379 428 446 481 396 523 429 542 392 568 418
928 367 1011 423 348 379 428 446 481 398 522 429 541 393 568 418
928 367 1012 423 348 379 428 446 481 399 522 429 540 393 568 418
