

932 370 1024 434 322 384 404 454 534 404 564 429 462 407 515 440 401 412 448 443
931 370 1025 435 322 384 404 455 463 408 513 440 536 405 564 429 517 408 540 431
932 371 1026 436 321 385 404 456 464 409 511 440 536 405 564 429 516 408 540 431 400 414 448 444
319 385 403 456 932 372 1026 436 463 410 510 440 536 406 563 428 516 408 541 431
316 385 403 456 931 372 1026 437 462 410 511 440 536 406 564 429 515 408 543 432
314 384 402 456 931 372 1027 437 461 410 512 441 535 405 563 429 515 408 543 432
314 384 401 456 931 371 1028 438 461 410 512 441 534 405 564 430
314 384 401 456 946 373 1030 437 461 410 511 442 533 404 564 430
314 384 401 457 946 372 1031 438 459 410 511 442 533 404 564 430 515 407 542 432
313 384 401 458 946 372 1031 438 458 410 511 441 533 404 563 429 515 407 545 432
947 371 1032 438 312 384 400 459 457 410 510 442 533 404 563 429 514 407 546 432
949 371 1033 439 310 384 402 458 457 409 509 442 514 408 547 433 533 405 563 429
949 370 1034 439 309 384 401 458 457 408 508 443 514 408 545 433 534 406 562 429
309 384 399 459 949 369 1035 439 456 406 507 442 534 406 562 429
948 369 1035 438 308 384 396 459 456 406 506 441 535 405 562 428
948 369 1036 437 307 384 396 458 455 405 505 440 535 404 562 427 515 406 545 431
948 369 1038 436 305 384 397 459 455 405 503 439 536 403 561 427 515 405 547 431
947 369 1040 436 304 384 398 459 455 403 501 439 536 402 561 426 516 404 547 430
946 368 1042 436 293 383 382 459 455 403 502 439 535 402 561 425
944 367 1043 435 292 383 382 458 454 403 501 439 535 402 561 423
942 366 1044 434 291 382 380 458 454 404 500 439 738 397 755 412 536 402 560 423
941 366 1046 433 289 382 378 458 453 405 499 439 738 398 755 412 518 405 547 428 536 403 559 423
942 367 1047 434 287 382 377 458 453 405 499 439 517 405 549 429 738 398 755 412 536 403 558 423
945 367 1049 435 286 382 376 459 452 405 500 439 517 405 550 429 535 403 558 423
286 382 375 461 947 367 1051 437 451 404 500 439 517 405 550 430
286 382 373 462 949 368 1054 438 452 404 499 439 517 406 550 430 534 403 558 424
285 383 371 463 970 370 1056 438 451 404 499 439 516 405 550 430
283 384 371 463 970 368 1057 439 450 404 498 440 515 404 550 430
280 384 373 462 970 368 1058 440 449 403 498 441 513 403 550 431
971 367 1060 441 278 385 374 462 449 404 498 441 512 404 550 432
971 367 1061 443 270 385 358 463 512 405 550 432 450 405 498 442
268 385 357 465 969 367 1063 443 512 406 549 433 435 407 489 446
264 385 358 466 968 367 1065 444 435 408 490 447 513 407 549 434 553 328 565 356
262 385 358 468 966 367 1068 444 434 409 490 448 512 408 548 435 553 328 565 356
261 385 359 470 966 367 1069 445 513 410 547 436 433 410 489 448 553 327 565 355 493 410 515 437 741 407 756 420
260 386 357 470 964 367 1073 445 513 411 546 437 432 410 489 449 492 411 515 438 552 328 564 355 740 408 756 421 692 407 705 415
258 387 354 471 966 367 1076 445 514 412 546 437 432 409 488 449 491 411 515 439 552 328 564 356 740 409 756 421 619 411 634 421 692 408 705 416
255 388 355 471 965 367 1079 446 513 411 546 437 432 409 486 450 551 327 563 356 490 411 514 440 740 410 755 422 619 411 634 421 692 408 704 417
253 389 361 471 964 366 1082 446 512 411 546 438 431 409 485 450 550 327 562 357 741 410 755 422 619 412 633 422
248 388 366 472 958 377 1088 445 510 410 546 439 430 409 484 450 549 327 562 356
243 387 368 472 995 367 1085 445 509 409 544 437 429 410 482 450 620 412 634 422 741 410 755 422 692 409 705 417
239 385 334 473 992 366 1087 446 508 409 544 437 427 410 480 449 620 411 634 421 741 409 755 421 692 408 705 416
237 385 334 473 991 367 1090 446 509 408 542 435 620 410 635 421 427 409 478 448 693 407 705 415 742 408 756 420
235 385 334 473 986 367 1094 446 508 408 543 435 693 407 705 415 620 410 635 421
231 386 335 473 985 367 1098 446 508 408 542 435 394 400 475 452 693 407 706 416 621 410 635 421
226 386 340 473 984 367 1102 446 508 407 541 435 392 398 474 453 620 411 634 421 693 407 706 416
985 367 1105 446 222 387 344 474 390 398 473 453 508 407 540 435 491 409 526 439 620 411 634 421 741 408 755 421 693 407 705 416
985 366 1110 447 217 386 346 474 390 398 472 454 508 407 539 435 490 409 527 439 620 411 634 421 740 408 755 421
982 375 1113 446 212 383 308 476 509 408 539 435 390 399 471 454 489 409 527 440 619 411 633 421
982 375 1117 446 210 383 307 476 511 409 539 434 489 410 527 441 619 411 633 421
980 374 1120 448 207 384 309 476 489 411 527 441 512 410 539 434 619 412 634 422 741 409 755 421
983 365 1123 449 191 384 348 483 490 412 527 441 512 410 539 435 619 413 634 423 741 410 755 423
1005 365 1124 449 193 388 319 485 511 411 540 436 490 412 526 442 619 413 635 424 741 412 754 424
999 370 1128 450 187 389 289 484 510 412 540 438 491 413 525 442 619 414 635 424 741 413 753 425 694 411 705 419 643 414 657 423
998 371 1132 450 184 390 288 485 492 413 527 443 618 415 636 425 510 414 539 438 741 413 753 425 693 411 705 419 643 414 657 423 720 412 734 422
1000 372 1136 451 180 390 289 486 492 414 527 444 389 410 465 461 509 414 539 439 619 415 636 426 741 413 753 425 693 412 705 421 643 415 657 424 721 413 734 423
1003 373 1140 452 175 391 290 488 491 415 526 445 388 410 464 462 509 415 540 440 470 414 487 444 740 413 754 425 619 415 635 426 692 413 704 421 644 415 657 424
1005 373 1144 453 158 388 313 491 388 411 462 462 491 415 525 445 510 415 541 440 470 414 487 445 740 413 753 425 692 413 704 422 644 415 658 424 619 416 634 426
157 389 313 492 1006 373 1146 453 387 411 460 462 491 416 526 445 470 414 487 445 510 415 540 440 740 412 753 425 619 416 634 425 644 415 658 424 692 412 703 421
154 387 310 493 1026 371 1151 453 387 412 457 462 491 415 526 444 469 414 487 445 619 415 634 425 740 413 753 425 511 415 538 439 643 415 658 424
150 386 307 494 1027 371 1158 453 490 415 526 444 387 411 456 461 739 413 753 426 618 415 633 425 643 414 658 424
144 384 303 495 1029 371 1165 454 489 415 525 444 376 410 450 461 739 413 753 426 618 414 633 424 0 597 1269 719 692 411 704 419 643 414 658 423
139 384 303 494 1031 370 1169 455 487 415 524 444 376 410 449 461 618 414 632 423 692 410 704 419 0 597 1265 719
133 383 301 493 1032 371 1170 454 486 415 523 444 373 410 447 461 618 413 632 423 692 410 704 418 0 597 1266 719
128 381 300 493 1048 363 1180 458 485 414 523 444 384 412 443 460 618 413 632 423 692 410 704 418 721 411 734 421 0 596 1270 719
122 379 301 494 1046 365 1186 457 484 414 524 444 369 409 444 463 618 413 632 423 721 411 734 420 692 410 704 418 740 412 755 423
117 379 299 495 1047 365 1190 457 484 415 524 444 369 410 443 463 618 413 632 423 721 410 734 420 740 411 755 423 692 410 703 417
112 378 299 494 1024 367 1198 458 484 415 523 444 367 410 442 464 618 413 633 423 759 407 783 422 721 410 734 419 741 411 756 422
101 376 268 497 365 410 440 464 1024 366 1203 459 483 414 522 443 618 413 633 423 720 409 735 419 758 407 783 422
94 375 272 497 364 409 438 464 482 414 522 443 1070 363 1212 458 617 413 633 423 720 408 735 419 740 410 756 422 691 408 703 417
89 373 271 498 363 410 436 464 1065 361 1219 461 482 414 522 442 617 412 632 422 467 415 501 444 720 408 735 418 740 410 755 422 691 408 703 416
83 373 266 499 1070 348 1226 459 362 411 433 463 483 413 521 442 466 415 501 444 616 412 631 422 1013 364 1090 446 721 407 736 418
75 374 259 500 1071 347 1231 459 362 413 430 461 484 413 520 441 465 414 500 444 1012 362 1093 447 616 411 631 421 596 411 612 422
67 375 257 500 1073 347 1238 458 484 411 520 440 465 413 500 444 351 412 427 462 444 410 463 443 1020 364 1105 446 617 410 631 420
61 374 257 499 1072 348 1243 458 485 410 519 439 350 412 426 462 465 411 499 444 444 409 462 443 1022 365 1107 445
55 373 258 497 1069 348 1247 458 347 411 425 461 484 409 518 437 443 408 462 443 465 410 498 442 1023 364 1110 444
44 373 231 500 1066 347 1252 459 344 411 424 461 484 408 517 436 443 407 462 442 464 409 498 441
39 372 228 500 1069 345 1258 460 341 411 422 461 442 408 462 441 463 410 499 441 484 408 515 435
34 370 228 501 339 411 421 461 1070 345 1264 461 464 411 501 441 442 408 464 442 483 408 514 435
25 370 225 502 338 411 419 461 1111 346 1271 461 464 412 502 442
15 369 224 502 338 411 415 460 1114 343 1274 463 464 411 501 441 424 409 443 443
6 368 222 503 1120 339 1277 465 336 403 414 456 464 410 501 439 721 401 735 410 837 396 857 441
0 365 220 502 336 403 411 456 1125 339 1279 465 464 409 501 437 424 407 445 443 722 400 735 410
0 362 218 502 334 401 411 453 463 406 503 434 1128 339 1279 461 423 405 444 440 722 399 736 409 675 399 686 407 737 398 755 410
0 358 216 500 323 398 405 453 463 404 501 432 422 403 442 438 722 397 736 407 1050 351 1152 446 674 397 686 405 758 393 781 409 738 396 754 408
0 354 215 499 324 399 404 449 462 401 500 430 1062 353 1170 444 421 400 441 436 722 395 737 405 758 391 781 407 673 395 685 403 618 397 632 406 737 393 754 405
0 355 187 499 325 400 402 448 1065 351 1172 443 463 400 499 430 420 400 440 435 722 393 737 404 757 390 781 406 598 396 615 408 673 394 685 402 618 396 632 405 522 303 536 344
0 353 184 499 322 400 400 448 461 399 499 430 418 400 440 435 1069 348 1174 442 723 393 738 404 757 390 782 406 1156 346 1279 460 599 396 615 408 618 395 632 404 674 394 686 402 643 396 655 404 522 303 536 342
0 355 178 500 317 397 397 449 461 400 497 431 417 400 439 435 723 393 738 404 758 390 782 406 674 394 686 402 618 395 632 405 599 396 615 408 643 396 655 404
311 396 394 451 0 357 172 500 459 400 497 431 723 394 738 405 418 402 439 435 1082 350 1198 444 757 390 781 406 674 395 686 403 618 396 632 405 600 397 615 408
308 396 391 454 0 359 167 502 459 401 496 433 1085 351 1202 445 723 395 737 406 419 404 438 437 674 396 686 404 619 398 632 407 757 391 781 408
458 405 496 437 4 361 158 504 723 398 736 408
459 409 494 441 305 411 388 464 6 360 151 508
297 412 383 467 459 411 494 443 4 354 145 510 236 434 274 471
296 412 382 466 459 411 494 443 1216 379 1278 473 0 353 143 510 1025 389 1121 463
293 410 381 466 458 409 493 441 757 397 784 414 721 400 734 409
291 408 380 465 457 407 493 439 758 396 786 413 417 410 450 446 722 399 735 408 694 399 705 407
287 395 378 463 456 404 493 436 759 394 786 410 416 408 452 444 722 397 736 406 693 397 705 405 1125 338 1272 461 737 396 752 409
