

612 403 638 422
613 403 638 422
614 402 639 422
614 402 639 422
614 402 639 422
613 402 639 421
613 403 638 421
613 403 638 421
613 402 637 421
612 402 637 421
612 402 638 421
612 403 639 421
613 403 639 421
613 403 639 422
612 403 639 422
612 404 640 423
612 404 640 424
613 405 642 425
612 405 643 426
612 404 642 426
612 404 642 426
611 403 642 426
612 404 642 425
612 403 642 424
612 403 640 422
611 403 638 421
611 402 638 421
611 402 639 421
611 401 640 421
612 401 640 421
612 402 639 420
612 402 639 420
612 402 639 420 0 409 1275 719
0 405 1276 719 613 402 641 421
0 401 1272 719 612 402 641 421
612 403 640 420
612 403 640 420
612 402 639 420
611 402 640 420
611 401 640 420
612 401 639 420
612 401 638 420
612 401 638 419
612 401 638 419
612 401 639 419
612 402 639 419
612 402 640 420
612 401 640 420
612 401 639 420
612 401 639 419
612 401 638 419
611 401 637 419
611 401 637 419
611 401 636 419
612 402 636 419
612 401 637 419
612 401 637 419
613 395 642 415
612 396 641 415
611 400 638 420
611 400 638 420
611 400 639 421
611 399 640 421
611 399 640 421
612 400 640 421
612 400 640 420
612 400 640 420
612 395 642 415
611 395 643 415
611 395 644 416
611 394 644 416
611 394 644 416
610 393 645 416
610 393 645 416
610 392 646 417
610 393 645 417
610 393 645 416
611 393 644 416
611 393 644 416 644 371 693 437
611 393 644 416
610 392 644 416
611 392 645 416
611 392 644 416 575 393 592 407
611 392 644 416 575 393 592 407
611 392 644 416 575 393 592 406
611 392 644 416 644 370 693 436 575 392 592 406
612 393 643 416 644 370 693 436 575 392 592 406
613 393 644 416 644 371 694 435 575 393 592 406
613 392 644 416 644 371 694 435 576 393 592 406
614 392 645 416 644 371 694 435
614 392 645 416 645 370 693 435
613 392 645 417 645 371 691 435
613 391 647 417 646 371 691 435
612 391 646 417 646 371 691 435
612 391 645 416 646 370 691 435
612 392 643 415 645 370 692 434
611 392 642 414 646 369 692 433
612 391 643 412 647 370 692 432
