

560 451 707 576 700 461 817 546 814 461 875 570 991 416 1154 678 878 456 969 600 975 549 1214 702
559 451 707 576 699 460 817 546 982 434 1155 694 813 461 875 570 877 456 969 601
559 451 707 576 699 460 817 547 982 435 1154 693 813 460 875 570 878 457 970 601 1000 433 1205 565 913 526 1223 710
559 451 707 576 700 460 817 547 982 434 1152 692 813 460 875 570 879 456 971 602 963 552 1228 702
558 451 707 576 700 459 816 548 982 414 1140 679 813 460 875 571 960 538 1177 703 879 456 970 603 1081 437 1240 566
558 450 707 576 700 465 818 555 979 413 1136 677 814 460 875 572 959 538 1176 704 1091 447 1240 575 879 455 970 604
558 449 707 576 700 466 818 555 955 537 1176 704 815 460 875 572 973 415 1132 673 1085 447 1247 578 879 454 972 604
558 449 707 577 700 466 818 555 950 536 1175 705 967 417 1129 672 816 461 876 572 1078 446 1257 581 880 455 974 604
559 450 707 576 700 466 818 555 948 534 1173 705 963 417 1127 672 816 461 876 572 1071 444 1267 583 880 455 975 605
559 450 706 576 700 466 818 555 945 532 1171 705 963 417 1125 672 1100 447 1277 580 815 461 876 572
701 465 818 556 559 450 706 576 1100 446 1278 584 963 434 1136 700 814 461 876 572
701 464 818 556 1102 446 1279 590 559 451 706 575 947 531 1163 704 813 460 875 572 987 429 1109 646 878 452 975 601
1108 445 1279 595 702 464 818 556 560 452 706 574 950 535 1160 703 813 460 875 571 985 429 1107 643 879 451 974 601
1112 442 1279 598 561 453 706 574 702 465 818 556 952 540 1158 701 814 461 875 570 988 429 1106 638 880 451 974 602
562 450 706 575 1117 441 1279 599 701 466 818 555 953 543 1157 701 816 463 876 568 990 433 1104 633 881 451 974 602
1124 438 1279 599 561 450 705 575 700 466 820 555 953 543 1154 700 818 465 878 568 940 418 1105 672 881 451 974 600
1134 437 1279 599 561 450 705 575 700 459 818 546 939 439 1110 690 819 466 880 569 881 452 973 599
1152 432 1279 608 562 451 704 575 700 459 818 547 938 441 1110 691 819 466 882 571
563 452 704 575 1157 432 1279 612 699 458 818 548 938 442 1110 692 820 466 884 573 896 452 991 613
564 451 704 575 700 457 818 548 942 443 1109 691 820 465 884 573 896 449 987 610 1168 439 1279 612
564 451 704 574 700 456 818 548 944 443 1108 689 820 464 883 572 897 446 986 609 1194 445 1278 609
564 452 703 573 945 442 1106 688 706 456 825 547 820 464 882 571 897 443 986 607 1203 450 1278 609
564 452 703 573 944 440 1106 689 706 456 825 547 821 464 882 571 897 443 985 608
564 453 703 572 945 439 1105 690 706 457 826 548 822 464 882 571 898 446 985 608
563 452 703 573 944 440 1105 692 703 464 828 556 822 463 882 571 898 449 984 608
563 452 703 573 944 440 1104 692 702 464 828 557 823 462 881 572 899 450 982 608 1018 448 1200 556 689 458 719 482
563 451 702 574 943 439 1103 692 703 464 828 557 1018 445 1207 561 822 462 881 572 901 448 982 608
564 450 702 574 943 440 1104 691 702 463 829 558 821 461 881 572 1011 445 1211 578 903 445 983 607
564 450 701 574 702 463 829 558 941 441 1104 692 991 442 1228 581 820 460 880 571 904 445 984 608
563 452 701 572 696 466 823 555 946 548 1141 700 978 441 1246 583 819 459 879 570 957 435 1084 655 905 447 985 609
696 467 823 554 561 452 701 571 818 459 878 569 947 546 1141 699 958 434 1085 654 1039 445 1263 579 906 447 985 611 862 462 922 527
1043 444 1275 580 694 467 824 553 817 457 878 569 560 453 700 570 948 547 1141 698 958 432 1087 653 907 447 988 613 864 463 924 527
1050 443 1279 580 559 452 699 571 815 456 878 570 693 468 824 552 939 431 1102 699 908 445 992 614 865 463 927 529
558 450 698 572 1055 442 1279 582 814 455 878 571 693 459 820 544 939 428 1102 699 909 443 996 615 861 459 934 529
557 449 698 572 692 459 820 544 940 430 1102 698 1059 440 1279 583 812 455 877 572 909 442 997 615 860 455 937 530
556 448 698 574 692 458 819 544 939 429 1104 699 1062 438 1279 585 811 456 876 572 910 443 998 616 860 451 940 532
556 447 699 574 692 458 819 544 938 430 1107 701 1065 436 1279 587 811 457 875 572 912 442 999 617 859 449 942 532
692 459 819 544 557 447 699 574 1068 435 1279 589 937 432 1110 701 811 458 875 571 913 443 1001 618 859 450 942 533 689 460 719 486
1070 434 1279 590 557 447 699 574 692 459 819 544 937 433 1111 701 810 459 874 571 915 444 1001 619 861 450 943 533
556 448 699 573 1075 434 1279 590 692 459 818 544 938 432 1111 703 808 459 872 571 916 446 1001 617 860 452 944 535
556 448 698 574 1092 434 1279 591 693 459 816 545 938 432 1110 705 807 459 871 571 918 445 1001 614 860 453 945 536
1099 434 1279 592 556 447 698 575 694 458 814 545 938 530 1156 704 801 455 866 570 919 443 1003 610 859 452 946 537 957 428 1085 645
1109 434 1279 593 555 446 699 575 694 457 813 546 940 531 1158 704 800 455 867 571 920 441 1007 609 861 451 947 537 984 425 1101 645
556 447 698 575 1124 435 1279 594 694 457 812 545 944 533 1162 704 799 455 866 571 923 443 1011 609 987 426 1102 640
557 448 699 575 694 458 813 544 1137 436 1279 592 950 535 1164 705 799 455 866 571 928 444 1014 613 869 445 964 536 990 426 1104 638
557 449 700 574 694 459 813 543 1156 435 1276 595 954 536 1163 705 799 455 865 571 933 446 1017 617 869 443 966 539 991 425 1107 636
557 449 700 575 694 461 813 543 1166 437 1276 594 956 536 1160 706 799 454 864 572 936 444 1019 616 990 425 1109 637 873 443 968 540
558 449 700 575 695 463 812 543 799 454 864 574 957 538 1159 704 934 444 1019 615 1194 437 1277 601 991 427 1112 636
560 450 700 575 696 468 814 553 798 453 863 575 963 407 1125 677 1200 445 1278 600 875 443 1038 547 932 445 1020 615
561 452 701 573 697 469 814 554 796 453 862 576 962 407 1128 675 966 542 1163 701 874 444 1042 546 1218 479 1279 603 931 447 1021 612 856 462 937 527
562 454 701 572 697 469 813 554 796 456 861 577 967 542 1165 702 963 410 1131 674 872 444 1045 547 948 441 1043 629 856 462 938 528
562 455 701 573 698 469 812 555 789 509 863 588 965 408 1134 676 874 445 1049 547 948 442 1042 628 984 556 1204 704 691 474 722 513
562 456 701 574 698 470 811 556 972 405 1138 681 787 509 862 589 876 445 1052 547 951 444 1044 629 691 474 722 513 986 553 1201 704
561 457 700 574 977 401 1140 686 698 470 811 557 785 510 861 590 871 460 968 534 878 445 1055 546 951 443 1044 630 690 474 722 514 989 549 1197 704
561 458 701 574 980 401 1142 688 699 470 811 558 873 461 969 534 785 510 860 590 880 446 1058 545 689 474 722 514 951 444 1047 629 991 545 1196 705
562 458 702 573 980 406 1146 687 699 470 810 558 875 461 971 534 784 509 858 592 688 474 723 514 992 545 1199 706 952 444 1051 626
984 434 1157 694 561 458 702 574 700 470 808 557 879 461 974 535 786 461 851 582 687 474 724 515 954 445 1057 626
985 436 1159 692 561 459 701 574 700 470 806 556 881 461 977 535 784 460 850 583 686 474 724 516 957 443 1061 628
890 460 989 538 983 437 1160 690 561 459 700 574 700 470 807 555 782 506 849 593 685 474 726 516 960 444 1062 630
894 459 991 538 562 460 701 572 1014 436 1187 690 700 471 807 554 782 507 848 593 685 474 725 516 962 445 1061 629
897 459 994 539 1015 436 1191 688 700 472 805 554 559 464 703 564 778 459 837 577 686 475 725 515 965 448 1060 624 786 524 844 595
901 458 997 541 1016 436 1196 688 701 475 802 554 560 466 703 563 776 459 839 579 688 476 724 515 967 450 1058 621 770 527 845 594
905 458 998 543 1019 438 1197 688 775 459 839 581 701 475 800 554 561 467 703 563 769 527 843 595 688 476 723 515 969 449 1057 621
1022 440 1196 687 774 459 839 581 909 458 999 544 703 476 796 554 560 467 703 563 767 528 842 595 687 476 722 514 1036 562 1249 705 969 449 1054 620
1026 441 1196 686 773 460 839 580 1001 561 1232 703 705 477 793 555 559 467 703 565 917 456 1013 548 765 528 840 596 686 475 721 515 967 448 1054 620
1028 442 1198 685 771 460 838 578 705 478 791 555 558 466 703 565 1032 563 1251 707 762 528 838 596 921 456 1013 545 965 448 1055 616 686 475 720 515 851 452 946 521
1029 443 1203 686 771 459 836 579 706 478 791 555 558 466 702 566 761 526 837 596 964 448 1060 613 686 475 719 515 924 459 1013 541 853 453 948 521
1030 442 1204 688 770 459 833 578 706 479 791 555 558 465 701 566 761 526 834 595 964 450 1062 611 686 475 719 515 852 452 951 522
768 458 832 578 1033 441 1205 690 558 466 700 567 707 477 790 555 964 451 1064 612 768 525 827 595 685 474 719 515 854 451 954 523
557 466 700 568 766 458 831 578 1036 440 1204 692 707 476 790 554 963 452 1063 613 766 525 825 596 685 472 719 515
556 465 701 568 1038 440 1205 693 764 457 831 579 707 475 790 553 963 453 1063 613 764 525 824 596 685 471 720 515
556 465 701 567 1037 435 1207 694 761 504 827 592 994 563 1240 703 965 452 1066 615 770 457 828 536
1037 433 1208 695 555 465 701 565 761 506 826 589 966 449 1070 620 989 564 1241 701 768 455 828 538 869 463 975 522
1035 432 1209 695 555 465 700 563 761 507 825 586 966 448 1072 623 766 451 828 543 984 564 1245 701 872 466 979 521
554 463 701 564 1034 433 1210 695 757 505 830 584 966 448 1071 624 981 563 1247 701 873 466 983 522 764 451 828 545
554 462 701 563 1063 428 1225 699 755 504 830 582 967 448 1069 622 763 450 828 546 979 562 1249 701
556 457 702 540 1065 428 1227 698 754 503 829 582 966 445 1070 621 763 451 827 545 973 560 1255 701
556 458 701 540 1064 408 1226 690 754 501 829 580 965 444 1070 618 763 448 827 547 687 466 721 515 973 557 1255 700
556 455 700 540 1061 408 1227 689 965 442 1072 616 974 555 1255 700 754 500 828 580 762 447 826 548 687 466 720 515
555 453 700 540 1061 404 1227 689 965 443 1069 614 978 554 1252 700 753 501 814 585 686 467 719 515 762 446 826 550
553 451 699 541 1059 401 1228 687 964 444 1068 616 984 554 1249 701 752 502 814 584 685 468 718 515 749 447 839 549
553 450 699 541 1059 399 1228 685 963 444 1067 619 0 105 525 665 990 555 1245 701 739 501 821 580 685 468 718 514 748 448 839 549 897 462 988 519
555 449 698 540 0 85 521 673 1056 400 1230 684 962 442 1068 622 1037 554 1261 702 727 447 830 547 736 500 820 580 686 468 718 513 899 462 989 519
556 448 698 540 0 66 512 678 1054 399 1231 683 962 440 1068 624 1037 554 1262 702 727 448 830 546 734 500 819 580 686 467 719 512
555 447 698 540 1032 401 1217 681 0 43 511 682 962 440 1069 624 1037 554 1263 702 726 448 830 545 733 500 816 579
555 446 697 541 1032 401 1217 679 1038 554 1262 701 961 440 1069 623 726 448 830 546 750 503 810 580
554 444 696 541 1034 399 1215 679 960 437 1068 622 1040 553 1261 701 725 449 829 545 679 455 723 493 732 502 814 577
552 442 695 542 1034 398 1215 679 1041 553 1260 701 726 449 829 544 957 438 1068 626 732 503 813 577
1034 397 1215 679 553 443 693 542 1039 553 1260 701 725 450 829 543 957 440 1066 626 1142 421 1279 564 731 502 812 578
1032 396 1214 679 553 444 693 541 1037 554 1261 700 725 451 828 543 958 440 1065 626 730 502 810 579 1144 420 1279 566
1031 397 1213 679 554 444 692 540 1036 553 1261 700 960 437 1061 620 725 451 827 542 731 502 808 580 1191 418 1279 566 1069 433 1123 515
1030 398 1212 680 554 445 691 541 1036 553 1260 700 961 434 1058 617 741 504 802 582 724 453 827 541 1194 417 1279 570
554 446 690 542 1031 399 1210 681 962 434 1057 614 1038 553 1259 700 739 506 801 582 1197 415 1279 570 682 469 716 515
555 449 688 543 1032 400 1208 684 738 507 800 583 997 555 1241 698 961 436 1058 614 682 469 716 516
1032 400 1207 686 556 451 688 542 738 508 799 583 1036 552 1261 699 959 436 1061 621 682 468 716 516
1033 400 1207 689 557 453 688 543 738 508 797 584 986 550 1252 697 957 436 1065 625 742 449 799 551 682 468 715 517
1033 400 1205 689 557 455 687 543 739 455 798 572 956 433 1065 627 985 548 1251 697 729 507 788 580
557 455 688 544 1034 401 1203 690 738 455 798 571 973 548 1257 699 955 433 1064 624 730 507 788 580
