

743 328 1002 460 451 311 658 478 38 289 305 464 664 327 774 408 412 332 444 361 388 329 409 367 325 322 344 370 638 341 666 389
452 312 657 480 666 329 776 409 13 281 302 481 742 329 1011 461 412 334 444 361 388 331 410 367 326 324 345 369 638 343 668 388
451 313 657 480 4 283 291 486 668 330 779 410 742 331 1017 463 412 335 444 362 388 332 410 368 328 325 345 370 637 344 670 385
451 315 657 481 757 331 1036 471 0 288 279 492 671 331 780 412 413 336 444 363 388 333 410 368 639 346 671 386 328 329 345 370
450 316 657 483 763 332 1039 473 0 292 264 498 673 330 782 413 412 336 445 364 375 335 397 363 639 345 673 387 389 332 410 369 327 330 344 370
449 317 657 485 767 332 1047 474 675 328 784 414 0 292 253 504 412 337 446 364 375 336 396 363 640 345 673 389 389 332 410 369 236 334 285 398 326 328 344 370
448 317 658 485 770 332 1056 474 676 328 786 415 0 271 223 528 411 338 446 365 376 336 396 364 639 345 676 389 389 332 410 369 325 328 343 370 234 333 283 398
448 317 659 486 771 331 1067 476 676 329 788 415 0 270 213 567 411 338 447 365 377 335 396 365 640 344 676 389 189 329 280 399 325 327 344 371 390 332 409 368
447 318 660 485 0 257 180 544 686 330 800 422 779 333 1074 493 412 339 447 366 377 335 396 366 640 344 678 387 166 322 263 392 326 329 344 371 389 333 408 368
448 317 660 485 1 254 158 542 773 327 1101 507 685 330 801 421 413 338 447 365 155 327 270 399 378 335 396 367 639 343 679 385 325 328 343 372 390 332 407 368
448 316 660 485 776 327 1112 506 682 329 805 423 2 248 131 547 143 326 273 400 413 337 447 364 378 335 397 367 325 326 344 372 639 343 680 385 380 350 399 377
449 315 663 486 778 326 1131 508 684 328 808 422 414 336 448 364 378 335 398 368 139 325 273 400 325 325 344 371 639 343 679 383
449 315 665 485 780 325 1150 509 687 328 812 422 415 336 448 364 377 335 400 369 325 325 344 371 120 328 256 398 809 324 837 367 651 345 687 387
450 316 667 483 781 324 1166 515 690 328 815 422 415 336 449 364 377 334 400 370 325 326 344 372 118 327 258 401 649 346 691 386 813 324 842 367 5 349 57 436
450 316 667 483 792 323 1202 522 691 328 818 423 415 337 449 364 377 334 399 370 0 351 54 434 326 328 344 372 115 326 258 401 649 346 694 387 816 324 847 367
801 323 1207 530 451 315 667 484 687 326 841 421 415 336 450 364 377 335 400 370 114 326 258 402 327 331 344 370 650 346 696 387 1 353 41 435 43 343 129 413
811 322 1217 535 451 314 668 485 692 325 844 422 416 336 450 364 375 348 397 381 326 331 344 369 112 326 259 402 652 346 698 386 1 353 37 435 217 310 255 395
820 320 1229 540 451 313 669 486 695 325 847 425 416 335 450 364 373 348 396 382 376 335 399 370 325 331 345 369 111 325 260 403 653 347 700 386 15 341 108 414
829 320 1243 545 450 313 671 486 697 325 848 427 416 336 450 364 323 330 345 369 374 333 398 370 112 324 254 402 15 341 106 414 653 346 702 386
838 320 1255 554 450 314 673 487 696 325 855 427 417 336 451 364 324 330 345 370 371 333 396 370 370 348 393 383 112 325 250 402 14 340 104 415 647 340 708 388
847 320 1266 565 450 314 675 488 696 324 860 426 417 337 452 364 369 332 394 371 324 330 346 370 94 325 228 404 638 336 710 390 11 338 102 417
853 321 1275 573 450 315 675 488 694 323 867 427 418 337 453 364 366 348 390 385 92 324 230 404 325 329 346 370 639 336 712 390 3 334 82 415
857 322 1279 578 450 314 675 488 705 322 888 432 418 337 453 364 364 347 388 386 89 322 232 405 366 333 391 370 325 329 346 369 642 336 714 389 5 359 83 421
859 322 1279 582 450 314 674 488 705 321 889 433 418 337 453 364 325 330 347 370 88 321 233 407 361 347 386 388 642 336 716 389 366 334 390 368 5 358 82 422
451 313 674 488 862 323 1279 585 707 321 893 434 418 337 453 364 65 322 250 413 324 330 347 370 643 336 719 389 4 355 80 424 359 347 385 388
451 313 673 489 868 326 1279 585 711 321 897 435 418 337 453 364 61 322 249 414 351 347 377 388 324 330 347 371 644 335 721 389 350 333 373 372 814 395 889 450 1 354 76 426
450 313 674 489 900 329 1279 591 713 321 901 437 418 336 453 364 47 323 229 416 349 346 376 390 323 329 347 371 657 338 730 393 1 351 63 429 386 332 411 355
911 329 1275 595 448 312 676 490 716 320 905 439 48 321 224 416 418 335 453 364 345 347 373 392 323 329 345 372 658 338 731 393 386 331 411 353 1 350 60 429
924 326 1271 603 447 312 678 490 718 319 910 440 44 320 220 416 417 335 453 364 340 346 369 394 658 338 734 393 323 328 344 371 386 330 411 351 167 301 209 405
934 324 1268 607 448 311 679 490 722 318 916 442 418 335 454 364 39 320 217 416 335 345 365 395 658 338 737 393 850 392 940 463 2 349 38 433 322 329 342 371 163 299 204 406
449 311 679 490 942 327 1264 610 724 318 922 444 418 334 454 364 34 321 217 417 855 394 945 461 657 339 740 392 333 344 363 395 1 349 36 433 322 331 342 371 159 298 201 405
449 310 679 491 952 325 1262 611 724 318 929 445 418 334 455 364 28 322 216 417 658 339 743 392 323 345 351 392 868 406 967 473 385 330 411 351
449 311 679 492 965 321 1259 613 722 317 937 446 418 333 455 364 22 321 214 417 319 345 349 396 875 406 972 473 659 339 744 391 385 329 411 352 159 326 194 410
449 310 680 492 736 316 961 452 974 315 1258 615 417 332 456 363 17 320 208 417 313 346 346 399 660 338 747 390 882 406 978 475 385 328 412 352 646 331 702 365
449 311 679 493 741 315 960 453 976 319 1258 616 417 331 456 363 15 318 204 419 305 331 347 405 659 338 750 390 646 331 703 364 386 328 411 351
449 311 680 493 746 315 962 453 980 326 1258 613 416 331 456 363 16 316 202 421 658 337 753 390 304 310 347 395 646 329 705 363
449 311 681 492 750 314 966 452 981 336 1258 609 415 331 456 364 9 315 175 422 289 332 336 408 675 339 763 395
450 311 682 492 754 312 973 453 8 313 173 423 415 332 455 364 1040 329 1272 624 279 334 332 412 676 339 765 396 326 323 347 371 642 324 720 375
451 311 682 492 757 311 981 454 7 312 171 423 414 332 456 364 1058 342 1272 618 324 327 345 371 679 340 766 395
451 311 682 492 757 312 993 458 3 313 168 424 414 333 455 364 259 332 311 419 322 330 343 371 1093 347 1279 620 645 324 720 378
452 311 683 492 771 312 1021 464 1 313 166 425 413 333 455 365 321 330 342 370 1106 399 1279 595 647 324 721 380
452 311 684 492 775 312 1023 467 0 315 164 427 412 334 454 366 233 318 286 424 652 326 737 382 322 329 343 371 985 431 1100 507 88 299 143 430
781 314 1025 467 452 311 686 490 0 315 161 430 411 334 455 367 653 325 738 383 322 329 343 371 1151 421 1279 614 226 317 282 423 992 434 1103 506 86 300 140 430
784 315 1036 470 452 311 687 490 0 316 160 431 410 335 456 369 654 325 740 383 323 329 343 371 1162 429 1279 614
453 312 688 491 784 316 1051 473 0 317 159 432 657 326 739 384 410 335 457 370 324 329 343 371 707 345 792 400
453 312 691 492 784 316 1067 476 660 326 738 386 1 317 156 432 410 335 458 372 325 329 344 372 709 345 794 402 62 298 120 432 177 339 235 449
454 312 693 492 792 311 1088 492 661 326 737 387 2 316 153 432 410 334 458 372 326 328 344 372 60 298 117 432 137 313 220 449
803 311 1099 493 455 313 696 492 663 325 741 387 410 335 458 372 326 328 344 372 26 305 118 438 123 313 206 455 553 208 570 237
811 310 1111 495 458 312 696 492 665 324 745 386 409 337 459 372 326 327 345 372 25 303 116 444 78 303 159 461
820 313 1118 518 460 312 697 492 667 323 749 386 408 336 461 372 326 327 344 371 1126 458 1266 584 726 341 821 403 25 303 115 456 74 305 152 468
462 311 697 492 825 313 1127 521 667 323 749 386 407 335 461 371 325 326 344 370 1138 460 1270 589 21 300 116 470 729 341 823 403
462 311 700 493 828 309 1161 530 666 322 751 387 406 333 463 371 325 326 343 370 15 302 114 464 731 342 824 403
834 307 1171 536 463 311 701 494 674 323 768 386 405 332 464 372 326 326 344 370 746 341 842 406
842 307 1185 543 462 317 705 508 676 324 769 389 409 329 466 376 2 303 74 464 326 327 344 371 746 341 847 407 340 326 355 367
848 308 1196 543 462 317 707 508 677 323 771 388 410 329 466 377 0 309 150 432 8 302 61 448 327 327 344 372 747 340 850 408 340 327 355 368
854 310 1213 542 461 317 709 509 679 322 774 389 410 328 467 377 0 310 147 433 326 329 344 373 6 305 55 448 748 340 852 407
860 309 1233 544 461 316 710 510 679 321 777 389 410 327 467 377 0 313 143 432 326 330 343 373 748 339 854 409 0 302 63 452
866 307 1253 550 462 316 710 510 680 320 779 390 410 327 467 377 1 314 141 430 325 330 343 373 0 309 36 442 749 340 853 409
872 305 1264 557 461 317 711 510 409 329 467 378 681 320 780 390 325 330 343 375 12 309 114 432 766 339 872 413 0 311 32 441
878 308 1270 564 461 312 729 514 407 330 467 380 682 319 780 390 10 309 111 434 324 330 343 374 767 339 875 414
903 307 1276 570 461 310 729 515 405 330 466 381 684 320 782 391 324 329 342 373 9 309 110 437 769 338 879 415
909 309 1275 576 463 309 729 516 402 328 465 382 685 320 783 392 0 309 80 446 324 329 342 372 768 336 884 415
918 310 1274 581 465 310 729 516 401 327 465 383 691 321 796 392 0 310 77 445 324 329 341 374 793 334 895 415
935 312 1275 586 466 311 729 515 400 326 464 385 690 320 800 394 0 312 74 445 323 329 341 375 791 335 899 417
466 311 730 515 949 314 1278 587 398 327 462 385 687 321 806 404 322 328 341 376 0 312 75 445 793 337 903 418
467 312 729 515 962 312 1279 590 688 319 808 406 397 326 461 385 321 327 341 374 781 355 913 426 46 360 125 426 577 206 592 236
468 311 729 516 969 310 1279 594 689 318 808 406 393 324 464 385 322 328 340 374 782 354 914 427 42 362 123 427
469 312 729 515 977 307 1274 597 692 319 809 406 392 324 462 386 322 330 340 372 774 330 932 433 9 353 117 432
468 312 731 515 985 309 1271 595 693 319 812 406 389 324 460 387 321 331 339 372 780 330 937 430 11 355 111 430
467 313 731 514 994 312 1270 590 695 320 813 406 386 330 458 394 801 348 937 430 320 332 339 372 13 359 104 429
468 313 731 514 696 320 813 407 1002 316 1267 588 383 330 458 394 789 332 946 431 319 331 339 373 11 359 98 429
469 314 730 513 696 319 817 408 1012 319 1263 589 380 329 459 395 792 334 949 433 317 330 338 374
469 314 729 512 695 319 820 409 1020 305 1279 628 376 330 454 396 796 335 953 436 316 329 337 374 4 357 85 434
468 315 730 512 372 330 454 397 1035 305 1279 627 703 316 834 411 800 336 956 438 314 327 336 375 4 356 82 436
467 315 732 512 368 330 454 398 703 318 835 410 1050 313 1278 620 802 336 957 439 313 327 336 376 3 357 78 436
467 314 733 512 363 329 453 398 704 318 835 410 810 334 972 438 1065 326 1279 613 313 326 334 377 4 361 64 439 304 325 324 376
468 313 733 513 358 328 451 398 707 318 835 410 811 334 977 438 1095 333 1279 621 4 364 60 440 313 326 333 377 303 325 324 377
468 313 733 514 353 326 448 400 706 316 837 412 814 334 983 439 1114 344 1279 619 3 366 54 442 302 325 322 378 314 326 331 376
349 323 447 403 468 313 733 515 705 317 841 412 818 334 993 441 302 327 322 377 1126 347 1279 620 315 326 331 375 1 364 41 442
467 312 733 517 345 320 446 408 700 316 849 418 825 336 999 444 302 328 321 376 1154 394 1279 601 315 326 329 374
466 312 733 517 339 325 440 407 702 317 852 418 828 337 1008 448 301 329 321 377 1168 399 1279 597
333 325 441 407 464 311 733 517 703 317 856 417 830 337 1008 451 300 330 320 376 1200 423 1279 614
328 325 438 408 463 310 734 517 702 318 859 418 831 335 1013 454 299 331 319 377
319 322 438 412 463 309 734 518 701 318 863 418 834 334 1013 456 298 332 318 376
462 309 734 518 701 318 866 419 311 319 437 417 853 334 1035 460 415 323 448 352 296 332 317 373
461 309 734 518 700 321 888 420 296 321 430 421 851 333 1040 461 414 324 447 352 295 332 316 370
461 310 734 518 702 321 889 420 288 323 429 423 849 332 1048 462 413 325 446 352 293 332 313 367
705 321 891 421 461 308 734 520 281 317 429 423 849 330 1059 464 411 323 445 353
708 320 891 422 462 306 733 521 853 327 1071 467 275 316 424 426 409 322 444 353
709 320 892 424 257 315 408 433 461 306 733 522 858 326 1077 470 407 321 444 353
711 319 895 424 246 314 403 437 461 306 733 522 863 324 1077 472 406 321 443 352
230 311 399 443 715 319 901 426 461 303 731 526 861 337 1086 490 409 318 445 346
213 309 399 446 717 318 909 427 459 302 733 526 887 340 1105 488 408 317 445 346
193 312 384 450 721 317 912 430 461 304 734 501 881 338 1113 491 407 317 445 347
182 311 380 453 721 316 917 432 460 304 734 499 884 337 1117 491 407 317 445 347
161 310 376 458 725 316 918 434 461 304 733 498 886 334 1128 494 406 317 445 347
725 314 924 436 140 309 375 465 461 303 733 499 892 335 1137 495 406 316 445 347
105 311 353 473 726 313 930 437 463 305 729 524 954 334 1154 498 406 316 445 348
