

26 225 1279 661
26 226 1279 659
26 228 1279 658
25 230 1279 657
23 230 1279 658
22 231 1279 659
20 231 1279 659
21 231 1279 659
22 231 1279 659
23 231 1279 659
23 230 1279 660
22 230 1279 660
19 229 1279 662
17 229 1279 663
16 229 1279 664
17 229 1279 665

16 232 1279 666
17 232 1279 666
20 229 1279 667





27 231 1279 660
25 233 1279 657
23 231 1279 657
21 228 1279 659
20 228 1279 662
18 227 1279 664
17 225 1279 665
18 222 1279 665
19 224 1279 663
21 228 1279 658
23 232 1279 656
25 234 1279 654
26 233 1279 655
24 230 1279 655
21 229 1279 654
19 230 1279 652
18 231 1279 651
18 230 1279 650
17 229 1279 650
16 229 1279 650
13 231 1279 651
14 233 1279 651
14 233 1279 653
16 230 1279 653
987 18 1059 85 19 224 1279 654 1189 92 1215 117
986 19 1059 85 1189 92 1214 117
986 19 1058 85 1188 92 1213 117
1023 209 1082 271 1187 91 1211 117 985 20 1058 86 904 60 922 77
21 229 1279 659 1022 210 1081 272 904 61 922 77
1022 211 1081 272



20 233 1279 656 1180 94 1204 120
25 239 1279 652
24 239 1276 651
21 242 1274 652
17 240 1278 657
12 244 1279 658
13 246 1279 654
17 244 1277 652
22 242 1273 648
20 236 1277 654
17 233 1279 656
13 127 1270 613






9 99 1270 630
9 90 1270 633
13 88 1267 634
15 86 1266 633
10 85 1272 632
17 95 1270 627
20 98 1269 623
24 103 1268 615
16 100 1273 613
15 108 1271 607


21 105 1263 614
20 100 1268 619
23 102 1266 618
24 100 1259 615
25 97 1253 612
24 97 1253 609
26 96 1255 609
29 94 1253 610
30 93 1251 611
31 95 1251 609
