

204 247 541 562 624 467 734 531 545 466 616 521 923 454 1275 651 738 465 989 576 158 450 213 528
209 247 538 547 624 467 735 530 917 455 1276 660 544 466 615 520 736 464 982 575
213 250 537 544 907 455 1278 662 623 467 734 530 543 466 615 520 736 462 977 579 896 463 1003 524
219 252 536 544 727 465 973 576 622 464 734 539 547 467 611 518 920 447 1274 667 901 465 997 519 170 451 230 526
222 263 540 569 621 464 732 539 546 467 610 519 723 466 928 575 914 447 1278 677 170 448 233 530 899 466 994 519
228 265 537 570 621 464 732 538 546 468 610 519 722 467 927 574 907 449 1279 679 171 449 234 529 897 466 991 517
234 271 534 566 892 456 1279 680 620 464 731 538 546 468 609 519 720 467 925 573 175 455 237 529
239 275 532 563 865 459 1279 678 621 464 730 538 715 468 938 572 545 468 609 519 876 465 976 515
260 288 536 554 862 458 1279 678 714 468 936 570 620 463 728 538 544 468 609 519 875 465 970 515
263 288 534 557 860 458 1279 677 713 468 931 569 619 463 727 538 544 468 608 519 875 464 965 515
265 286 534 560 856 458 1279 678 713 469 925 566 619 463 725 537 544 467 607 519 874 465 961 515
271 289 535 557 853 458 1279 676 711 469 921 566 619 464 723 537 543 467 607 519 875 467 957 517 0 421 296 685
849 459 1279 675 275 291 532 557 710 469 916 566 618 467 721 535 4 413 286 684 550 475 605 513 862 465 947 516
276 293 534 557 853 456 1279 673 618 468 719 534 11 399 298 692 708 466 909 572 550 474 605 513 60 365 81 394
272 292 534 559 618 469 717 534 13 403 306 696 854 454 1278 667 706 467 905 571 550 474 605 513
273 292 539 559 619 467 716 535 851 456 1268 660 12 405 317 698 703 465 901 572 544 466 604 519
278 294 536 558 619 469 715 532 841 464 1261 652 12 404 327 695 545 473 602 511 705 469 904 568
280 295 537 560 836 464 1247 647 619 469 716 532 13 402 333 698 545 473 602 511 704 468 900 567 1172 436 1279 606
281 297 536 559 831 462 1242 647 619 469 716 532 16 395 337 702 545 473 601 511 704 468 897 565 1164 412 1279 581
282 300 539 559 823 457 1226 653 699 467 892 563 618 467 715 535 13 393 341 703 545 473 601 511 1159 422 1279 613
286 302 538 559 814 459 1214 658 699 468 890 562 618 467 715 535 9 402 352 691 544 473 601 511 1153 424 1279 621
291 303 539 559 809 459 1200 660 698 468 889 561 614 468 708 531 5 411 360 680 543 473 601 511 1122 435 1279 611
808 460 1193 657 295 305 539 559 614 469 708 530 698 469 888 559 6 416 363 675 543 474 601 511 1115 437 1279 612
808 458 1182 656 300 306 540 559 614 469 707 529 693 468 868 558 16 418 401 678 543 474 601 511 1108 438 1277 609
810 456 1174 655 304 308 541 560 613 470 705 528 692 468 863 557 14 422 407 674 543 473 601 511 1100 436 1277 607
799 455 1152 653 304 323 523 551 613 470 704 527 691 468 858 557 1066 432 1279 599 13 426 413 672 542 473 601 511
802 456 1144 651 306 323 523 551 612 471 703 527 691 469 854 558 11 426 418 671 1058 428 1279 600 541 472 601 511
798 457 1132 647 311 324 521 551 612 471 702 526 690 468 851 557 13 426 421 674 1053 423 1278 580 541 472 600 511
792 459 1122 645 315 325 520 550 611 471 701 526 14 424 425 677 690 468 849 557 1042 425 1273 578 541 472 600 512
784 459 1112 644 14 426 427 681 317 326 519 550 612 470 700 525 689 467 846 557 542 472 599 512 1031 427 1265 575
781 458 1104 645 13 428 428 684 319 325 518 550 612 470 699 525 690 467 844 557 996 428 1243 571 542 472 599 511
15 431 431 686 777 457 1093 643 324 325 519 551 612 471 697 525 690 467 841 557 542 471 598 511 988 429 1236 570 1249 468 1279 510
18 434 436 683 329 325 521 552 774 457 1079 640 613 471 695 525 690 467 838 557 543 471 598 510 1248 468 1279 509 60 365 81 390
19 435 439 679 333 327 524 553 775 464 1073 612 613 471 693 524 684 470 824 559 536 471 586 511 1249 468 1279 509 61 365 81 390
22 438 443 676 773 465 1065 612 336 329 525 553 612 471 691 524 684 470 821 557 536 471 586 511 1248 468 1279 510 61 366 81 390
31 439 452 675 769 465 1055 612 342 328 528 549 612 471 689 524 684 470 816 556 536 472 585 511 1248 468 1279 510 61 366 81 390 1 407 154 543
47 441 461 672 764 464 1046 611 347 329 527 550 612 471 687 524 684 469 813 556 536 473 584 511 0 408 156 550 1249 468 1279 510 61 367 81 390
64 442 469 666 351 330 526 550 759 464 1038 610 613 471 685 524 685 469 808 555 536 474 582 511 0 410 160 557 1249 468 1279 509 61 367 81 391
78 441 473 658 352 330 526 550 754 463 1034 608 613 471 684 524 686 469 807 555 0 410 165 558 536 475 581 511 1249 468 1279 509 60 367 81 391
89 442 475 649 352 332 525 549 737 463 1018 603 613 471 683 524 671 472 792 549 0 412 171 559 535 473 582 511 1249 469 1279 508 60 367 81 391
737 464 1011 600 353 334 524 548 102 442 470 644 670 472 790 549 613 471 681 523 0 414 176 558 535 473 582 511 1249 469 1279 508 60 367 81 391
128 442 479 637 733 464 1007 597 354 335 523 547 669 472 787 550 613 471 681 523 0 417 180 556 535 472 582 510 1249 470 1279 507 60 366 81 391
131 441 479 637 732 464 1003 596 355 337 522 545 668 471 786 549 612 471 680 523 0 418 184 556 535 473 582 510 1249 470 1279 507 60 366 81 392
138 441 478 634 731 463 997 596 667 470 786 550 355 338 522 543 612 471 680 523 0 416 188 556 535 473 582 510 1249 470 1279 507 559 474 591 505 60 365 81 392
148 441 476 629 732 462 988 596 667 470 785 549 358 334 535 544 611 471 679 522 3 417 209 556 535 473 581 510 1249 470 1279 507 561 475 591 503 61 365 81 391
160 442 474 624 731 462 981 594 667 470 783 549 358 336 537 541 7 416 211 555 611 471 679 522 535 473 580 509 1249 470 1279 507 563 475 591 502
167 441 479 623 728 463 976 593 358 337 538 540 665 466 784 542 10 418 213 553 610 471 678 521 534 472 580 509 880 441 1063 553 1249 470 1279 508
179 440 490 622 725 463 972 589 359 338 538 537 665 466 781 543 11 419 216 554 534 471 580 509 609 471 677 521 880 442 1053 552 1249 470 1279 508
193 438 498 622 723 465 969 584 360 339 537 535 10 419 216 552 665 466 778 542 533 471 580 509 605 472 669 519 1249 470 1279 508
709 466 944 578 209 438 507 621 6 418 218 551 361 339 536 533 666 467 775 541 532 471 581 508 605 473 668 518 871 443 1034 548 1249 470 1279 508
709 468 938 577 214 446 504 615 5 417 219 548 363 340 534 533 656 468 755 539 533 471 580 508 605 473 667 518 870 444 1026 546 1249 470 1279 508
706 469 931 575 222 445 507 611 7 417 223 548 365 342 533 530 655 467 754 539 533 472 579 508 605 472 666 517 870 443 1019 546 1249 470 1279 508
703 470 926 573 230 444 509 608 655 468 754 539 367 343 532 528 9 417 227 548 533 472 578 507 604 472 665 517 1249 470 1279 508 0 473 82 687
700 471 920 571 239 444 513 605 653 469 754 538 368 344 532 526 11 419 232 547 533 473 578 507 603 475 663 513 838 444 1005 548 0 480 89 687 1249 470 1279 508
697 471 915 570 246 443 514 602 653 470 754 537 369 345 532 526 14 420 235 547 533 472 579 507 603 476 662 513 841 445 1000 547 1 482 108 686 1249 470 1279 508
695 471 909 570 253 443 514 599 652 470 753 537 16 421 240 545 372 346 532 526 533 471 579 507 0 472 120 684 602 476 660 513 839 444 992 546 1249 470 1279 508
693 471 904 569 258 443 514 597 650 470 751 536 18 420 241 543 373 348 531 523 532 470 579 507 601 475 659 512 838 444 986 545 0 461 134 679 1249 470 1279 508
692 470 899 569 269 443 533 599 648 471 748 535 858 451 976 542 375 350 531 520 22 419 243 541 531 470 578 507 2 413 152 675 600 475 659 512 1249 470 1279 508 61 365 80 387
691 471 896 568 272 444 533 598 1 413 165 669 646 472 744 534 376 353 530 515 531 469 578 507 859 456 974 541 28 420 241 541 599 475 659 513 1249 470 1279 508 61 365 80 386
690 472 895 568 280 446 531 598 0 406 177 667 379 355 529 508 646 471 741 533 62 428 251 537 530 469 578 507 844 455 962 537 598 475 658 513 1249 470 1279 507 61 365 80 387
292 448 529 596 689 473 894 568 0 399 185 670 382 358 528 501 644 469 728 533 529 469 578 507 72 428 251 535 598 475 657 512 842 456 957 537 1249 471 1279 507 257 451 357 526 61 366 80 388
302 450 528 595 685 471 880 565 2 407 209 664 644 469 727 533 385 360 527 497 83 427 252 530 529 469 578 507 840 453 953 538 598 475 655 512 261 452 358 523 1249 471 1279 507
308 451 529 594 684 472 877 563 1 407 217 665 645 470 726 532 96 427 255 527 386 360 528 497 839 455 949 538 529 469 578 507 597 475 655 512 263 452 358 522 1249 471 1279 507 62 366 79 387
312 452 530 593 684 472 872 562 3 404 226 668 646 470 724 531 385 361 530 499 103 427 258 527 597 475 654 512 529 470 578 506 264 454 359 521 1249 471 1279 507 61 366 79 387
682 471 868 561 316 454 531 592 6 401 235 673 647 470 723 530 596 475 653 512 386 361 532 503 815 451 933 536 530 471 576 506 107 427 261 528 279 455 369 518 1249 471 1279 507 61 366 79 388
681 471 861 560 319 454 531 591 0 400 250 668 595 475 653 512 646 471 722 529 387 362 534 504 811 452 928 537 531 471 575 506 279 457 371 518 109 424 263 529 1249 471 1279 507 61 366 80 390
680 472 854 559 321 454 531 590 1 402 254 666 594 475 652 512 646 469 722 529 391 361 536 505 812 451 924 538 532 471 574 506 279 457 373 517 1249 471 1279 507 61 366 80 391
678 473 847 558 325 455 533 587 1 406 264 663 644 468 722 529 593 474 651 512 392 362 536 503 532 470 574 506 815 454 919 538 278 457 376 517 1249 471 1279 507 146 431 266 515 61 366 80 392 936 477 964 507
677 472 843 557 330 456 534 587 1 410 274 661 643 467 721 529 592 473 651 512 391 362 536 501 532 469 574 506 278 456 379 517 61 366 80 392 935 478 965 507 154 430 267 512
0 412 285 660 336 462 530 576 387 364 538 501 278 456 379 518 532 470 573 505 592 474 651 508 668 468 849 562 61 366 80 392 635 470 726 521
0 415 290 658 340 460 532 576 530 471 572 504 591 474 650 508 61 366 80 392 668 467 845 563 633 468 726 519 279 458 378 522
0 420 298 655 342 459 532 573 529 471 571 504 591 474 649 507 61 366 80 392 668 466 841 565 280 458 378 523 630 466 725 518
354 457 546 579 0 426 305 648 529 471 571 505 590 472 647 511 800 462 893 534 637 462 719 525 678 472 826 557 61 366 80 393 280 457 380 523
0 427 317 644 359 456 545 576 532 471 570 506 281 454 380 518 590 472 646 510 800 466 888 533 383 366 539 495 675 471 822 555 62 366 80 392
0 427 321 635 364 456 545 574 1135 296 1277 673 533 472 570 507 801 468 885 533 385 366 540 493 591 472 645 510 287 454 381 518 674 471 819 555 935 477 965 509
669 468 817 556 0 425 334 633 369 456 547 571 1114 297 1278 670 535 474 569 507 586 474 635 509 389 365 543 498 292 455 380 517 780 462 875 529 935 477 964 510
669 467 814 556 375 457 547 569 0 421 338 632 586 474 635 509 536 474 569 507 394 366 544 495 1077 288 1269 671 777 463 872 529 295 456 380 518 935 477 964 510
663 469 805 554 379 457 547 569 586 474 635 510 1068 289 1271 670 294 456 379 518 0 417 336 636 773 465 868 529 393 367 546 500 539 475 568 506 935 478 964 510 632 479 680 526
664 471 802 552 382 458 547 568 1055 288 1275 672 586 475 633 510 296 455 380 518 774 468 865 530 393 367 547 501 6 423 325 630 541 476 567 506 632 479 681 526 935 478 964 509
1036 292 1277 675 661 473 799 550 384 459 548 567 394 368 548 504 586 474 629 510 17 429 329 624 298 455 380 516 775 470 863 530 542 475 567 505 936 479 964 509
387 460 551 565 659 474 796 550 25 435 343 615 395 368 548 503 1007 325 1277 645 585 474 627 509 309 457 394 516 775 471 861 529 544 474 568 504
47 436 360 619 390 460 554 565 657 473 793 550 396 370 548 500 584 472 628 509 312 457 396 515 993 317 1277 626 544 473 569 503 61 364 81 390
656 472 790 551 57 436 359 623 393 460 557 565 582 472 632 509 397 370 548 497 314 457 397 514 628 478 676 523 544 472 570 502 61 363 81 390
655 470 788 550 61 438 358 622 395 461 561 565 581 472 632 509 398 371 548 494 315 457 397 514 626 477 675 523 765 464 845 521 545 472 570 500 61 363 81 390
654 469 784 550 80 440 362 604 399 461 563 564 960 341 1269 612 580 471 632 508 398 370 547 495 317 457 398 513 625 477 672 523 761 466 842 520 546 473 570 499 61 363 81 391
655 469 781 550 74 441 366 603 402 460 565 564 579 472 632 508 946 347 1273 619 399 370 547 496 625 476 671 522 758 467 839 520 319 458 400 513 60 363 81 390 547 472 570 498
83 440 367 602 656 469 777 551 934 352 1269 618 579 472 631 508 404 459 566 565 401 369 546 497 753 468 837 523 624 476 670 521 61 363 81 390
646 471 772 548 92 442 371 600 579 472 629 508 924 354 1269 640 406 459 565 565 402 368 546 498 752 467 834 522 624 476 670 521 61 363 81 390
645 472 772 547 578 471 628 507 99 442 375 598 407 459 565 564 904 369 1279 666 403 369 546 499 624 475 670 520 751 466 832 520 61 363 81 390
127 441 384 600 643 473 771 546 882 376 1254 662 578 471 626 507 408 460 566 563 405 369 547 500 752 465 829 519 625 475 670 519 61 363 80 390
134 442 386 598 643 472 768 546 878 377 1252 661 578 470 625 507 408 461 567 562 406 370 549 499 744 463 821 519 621 472 677 521 61 363 80 390
143 443 392 593 642 472 764 546 871 376 1257 663 578 471 623 507 417 463 574 560 408 371 550 499 742 463 819 520 621 472 676 520 61 363 81 390
154 444 399 589 639 466 758 543 861 375 1262 665 578 471 621 507 417 463 575 559 408 371 550 501 739 464 816 520 621 471 675 520 61 363 80 389
162 443 404 587 637 465 755 543 848 374 1257 667 576 472 621 506 419 464 575 558 735 464 812 520 409 372 550 504 61 363 80 389 617 476 654 516
168 443 405 586 636 465 753 543 839 375 1246 665 422 462 573 559 575 472 621 506 732 464 809 520 409 372 550 504 616 476 653 517 61 363 80 389
172 444 405 585 635 465 751 542 824 376 1234 663 425 462 572 558 574 471 620 505 410 373 550 505 730 461 805 519 616 475 653 516 61 364 80 389
186 447 414 580 812 378 1222 659 637 465 748 542 428 462 572 558 574 471 618 505 410 373 550 507 616 476 652 515 61 364 80 389
192 447 411 578 800 380 1213 657 636 464 747 542 431 462 571 557 575 472 616 505 410 373 550 509 723 455 795 517 615 476 650 513 61 364 80 389
