

879 4 1271 543 677 273 889 425 392 229 716 521 9 295 324 490 189 278 349 392 128 206 148 228 365 287 400 318 343 200 362 216
878 4 1272 544 391 229 716 520 677 274 889 424 9 296 322 491 190 278 348 392 128 206 148 228 365 287 400 318 343 200 362 216
877 4 1274 544 390 229 716 521 677 274 889 424 10 297 318 493 190 277 348 392 128 205 148 228 365 287 400 317 343 200 362 216
391 229 716 521 875 4 1275 544 676 274 889 425 10 297 317 494 190 277 348 392 128 205 147 228 366 286 400 316 343 200 362 216
391 229 716 522 875 4 1275 543 676 274 889 426 11 297 317 494 189 277 348 392 128 205 147 228 366 286 400 315 343 200 362 216
394 229 715 523 876 5 1274 542 676 274 890 426 11 296 319 493 190 277 348 392 128 205 147 228 367 287 400 315 343 200 362 216
877 5 1273 541 393 229 716 522 676 274 890 426 12 296 321 493 189 278 349 392 128 205 148 228 367 286 401 314 343 200 362 216
878 5 1271 540 394 230 717 520 675 273 890 426 12 296 323 492 189 278 349 392 128 205 148 228 368 286 401 314 343 200 362 216
878 5 1272 540 393 230 718 519 675 273 890 426 12 296 324 492 190 278 349 392 128 205 148 228 370 285 401 313 343 200 362 216 387 283 416 312
877 6 1272 539 393 230 719 519 676 273 890 425 12 296 323 492 190 278 348 392 128 205 148 228 386 283 416 312 371 285 401 312 343 200 362 216
876 6 1273 538 394 230 718 520 681 269 902 428 12 296 323 492 190 278 348 391 128 205 148 228 386 284 416 312 343 200 362 216 371 286 401 312
875 7 1274 538 393 230 717 520 681 269 902 428 11 296 322 491 190 278 348 392 127 205 148 228 386 284 416 313 343 200 361 216
874 7 1274 538 393 230 716 521 681 269 902 428 11 296 325 491 190 278 348 391 128 205 148 228 385 284 416 313 343 200 361 216
873 7 1275 538 391 231 716 521 681 270 902 428 11 295 326 491 190 278 348 390 128 206 148 229 385 283 417 312 343 200 361 216
873 7 1275 539 391 231 717 521 681 269 902 427 12 295 328 490 190 277 349 389 128 206 147 229 385 283 417 312 343 200 361 216
873 8 1275 538 392 231 716 520 681 269 902 427 12 295 328 490 191 277 350 389 128 206 147 229 385 283 417 312 343 200 361 216
873 8 1275 537 393 230 714 521 682 270 902 427 12 294 328 489 193 277 350 389 128 206 147 229 385 283 417 312 343 200 361 216
872 9 1276 537 392 229 713 522 682 270 902 427 12 294 328 489 194 277 349 389 128 206 147 229 385 283 417 312 343 200 362 216
872 8 1276 536 391 229 712 521 682 271 901 427 13 295 327 489 194 278 349 389 128 206 147 228 385 283 417 312 343 200 362 216
871 7 1276 537 392 229 713 519 682 270 902 426 12 295 326 489 193 278 349 390 128 206 147 229 386 283 417 312 343 200 362 216
871 6 1276 538 395 230 714 518 681 270 903 427 11 295 325 489 192 278 349 391 128 206 148 229 386 284 417 312
870 5 1276 538 398 230 716 517 680 269 904 427 10 296 325 489 191 279 349 392 128 206 149 230 386 284 418 312
871 5 1276 537 398 230 717 518 679 269 904 427 10 295 327 489 191 279 349 392 128 206 149 230 386 284 418 312
871 5 1275 537 399 229 717 519 679 269 904 426 10 296 328 489 191 279 349 392 128 206 149 230 386 284 418 312
871 4 1275 537 401 229 717 520 680 269 904 426 10 296 328 489 190 279 350 391 128 206 149 230 386 284 418 312
871 6 1275 538 400 230 717 519 680 269 903 426 11 296 327 490 190 279 350 391 128 206 149 230 386 284 418 312
871 7 1275 538 400 229 716 518 680 269 903 427 11 296 328 490 190 279 350 392 129 206 149 230 387 284 417 312 343 200 361 216
872 8 1275 538 399 229 714 515 681 269 903 428 12 295 329 491 190 279 350 392 129 206 149 229 387 284 417 312 343 200 361 216
872 7 1275 539 399 229 713 515 680 270 904 429 12 295 329 491 190 279 350 391 128 206 149 229 387 284 416 312 343 200 361 216
872 6 1275 539 399 229 714 514 681 270 903 429 12 295 328 491 190 279 350 391 128 205 149 229 387 284 416 311 343 200 361 216
872 5 1275 540 400 229 714 514 681 269 903 429 12 295 327 491 191 279 349 391 128 205 149 229 343 200 361 216 388 284 416 312
873 6 1274 541 400 229 716 515 682 269 902 428 12 295 326 490 191 279 350 391 128 205 149 229 343 200 362 216
873 6 1274 541 399 228 716 516 682 270 902 427 11 295 327 489 192 280 350 391 128 205 149 229 343 200 362 216
874 6 1273 541 398 228 717 518 682 270 901 427 11 295 329 488 192 280 351 391 128 205 149 229 343 200 362 216
874 6 1274 541 397 228 716 518 682 271 901 427 12 296 330 488 192 280 351 392 128 205 149 229 343 200 362 216
874 5 1273 540 397 229 716 520 682 271 901 427 12 296 330 488 191 280 351 393 129 205 149 229 343 200 362 216
874 5 1273 540 397 228 716 520 682 272 900 426 12 296 330 487 191 280 351 393 129 205 149 229 343 200 362 216
874 5 1273 539 397 228 716 520 683 272 900 426 12 296 329 487 192 279 351 393 129 205 149 228 343 200 362 216
874 5 1273 539 395 228 716 520 683 272 900 426 12 296 329 487 192 279 351 392 129 205 149 228 343 200 362 216 396 116 452 135
874 5 1273 538 394 229 716 520 682 272 901 427 13 295 331 488 193 279 351 390 128 205 149 229 396 116 452 135 340 289 370 315 343 200 362 216
875 5 1272 539 392 230 717 520 682 272 901 427 14 295 332 488 192 279 351 390 128 205 149 229 340 289 371 316 396 116 452 136 343 200 361 216
876 6 1271 538 390 231 717 520 682 272 901 427 14 294 332 489 193 279 351 390 128 206 149 229 340 290 372 316 396 116 452 136 343 200 361 216
876 6 1272 538 390 230 717 520 678 275 888 424 14 295 331 489 193 280 351 391 129 206 148 229 340 290 371 317 343 200 361 216 396 116 452 136
876 6 1272 539 387 230 717 518 678 275 887 424 14 295 330 490 192 279 351 391 129 206 148 229 340 290 372 317 343 200 361 216 396 116 452 136
875 6 1273 540 386 230 718 519 678 274 887 425 14 296 330 491 189 279 351 391 129 206 148 229 340 290 372 317 343 200 361 216 396 116 452 136
874 6 1273 539 384 230 720 520 678 274 888 424 14 297 330 492 188 278 351 391 129 206 149 229 340 290 372 317 396 116 452 136 343 200 361 216
873 7 1274 539 384 230 721 522 677 273 888 424 13 297 330 491 188 278 351 391 128 206 149 229 340 290 371 317 395 116 452 136 343 199 362 216
874 7 1273 539 384 230 721 520 677 273 888 424 13 297 329 491 189 278 351 391 128 206 149 228 340 290 371 317 395 116 452 136 343 199 362 216
875 7 1273 539 385 229 720 520 677 273 887 424 12 298 329 491 188 278 351 391 128 206 149 228 340 290 371 318 395 116 452 136 343 199 362 216
876 6 1273 540 387 229 720 519 678 273 887 425 11 297 329 491 188 278 351 390 128 206 149 228 340 289 372 318 343 199 361 216 395 116 452 136 363 288 397 316
875 6 1273 541 388 229 719 520 678 273 886 425 10 297 329 491 188 278 351 390 128 206 149 228 341 290 372 317 343 200 361 216 363 288 396 316 395 116 452 136
874 5 1274 541 390 229 718 519 678 273 886 424 10 296 328 492 189 277 351 390 128 206 148 228 340 289 374 318 343 200 361 216
873 5 1274 540 392 231 718 518 678 273 886 423 9 295 328 492 191 277 350 391 129 206 148 228 340 289 375 318 343 200 361 216
872 6 1275 539 393 231 718 517 682 269 901 428 9 294 328 492 192 277 350 392 129 206 148 228 340 289 377 319 343 200 361 216
872 7 1275 539 394 232 718 516 677 273 887 424 9 294 328 491 193 277 350 392 129 206 148 228 340 289 378 319 343 200 361 216
872 7 1274 539 394 232 717 517 677 273 888 425 9 295 327 490 193 278 350 392 129 206 148 228 339 288 378 318 343 200 361 216
872 6 1275 539 394 231 715 516 676 273 889 425 8 295 325 490 193 278 350 392 129 205 149 228 339 288 378 318 343 200 361 216 396 116 452 136
872 5 1275 539 394 231 714 517 676 272 890 426 9 296 325 491 192 279 350 392 129 205 149 228 339 288 378 318 343 200 360 216 396 116 452 135
872 5 1276 540 393 231 714 518 676 273 890 426 10 297 325 492 190 279 350 393 129 205 149 229 339 288 378 318 343 200 360 216
872 4 1277 540 393 231 714 519 676 273 890 426 11 298 325 491 189 279 350 393 128 205 149 229 340 287 379 318 365 287 395 316 343 200 360 216
872 4 1277 540 392 232 713 520 676 273 890 425 11 298 325 491 189 279 350 393 129 205 149 229 340 287 378 318 366 287 395 315 343 200 360 216
391 232 713 521 871 4 1277 540 676 273 890 425 10 298 324 491 190 279 351 392 129 205 149 228 341 287 378 317 365 287 394 315 343 200 360 216
393 231 713 521 872 4 1277 540 679 269 904 428 9 298 324 491 191 278 351 392 129 205 149 228 342 287 379 317 365 287 394 315 343 200 361 216
392 231 714 520 873 4 1275 541 678 269 905 428 10 297 324 491 191 278 350 391 129 205 149 228 343 287 380 317 363 287 394 315 343 200 361 216
393 231 715 520 874 4 1275 542 678 269 905 428 11 296 324 492 192 278 350 391 129 205 149 228 343 287 380 317 363 287 394 315 343 200 361 216
392 231 716 519 875 4 1274 544 678 270 905 428 12 295 323 493 191 278 350 391 129 205 149 228 343 287 379 317 363 287 394 315 343 200 361 216
393 231 717 518 875 4 1273 545 678 270 906 427 11 295 324 492 191 277 350 390 129 205 149 228 342 287 378 317 364 287 394 315 343 200 361 216
391 232 718 519 875 4 1274 544 679 270 904 427 11 295 323 492 191 277 349 390 129 205 149 228 342 287 378 317 364 287 394 314
391 232 718 519 874 5 1274 543 680 270 904 427 11 295 322 491 192 277 348 389 129 205 150 228 342 287 378 317 364 287 394 314 394 283 419 310
873 5 1275 542 390 232 718 519 681 270 903 427 10 295 321 491 192 278 347 389 342 287 379 317 129 205 150 228 393 283 420 310
873 6 1276 541 391 231 716 517 681 270 903 427 10 295 321 492 192 278 347 389 342 287 379 316 129 206 150 228 393 283 420 310
874 6 1275 542 391 230 717 517 681 270 903 427 11 296 322 492 192 278 347 389 129 206 149 228 341 287 380 316 393 283 420 310 365 287 394 314
390 229 717 518 874 6 1275 543 681 270 903 427 12 297 324 492 191 278 348 390 129 206 149 228 341 287 380 316 365 287 394 314 343 200 361 216
389 229 717 518 875 7 1274 542 680 270 903 427 12 297 325 492 192 278 349 390 128 206 149 228 341 287 380 317 365 287 394 314 343 200 361 216
389 229 716 519 874 8 1274 541 681 270 902 427 12 297 325 492 192 278 349 390 128 206 150 228 341 287 381 317 365 287 394 314 343 200 360 216
388 229 714 518 874 8 1274 540 681 271 903 426 12 297 325 492 192 278 349 390 128 206 150 227 342 287 381 317 364 287 394 314 343 200 360 216
387 230 716 519 874 8 1274 540 681 270 902 426 13 296 326 492 192 278 349 390 128 206 150 227 342 287 381 316 356 121 371 139 364 287 394 313 343 200 361 216
386 230 717 519 874 8 1274 540 681 270 902 425 13 296 328 492 192 277 349 390 129 206 150 227 342 287 379 316 356 122 371 139 364 286 395 313 342 200 361 216
384 231 720 521 875 7 1273 540 682 270 901 426 12 295 329 491 192 277 349 390 129 206 150 227 342 287 378 315 356 122 371 139 365 286 395 312 342 200 361 216
385 231 719 519 875 7 1272 540 682 270 900 425 12 296 327 491 191 277 350 389 129 206 150 227 356 122 371 139 342 287 377 315 365 286 395 312 342 200 361 217
874 6 1273 540 387 232 718 518 682 270 900 425 11 297 325 490 191 277 350 389 129 206 150 227 356 122 371 139 365 286 395 312 342 287 376 315 342 200 361 217
874 6 1274 540 390 232 716 516 682 270 901 424 11 298 325 489 190 278 351 389 128 206 150 227 356 122 371 139 365 286 395 312 342 287 376 316 343 200 361 217
873 6 1275 540 391 232 716 516 683 270 900 424 11 298 326 489 190 278 351 389 128 206 150 228 356 122 371 139 365 286 394 313 342 288 375 316 343 200 361 217
874 6 1274 541 392 232 716 517 682 270 901 425 12 297 326 490 190 278 350 390 128 205 150 228 356 122 371 139 365 287 394 313 342 288 375 315 393 286 418 310 343 200 361 217
875 6 1273 541 393 232 716 517 681 270 902 426 12 297 325 491 191 278 349 391 128 205 150 228 356 122 371 139 365 287 394 313 343 289 374 315 393 286 417 310 343 200 361 217
876 7 1272 541 395 232 716 517 680 270 903 428 12 296 324 493 191 278 348 392 128 205 150 228 356 122 371 139 364 287 393 314 343 289 374 315 392 286 417 310 343 200 362 216
875 7 1273 541 398 231 715 517 680 270 903 429 11 296 323 493 191 278 348 392 128 205 150 228 356 122 371 139 365 287 393 314 343 289 374 315 392 286 417 310 343 199 362 216
873 7 1275 540 398 231 714 518 680 270 903 429 11 296 324 492 191 278 348 392 128 205 149 228 356 122 371 139 364 287 393 314 343 289 373 315 392 286 417 310 343 199 362 217
872 7 1276 539 398 230 713 518 680 270 903 429 12 296 326 492 190 278 348 392 128 205 149 228 356 122 371 139 364 287 393 314 342 289 371 315 343 199 362 217 392 286 417 310
873 6 1275 539 396 231 714 520 680 270 902 428 11 296 326 491 190 279 349 392 128 205 149 228 356 123 371 139 365 287 394 314 343 199 362 217 342 289 370 314 392 286 417 311
875 5 1273 539 394 230 715 521 681 271 902 428 10 297 326 492 189 279 349 392 129 206 149 229 356 122 371 139 365 287 394 313 343 199 362 216 392 286 417 311 341 289 369 314
877 4 1272 540 393 231 715 520 681 272 901 427 8 296 325 491 189 279 350 391 129 206 149 229 356 122 371 139 366 287 394 313 343 199 362 216 392 286 417 310 341 289 369 314
878 4 1271 540 392 231 715 519 681 272 901 427 9 296 326 490 189 279 350 391 128 206 149 229 356 122 371 139 343 199 362 216 366 287 394 313 392 286 417 310 341 288 370 314
877 4 1272 540 393 230 714 518 681 272 901 427 9 296 325 490 188 279 351 391 128 206 149 229 356 122 371 139 341 288 371 314 343 199 362 217 391 285 418 310 367 287 394 312
877 4 1272 539 394 230 714 518 681 272 901 426 9 297 325 491 189 278 350 391 129 206 149 229 356 122 371 139 341 287 372 313 343 199 362 217 391 285 418 310
877 5 1272 539 394 230 714 518 681 271 901 426 9 297 323 492 189 278 350 392 129 206 149 229 356 122 371 139 341 287 372 313 343 199 362 216 391 285 418 310
877 6 1272 538 394 230 714 519 681 271 902 427 10 297 323 492 188 278 349 392 129 206 149 229 341 287 372 312 356 122 371 139 343 199 362 216 391 285 417 310
877 7 1272 538 395 231 713 520 680 271 903 428 10 297 323 493 188 278 349 392 128 207 149 229 341 287 372 311 356 122 371 139 343 199 362 216 392 285 417 310
