

674 429 766 499 394 383 428 405
679 432 772 502 495 406 520 433 407 387 443 410
686 435 777 503 413 391 449 413 493 407 521 432
700 434 797 508 490 408 521 432
706 437 803 510 515 413 543 439 490 410 522 433 436 402 473 425
723 439 819 516 513 414 543 439 441 404 478 426 493 412 523 434
727 451 826 524 458 408 493 432
732 458 830 528 458 413 494 437 513 429 541 450
735 464 831 536 511 432 545 458 461 427 495 450
458 429 495 455 583 422 642 484 747 477 841 548 511 437 547 464
747 478 846 551 459 431 496 457 513 439 549 466
753 477 849 550 516 436 547 459 490 433 515 452

591 433 617 462 537 429 568 451
563 429 595 451 615 434 642 459
633 437 665 462
637 435 669 457
736 456 767 480 991 500 1099 573 712 453 744 475
732 456 771 480 1018 504 1121 577 779 464 817 489
1044 508 1142 585
829 480 866 508 1065 510 1168 592 757 462 796 488
1065 512 1175 593 823 477 869 507 761 462 803 490
1065 516 1178 603 822 477 869 507 761 462 803 490
1065 517 1175 608 758 465 797 489
1062 521 1170 616 750 475 794 504
1060 525 1166 623 738 480 778 507 800 489 844 516
1045 533 1160 615 734 480 780 511 799 498 840 523 194 332 220 351
1056 522 1168 621 733 478 780 508 794 487 839 514
1056 515 1173 615 794 481 839 510 734 474 779 503 736 464 772 489
1057 510 1176 610 733 461 776 491 796 475 839 504
1057 510 1175 611 730 461 774 490 801 475 839 504
1043 519 1154 611 732 465 766 488
1033 523 1154 618 759 484 791 512
1019 530 1132 618 687 479 719 506 760 487 796 514
1007 536 1136 635 682 482 717 508 733 500 766 526
730 501 766 532 989 530 1131 639
979 537 1113 640 729 503 759 532 631 484 663 508 686 499 719 526
963 538 1080 632 612 481 648 508 683 498 722 525 631 484 661 509
605 479 650 510 952 535 1043 619 683 486 718 517 975 523 1111 635
948 534 1090 638 659 486 697 514 608 480 639 506
936 530 1092 641 583 480 625 509 657 488 692 511
930 538 1091 649 580 485 619 510 688 506 711 534 638 500 678 529
634 504 678 538 927 543 1091 656 687 512 709 536 566 500 609 526
930 559 1093 676 563 503 610 534 636 512 670 536
931 565 1097 686 677 527 695 564 633 526 673 557 562 508 607 539
933 570 1103 694 631 528 673 561 560 516 613 553 676 529 696 568 0 340 170 436
935 572 1106 692 630 528 673 560 676 529 696 568 561 510 605 543
936 567 1110 682 559 506 607 539 632 526 670 554
936 559 1113 672 632 508 667 531 558 501 605 530
936 536 1116 652 558 481 600 508
955 521 1132 642 559 477 602 502 560 464 597 485
959 509 1137 632 555 452 603 484 675 476 693 506 631 461 668 484
961 505 1143 631 624 456 670 490 711 436 790 517 552 446 603 481 671 457 690 495
959 510 1148 640 550 447 597 482 668 476 686 504 631 458 665 485
954 520 1150 654 554 458 592 483 592 462 619 479
949 542 1158 688 613 487 644 509
949 549 1161 693 528 501 571 529 642 524 661 547
952 552 1167 695 519 497 569 533 587 508 628 539 682 488 763 567 636 522 658 552 570 503 595 524
956 548 1172 686 681 484 763 564 586 504 628 537 635 509 657 540 520 496 567 530
957 543 1180 679 516 483 555 512 681 475 765 560
967 530 1180 669 513 476 563 513 622 500 647 532 583 483 621 509
970 526 1209 669 623 498 648 529 511 471 567 511 580 478 624 511 625 480 648 517
972 527 1217 671 509 468 570 509 580 477 624 511 622 499 648 528 625 478 649 517 681 457 768 543 469 454 488 487
976 528 1228 673 506 469 568 510 620 500 647 529 581 478 623 511 624 481 647 513
981 536 1243 686 505 471 566 511 618 499 648 530 581 479 622 513
986 528 1248 672 583 477 621 510 507 473 563 507 619 500 646 527
998 520 1242 665
1010 505 1279 663 697 429 792 511 531 436 573 461
1023 498 1276 664 701 418 792 510 527 425 585 462 638 451 667 482
1036 499 1271 667 706 405 796 504 528 420 592 460 641 449 668 479 609 429 645 466 642 431 670 467
1043 501 1266 670 706 405 797 504 528 419 591 460 610 429 644 466 641 449 666 478 642 431 668 466
1049 506 1269 677 526 423 586 462 703 416 797 511 640 452 666 481
1054 511 1271 684 703 423 797 517 527 428 581 462
1056 524 1278 704 703 431 796 523 522 445 579 481 530 435 574 460
1063 526 1276 712 519 447 580 486 699 436 796 535
1070 529 1276 718 700 442 796 536 520 453 577 487 609 476 650 505 637 477 668 504
1076 530 1276 719 701 449 797 539 607 478 649 509 638 480 668 507 524 457 574 485 519 469 574 503
1096 531 1277 719 702 453 799 543 512 465 578 507 469 443 487 481 526 460 572 483
1103 529 1276 719 704 450 801 542 514 466 579 506 607 479 647 511 664 485 685 508 525 460 574 486 470 443 487 481
1108 532 1276 719 706 448 805 543 515 466 579 505 664 485 685 508 609 479 648 511 524 459 576 487 470 442 487 480
1113 537 1276 719 707 449 806 546 515 467 579 506 663 486 685 508 607 481 651 512 526 459 575 484 470 443 487 480
1117 542 1276 719 706 452 806 550 513 469 578 508 662 487 684 510 610 482 650 514 468 444 487 483
1123 546 1275 719 705 454 804 551 608 483 650 517 514 469 575 508 661 488 684 510 467 444 487 484
1143 541 1272 718 703 447 806 546 607 480 651 514
1151 538 1273 714 705 440 807 541 606 476 651 507 523 453 572 483
1161 532 1273 712 706 427 811 525 516 446 575 485 606 458 653 489
1169 531 1275 712 707 420 812 521 664 460 685 486 604 454 657 489 516 427 576 477 530 434 571 461
1194 535 1279 711 714 415 818 517 666 456 687 482 518 424 579 472 605 449 661 485 466 409 488 445
714 409 821 515 1201 542 1278 709 668 453 689 479 519 420 581 469 468 404 488 442 590 435 615 458 688 443 708 461
715 405 823 507 1207 550 1278 709 518 418 581 467 668 452 689 478 469 403 487 439 587 433 615 458 688 443 709 461
713 408 821 516 1209 558 1278 713 514 419 578 469 666 454 686 480 603 446 657 481 585 432 615 458
712 415 819 519 663 457 683 484 584 441 660 490 506 420 570 473 1211 562 1278 715
703 420 815 523 504 424 567 478 582 445 658 494
701 423 815 526 501 428 564 481 572 445 646 495 646 457 670 490 650 473 669 499 564 451 592 484 447 416 462 457 470 308 499 327
698 422 815 526 570 444 645 496 499 428 560 481 646 458 669 489 649 473 668 498 468 308 498 327
698 416 815 521 495 424 558 476 646 456 667 485
493 419 555 469 699 403 812 497 559 431 590 462
698 390 814 498 645 431 665 457
