

263 15 844 682 0 311 254 684 819 466 936 565 977 419 1276 652 966 440 1059 484 185 414 282 555
263 15 844 681 0 312 254 684 820 465 936 565 977 418 1276 652 966 440 1059 484 185 414 282 554
263 15 844 681 0 312 254 684 820 465 936 565 977 417 1276 652 966 440 1059 484 185 413 282 555
263 15 844 682 0 312 254 684 820 465 936 565 977 416 1276 651 966 440 1058 484 185 413 282 555
263 15 844 683 0 312 254 684 820 465 936 566 977 416 1276 650 966 440 1058 484 185 413 282 555
262 15 844 683 0 312 254 684 820 465 935 566 977 415 1276 650 966 440 1058 483 185 414 281 555
262 16 844 683 0 312 254 684 820 465 935 566 977 414 1276 651 967 440 1058 483 185 413 281 554
263 16 843 682 0 312 254 684 820 466 935 565 976 415 1277 652 967 440 1058 483 185 414 282 555
264 16 843 682 0 312 255 684 820 466 935 565 976 416 1277 652 967 440 1058 483 185 414 283 556
265 16 844 681 0 312 255 684 820 466 935 565 976 417 1277 652 967 441 1058 483 185 414 283 557
264 16 844 680 0 312 255 684 820 466 935 565 976 417 1277 652 967 441 1058 483 184 414 283 557
264 16 844 680 0 312 255 683 820 466 935 565 976 418 1277 653 967 441 1058 483 184 414 283 558
264 16 844 680 0 311 255 684 820 467 935 566 976 418 1278 653 185 414 283 558 967 441 1058 483
264 16 844 679 0 311 255 684 820 467 935 566 976 418 1278 653 185 414 283 558 967 441 1058 483
264 16 844 678 0 311 255 684 819 467 935 566 977 418 1278 653 968 441 1058 483 185 414 283 557
263 16 844 679 0 312 255 684 819 467 935 566 978 418 1278 652 967 441 1058 483 185 414 282 557
264 16 844 679 0 312 255 684 818 467 935 565 978 418 1278 652 185 414 282 557 967 441 1058 483
264 15 844 680 0 312 254 684 818 467 935 565 978 418 1278 651 185 414 282 557 967 441 1058 483
265 14 844 681 0 312 254 684 819 466 935 565 977 419 1278 651 184 414 282 557 968 441 1058 483
264 14 844 681 0 312 254 684 819 466 935 565 977 419 1278 650 185 414 283 558 968 441 1058 483
263 15 844 681 0 312 254 684 819 466 935 565 978 419 1279 649 185 415 284 559 968 441 1058 483
263 15 844 682 0 312 254 684 819 466 936 565 978 419 1278 649 185 415 286 560 968 441 1058 483
264 16 843 683 0 313 253 683 819 465 935 565 978 420 1278 649 968 441 1058 483 185 415 287 560
266 15 842 685 0 313 253 683 820 465 935 565 978 420 1277 649 968 441 1058 483 185 415 288 560
267 15 842 686 0 312 252 684 820 465 935 565 979 420 1277 649 968 441 1058 483 185 415 288 561
268 15 842 685 0 340 256 689 821 465 935 565 979 419 1276 649 967 442 1058 483 185 415 288 561
269 16 842 684 0 340 256 688 822 465 935 565 979 420 1276 649 967 442 1058 483 185 415 288 561
270 16 842 684 0 341 256 688 822 465 935 565 979 419 1276 650 967 442 1058 483 185 415 288 560
270 18 841 683 0 340 257 688 823 464 935 565 979 420 1277 650 967 442 1058 483 185 415 288 560 1082 428 1164 473
270 19 841 682 0 340 257 689 823 464 935 565 979 419 1277 650 185 415 288 560 967 442 1058 483 1081 429 1165 473
270 21 840 681 0 340 257 689 823 464 935 565 980 419 1277 650 185 415 289 560 967 442 1059 483 1081 429 1165 473
270 22 838 681 0 340 257 689 822 464 934 564 980 419 1277 650 185 414 290 559 967 442 1058 483
271 22 837 682 0 341 257 689 821 464 935 564 979 418 1277 651 184 414 292 559 967 442 1058 483
273 22 836 682 0 341 258 689 818 463 935 564 979 418 1276 651 184 415 293 558 968 441 1058 483
275 23 834 681 0 341 258 689 817 463 936 564 979 418 1276 653 184 415 294 558 968 441 1058 483
276 24 833 681 0 342 257 688 816 462 936 564 979 417 1276 653 184 416 294 558 968 441 1058 482
277 24 831 682 0 342 257 688 816 462 936 564 979 417 1276 653 185 417 294 558 968 441 1058 482 1079 429 1164 473
276 24 830 683 0 342 256 688 816 462 936 565 979 416 1276 654 185 417 294 559 968 441 1058 482 1079 429 1163 473
277 23 828 682 0 341 256 687 979 417 1275 655 816 462 936 565 185 417 295 559 968 441 1058 482 1079 430 1163 473
279 26 823 679 0 341 256 687 981 416 1276 655 811 443 934 558 185 417 296 559 968 441 1058 482 1079 430 1163 473
283 28 818 676 0 341 255 688 811 444 934 558 982 415 1276 655 184 416 297 559 968 441 1058 482 1079 430 1163 473
286 30 815 675 0 341 255 688 810 444 935 558 982 414 1276 653 184 415 298 558 968 441 1058 482 1079 430 1164 473
290 29 813 676 0 342 255 688 808 445 936 557 982 414 1276 652 176 417 302 549 968 441 1058 482 1079 429 1163 473
292 30 812 676 0 342 255 688 806 446 936 557 982 414 1276 651 176 417 303 548 968 441 1058 482 1079 429 1163 473
295 32 810 675 0 342 256 688 803 446 936 557 982 414 1276 652 175 417 304 548 968 441 1058 482 1079 429 1163 473
297 32 809 674 0 342 256 688 801 447 936 557 981 415 1276 652 175 416 305 548 968 441 1058 483 1079 429 1163 473
298 34 807 672 0 341 256 688 799 447 936 557 980 415 1275 651 175 415 305 547 968 441 1058 483 1079 429 1162 473
299 36 805 672 0 341 256 689 798 447 936 557 186 415 316 546 979 416 1275 649 967 441 1058 483 1079 429 1162 473
301 38 802 672 0 340 256 689 797 447 936 557 186 414 317 547 979 417 1274 649 967 441 1058 483 1079 429 1162 474
304 40 800 671 0 341 255 689 796 446 936 558 186 414 318 547 979 416 1274 649 967 441 1058 483 1079 429 1163 474
306 42 797 668 0 341 256 689 794 445 936 559 186 413 319 547 979 415 1274 651 967 441 1059 483 1079 429 1163 474
308 46 793 665 0 311 253 685 792 445 935 560 186 413 320 547 980 414 1274 652 967 441 1058 483 1079 429 1163 474
309 49 791 664 0 310 253 686 187 413 321 547 790 445 934 560 981 412 1274 654 967 441 1059 483 1079 429 1163 474
310 53 789 664 0 341 256 690 187 413 321 548 787 445 934 560 982 410 1274 654 967 441 1058 483 1079 429 1162 474
311 55 786 663 0 341 256 691 187 413 322 547 786 445 934 560 981 410 1275 655 967 441 1059 483 1079 429 1163 474
313 60 781 660 0 340 256 692 188 412 323 549 784 445 934 559 981 411 1275 654 967 441 1058 483 1079 429 1162 474
314 64 776 657 0 340 256 692 188 412 325 550 783 445 934 559 982 411 1275 653 967 441 1058 483 1080 429 1162 474
315 67 772 655 0 339 257 693 187 412 327 552 780 445 934 559 982 411 1276 652 951 441 1055 485
314 69 770 654 0 338 257 694 186 412 330 553 779 445 935 558 982 409 1277 652 951 441 1055 484
316 72 768 651 0 337 256 695 185 411 333 554 775 445 935 558 981 410 1277 652 951 441 1055 484
317 74 767 648 0 337 256 696 185 411 334 555 772 444 934 558 982 412 1277 652 951 441 1055 484
319 77 765 644 0 336 256 696 185 410 336 556 767 443 934 559 982 412 1277 653 951 441 1055 484
319 79 764 642 0 336 256 695 184 409 336 557 764 442 934 560 982 413 1277 653 951 441 1055 485
320 81 763 639 0 336 256 694 183 409 338 558 761 442 934 560 983 412 1278 654 952 441 1055 485
322 84 761 637 0 337 256 694 182 409 340 559 757 441 935 560 983 414 1277 652 951 441 1055 485 1078 434 1124 473
324 86 759 636 0 337 256 693 182 408 341 559 756 442 936 560 983 415 1277 651 951 441 1055 486 1078 434 1124 473
326 88 758 636 0 337 256 693 182 408 342 559 753 442 937 559 982 417 1276 649 949 441 1056 486 1078 434 1123 473
327 90 757 635 0 337 256 692 181 408 342 558 751 442 938 560 982 418 1278 650 949 441 1056 486
327 93 754 633 0 310 252 688 182 408 343 558 747 441 939 559 983 417 1279 650 948 441 1056 487
327 97 752 629 0 311 252 686 181 407 343 558 984 418 1279 649 743 441 941 559 946 442 1057 489 1072 425 1126 504
327 101 750 627 0 312 251 686 181 407 344 558 985 418 1279 647 740 442 944 558 1068 424 1118 506 945 443 1057 491
329 105 750 624 0 312 251 686 181 407 346 559 990 418 1277 648 737 443 947 557 1048 427 1095 507 946 444 1054 493
331 109 751 622 0 312 251 687 182 408 348 560 995 417 1277 650 735 443 949 557 1043 425 1090 507 950 444 1048 494
333 115 752 620 0 312 251 687 181 409 351 562 998 414 1277 652 732 443 951 557 1022 429 1069 510 1079 429 1158 473
335 120 752 618 0 311 250 688 180 409 352 562 998 414 1278 653 730 443 952 559 1078 430 1158 473 1016 428 1062 511
337 124 751 618 0 311 249 688 179 409 354 562 997 416 1278 652 729 442 953 559 998 431 1049 514 1078 429 1158 473
338 128 750 617 0 310 248 689 179 409 355 563 995 416 1278 652 730 443 954 557 1078 430 1158 473 996 434 1047 508 718 341 869 458
339 130 748 616 0 309 246 690 178 408 357 563 992 416 1278 651 731 443 954 555 1078 430 1159 473 973 433 1022 517 716 341 871 458
338 134 748 615 0 340 246 692 178 408 358 564 991 414 1279 651 732 444 955 553 1079 430 1159 473 968 444 1020 539
337 138 746 613 0 339 244 694 176 408 360 565 991 415 1279 650 731 444 958 552 1079 430 1160 473 948 443 996 542
337 141 745 611 0 341 244 692 175 407 362 565 995 418 1279 649 729 444 963 551 943 440 993 541 1080 430 1160 473 973 440 1058 485 711 341 852 449
339 143 744 611 0 313 240 685 173 407 363 566 996 421 1279 650 726 443 966 552 940 438 990 541 973 440 1058 484 1080 430 1160 473 711 340 852 448
360 175 724 584 0 314 239 684 171 407 364 567 1000 421 1279 651 724 443 967 554 971 440 1058 484 1080 431 1160 473 711 339 851 448 928 435 979 545
363 174 722 587 0 346 240 686 169 406 365 568 1003 418 1279 652 724 443 966 554 970 440 1058 484 1080 431 1160 473 710 338 851 449
364 174 719 590 0 345 238 687 168 406 367 568 1005 415 1279 652 723 443 965 554 969 441 1058 484 1080 431 1161 474 709 338 851 452
365 174 719 591 0 344 234 688 166 406 369 569 1008 413 1279 651 724 443 964 555 969 441 1059 484 1080 431 1161 473 707 337 853 452
365 175 719 591 0 343 233 689 165 407 371 569 1012 413 1279 650 724 443 964 556 969 441 1059 484 706 336 854 455 1081 431 1162 473
366 177 719 592 0 344 231 688 164 406 372 568 1016 414 1279 651 724 442 963 557 969 441 1059 485 705 335 855 456 1082 431 1162 473
366 180 720 592 164 407 374 568 0 345 230 687 1019 414 1279 653 724 441 963 559 970 441 1059 485 1082 431 1162 474 703 335 856 458
367 182 720 593 0 312 230 687 165 406 374 568 724 441 964 560 1020 415 1279 655 1083 431 1162 474 970 442 1059 486 702 335 857 458
369 182 718 593 0 312 231 687 166 406 374 568 725 441 964 561 1021 416 1279 655 1082 432 1161 474 970 442 1059 486 700 334 858 460
371 184 715 592 0 312 230 687 166 406 373 568 725 440 965 561 1023 417 1279 655 1082 432 1161 474 971 441 1059 486 685 337 868 514
373 186 713 591 0 312 228 686 166 405 373 568 725 440 966 562 1023 416 1279 654 1082 432 1161 473 682 336 869 516 971 441 1060 487
376 189 712 588 0 314 225 685 165 405 373 568 724 440 967 562 1024 414 1279 653 681 334 868 518 1082 432 1161 473 971 441 1060 488
377 191 713 589 0 315 224 684 164 405 374 569 723 440 968 563 681 333 867 519 1025 411 1279 652 1082 431 1161 473 971 441 1060 489
378 193 711 588 0 317 225 682 163 406 374 569 722 439 969 564 682 333 866 520 1027 409 1279 654 1083 431 1161 474 972 441 1060 489
378 196 710 586 0 317 225 682 161 405 373 570 729 443 965 585 681 332 865 520 1029 406 1279 655 1083 431 1162 474 972 441 1059 489
378 198 708 585 0 317 225 682 160 405 373 570 729 443 965 585 1084 431 1163 474 682 332 865 519 1031 404 1279 655 972 441 1059 489
