

402 171 886 714 868 209 1130 430 0 323 245 719 25 196 394 450 1140 185 1247 248 1221 183 1277 386 781 204 1023 301 418 203 533 447
404 171 884 713 0 327 245 719 872 211 1134 428 25 197 390 449 781 205 1017 302 1218 185 1277 387 1137 183 1251 249 676 235 733 351 418 202 535 448
405 174 884 713 886 210 1126 399 0 327 245 719 781 206 1011 303 24 198 389 448 676 236 731 351 1217 185 1277 388 1137 182 1251 249 417 205 536 446
404 175 884 714 890 211 1126 397 0 324 245 719 780 206 1009 303 25 199 387 447 677 234 729 351 1139 182 1250 250 1215 185 1276 388
895 212 1128 393 404 173 884 716 0 320 245 719 13 193 354 460 757 202 990 304 1139 182 1249 251 1216 186 1276 387 677 232 727 352
898 214 1131 390 406 169 884 717 0 319 245 719 758 204 989 304 12 193 355 461 1138 181 1249 252 1216 187 1276 386 675 220 723 339
899 213 1134 387 407 169 885 717 0 321 245 719 760 206 986 304 11 193 354 462 1138 181 1248 252 1217 185 1276 387 675 219 720 338
900 213 1136 388 406 168 887 717 0 325 244 719 761 206 983 306 11 192 353 462 1216 184 1276 389 1136 181 1248 252 676 222 719 337
902 211 1137 386 405 169 889 717 0 329 244 719 757 209 979 320 11 191 351 462 1217 182 1275 392 1133 181 1250 252
905 211 1139 383 404 170 891 719 753 209 981 321 0 329 245 719 11 190 346 461 1218 182 1275 393 1129 182 1252 252 341 266 498 404
907 211 1140 381 404 169 891 718 748 210 981 321 0 325 248 719 12 189 345 459 1129 184 1253 253 1220 181 1275 393 341 268 501 403
909 210 1144 379 402 168 891 718 744 211 984 321 0 320 249 719 14 190 342 457 1129 186 1254 254 1221 181 1275 394 339 271 502 403 1199 195 1252 393
910 211 1147 378 401 166 891 717 743 212 986 321 0 318 251 719 15 190 343 455 1221 181 1275 396 1131 188 1254 255 333 274 502 404
922 207 1157 375 401 167 889 717 741 212 986 322 14 190 339 455 0 321 251 719 327 275 498 404 1222 183 1274 398 1130 189 1255 255 426 219 538 439
924 206 1158 372 405 166 886 717 737 213 982 322 14 190 336 456 0 323 251 719 321 275 493 405 1222 184 1274 397 1132 189 1255 255 424 217 540 442
928 206 1162 369 410 166 883 716 735 214 976 322 13 192 327 458 0 325 252 719 1223 186 1274 397 1133 189 1256 257 318 272 491 406 422 216 540 446 683 238 729 348 1209 214 1248 378
935 206 1167 366 412 167 882 714 732 216 970 322 14 194 319 457 0 325 254 719 1133 188 1258 258 1223 187 1276 398 302 280 465 403 683 235 728 350 421 217 540 451 1209 216 1248 379
941 207 1174 365 412 170 880 713 731 219 966 323 0 325 254 719 14 196 312 458 1133 189 1259 261 1223 188 1277 400 298 279 466 404 684 232 728 352 395 199 544 488
948 208 1176 365 412 171 881 713 727 222 964 324 0 327 255 719 14 198 309 459 1135 189 1258 262 1222 190 1277 402 294 279 467 407 685 233 729 353
413 170 882 715 952 208 1181 363 724 225 965 325 0 328 255 719 13 199 305 460 290 282 467 409 1220 196 1276 402 1141 191 1255 261 686 234 730 353 1252 191 1279 409
413 170 884 717 955 209 1185 360 722 227 967 327 0 331 257 718 10 201 300 458 282 285 467 413 1219 202 1275 401 1157 192 1263 257 688 234 730 352 340 301 365 333 1252 195 1279 408
410 172 885 717 957 209 1190 356 720 228 968 329 0 331 258 719 10 203 297 457 274 286 468 415 1218 205 1274 400 1158 194 1262 257 1252 197 1279 407
408 174 884 718 968 207 1219 355 707 229 950 333 0 332 259 718 10 204 296 456 268 286 469 418 1217 206 1274 399 1158 192 1263 256 1252 198 1279 405
409 174 883 717 979 206 1215 353 707 228 943 333 0 331 259 719 262 286 470 420 11 207 295 455 1218 206 1274 400 1154 194 1246 252 685 220 724 335 1252 198 1279 404
408 175 884 717 987 204 1218 349 709 227 936 333 0 331 260 719 256 285 470 422 10 208 291 454 1218 206 1273 400 684 218 723 335 1162 191 1263 252 1252 196 1279 406
409 178 883 715 994 201 1223 345 709 225 930 333 0 330 262 719 249 286 470 423 1219 205 1273 401 8 209 288 454 684 219 723 334 1253 193 1279 409
410 182 882 715 999 200 1230 342 708 224 927 333 0 330 264 719 7 207 287 455 246 286 470 423 1219 205 1273 400 684 219 724 332 1253 193 1279 409
412 183 882 714 1005 202 1232 338 710 223 921 332 0 330 265 719 6 207 284 456 1218 206 1273 399 245 286 470 422 684 221 726 333 1253 195 1279 407
413 183 880 714 713 224 916 331 1011 201 1231 337 0 332 263 719 5 205 280 456 1217 207 1274 397 236 294 473 435 973 212 1073 283 684 221 728 334 1253 197 1279 405
411 179 881 715 714 226 908 329 1019 199 1228 335 0 334 261 719 4 202 274 456 966 205 1085 283 1217 207 1274 397 233 294 474 435 685 220 729 336 1253 198 1279 403
410 176 880 716 715 228 902 329 0 334 259 718 961 205 1091 282 1037 195 1238 335 4 200 269 457 1217 202 1274 398 230 294 475 436 684 218 728 339 1252 197 1279 403
409 174 879 718 954 205 1093 282 0 334 257 718 714 229 896 329 1037 192 1244 319 6 198 262 460 1216 198 1274 398 228 294 475 436 685 218 727 341
411 173 877 718 949 204 1093 281 1040 190 1249 318 0 335 255 718 714 230 894 328 1214 196 1274 397 7 195 259 462 227 294 475 437 912 228 928 276 685 219 725 340
412 174 876 718 1042 189 1253 316 0 337 253 718 944 204 1092 280 710 231 892 326 1213 197 1274 395 227 294 475 438 8 190 257 466 910 228 928 277 469 132 496 172
412 172 876 719 1047 187 1257 313 0 338 253 718 914 201 1103 286 1213 198 1274 394 708 233 890 326 202 301 463 437 7 188 262 467 469 132 496 173
410 171 875 719 0 341 253 719 1056 186 1260 305 905 201 1099 283 1213 199 1275 391 649 230 876 329 198 302 463 438 683 232 729 354 0 245 233 435
407 170 875 719 0 341 253 719 918 201 1070 280 1068 183 1262 297 1214 200 1275 389 655 229 868 328 194 301 462 438 682 231 729 353 1035 192 1149 268
402 169 873 719 910 201 1071 279 0 342 253 719 1214 198 1275 386 660 229 860 328 1105 172 1276 296 1030 190 1151 274 192 301 457 439 682 231 728 354
401 171 870 719 900 202 1052 281 0 345 252 717 1111 173 1271 296 1214 195 1275 386 664 229 852 328 1025 192 1152 273 188 302 453 440 682 230 727 355
401 174 868 719 896 202 1047 280 0 350 252 716 1116 172 1269 293 1213 192 1275 386 994 192 1154 275 669 230 845 329 183 302 452 440 681 231 726 354
401 177 866 719 0 353 249 714 892 202 1045 279 988 192 1157 275 1120 171 1268 293 1213 189 1275 385 175 301 451 440 672 230 840 330 680 230 725 354 463 128 492 165
400 178 865 719 981 192 1163 279 0 354 247 713 859 199 1050 285 1126 167 1269 288 1213 188 1275 385 169 299 452 442 674 231 836 330 679 228 725 354 463 128 491 164
398 178 864 719 978 192 1168 279 0 358 245 710 853 199 1047 284 1214 188 1275 384 1130 168 1269 285 167 300 450 443 673 232 834 332
397 175 862 719 971 191 1173 280 0 360 246 711 864 204 1026 281 1216 190 1275 385 167 299 449 444 610 234 820 329
398 173 861 719 962 191 1175 280 0 358 247 713 864 203 1023 281 167 298 448 445 1218 191 1275 384 613 234 817 328
399 171 863 719 953 192 1174 280 0 353 249 715 847 205 1007 283 164 295 447 446 1218 192 1275 382 617 233 814 327 1084 118 1265 241
400 172 867 716 946 191 1171 280 0 351 249 715 844 204 1005 282 162 295 446 446 1219 190 1275 382 621 232 813 326 1081 120 1267 242
399 173 868 716 941 192 1163 279 0 350 249 715 841 203 1002 282 162 294 444 446 1219 189 1275 380 691 237 810 322 1075 121 1271 241
396 175 868 716 937 192 1155 279 0 349 249 715 820 198 1012 287 162 295 442 447 1220 187 1276 380 1070 122 1272 239 694 236 807 321 1197 187 1251 378 680 232 724 350
396 177 868 717 935 193 1147 279 0 347 249 715 815 198 1008 286 147 307 423 446 1221 187 1277 380 1065 123 1273 239 1196 187 1250 378 698 236 804 321 679 231 725 349
397 178 866 717 934 193 1145 280 0 345 248 715 810 198 1003 286 144 305 426 446 1222 185 1277 381 1062 123 1272 241 678 219 724 341 622 225 800 325 1196 187 1250 379
397 178 866 719 916 192 1133 285 0 341 248 716 808 200 997 287 140 302 429 447 1223 184 1278 382 1057 123 1275 244 624 225 797 326 677 220 722 340 1196 187 1250 380
397 178 866 718 907 194 1133 286 0 337 248 716 133 298 430 448 806 202 990 289 1051 122 1276 246 1223 185 1277 382 626 226 795 326 678 220 721 338
399 179 866 718 900 195 1129 287 0 337 247 716 129 299 430 449 1047 122 1276 248 804 203 987 290 1224 187 1277 383 629 228 795 325 678 221 720 336
404 179 868 715 897 195 1124 287 0 340 247 714 1042 121 1275 249 127 303 429 452 1225 186 1278 383 805 212 954 293 654 233 787 324 678 221 722 335
410 177 871 716 892 197 1114 287 0 345 246 712 1037 121 1273 250 803 215 951 294 125 307 432 456 1225 185 1278 384 656 233 786 326 679 221 722 334
411 176 876 714 889 199 1106 288 0 350 246 710 1032 120 1273 251 801 217 948 296 1224 185 1278 386 122 311 435 460 658 234 784 328 679 220 723 334 422 227 533 450
411 176 881 714 888 202 1097 288 0 353 245 709 1025 120 1274 252 800 217 944 297 1223 189 1277 388 118 312 439 463 665 249 778 333 679 220 724 334 424 230 532 449
408 177 884 712 889 203 1096 289 0 353 246 709 1017 121 1277 253 798 217 942 298 1222 192 1277 389 115 313 437 465 668 252 778 333 424 229 532 447 680 220 724 333
403 180 891 710 887 205 1095 289 0 349 247 711 1009 123 1279 254 1220 194 1276 389 780 211 945 302 113 313 437 465 672 253 778 335
403 182 893 709 866 204 1086 297 0 344 250 713 1004 124 1279 254 1219 194 1276 388 111 313 437 465 776 211 942 302 674 252 778 337
404 184 896 708 867 204 1085 297 0 341 254 714 1003 124 1278 254 1218 194 1275 387 773 212 941 302 112 312 439 464
407 183 898 709 864 202 1087 297 0 338 260 714 1000 123 1279 253 773 212 944 301 1219 196 1275 384 117 310 435 462 1252 208 1279 378
419 182 902 712 882 202 1101 287 0 348 286 712 1001 121 1279 251 778 212 950 299 119 310 434 456 1222 189 1276 384
428 178 909 713 885 198 1106 286 0 347 292 714 1008 120 1279 247 783 210 956 297 120 307 437 449 1192 169 1278 236
887 194 1116 284 468 186 932 704 0 348 303 715 1016 118 1279 242 802 210 948 287 122 276 498 445 1196 168 1277 233
467 180 945 702 891 191 1125 283 0 347 315 717 1023 117 1279 238 131 274 500 446 1202 168 1277 232 806 208 949 283
482 169 962 706 3 341 332 719 898 187 1134 282 1033 117 1279 233 145 272 504 448 812 198 993 283 1208 168 1278 230
500 161 979 709 12 333 348 719 906 183 1138 280 160 269 511 450 1042 116 1279 228 818 194 996 283 1218 166 1279 228
512 156 995 711 931 183 1153 271 17 329 360 719 175 267 518 451 1051 116 1279 225 1222 166 1279 226 840 200 996 276 797 194 847 305
520 159 1002 708 932 180 1159 271 18 333 391 719 1055 116 1277 222 190 264 524 450 847 196 995 272 1225 166 1279 226 803 188 853 306 291 419 373 480
934 176 1166 270 524 157 1010 706 21 330 397 719 853 194 996 271 1061 117 1275 220 199 263 529 447 1247 171 1277 222 1059 133 1077 155
937 171 1175 269 529 160 1017 705 28 324 407 719 209 260 537 444 1065 105 1278 210 860 192 995 269 2 344 122 719 1246 171 1278 219 823 178 869 280 1062 132 1078 153
940 167 1184 267 567 155 1034 699 17 256 430 717 215 256 541 442 1068 104 1277 207 873 185 1014 262 2 344 128 719 829 175 874 280 1245 170 1278 215
576 150 1037 701 942 165 1191 265 18 256 450 715 222 250 544 438 1070 101 1278 206 880 183 1016 259 845 175 886 280 475 155 668 314 1247 169 1278 213 196 311 222 346 599 174 711 400
595 139 1043 708 952 162 1194 252 25 257 467 715 1071 98 1277 203 887 179 1015 258 221 252 598 438 852 167 893 280 481 153 664 311 607 168 718 395 1250 170 1278 210
608 134 1056 711 952 161 1194 249 32 262 479 714 227 245 602 432 1072 94 1277 201 896 174 1038 254 2 356 150 710 1250 161 1279 204 614 160 728 391 858 164 899 275
620 130 1066 712 979 159 1206 243 43 265 482 712 235 240 601 429 900 173 1036 254 1074 92 1275 198 1251 162 1279 201 2 356 155 711 869 158 914 255 364 388 439 449 619 152 738 390
624 134 1073 709 980 157 1206 241 48 263 485 708 902 166 1042 251 237 239 608 426 1099 83 1278 202 1251 162 1279 200 2 352 158 715 875 157 917 252 366 386 443 448 560 123 758 650
631 137 1079 707 979 156 1207 240 56 256 486 706 908 166 1042 250 250 243 566 397 1103 83 1277 202 2 280 160 692 1251 163 1279 199 560 119 767 655 882 154 921 252
980 155 1208 239 637 138 1086 709 60 246 489 706 913 165 1041 249 252 243 562 397 1106 83 1278 201 561 120 775 654 2 284 163 689 1251 163 1279 199
642 97 1089 699 980 154 1209 239 96 236 513 712 258 242 555 396 920 163 1038 247 1107 82 1278 202 563 121 780 649 2 292 164 682 1251 161 1279 201 388 379 464 446 896 150 934 255 605 247 693 309
643 93 1093 700 980 152 1210 237 96 233 516 710 266 240 549 399 924 159 1057 242 565 124 781 643 1108 81 1279 201 2 295 164 679 1251 160 1279 201 900 148 938 254
642 90 1100 702 979 149 1211 234 96 232 520 709 930 157 1055 239 273 238 550 401 2 294 165 679 1104 78 1279 201 570 127 779 639 1250 157 1279 203 904 146 944 251
643 88 1105 702 977 149 1212 233 101 229 521 710 935 155 1055 236 275 230 556 367 1100 78 1279 200 2 292 165 681 573 132 776 635 1249 156 1279 202 908 145 950 251
664 98 1128 694 976 148 1213 233 105 225 523 712 281 228 558 367 941 154 1054 234 1096 77 1279 198 1 291 167 682 1248 154 1279 202 578 217 754 643 610 238 703 309
670 97 1126 696 976 148 1214 235 108 219 523 713 286 227 559 368 944 153 1054 234 1063 83 1279 190 1 295 167 678 610 236 705 310 578 219 750 643 1248 152 1279 201 921 143 958 246
674 97 1125 697 976 149 1215 236 111 209 526 714 291 226 560 369 947 153 1054 235 0 298 166 672 608 233 709 311 1060 83 1279 187 1247 151 1279 201 577 227 746 640 926 142 959 245
677 97 1124 697 976 149 1215 237 115 199 525 713 297 227 557 368 949 152 1053 234 0 296 166 672 1246 151 1279 199 578 231 743 638 606 229 711 311 1055 83 1279 185
678 98 1126 696 977 149 1214 237 119 192 527 711 302 229 554 367 952 152 1052 234 0 291 167 675 614 220 724 313 1245 151 1278 199 579 235 737 633 1052 84 1279 183
679 97 1129 694 121 192 529 712 979 147 1212 235 303 232 547 408 0 285 170 682 954 151 1051 233 1053 82 1279 183 1244 150 1278 199 581 234 733 632 613 218 726 314
677 96 1134 693 122 190 533 713 980 146 1210 234 305 233 542 408 0 283 173 682 1050 81 1279 182 583 235 732 631 613 216 727 315 956 151 1049 233 1246 149 1278 199
679 93 1138 694 122 190 537 714 983 144 1208 233 307 233 538 406 0 284 177 682 1044 80 1279 182 611 210 733 304 587 236 731 632 1224 145 1278 201 958 151 1048 233
679 91 1140 693 121 190 539 713 984 144 1205 233 309 229 534 371 8 291 206 680 1223 144 1277 201 1035 79 1279 182 609 209 734 305 588 233 736 635 0 537 113 719
682 88 1142 694 123 194 541 711 985 144 1204 234 5 290 208 680 314 228 532 371 1221 143 1278 202 609 208 736 306 1030 78 1279 182 0 536 113 719 593 234 735 633
686 86 1147 696 126 198 544 711 984 144 1203 234 2 289 213 680 318 228 531 371 1219 141 1278 203 608 208 739 306 1028 78 1279 185 0 535 113 719 596 230 739 636
692 83 1151 699 131 198 548 711 983 146 1203 234 0 287 218 679 323 226 529 372 1217 140 1278 204 608 207 743 307 1027 80 1279 185 0 534 113 719 612 124 824 645
134 197 553 710 697 81 1154 700 982 146 1202 234 0 288 222 679 326 226 527 372 1204 143 1279 205 605 207 747 307 1027 82 1279 187 0 533 114 719 611 129 825 639
