

442 290 656 458 748 259 1126 501 1153 317 1278 479 0 0 331 518 649 249 788 395 345 306 430 390 411 195 605 313
442 290 656 458 750 258 1123 500 650 251 787 396 1137 318 1279 474 0 0 333 518 346 305 430 389 411 196 605 312
443 291 656 458 750 258 1121 501 650 251 787 396 1130 315 1279 473 0 0 336 518 346 305 431 389 409 196 607 312
442 291 656 459 749 258 1120 501 1123 312 1279 472 649 249 790 396 0 0 339 519 345 306 430 390 409 197 607 312
442 292 655 459 747 259 1120 501 0 0 343 519 1119 310 1279 470 648 247 790 396 345 307 430 390 413 197 607 312
442 293 654 459 746 260 1120 501 1115 310 1279 470 0 0 346 519 345 307 429 391 646 246 791 397 418 198 606 311
442 293 654 458 746 260 1119 501 1112 311 1277 470 0 0 344 519 345 308 429 391 646 246 790 397 422 198 605 312
442 294 654 458 745 260 1119 500 1109 310 1276 473 646 245 790 397 0 0 339 520 345 308 430 392 422 198 606 312
442 294 654 458 747 259 1116 501 1105 310 1276 475 648 245 790 397 346 309 430 392 0 0 333 521 421 198 606 312
443 296 653 457 1099 311 1277 476 748 258 1113 503 346 310 430 392 648 245 789 397 0 0 335 522 416 198 606 313
443 297 653 456 1095 311 1277 476 749 255 1110 505 347 312 430 392 649 246 787 397 0 0 339 522 401 192 615 340
443 298 653 458 749 256 1106 506 1082 316 1275 470 347 313 431 393 649 248 788 398 0 2 345 524 419 199 606 312
443 298 652 460 1077 315 1278 471 749 257 1102 506 346 314 431 394 648 247 788 398 0 3 348 524 424 201 605 310
443 298 652 461 1072 315 1279 470 748 261 1099 506 346 315 432 395 647 248 788 398 0 6 351 524 423 202 605 310
444 297 652 462 1069 316 1279 470 748 261 1097 507 346 316 432 395 648 248 786 398 0 6 352 523 400 199 615 336
444 299 651 462 1066 317 1279 470 749 263 1097 507 345 316 432 395 648 252 787 399 0 8 353 523 398 200 616 335
444 301 650 463 750 265 1095 507 1064 317 1279 470 345 317 432 396 649 254 787 399 0 8 351 526 395 200 616 335
444 302 650 464 751 267 1095 508 1063 318 1279 468 344 317 432 397 649 255 788 399 0 10 349 527 395 201 614 336
443 302 650 465 751 267 1094 509 1064 319 1279 468 345 318 431 396 649 255 789 399 0 11 348 528 395 199 613 338
443 301 650 466 750 268 1095 509 1064 319 1279 468 346 318 431 396 650 253 790 399 0 9 348 530 398 200 613 337
443 301 649 468 748 268 1095 510 1064 319 1279 467 345 323 431 400 0 7 349 531 651 253 790 399 401 201 614 336 615 319 654 361
443 301 648 469 747 269 1097 510 345 323 432 401 1065 318 1279 465 0 5 349 535 651 253 790 399 615 320 655 360 405 203 615 334 416 323 455 374
444 302 648 469 749 269 1097 510 345 323 432 402 1067 317 1279 465 0 5 351 537 652 255 790 399 616 320 654 360 406 203 616 335
444 304 647 469 750 270 1098 510 344 323 432 403 1068 318 1279 464 0 6 350 536 652 257 791 400 615 320 655 361 406 202 617 335
445 304 647 469 751 271 1099 510 343 323 432 403 1067 318 1279 463 0 6 349 536 652 258 792 400 405 202 618 335 615 320 654 361 416 326 454 374
445 304 647 469 752 270 1100 511 343 323 432 403 1066 318 1279 462 0 9 349 536 654 261 793 400 401 200 618 336 615 320 654 362 416 326 454 374
445 303 647 468 753 269 1099 511 344 323 431 403 1064 316 1279 462 0 9 349 536 656 260 794 399 397 198 616 336 615 320 654 362 416 326 454 375
445 302 648 466 752 267 1101 510 1065 315 1276 462 343 323 431 403 0 8 348 534 656 258 797 397 393 196 617 338 616 319 654 363
445 303 648 463 751 265 1107 508 1067 314 1272 460 343 322 431 402 0 4 343 533 655 256 800 396 393 195 619 338 631 322 663 368
446 303 649 459 749 264 1113 507 1070 312 1265 457 344 317 431 397 0 1 340 533 654 256 802 396 402 196 610 315 632 321 664 367
446 301 649 458 750 261 1118 506 343 317 431 396 1071 310 1260 455 0 2 341 535 655 257 800 396 404 194 608 315 633 320 664 366
752 259 1119 506 445 300 649 458 342 316 432 396 1073 310 1255 453 0 2 344 534 655 256 801 395 402 193 609 317 632 319 664 366
753 258 1122 505 444 299 649 457 341 316 432 394 0 1 341 534 1075 309 1251 450 656 256 802 394 403 190 609 318 632 318 664 366
755 256 1124 505 444 299 650 456 0 0 340 533 341 316 433 393 1078 308 1246 448 665 250 830 396 402 188 609 320 632 318 665 365
756 254 1126 506 444 298 650 455 0 0 340 533 342 315 434 392 1082 306 1241 447 665 249 831 396 407 187 608 321 634 319 666 363
444 297 651 455 758 252 1129 508 0 0 342 535 342 314 434 392 1085 306 1233 447 664 248 833 396 410 186 610 322
758 255 1131 507 442 297 652 455 0 0 340 537 341 314 433 392 1087 306 1226 445 664 247 832 395 412 185 611 322
757 258 1134 505 441 297 652 455 0 0 336 538 340 315 433 393 1087 305 1220 443 664 246 835 394 411 185 611 322
757 260 1137 504 441 297 652 456 0 0 334 539 340 316 432 393 1095 304 1210 442 664 248 834 394 408 186 610 322
757 260 1140 504 441 296 651 456 0 1 334 538 340 316 433 392 1096 305 1207 442 665 248 833 394 405 186 611 321
758 261 1144 505 441 296 651 456 0 2 336 538 340 316 433 391 1099 308 1203 443 666 248 832 395 402 187 611 320
760 261 1148 507 441 296 650 455 0 3 335 538 340 315 433 391 1102 310 1199 443 667 245 832 396 401 187 611 319
760 259 1155 507 441 297 651 454 0 4 335 538 341 315 432 391 666 242 835 396 399 186 611 320 1105 311 1197 441
762 258 1164 507 442 297 651 453 0 4 332 540 341 315 432 390 664 239 838 398 399 186 611 321 1117 324 1182 425
442 297 651 452 762 258 1174 506 0 3 330 542 340 315 432 390 402 186 611 320 663 238 840 399
441 296 650 452 764 261 1178 505 0 3 329 545 339 315 432 390 663 238 842 399 406 186 613 318
441 296 649 452 767 263 1178 505 0 3 329 547 338 316 432 391 663 238 845 400 412 186 613 317
432 299 644 450 770 263 1176 506 0 4 329 544 338 317 432 390 663 238 842 399 413 185 613 316
432 299 644 451 773 262 1173 506 0 6 329 543 339 317 432 390 663 238 841 398 416 184 611 315
431 299 645 453 774 261 1175 505 0 7 326 542 339 317 431 390 664 238 844 397 413 183 610 316 622 311 670 367
442 298 649 454 338 317 431 391 775 261 1177 505 0 7 327 545 665 237 847 398 414 183 611 317 622 312 671 367
443 299 648 456 338 317 431 391 774 261 1181 504 0 7 328 545 668 238 840 398 412 183 610 318 622 312 671 367
442 299 648 456 339 317 431 392 789 260 1192 505 0 8 331 544 668 236 832 399 411 182 611 319 629 315 670 368
442 299 648 458 788 260 1195 507 339 317 431 393 0 10 334 543 669 236 832 399 408 181 612 323 627 315 669 369
440 300 649 457 786 261 1197 509 339 317 431 393 0 9 335 542 669 235 836 399 408 181 614 324 627 315 670 368
784 263 1199 510 440 300 649 457 339 317 431 392 0 8 336 540 667 234 838 399 410 181 613 323 628 314 670 368
784 266 1202 511 429 302 646 457 340 317 431 393 0 6 338 539 666 234 837 400 628 313 669 367 410 181 613 321
784 270 1205 511 430 302 645 459 340 318 431 393 0 7 337 540 665 232 838 401 629 315 668 366 406 180 612 322
785 271 1208 512 430 303 645 459 340 318 431 394 0 8 334 541 666 233 835 401 628 317 667 365 403 180 612 323
787 269 1210 512 429 303 645 460 339 318 431 393 0 9 334 541 667 233 833 401 629 317 666 364 402 179 612 324
790 266 1212 513 429 303 646 460 339 318 431 394 0 10 335 541 668 234 833 401 397 178 614 325 629 317 667 363
428 303 646 460 793 264 1213 515 0 11 337 540 339 318 431 394 668 234 832 400 392 176 615 326 629 317 667 363
428 302 646 459 795 264 1215 516 340 317 430 394 0 10 335 541 669 233 829 399 391 176 615 327 630 317 667 363
798 262 1217 519 428 302 647 457 0 8 336 538 340 317 430 393 670 233 827 399 396 175 614 325 631 317 667 362 655 319 681 365
427 301 647 456 800 261 1220 521 340 316 429 392 0 8 337 537 671 233 827 400 399 174 613 323 655 318 682 365
427 301 647 454 801 258 1222 522 0 8 339 534 340 317 429 390 673 233 830 399 654 317 683 365 399 173 613 321 625 314 663 347
426 300 648 453 801 258 1225 521 0 9 339 534 340 317 429 389 675 233 831 399 397 173 613 321 654 316 683 365 624 313 663 348
426 300 648 453 802 255 1228 520 0 9 342 531 340 316 430 388 677 232 832 400 394 172 615 322 654 314 685 366 625 312 664 348
426 300 649 453 804 253 1232 521 0 10 343 531 340 314 430 387 678 230 831 401 390 170 616 321 654 311 686 367 626 310 665 348
426 300 648 453 807 250 1237 522 0 10 341 529 340 313 430 387 678 229 830 402 387 169 617 322 627 309 666 348 655 310 687 366
426 299 648 453 809 248 1240 522 0 7 336 528 340 313 430 386 678 230 829 401 386 169 616 321 627 309 666 347 655 311 687 365
426 299 647 454 811 248 1244 521 0 4 332 526 340 313 429 386 678 231 828 400 628 311 665 347 386 168 616 320 655 312 687 365
427 299 647 455 340 314 429 385 0 3 331 527 812 247 1248 522 678 232 826 400 628 312 665 346 655 313 687 364 385 168 617 319
427 298 646 457 340 314 428 385 814 248 1250 523 0 2 330 527 678 231 825 400 628 313 664 347 386 168 617 318 656 314 687 365
428 298 645 457 340 313 428 386 0 3 334 527 678 230 826 402 816 248 1251 525 386 169 617 319 627 312 664 348 656 314 687 365
427 298 644 457 680 229 829 403 341 313 428 387 819 248 1254 528 0 4 337 525 386 169 617 322 657 314 687 365 627 313 664 348
427 299 644 457 681 230 832 402 821 250 1260 529 342 314 428 387 0 5 340 524 657 315 688 366 387 169 616 324 626 313 664 349
426 298 644 458 681 231 834 402 822 250 1266 533 342 314 429 387 0 6 337 524 657 316 689 366 388 170 615 323
426 298 644 459 680 232 836 402 820 250 1272 535 343 314 430 387 0 7 337 525 657 316 689 367 388 169 616 323
427 297 642 461 680 232 837 403 820 249 1277 540 343 314 430 388 0 5 332 525 658 318 689 368 629 317 665 360
427 297 642 463 680 231 840 404 821 249 1279 541 344 314 430 388 0 4 333 525 658 318 689 369 629 317 666 361
428 296 642 463 823 249 1279 544 680 229 841 405 344 314 431 388 0 3 334 524 659 318 690 369 629 316 667 361
428 295 642 463 824 247 1279 544 681 228 841 406 345 314 431 387 0 4 339 522 659 317 690 369 630 317 668 361
427 295 642 462 829 246 1279 544 682 227 842 407 346 314 431 386 0 3 340 519 659 317 690 367 630 316 668 361
426 295 644 461 833 245 1279 545 682 226 845 407 0 0 340 518 346 313 430 385 660 316 691 366 631 316 668 360
426 296 644 459 838 244 1279 547 682 226 848 408 0 0 343 520 347 312 430 385 660 315 692 365 627 314 666 348
427 297 643 459 838 243 1279 551 683 226 849 409 0 0 345 521 346 311 430 385 659 315 692 366 627 314 666 348
427 296 643 457 842 240 1279 554 685 227 850 409 0 1 345 521 346 310 430 385 660 315 694 367
426 296 643 456 687 229 850 409 845 237 1279 556 0 2 345 522 346 309 430 385 660 314 695 367
426 295 644 456 689 230 852 409 848 234 1279 558 0 1 344 524 346 308 430 384 661 313 697 368
426 295 643 457 689 229 852 409 848 234 1279 558 0 0 346 525 346 308 430 384 661 313 697 368
426 296 643 460 848 236 1279 558 689 228 857 410 0 0 346 525 346 308 430 384 661 314 698 369
426 297 644 461 847 241 1279 556 691 227 859 410 0 0 348 524 347 308 430 385 663 315 699 369
426 297 644 465 850 243 1279 554 692 226 863 411 0 0 349 521 347 308 430 385 665 315 700 369
426 297 644 467 852 242 1279 555 693 226 863 412 0 0 351 519 348 307 430 386 660 315 707 372
426 298 645 469 858 242 1279 554 693 225 863 413 0 0 349 519 349 307 429 386 859 316 971 391 660 315 708 372
425 298 645 468 861 241 1279 557 693 225 862 414 0 0 348 518 349 307 429 386 860 315 974 392
425 298 646 468 865 241 1279 557 693 224 864 415 0 0 348 516 350 307 429 386 862 314 977 393 390 163 622 321
