

433 277 1090 525 84 333 227 477 1159 269 1279 411 313 305 548 443
430 278 1096 524 86 333 229 477 1159 270 1279 410 313 305 553 442
430 277 1097 524 90 333 231 475 1160 269 1279 410 313 306 557 442
433 277 1098 525 93 333 233 473 1161 269 1279 409 330 312 571 445
436 277 1099 526 95 333 237 473 1162 268 1279 408 332 312 571 445 2 355 51 487
437 277 1100 525 98 333 242 473 1163 269 1279 408 335 311 572 444 1 356 53 487
438 276 1102 525 102 334 248 473 1163 269 1279 408 340 310 573 445 0 343 65 499
437 277 1104 523 106 334 253 473 1163 269 1279 408 342 308 574 444 1 346 68 497
438 278 1107 521 110 333 256 472 1163 269 1279 408 345 306 577 444 1 349 71 495
439 280 1108 519 112 333 258 471 348 306 579 443 1164 268 1279 408 1 351 73 492
444 281 1105 517 114 333 260 469 352 305 581 441 1165 268 1279 407 1 354 75 491
449 281 1099 513 354 304 582 440 117 333 263 470 1167 269 1279 405 0 355 77 489
454 281 1096 509 353 303 584 439 1169 270 1279 404 131 333 273 471 0 355 82 489
484 279 1114 504 136 333 275 472 353 301 588 439 1170 269 1279 403 0 355 86 488
483 280 1115 501 139 333 278 470 354 300 591 438 1180 262 1279 402 0 354 88 488
485 280 1114 501 142 332 281 468 1181 259 1279 402 359 299 596 438 0 352 86 489
485 282 1117 500 144 331 284 466 1183 258 1279 402 359 298 601 437 0 337 96 471
488 282 1118 498 1184 256 1279 403 148 329 289 465 361 298 604 436 0 336 99 470
490 283 1117 494 152 329 294 463 1185 258 1279 402 361 299 606 434 0 336 101 471
491 282 1116 494 157 328 301 461 1187 259 1279 402 387 302 617 434 1 332 112 470
492 282 1117 496 160 328 307 460 1189 261 1279 403 390 301 619 433 0 334 114 469
495 282 1117 498 163 328 312 460 1191 262 1279 403 395 300 622 432 0 337 121 467 0 393 68 567
498 281 1118 498 166 328 315 461 1192 262 1279 404 398 300 626 432 0 338 125 468 0 393 71 566
500 282 1121 496 1193 263 1279 404 179 330 325 459 401 300 629 432 0 339 133 468 0 395 71 560
500 283 1124 494 185 332 326 459 1194 264 1279 405 404 300 633 432 0 340 139 468 0 397 71 557
503 283 1125 494 191 332 328 461 409 302 636 431 1195 268 1279 406 2 342 143 467 0 399 72 556
507 284 1121 496 194 331 330 463 413 302 639 431 1196 271 1279 407 4 342 145 466 0 400 74 559
515 284 1117 497 197 330 334 464 414 303 642 431 1197 274 1279 408 8 344 148 465 0 397 76 565
520 285 1116 497 201 331 339 463 1198 274 1279 409 414 303 644 432 13 345 152 465 0 394 80 569
524 285 1117 496 205 332 347 462 1200 274 1279 409 414 303 646 432 17 346 154 464 0 392 83 569
528 286 1119 493 208 332 352 461 1201 274 1279 409 417 303 647 432 19 345 155 465 0 393 84 567
533 288 1117 491 212 331 357 460 447 306 659 429 1203 275 1279 409 20 344 157 465 0 393 87 565
539 288 1116 489 217 329 359 458 446 306 665 426 1204 274 1279 408 19 344 160 465 0 391 90 564
543 288 1116 489 220 328 361 457 447 305 672 425 1205 273 1279 408 0 388 108 561 33 341 179 463
548 286 1113 491 231 329 371 453 449 304 673 425 1206 271 1279 408 35 342 181 463 0 386 109 562
550 285 1112 492 236 329 374 454 452 303 675 425 1211 287 1279 401 39 342 185 464 0 385 110 563
551 283 1110 492 240 329 377 454 448 293 676 413 1212 288 1279 400 43 342 188 463 0 386 111 564
551 283 1111 492 245 327 380 452 451 291 677 414 1214 287 1279 400 47 343 194 462 0 387 111 565
552 282 1111 492 248 326 385 451 453 290 679 414 1215 287 1279 399 51 345 199 460 0 388 112 566
554 280 1111 492 252 324 393 449 459 291 683 413 1217 285 1279 399 57 345 204 460 0 387 113 565
555 277 1111 490 256 323 400 448 460 290 689 411 1218 267 1279 394 64 344 207 460 0 388 113 563
557 273 1111 489 260 320 405 445 463 289 694 409 69 341 209 460 1220 268 1279 393 0 389 112 560
556 270 1114 487 265 319 407 444 463 288 697 408 1221 269 1279 392 72 339 212 459 0 389 112 559
554 269 1115 486 268 318 409 442 466 287 697 406 1222 270 1279 391 81 332 224 458 0 387 111 557
553 269 1116 485 282 317 417 441 479 288 719 404 82 332 228 458 1223 271 1279 390 0 386 110 555
554 270 1116 483 284 316 419 441 483 287 719 402 82 330 233 456 1224 271 1279 390 0 386 109 553
556 270 1115 483 286 316 422 440 487 288 721 400 85 327 237 453 1225 272 1279 389 0 385 109 552
560 269 1113 481 289 315 426 438 90 326 239 453 490 287 723 396 1226 284 1279 395 0 387 88 557
563 269 1111 480 292 313 429 435 94 325 243 453 492 286 725 393 1234 295 1279 387 0 387 88 553
566 270 1109 477 297 312 434 431 94 328 246 455 495 283 726 391 1235 294 1279 386 1 388 86 550
564 271 1108 474 301 311 440 429 92 328 252 454 499 281 726 391 1235 282 1279 379 1 388 85 548
564 271 1106 471 306 310 446 428 92 329 255 454 504 281 728 390 1236 282 1279 378 1 389 82 544
564 271 1103 470 309 309 450 428 94 329 258 453 510 283 730 390 1237 282 1279 378 2 367 81 527
565 271 1101 469 313 308 453 427 99 330 260 453 513 284 732 390 1238 282 1278 377 3 366 79 527
565 271 1102 468 316 307 455 426 102 332 263 453 1238 282 1278 377 515 284 732 389 3 366 78 527
564 270 1103 466 106 334 267 453 318 307 458 425 1239 281 1278 378 514 283 733 388 4 365 77 527
564 269 1100 464 107 335 272 452 333 307 466 426 1240 280 1278 378 513 281 733 388 3 366 73 528
563 267 1099 462 335 306 469 426 116 330 290 448 1241 281 1279 377 512 279 733 387 3 364 70 528
563 267 1099 461 337 306 472 426 118 332 291 447 1242 283 1279 375 516 278 734 387 2 365 68 527
558 266 1101 460 342 305 476 425 123 331 292 447 1243 283 1279 374 543 280 754 385
554 265 1101 459 129 329 296 447 345 304 479 423 1244 283 1279 373 543 280 756 383
552 264 1097 458 135 327 301 446 350 303 486 422 1244 282 1279 373 546 280 759 381
552 264 1093 456 139 325 305 444 351 295 492 418 1244 282 1279 372 550 279 760 379
550 264 1090 453 146 325 308 441 356 295 497 416 1244 281 1279 373 554 278 757 377
544 263 1090 451 360 296 501 414 153 325 313 439 1245 280 1279 373 577 281 734 351
538 263 1089 449 363 297 503 412 158 324 316 438 1246 277 1278 374 580 281 731 352
540 263 1085 449 162 324 318 438 366 298 505 412 1247 276 1278 374
541 263 1080 449 165 325 318 438 383 297 512 412 1248 274 1279 373
542 264 1075 451 173 323 334 435 386 296 511 414 1248 274 1279 373
540 264 1071 451 177 324 334 434 389 296 513 415 1248 273 1279 372 604 272 746 328
535 264 1070 451 391 296 518 414 180 323 341 433 1249 274 1279 372
531 264 1072 449 392 295 524 412 186 321 345 432 1249 276 1279 372
525 264 1076 447 395 294 528 409 192 320 349 431 1249 277 1279 372 995 270 1091 359 614 268 745 327
521 264 1079 446 200 318 351 428 399 294 532 407 1249 278 1279 371 992 266 1093 364 617 268 743 327
494 266 1063 452 206 318 353 427 404 294 536 407 1250 279 1279 370 989 264 1094 365
496 265 1060 451 210 317 358 425 409 292 542 407 1250 280 1279 367 987 264 1096 365
500 265 1054 450 214 316 362 424 412 291 546 405 1250 280 1279 365 983 259 1100 353
502 263 1051 448 217 314 365 422 414 289 549 403 1249 280 1279 362 981 259 1102 352
498 263 1050 447 222 312 379 420 417 287 550 401 1249 280 1279 360 980 259 1103 350 1040 178 1252 323
495 261 1037 441 227 311 377 420 429 291 548 394 980 259 1106 350 1249 279 1279 358 1044 176 1248 322
493 261 1022 435 232 311 380 420 431 291 561 393 967 254 1111 349 1248 278 1279 357 1046 175 1248 321
493 259 1007 430 237 309 385 421 436 292 563 392 966 255 1113 349 1248 277 1279 356 1049 175 1244 320
488 258 1006 430 241 308 391 421 441 291 564 392 966 255 1114 349 1248 277 1279 356 1051 176 1243 320
484 256 1000 429 246 309 394 419 966 256 1117 348 440 276 576 396 1247 278 1279 357 1055 177 1239 321
480 256 991 428 966 256 1118 349 251 309 397 417 450 277 566 380 1245 279 1279 358 1057 179 1240 321 600 249 648 308
477 256 981 426 967 256 1120 350 258 300 402 408 453 275 569 379 1243 280 1278 359 1059 179 1241 323 602 248 650 308
470 256 975 425 968 256 1121 350 260 299 403 407 454 274 571 374 1242 280 1278 359 1061 179 1242 322 603 247 651 309
461 257 971 424 967 255 1122 351 263 298 405 407 1239 279 1279 360 457 278 586 364 606 247 655 310 1063 178 1239 322
450 257 969 423 963 255 1124 351 265 297 408 407 1237 277 1279 361 458 279 587 358 608 247 659 311
443 257 966 422 961 254 1126 349 267 297 410 407 1226 266 1279 369 469 274 578 336 607 247 661 310
436 256 964 421 960 255 1129 348 268 299 410 407 1226 266 1279 368 471 274 579 334 1065 179 1234 320
399 256 963 425 956 254 1131 346 268 300 411 406 1224 265 1279 367 474 274 579 332 1064 180 1233 320
399 255 950 427 952 253 1133 345 281 294 416 408 1222 264 1279 365 1065 178 1233 319 477 273 578 329
398 256 936 429 946 249 1136 343 1217 247 1279 361 282 295 418 408 1066 177 1232 318
395 258 921 430 943 248 1138 342 1214 247 1279 359 282 296 420 407 1066 175 1233 317
384 262 909 429 942 248 1138 343 1210 246 1279 357 283 298 423 406 1065 173 1233 317
369 263 899 430 942 250 1139 344 1198 233 1279 357 283 299 430 404 1065 172 1232 317
354 265 890 432 943 250 1139 345 1195 235 1279 357 282 299 436 403
