

258 381 438 468 530 383 595 424 623 358 687 476 623 423 691 492 477 390 498 407 515 390 532 405
259 381 438 469 530 383 594 424 620 358 685 477 477 390 498 407 623 423 690 491 512 387 532 402
259 381 438 469 529 383 594 424 618 358 683 478 622 422 688 490 478 390 498 406 512 387 532 402
259 381 438 469 529 383 593 424 615 357 681 477 512 387 532 402 478 390 498 406 621 422 685 490
259 381 437 469 528 383 593 424 613 357 679 477 512 387 532 402 478 390 498 405 619 422 683 489
259 381 437 469 529 383 593 424 611 358 678 477 512 388 532 402 479 390 498 405
259 380 437 469 529 383 593 424 611 360 678 476 512 388 531 402 479 390 498 405
259 380 438 468 529 383 592 424 610 361 677 474 513 388 531 401 479 390 498 405
259 380 438 468 529 383 592 424 610 361 677 473 513 388 532 401 479 391 499 405
259 380 438 467 529 383 592 424 609 361 676 471 513 388 532 401 479 391 499 405
259 380 438 467 529 383 591 424 609 361 675 470 513 388 532 401
260 380 438 468 529 383 590 424 607 361 672 467 513 388 532 402 616 414 663 477 480 391 499 405
260 381 438 468 529 384 590 423 610 414 666 475 605 361 669 464 513 387 532 402 481 391 499 405
260 381 439 468 528 384 589 424 615 412 662 477 602 361 667 462 512 387 532 402 481 391 499 405
259 381 439 469 528 384 589 424 614 413 661 476 609 366 658 449 512 387 532 402 481 391 499 405
259 381 439 469 528 384 588 424 613 413 659 475 608 365 657 449 512 387 531 402 481 391 500 405
259 381 439 469 528 384 587 424 611 415 657 474 607 365 656 449 481 391 500 405 512 387 531 401
259 381 439 469 528 384 586 424 609 415 656 473 482 391 500 405 512 387 531 401 606 365 655 448
259 381 439 469 527 383 586 424 609 415 655 472 482 391 500 405 512 387 531 402 606 366 654 448
260 381 439 469 527 383 585 424 609 415 654 472 513 387 531 402 482 391 500 405 602 370 648 448
260 380 439 470 527 383 584 424 608 415 652 471 601 370 647 447 513 387 531 402 482 391 500 405
260 380 439 470 527 383 584 424 608 415 650 471 600 371 647 448 513 387 531 402 481 391 500 405
260 380 439 469 527 383 584 424 604 412 646 470 599 372 646 448 513 387 531 402 481 391 500 404
260 380 440 469 600 383 645 461 527 383 583 424 513 387 531 401 482 391 500 404
260 380 439 469 599 384 643 461 527 383 583 423 513 387 531 401 482 391 500 405
259 381 439 469 598 383 642 460 527 383 583 423 482 391 501 405 513 387 532 401 726 353 853 482
258 381 439 469 597 384 641 460 527 383 582 423 482 391 501 405 726 353 852 482 514 387 532 401
258 381 438 470 527 383 582 423 594 385 641 460 482 391 501 405 725 352 851 483 514 387 532 401
258 381 438 470 527 383 581 423 592 385 640 461 482 391 501 405 514 388 531 401 724 351 850 483
258 381 437 471 526 383 578 422 589 386 639 461 482 391 501 404 514 388 531 400
258 381 437 471 525 384 578 421 589 386 638 460 482 391 501 404 515 388 531 400
258 381 436 472 525 384 578 421 588 388 637 460 482 391 501 404 514 388 531 400
257 381 436 472 525 384 578 422 581 372 628 449 482 391 501 404 594 413 633 463 514 388 531 400 501 389 516 399
256 381 435 472 525 384 578 422 580 372 627 449 482 391 501 404 514 388 531 400 593 413 631 463 501 389 516 399
255 381 435 472 525 384 578 422 581 387 627 457 482 391 501 404 514 388 531 400 501 389 516 399
254 381 434 472 525 384 578 422 579 373 623 447 586 412 625 462 482 391 501 404 514 387 531 400 501 388 516 399 44 397 86 416
252 381 434 472 578 371 620 447 526 384 578 422 585 413 623 461 514 387 531 400 482 391 501 404 501 388 517 399 44 397 85 416
251 381 433 471 526 384 578 422 576 370 619 449 584 413 622 460 514 387 531 400 481 391 501 405 703 355 824 479 501 388 517 399 44 397 84 416
249 381 434 470 526 384 577 422 575 370 618 449 702 355 823 479 582 414 621 459 514 387 531 400 481 391 501 405 501 388 518 399 44 397 84 416
248 380 434 470 525 384 577 421 573 369 617 450 701 354 823 479 481 391 501 405 514 387 531 400 501 388 518 400 581 414 619 459
247 380 434 469 572 369 615 450 525 384 577 421 699 353 822 478 481 392 501 405 514 387 531 400 501 388 518 400
247 381 434 470 571 368 614 450 525 384 576 421 697 352 823 478 481 392 501 404 514 387 531 401 501 388 518 400
247 381 434 470 571 368 614 450 525 384 576 421 695 353 823 477 481 392 501 404 514 387 531 401 501 388 518 400
246 381 434 471 525 384 576 421 571 370 614 449 695 353 822 477 482 392 502 404 514 387 531 401 501 388 518 400
244 380 434 471 525 384 576 422 571 371 614 447 695 353 818 477 482 392 502 405 514 387 531 401 501 388 518 400
243 380 434 471 524 383 575 422 695 353 816 477 570 372 614 444 482 391 503 405 514 386 531 401 501 388 518 400
242 380 433 471 524 384 575 422 694 352 815 478 570 373 607 443 482 391 503 405 722 424 812 496 514 386 531 401 500 388 518 400
241 381 433 471 524 384 575 422 693 352 813 476 569 372 607 442 482 391 503 405 719 425 809 495
240 381 433 471 522 384 575 422 693 353 808 473 568 399 605 453 699 423 802 495 482 391 504 405
239 381 434 471 521 384 575 422 567 399 604 452 704 352 794 474 699 423 800 494 481 391 504 405
239 381 433 471 520 384 574 422 703 352 792 473 566 374 606 437 568 408 599 445 699 424 797 493 481 391 504 405
229 381 429 472 519 384 574 422 567 408 598 444 702 353 790 473 566 376 605 435 701 424 794 493 482 391 503 405 422 393 445 407
229 380 429 473 686 353 772 469 567 409 596 443 519 384 574 422 566 377 604 434 702 424 791 492 422 393 444 407 482 391 503 405
228 380 429 473 686 353 771 467 566 409 595 444 518 384 573 423 566 378 603 434 703 421 788 492 422 393 444 406
227 380 429 474 686 353 769 465 566 409 594 443 518 383 573 423 566 379 602 434 702 420 785 492
226 380 429 474 566 408 593 442 687 353 766 465 517 383 572 423 689 412 776 482 566 379 601 433 423 393 444 406
225 380 429 473 566 409 592 441 689 412 773 481 688 354 764 467 520 383 567 421 565 379 599 432 423 393 444 406
223 380 430 473 566 409 591 440 689 413 769 481 519 383 567 421 422 392 444 406 564 378 597 431 875 138 955 266 484 391 502 404
221 380 431 473 565 409 590 440 689 413 766 482 519 383 567 421 422 392 443 406 563 378 594 431 876 136 956 266 484 391 502 404
220 380 430 474 565 408 590 440 689 412 762 483 519 383 567 421 421 392 443 406 562 377 593 432
220 379 429 474 565 407 589 440 688 412 760 483 519 383 567 421 561 376 593 432 419 392 443 406
219 379 428 474 565 407 589 440 519 383 566 421 688 411 758 484 561 376 593 432 419 392 443 407 680 360 754 466 619 394 652 423
218 379 427 474 564 407 589 441 519 383 566 421 561 376 593 433 676 410 755 480 419 392 443 406 619 394 652 423
217 379 426 475 564 407 589 440 519 383 566 421 561 376 593 433 676 411 752 479 419 392 443 406 620 394 651 422
216 378 424 475 564 407 588 440 516 384 571 424 676 411 748 479 560 376 593 433 419 392 443 406 620 394 651 423
215 378 422 475 564 406 588 439 676 411 744 481 516 384 571 424 560 376 593 432 419 392 443 406 620 394 651 423
214 378 421 474 564 407 588 439 676 410 742 482 560 376 594 432 516 384 571 424 418 392 443 406 619 394 650 423
213 378 421 475 564 407 588 440 560 376 594 432 675 411 740 480 515 384 571 424 418 392 443 406 620 394 651 423
212 379 421 474 564 407 588 440 560 375 594 432 515 384 571 424 673 411 737 477 417 392 443 406 620 394 651 422
211 379 420 474 563 406 588 440 560 375 594 432 515 384 570 425 672 411 735 474 416 392 443 406 671 367 721 449 621 394 651 422
209 380 420 474 563 406 588 440 515 385 570 425 559 375 593 431 667 411 730 473 415 392 443 406 670 365 721 450 621 394 651 422
207 380 419 475 563 406 587 439 666 410 728 474 517 384 565 422 559 375 593 431 668 365 720 450 415 392 443 406 27 398 65 416
206 381 418 475 562 406 587 438 664 410 725 474 517 384 564 422 667 365 719 450 558 376 592 430 415 392 443 406 25 398 65 416
206 381 417 474 562 406 587 438 662 409 723 474 517 384 564 422 666 365 718 450 558 376 591 430 416 392 443 406 24 398 65 416 406 394 433 407
203 381 417 474 561 406 587 438 660 409 722 474 517 385 564 422 558 376 591 431 665 366 716 448 417 392 443 406 24 398 66 416 406 394 433 407
199 382 417 474 561 406 587 437 516 385 563 423 659 409 721 472 557 377 591 431 664 366 715 446 405 394 433 408 417 392 442 406 23 398 65 415
193 382 418 475 516 385 563 423 561 406 586 437 659 410 720 471 662 365 713 445 404 394 432 408 21 399 64 415 417 392 442 405 557 379 591 431
185 382 421 476 516 385 562 423 561 406 586 436 404 393 432 408 654 367 703 445 659 411 720 469 21 399 63 415 417 392 442 405
180 382 424 476 515 385 561 423 403 393 431 408 653 367 703 444 560 406 581 432 558 388 579 422 22 398 61 415 418 392 442 405
175 381 426 477 515 386 561 423 560 406 581 432 402 393 431 408 651 367 701 446 555 380 585 432
173 381 427 477 515 386 560 423 559 406 581 432 401 393 432 408 555 380 585 431 649 366 699 446 485 391 501 404
150 378 428 484 514 386 560 423 558 406 581 432 399 393 432 409 556 388 580 425 648 366 696 446 484 392 502 403
149 378 428 486 557 405 581 432 514 386 560 422 399 393 432 409 555 388 580 425 647 365 695 446 484 392 502 403
146 379 430 486 556 406 580 432 398 393 432 409 555 388 580 424 514 386 560 423 646 364 694 445
142 379 433 486 556 406 580 432 398 393 431 409 554 388 579 424 510 389 550 417 645 363 694 446
140 379 433 486 554 407 579 433 508 389 551 417 552 377 582 430 399 393 430 408 643 363 693 446 649 415 693 463
139 379 431 487 554 407 578 432 508 389 551 417 551 377 582 430 399 393 430 408
138 379 429 488 507 389 550 418 553 407 576 432 551 387 576 424 398 393 430 408 636 370 682 441 386 395 414 410
135 379 428 489 506 390 549 418 553 408 575 432 550 387 575 423 634 370 680 441 398 393 429 408 385 395 415 410
131 380 428 489 632 370 679 441 506 390 548 418 549 386 573 424 552 408 573 432 384 395 416 411 630 414 685 459
129 380 428 488 631 371 677 440 505 390 547 418 548 386 572 423 551 408 572 432 625 402 687 451 384 395 416 411
127 380 426 489 504 391 547 418 630 371 675 439 546 387 572 424 550 407 571 432 384 395 416 411 623 402 685 452
125 380 424 490 504 391 546 418 542 378 575 428 548 407 570 432 630 371 673 438 383 395 415 411 622 402 684 452
124 381 422 491 503 391 546 418 541 378 574 428 547 407 570 432 381 394 414 411 628 371 672 438
123 381 423 491 503 391 545 418 540 378 574 428 546 407 569 432 381 394 413 411 618 373 666 440 791 352 927 491
122 381 422 491 502 391 545 418 380 394 411 410 540 377 573 428 617 374 664 441 546 407 568 432 772 356 902 488
120 380 420 492 501 391 545 418 768 355 895 490 380 394 410 410 616 376 661 440 539 377 572 428 545 407 567 432
117 381 419 493 499 391 544 418 762 353 886 492 378 394 410 410 540 386 562 423 611 402 668 449
