

266 15 844 682 0 312 255 683 821 466 935 565 981 423 1277 650 184 413 284 557 966 440 1059 484
266 15 844 683 0 312 255 684 821 466 935 565 980 423 1277 650 184 414 283 557 966 440 1059 484
266 15 845 684 0 312 255 684 821 466 935 566 980 423 1277 650 184 414 283 557 966 440 1059 484
265 15 845 685 0 312 254 684 821 465 935 566 979 422 1276 651 184 414 283 557 966 440 1059 484
265 15 845 684 0 311 254 684 821 465 935 565 979 421 1276 651 185 414 283 558 966 440 1059 484
265 15 845 681 0 311 254 684 821 465 935 565 979 421 1276 652 185 414 283 557 966 440 1059 484
265 15 845 681 0 311 254 685 821 465 935 565 979 421 1276 653 185 414 283 558 966 440 1059 484
265 15 845 682 0 311 254 685 820 465 935 565 978 420 1276 654 184 413 283 558 966 440 1059 484
265 15 844 683 0 311 254 684 820 465 935 565 978 419 1275 655 184 414 282 557 966 440 1059 484
265 15 843 682 0 312 254 684 820 466 935 565 977 418 1275 655 184 414 282 557 966 440 1058 484
265 15 843 681 0 312 254 684 820 466 935 565 976 418 1275 654 184 414 281 557 966 440 1058 484
265 15 842 680 0 312 254 684 820 466 935 565 976 418 1275 654 184 414 281 557 966 440 1059 484
265 15 843 681 0 311 255 685 820 466 935 565 976 418 1275 653 184 414 281 557 966 440 1059 484
265 16 843 681 0 311 255 685 820 465 935 565 976 419 1275 652 184 414 282 557 966 440 1059 484
265 16 843 682 0 311 255 684 820 465 935 565 976 419 1275 652 966 440 1059 484 184 413 282 557
265 15 843 681 0 311 255 684 820 465 935 565 976 420 1276 652 184 414 282 556 965 440 1059 484
265 15 843 681 0 311 255 684 820 465 935 565 976 420 1276 652 953 441 1055 485 184 414 282 556
265 15 843 682 0 311 255 684 820 465 935 565 976 419 1276 652 953 441 1055 485 184 414 282 556
265 14 844 683 0 311 255 685 820 465 935 565 978 419 1276 651 953 441 1055 485 185 414 282 556
264 15 844 683 0 310 255 685 820 465 935 565 978 418 1277 651 953 441 1055 486 185 414 282 556
264 15 845 683 0 310 255 685 820 465 935 565 977 418 1277 652 953 441 1055 486 185 414 282 556
264 15 845 682 0 310 255 685 820 465 935 565 977 418 1277 652 953 441 1055 486 185 414 282 557
264 15 845 682 0 310 254 685 820 465 935 565 978 418 1277 651 953 441 1055 486 185 414 282 557
264 15 845 682 0 310 255 685 820 465 935 565 978 418 1278 650 966 440 1058 484 185 414 282 557
264 16 844 681 0 311 255 685 820 465 935 565 977 418 1277 651 966 441 1059 484 184 414 282 557
265 16 844 680 0 311 255 684 820 465 935 565 976 418 1277 652 183 414 282 557 965 441 1059 484
266 16 844 679 0 312 255 684 820 464 935 565 975 419 1277 653 183 414 282 558 965 441 1059 484
266 16 844 679 0 311 255 684 820 465 935 565 975 419 1278 652 183 414 282 558 965 441 1059 484
266 16 843 679 0 311 255 684 820 465 935 565 975 419 1278 652 183 414 282 558 965 441 1059 484
266 16 843 679 0 311 254 685 820 465 935 565 975 419 1278 652 183 413 282 558 953 441 1055 486
266 16 843 678 0 310 254 685 820 465 935 565 976 419 1279 651 184 413 282 558 965 441 1059 484
265 16 844 678 0 310 255 685 820 466 935 565 976 419 1279 651 184 413 282 558 966 441 1059 484
265 16 844 678 0 311 255 685 819 466 935 565 977 418 1279 651 184 413 282 558 966 441 1059 484
264 16 844 678 0 311 254 684 819 466 935 564 977 418 1279 652 184 413 282 558 966 441 1059 484
265 15 844 679 0 312 254 684 819 466 935 565 977 419 1279 652 183 414 282 559 966 441 1059 484
264 15 844 679 0 312 253 684 820 465 935 565 977 421 1279 653 183 414 282 559 965 441 1059 484
264 15 844 680 0 312 253 684 820 466 935 565 977 421 1278 653 183 414 282 560 966 441 1059 484 1087 433 1143 473
263 15 844 680 0 312 253 684 820 466 935 565 977 421 1278 653 184 415 283 560 966 441 1059 484 1087 433 1143 473
264 16 844 681 0 312 252 684 820 466 935 565 978 421 1277 653 184 415 285 561 966 441 1058 483 1087 433 1143 473
265 16 843 682 0 312 252 684 820 465 935 565 979 422 1278 652 184 415 286 561 967 441 1058 483 1087 432 1143 473
266 17 843 684 0 312 252 683 820 465 935 565 979 422 1278 652 967 441 1058 483 184 415 287 560 1086 432 1143 473
267 17 843 685 0 340 257 688 821 464 935 565 980 422 1278 651 967 441 1058 483 185 415 287 560
267 17 843 684 0 340 257 689 821 464 936 565 979 421 1278 650 966 441 1059 483 184 415 287 559
268 17 843 685 0 340 257 689 822 464 935 565 979 421 1278 650 953 442 1054 485 184 414 287 559
269 17 842 685 0 340 257 689 823 463 935 565 980 421 1278 650 953 442 1054 485 184 414 287 557
270 18 841 686 0 340 258 688 824 463 935 565 980 421 1278 651 953 442 1054 485 183 414 288 557 1081 429 1163 473
270 19 840 686 0 341 258 688 824 463 934 566 980 420 1278 651 184 414 288 557 953 442 1055 485 1081 429 1163 473
270 21 839 685 0 341 258 688 824 463 934 565 980 419 1278 651 184 414 289 557 952 442 1055 485 1080 429 1164 473
271 21 837 684 0 312 254 684 823 463 934 565 979 418 1277 650 184 414 291 557 952 442 1055 485 1080 429 1164 473
272 22 835 684 0 311 255 685 821 463 935 565 980 416 1276 650 184 414 292 557 952 442 1055 485 1079 429 1164 473
273 22 834 682 0 312 255 684 820 463 935 565 979 416 1276 650 183 414 293 557 952 442 1055 485 1079 429 1164 473
274 23 834 681 0 341 258 688 818 463 935 564 980 416 1275 650 183 414 293 556 952 442 1055 485
275 25 834 680 0 342 258 688 817 463 935 564 978 416 1276 651 183 415 294 557 952 442 1055 485 1079 429 1164 473
277 24 832 680 0 342 257 687 816 462 936 564 978 415 1276 653 184 415 295 557 952 442 1055 485 1079 428 1163 473
277 24 831 681 0 312 254 684 977 415 1277 655 821 439 931 562 184 416 295 558 952 442 1055 485 1079 428 1163 473
278 25 825 680 0 312 254 683 976 414 1277 656 819 439 931 562 184 416 295 558 952 442 1055 485 1079 429 1162 473
280 27 821 677 0 312 253 683 812 443 933 558 976 414 1278 656 184 416 295 558 952 442 1055 485 1080 429 1162 473
283 29 816 675 0 343 256 687 812 443 934 559 977 414 1278 656 184 415 296 557 952 442 1055 485 1080 429 1162 473
286 29 814 675 0 344 255 687 811 443 934 558 978 414 1277 655 183 414 297 557 952 442 1055 485 1080 429 1162 473
290 30 810 676 0 344 255 687 809 444 935 558 979 413 1277 654 174 416 302 548 952 441 1055 485 1079 429 1162 473
294 31 809 677 1 345 256 686 806 445 935 558 980 413 1276 653 174 415 304 547 952 441 1055 485 1079 428 1162 473
297 33 807 675 1 345 256 686 803 445 935 559 979 413 1276 653 174 415 305 547 951 441 1055 485 1079 428 1162 473
299 32 806 676 0 312 254 682 801 445 935 559 980 413 1276 652 185 415 318 544 951 441 1056 485 1080 428 1162 473
300 34 803 676 0 311 253 683 800 445 935 559 978 412 1276 651 185 415 318 544 951 441 1056 485 1080 429 1162 473
302 35 801 676 0 311 252 684 799 445 935 559 186 414 318 545 978 412 1276 650 951 441 1056 485 1080 429 1161 473
303 38 799 676 0 310 251 685 797 444 935 560 186 414 318 546 977 412 1276 650 951 441 1056 485 1080 429 1161 473
304 40 797 674 0 310 251 686 794 443 934 560 185 413 319 547 977 412 1277 650 951 441 1056 486 1080 429 1161 473
306 43 794 672 0 309 251 686 792 443 934 561 185 413 321 547 977 411 1277 652 952 441 1056 486 1080 429 1161 474
307 46 790 669 0 342 256 688 791 444 934 560 185 413 322 548 979 411 1276 653 952 441 1055 486 1080 429 1161 474
310 50 788 666 0 341 256 689 789 444 934 561 186 413 322 547 981 409 1275 654 952 441 1055 486
310 53 787 665 0 341 256 689 787 444 934 560 186 413 323 548 982 408 1275 655 952 441 1055 486
311 56 784 664 0 341 256 690 187 413 323 549 786 444 934 560 983 409 1276 655 953 441 1054 486 1080 429 1161 474
313 60 779 663 0 341 257 691 187 412 324 551 784 445 934 559 981 410 1276 655 953 441 1055 486 1080 429 1161 474
314 64 774 661 0 341 257 692 187 412 326 552 783 444 934 559 981 410 1275 654 953 441 1055 486 1080 429 1161 474
315 67 771 658 0 340 257 693 186 412 328 554 780 443 934 560 980 410 1276 654 952 441 1055 486 1080 429 1161 474
316 70 769 654 0 340 257 694 185 412 331 555 778 442 935 560 980 410 1276 653 952 441 1055 486 1080 429 1161 474
317 73 767 651 0 338 257 696 184 411 334 556 774 442 934 560 981 412 1277 652 952 441 1055 486 1080 429 1161 474
318 75 765 648 0 337 257 696 183 410 337 556 770 442 934 559 982 413 1277 651 952 441 1055 487
319 77 764 646 0 337 257 696 182 409 338 557 767 442 934 560 983 413 1277 650 952 441 1055 487
319 79 764 644 0 337 256 695 182 409 339 557 764 441 934 560 983 413 1278 651 952 441 1055 487
320 81 764 642 0 338 256 694 182 409 339 558 761 441 935 560 983 411 1279 652 952 441 1055 487
321 84 762 641 0 338 255 694 181 409 340 559 757 441 935 560 984 413 1278 651 952 441 1055 487
323 85 761 640 0 338 255 693 181 409 339 559 755 441 936 560 984 414 1278 651 951 441 1055 487 1078 434 1124 473
325 88 758 638 0 339 255 692 181 409 341 558 753 441 936 560 985 414 1278 651 951 441 1055 487 1078 435 1123 472
326 91 756 635 0 339 254 691 181 408 342 558 750 440 937 561 984 414 1279 651 950 441 1055 488
327 95 754 632 0 311 253 687 181 408 344 558 984 414 1279 650 747 440 939 560 949 441 1055 489
327 98 753 629 0 311 253 687 181 407 344 558 985 415 1279 649 742 440 941 560 948 442 1056 489 1072 426 1125 504
329 103 752 626 0 311 253 687 181 407 345 559 987 416 1278 649 739 442 944 558 948 443 1054 491
330 107 752 622 0 311 252 687 182 407 347 559 991 416 1278 650 736 442 947 558 1044 427 1092 507 949 444 1051 493
331 112 752 620 0 312 251 687 181 408 349 560 995 416 1277 651 734 443 949 558 1027 431 1075 511 952 444 1046 493
333 115 751 619 0 344 252 686 180 408 351 561 997 415 1277 651 733 442 950 558 1022 428 1068 510 1079 429 1158 473 954 443 1042 494
336 120 752 618 0 345 250 686 179 408 353 562 997 416 1278 650 731 442 951 559 1079 430 1159 473 1018 430 1063 510
338 124 751 618 0 346 248 685 177 408 355 563 997 416 1279 648 730 442 952 559 996 431 1047 515 1079 429 1159 474
339 128 750 617 0 312 245 686 176 408 357 563 996 416 1279 647 729 442 953 558 1079 429 1159 474 994 433 1044 510 718 342 870 457 972 434 1023 515
340 132 747 617 0 311 243 687 176 408 358 563 993 414 1279 649 730 442 953 557 1079 429 1159 474 968 447 1024 538 716 342 872 456
340 135 746 616 0 342 243 689 176 408 360 564 990 415 1279 650 729 443 956 556 1080 430 1159 474
339 139 744 615 0 340 242 692 175 407 362 564 990 416 1279 650 728 443 959 555 1080 430 1160 474 948 442 999 539 711 341 851 450
339 141 742 613 0 340 241 692 175 407 364 564 992 418 1279 651 944 439 995 539 726 443 964 555 1080 430 1160 474 976 441 1058 485 710 340 851 449
