

193 312 383 449 720 317 913 430 460 303 735 501 885 339 1111 489 407 317 446 347
182 311 380 453 721 316 918 432 459 305 736 499 886 338 1116 489 407 317 446 347
168 311 373 456 723 316 922 434 459 304 735 498 883 335 1126 492 406 317 445 347
149 311 372 461 725 315 924 435 459 306 732 522 889 334 1135 493 405 316 445 348
726 315 926 436 463 305 729 525 119 313 359 467 893 335 1143 495 404 316 445 348
105 311 354 473 726 314 931 437 464 303 727 527 956 333 1154 497 405 316 445 348
86 310 346 480 733 318 959 440 449 299 719 532 955 336 1160 498 406 317 444 348
735 318 959 442 450 300 717 531 67 304 358 491 941 336 1168 501 407 317 444 348
736 318 959 443 451 300 716 531 44 306 319 493 934 335 1177 504 407 317 444 348
737 319 958 443 451 300 715 530 31 304 308 500 929 333 1187 508 407 317 445 348
3 313 312 518 740 318 958 445 451 300 715 531 937 335 1194 511 408 316 445 347
0 306 292 534 746 317 963 447 451 300 714 531 992 338 1215 516 408 316 445 346 393 323 433 353
0 300 268 554 750 317 970 449 452 300 713 532 981 341 1225 521 407 316 444 346 392 321 434 352
753 316 980 451 452 302 714 530 0 295 246 577 1061 348 1246 532 954 348 1153 513 407 316 444 346 391 321 434 352 240 315 273 395
2 276 232 597 451 302 716 528 753 316 986 453 235 316 270 397 1064 347 1257 537 959 351 1141 514 406 315 444 345 391 321 434 352
450 303 716 527 753 315 994 455 231 316 269 397 0 279 184 589 966 355 1140 516 1063 345 1266 542 407 315 444 345 391 321 433 352
448 303 718 527 751 314 1003 456 1 280 164 581 230 315 267 395 974 356 1143 519 406 314 444 344 1053 343 1268 543 721 333 775 407
767 312 1024 462 448 304 718 527 3 276 134 583 222 316 259 393 995 351 1222 534 406 314 444 344 724 334 776 406
772 312 1027 462 448 304 718 528 220 316 257 393 1002 352 1216 536 406 314 445 344 3 266 117 593 725 334 777 405
779 315 1033 463 449 302 716 530 217 317 255 393 1020 348 1261 567 392 315 435 349
449 302 714 532 784 319 1042 466 215 319 252 393 392 315 435 349 1029 372 1268 565 411 315 443 344
450 302 712 533 784 321 1053 469 1037 373 1269 566 392 316 435 349 211 319 251 393 205 314 226 384 245 320 262 365 413 316 443 343
448 302 712 535 781 320 1063 469 1045 377 1268 568 392 316 435 350 202 314 224 386 209 319 250 393 244 319 261 365
448 302 712 536 768 313 1083 490 1055 380 1275 575 391 316 434 350 197 315 221 385 207 318 249 392 243 319 260 363
447 302 714 537 772 312 1094 490 1066 385 1275 580 392 316 434 349 194 317 230 393
447 302 715 539 778 312 1105 491 1097 384 1279 589 391 316 433 349 192 317 227 393 225 319 248 370
445 300 716 542 785 311 1117 493 1106 389 1279 591 391 316 433 349 191 317 226 393 225 318 246 369 691 330 711 369 715 330 733 362 250 312 265 349
445 297 715 546 789 311 1133 495 390 316 433 350 1119 395 1278 589 224 317 246 369 197 317 221 379 691 329 711 369
445 295 714 548 788 314 1151 517 390 316 432 350 1156 396 1279 593 223 317 244 369 191 315 226 393 178 312 205 395 764 331 785 361
445 296 714 548 790 314 1162 519 390 316 432 350 1166 432 1279 604 222 317 242 369 191 314 225 393 765 331 786 361 773 353 825 431 173 312 203 395
445 298 714 547 805 307 1180 526 390 317 431 349 221 317 241 369 1193 438 1277 596 190 314 223 394 765 331 787 361 169 313 200 396 714 329 734 359 691 330 711 365
811 308 1187 530 442 299 717 547 221 316 239 369 390 317 431 349 195 315 218 374 690 329 711 366 1200 441 1277 599 765 331 787 361 715 328 735 360 168 312 199 395
819 308 1201 535 442 298 717 548 219 315 238 370 389 317 430 349 188 311 220 394 691 329 711 365 169 311 200 395 765 332 788 362 715 329 735 361
828 311 1216 539 442 298 718 549 218 315 237 372 388 316 430 350 692 329 711 365 187 312 219 394 791 355 847 440 170 311 201 396 715 329 735 362 766 333 790 363
832 311 1230 542 443 299 717 549 387 316 430 350 217 314 236 372 692 329 712 364 170 311 201 397 792 356 848 439 715 329 734 362 153 312 179 395 186 312 220 393 247 312 263 349 457 235 595 357 767 334 791 365
840 311 1242 548 441 300 718 547 387 316 430 349 169 310 201 398 148 312 176 397 217 314 235 371 693 327 712 365 794 356 849 438 246 312 262 351 201 317 222 372 716 328 734 360 766 332 792 365
845 309 1253 555 438 301 718 546 169 309 202 400 387 317 430 349 143 312 172 397 205 315 224 372 693 327 713 366 244 311 261 351 796 356 851 437 218 314 235 368 659 318 685 362 766 332 791 365
850 308 1265 562 437 302 720 546 168 309 203 401 388 317 430 348 207 314 226 372 140 311 169 398 244 311 260 351 693 327 713 366 660 317 686 362 798 355 852 438
854 309 1272 566 439 301 719 548 166 309 201 402 387 317 429 348 205 315 225 372 243 311 260 350 662 318 686 362 694 328 714 365 800 350 894 445 142 310 171 399 715 330 734 363
858 311 1275 571 438 301 721 548 163 310 200 402 387 317 428 349 202 315 223 372 802 354 893 442 662 318 686 361 243 312 260 349 695 329 714 364 714 331 733 363 783 329 811 362
437 301 721 548 864 314 1277 577 385 316 427 349 160 310 198 402 199 316 221 372 804 356 892 439 662 318 687 360 713 331 734 364 243 312 259 348 782 330 811 362
435 301 721 548 868 314 1279 583 384 315 428 349 160 311 196 401 198 316 219 372 805 358 892 439 661 317 687 361 714 331 734 365 782 331 810 363
435 299 721 547 868 313 1279 585 384 314 428 348 160 310 196 400 197 315 217 371 805 356 894 439 119 312 148 397 662 316 687 360 714 330 734 367 769 333 825 418 144 310 174 398
436 300 721 545 869 314 1279 585 385 314 427 347 194 314 215 371 120 310 150 397 146 310 177 399 159 311 196 395 820 356 919 443
436 301 722 544 871 317 1279 584 385 314 425 346 122 307 151 396 191 314 213 371 100 309 129 398 148 309 180 400 823 357 919 443
437 303 722 544 901 319 1279 590 96 308 125 399 385 315 424 346 147 309 181 399 120 307 150 395 190 314 212 370 715 329 735 368 763 357 844 425
436 302 723 544 909 319 1277 588 385 315 423 346 145 309 178 397 92 309 122 399 119 308 148 396 190 317 211 369 766 357 845 426 715 329 735 369
436 302 722 546 920 315 1272 590 385 315 423 346 141 310 175 396 96 310 123 399 857 330 959 467 714 330 735 369 116 310 147 396 766 357 845 427
435 301 722 547 933 308 1269 593 385 314 423 347 139 311 173 396 99 310 126 400 78 308 106 399 713 331 735 368 858 331 959 468
433 302 723 546 948 304 1267 600 74 309 102 402 384 314 425 347 135 312 171 397 103 312 128 399 713 331 735 368 176 318 202 371 223 309 237 350 781 354 868 431 790 326 821 364
433 302 724 546 956 303 1267 602 382 313 426 347 133 311 170 398 71 310 99 403 712 330 736 367 98 311 125 399 782 355 869 432 176 318 201 371 790 325 822 365 222 309 238 351
433 303 724 546 963 304 1266 599 380 313 428 348 713 330 735 367 93 312 121 399 785 356 871 432 71 310 99 403 131 311 174 390 792 327 821 366
434 303 722 548 968 302 1265 595 380 313 428 348 713 329 735 367 75 308 102 404 787 356 873 434 122 311 161 394 115 313 202 370 88 311 117 398 55 307 82 405
434 302 721 550 975 303 1264 591 379 312 428 349 713 329 734 368 115 313 200 367 76 308 104 404 933 347 1088 498 52 307 78 407 119 321 154 415 799 351 891 437
434 299 721 552 979 308 1265 590 713 329 734 369 379 312 428 349 73 308 103 405 49 313 76 413 115 320 150 416 936 349 1092 502 113 313 199 366 799 351 893 438 905 347 1007 499
435 297 720 552 981 318 1267 586 379 312 427 349 713 329 734 370 48 314 77 414 799 351 896 439 67 315 98 413 935 350 1095 505 112 319 147 417 901 346 1005 495 738 330 751 363
436 297 719 550 986 325 1267 584 379 312 427 348 713 329 734 371 965 344 1132 518 49 314 79 415 799 353 901 440 888 351 1034 487 93 313 186 370 110 319 144 418 739 329 753 363
437 298 719 549 1040 314 1267 624 972 347 1134 528 379 312 426 348 714 329 734 370 801 352 905 441 49 315 82 414 890 352 1036 486 92 313 184 370 22 304 54 408 740 329 755 363
436 300 721 548 1054 319 1269 618 977 350 1140 532 379 312 425 348 45 314 78 414 714 330 735 370 91 313 184 371 892 354 1037 485 803 351 905 442 18 306 51 408 97 321 140 415 741 330 757 363 204 308 222 354
434 301 724 548 1066 332 1274 612 379 312 424 348 88 313 183 371 975 354 1145 531 94 315 135 417 19 310 53 417 815 350 926 445 715 331 736 368 742 330 759 364 894 356 1040 485 40 314 72 414
432 303 727 549 1094 345 1278 614 379 313 424 348 85 313 184 371 90 313 130 418 20 308 52 420 815 351 929 447 963 355 1151 526 744 331 761 365
432 303 728 549 21 307 52 421 923 357 1096 502 87 313 125 418 1108 360 1275 612 379 313 424 348 83 313 182 370 815 353 933 449 1021 381 1173 556 0 303 25 426 744 331 761 366
433 303 728 549 85 316 123 418 17 307 49 422 926 356 1094 502 379 312 424 347 1028 378 1177 560 84 313 180 370 817 353 933 449 1117 392 1279 599 0 306 25 424 717 330 738 373
434 303 726 549 378 312 424 346 934 356 1090 501 0 307 28 422 85 312 178 368 1144 384 1279 605 1044 373 1174 570 82 318 121 419 718 330 740 373 834 339 978 459 14 311 45 418
435 303 725 549 377 312 424 346 0 309 29 422 72 316 112 421 941 357 1091 502 84 312 176 368 836 339 982 461 718 331 740 371 1059 374 1245 583 744 330 763 367
436 304 724 549 69 317 109 421 376 312 424 347 0 309 28 423 1071 372 1242 583 839 339 986 465 64 314 166 369 946 358 1094 505 719 332 742 372 745 330 764 367
436 305 726 548 67 318 106 421 840 338 989 466 1073 373 1245 581 376 311 424 347 65 313 164 368 0 310 21 427 965 356 1134 514 719 332 743 372 745 329 764 367
437 305 726 548 841 337 996 467 63 317 102 421 376 311 423 346 1067 372 1252 577 65 312 162 368 721 332 743 373 970 353 1137 519 0 308 16 429
436 304 727 550 839 336 1001 468 1061 372 1258 575 376 310 423 345 65 310 162 369 59 317 98 418 721 330 743 373 977 349 1138 523 197 309 215 353
437 303 727 552 847 352 1003 474 377 310 423 346 64 309 162 371 1059 372 1267 573 722 329 744 373 984 347 1143 526 51 305 89 401
435 304 729 551 846 352 1002 474 64 309 161 371 48 305 88 401 377 309 423 345 1001 346 1203 542 1110 378 1275 578 721 329 744 373
435 303 729 552 1010 345 1196 544 872 351 1025 479 63 309 161 369 44 303 84 401 376 309 423 345 1111 376 1277 574 735 331 757 372
434 304 731 551 873 352 1029 480 1020 343 1196 546 62 310 161 367 365 311 414 348 38 308 82 422 734 331 757 374 180 306 198 353 1119 380 1279 571
434 304 732 552 872 353 1036 483 364 311 415 349 1030 346 1195 546 58 311 163 366 732 329 757 377 33 309 80 422 179 305 198 354 1123 383 1279 569
433 306 733 550 870 350 1042 486 363 310 416 349 1042 340 1257 561 29 311 79 422 730 328 757 378 179 304 198 354 56 310 163 367
435 307 732 549 871 348 1050 488 362 310 418 349 1053 364 1275 571 730 328 757 379 53 309 162 368 178 303 197 354 20 309 68 427
435 308 732 549 872 345 1054 491 17 305 62 428 1068 333 1265 568 362 310 417 349 731 329 758 378 51 307 159 370 178 303 195 351
435 307 733 550 1093 349 1279 586 14 304 56 427 877 347 1060 493 361 309 417 349 732 330 758 379 40 308 141 372 178 303 193 349
433 307 735 551 1102 348 1279 588 880 349 1063 495 362 309 416 349 10 303 52 427 38 307 140 373 732 329 759 379
432 307 736 549 1115 347 1279 594 874 349 1071 499 33 306 143 372 361 309 417 349 732 328 759 378 7 304 50 427
433 306 735 549 1126 346 1279 603 907 349 1089 507 30 306 142 372 361 309 416 349 732 326 759 379 176 302 192 345 3 306 36 430
434 305 736 549 1155 369 1279 595 28 305 142 373 910 347 1099 510 360 309 416 349 1 304 35 430 734 326 759 377 175 303 191 345
448 303 746 546 1159 375 1279 596 915 346 1109 515 27 305 138 373 360 308 416 348 0 303 33 431 735 325 759 376 174 303 191 345 92 318 121 382
448 304 747 545 920 346 1119 518 360 308 416 347 22 306 144 373 1160 385 1279 595 737 325 760 375 172 303 190 346 0 305 29 429
447 305 748 544 360 308 415 346 17 308 148 372 738 324 762 375 949 348 1135 521 171 303 189 347 813 339 981 450 716 319 733 369 1159 399 1279 591
447 303 747 545 949 346 1145 525 362 307 414 345 738 323 763 376 12 307 153 371 813 343 979 450 170 302 187 346 417 306 440 327 717 323 734 369
449 300 746 548 951 342 1156 530 362 306 413 343 8 304 119 374 738 323 763 374 813 345 979 451 417 305 440 327 157 299 174 347
450 298 745 551 958 345 1168 537 361 305 412 342 5 303 122 374 817 347 978 451 738 323 764 374 156 297 174 348 74 317 102 379
450 298 744 551 965 347 1178 542 1 300 133 363 359 304 412 340 824 347 980 450 155 295 175 348 739 324 765 373 71 316 99 378
450 296 745 552 0 299 134 364 992 349 1190 544 358 302 412 339 830 345 983 449 153 293 175 349 740 323 765 373 69 314 96 377
449 294 747 552 1 297 132 363 991 345 1203 551 357 301 412 339 153 291 175 348 833 343 987 451 68 312 94 377 741 321 766 372
449 295 749 551 2 296 131 361 356 300 411 338 998 369 1212 563 152 289 173 347 66 309 92 377 836 342 994 452
451 296 749 551 3 295 128 359 355 299 412 337 1010 374 1218 567 151 288 170 344 839 343 1000 454 477 297 517 336
452 296 749 551 4 295 126 359 353 298 413 336 149 287 168 343 844 344 1006 454 476 295 519 335 58 312 82 377 1022 378 1220 568
455 297 747 551 5 295 124 357 352 297 414 336 847 345 1008 453 1046 343 1256 610 56 312 80 378 477 294 519 336 149 288 168 341
456 298 745 552 5 295 122 355 352 298 413 337 1056 343 1267 612 859 342 1024 458 478 293 519 338 52 313 75 378 147 287 167 343
458 300 743 551 4 295 119 355 352 298 412 337 1064 346 1275 612 862 341 1025 459 476 291 524 351 48 314 72 378 146 288 165 344
458 300 743 551 3 295 117 355 351 299 410 337 1093 351 1279 603 864 341 1026 463 476 291 527 352 44 315 68 379 143 289 163 347
