

189 289 286 348 0 548 1272 705 637 223 652 262 615 299 632 334 629 221 644 262 495 297 511 308
189 288 286 348 637 221 653 262 0 552 1265 708
191 288 287 348 638 221 653 262
192 287 287 349 639 221 654 261
194 287 287 349 640 219 656 261
195 287 287 349 642 219 657 261 476 301 489 310
196 288 287 349 621 301 640 336 643 218 659 262 476 301 491 311
196 289 288 349 622 301 642 336 644 218 660 262 477 300 492 311
197 289 288 349 624 300 642 337 646 217 662 263 477 300 492 311
198 289 288 349 625 299 643 337 647 216 664 263 5 548 1251 703
200 290 288 348 649 215 667 263 16 548 1246 704 626 300 644 337
204 291 291 346 9 547 1254 704 651 216 668 264
204 292 291 345 0 545 1263 705 421 293 446 315 659 209 677 257
205 292 292 345 0 545 1268 705 419 293 446 316 660 207 679 257 634 301 654 342
205 292 292 345 0 544 1272 706 662 206 681 256 634 302 656 342
206 293 292 345 665 205 684 256 0 544 1275 705 637 304 660 342
206 293 294 345 667 204 686 256 638 304 663 342 0 545 1275 704
208 293 295 345 671 203 690 255 641 303 665 342 0 547 1277 703
210 293 296 345 642 302 666 343 673 202 692 254 417 293 443 316 0 550 1269 704 496 299 515 313
212 291 297 345 645 303 667 342 0 554 1273 705 676 199 695 252 496 299 514 312
214 290 298 345 647 303 670 341 685 196 706 253 0 557 1269 705 497 299 513 311 477 301 490 311
217 289 299 346 687 192 709 253 650 303 671 340 477 301 490 311 0 559 1274 705 497 298 512 311
218 289 299 346 689 189 711 253 419 292 445 314 655 305 681 342 477 301 491 311 0 557 1267 704 497 298 512 311 514 296 528 317
219 289 301 346 656 305 683 344 693 189 715 252 418 292 444 314 477 301 492 311 496 298 512 310 0 557 1277 706
220 288 302 346 658 304 684 344 418 292 444 313 477 300 492 311 697 186 718 250 0 555 1278 707
221 287 303 345 661 304 687 345 417 292 443 313 0 554 1279 708 477 300 491 311 708 184 730 252
222 287 303 345 662 305 689 345 417 293 443 313 0 553 1278 705 711 184 732 251 476 299 490 310
224 287 303 345 666 304 693 345 418 292 443 312 0 555 1279 705 476 299 489 310 715 178 735 235
227 286 304 345 669 304 696 346 418 291 442 311 0 556 1279 705 514 293 529 316 719 174 741 237
228 285 305 344 515 292 530 317 678 305 707 345 0 562 1279 706
228 284 306 344 678 305 709 346 515 294 529 315 733 171 754 239
228 285 307 344 681 306 712 346 737 171 759 239
228 285 307 344 684 306 716 346 742 170 765 239 688 282 715 325
229 285 307 344 688 307 720 346 693 282 717 323 741 166 776 243
230 286 307 344 691 306 722 348 514 296 534 313 478 299 490 309 757 170 781 237
235 288 307 339 418 292 443 313 514 295 534 314 478 300 491 310 763 169 788 237
236 288 308 339 417 292 443 314 701 318 735 362 478 300 490 310
236 288 308 339 704 318 738 363 698 283 740 356 417 291 443 313 478 299 490 310
237 287 308 340 706 318 742 363 517 294 532 316 710 280 739 324 478 299 489 309 784 154 819 239
239 286 308 339 709 320 747 365 518 294 533 315 22 545 1065 709 477 298 488 308
239 286 308 338 712 321 750 366 518 293 534 315 13 545 1072 709
240 286 308 338 716 322 752 367 7 545 1067 710 476 298 487 307
241 286 308 338 726 322 762 367 0 545 1064 710 721 283 763 359 734 279 760 324
242 287 310 341 728 324 769 370 725 283 768 360 0 544 1068 709
242 288 312 342 732 325 775 372 730 284 773 361 0 546 1086 707
243 289 314 343 734 285 778 363
245 288 315 343 737 288 780 365 479 301 491 311 749 327 784 374
246 287 317 343 747 283 790 365 516 295 537 315 751 326 790 375
248 286 318 343 752 284 796 367
249 286 319 342 757 285 802 367 760 325 798 376
249 286 320 342 761 287 806 367 0 548 1270 708
250 285 320 341 772 282 820 368 0 547 1279 705
252 285 321 340 778 311 828 382 0 545 1279 704
255 284 323 333 0 546 1279 704 784 310 832 382
256 284 322 333 798 274 844 370 0 547 1279 705
256 284 323 333 799 311 853 387 0 549 1279 704
255 284 324 332 820 270 869 372
255 285 324 332 822 273 876 375 820 331 877 396
254 285 324 332 827 276 879 373 827 331 882 398 0 552 1260 699
254 285 325 339 843 274 900 378 840 330 901 403 0 550 1273 699
256 286 327 340 0 550 1279 700 847 328 906 405 848 276 906 377
257 287 328 341 857 330 931 408 866 271 926 382 0 547 1279 702
258 287 328 340 862 331 939 409 0 547 1279 703 871 274 932 382
261 289 324 337 875 277 958 402 0 548 1279 702
0 549 1279 703 261 289 324 336 898 332 984 416 884 277 969 405 477 301 491 312
903 329 989 421 263 284 324 333 0 548 1279 705 477 301 490 311
268 284 327 333 915 273 1004 409 0 546 1279 706 476 301 489 310
269 285 328 333 0 548 1279 705 926 276 1017 411 477 301 490 311 492 300 506 310
269 285 328 332 952 275 1046 413 0 551 1279 704 478 301 491 311 492 300 506 310
269 285 328 332 963 275 1063 414 479 301 492 310 491 299 506 309 0 554 1279 704
269 286 328 331 972 272 1075 417 491 299 507 309 479 301 492 310 0 557 1279 704
270 286 328 331 998 266 1104 418 490 298 508 309 478 300 492 310 0 558 1279 704
270 286 329 331 1014 268 1117 420 989 323 1140 456 490 298 508 309
271 285 329 332 1049 265 1154 420 1021 325 1175 462 491 298 507 309 477 300 490 309
272 285 330 332 1031 328 1192 469 1060 264 1167 426 546 304 560 326 492 298 507 309 477 300 489 309
272 285 330 333 545 304 561 327 1099 262 1200 429 493 299 507 308 1028 323 1213 467 476 300 489 309 0 557 1279 704
273 285 330 333 545 305 562 327 493 299 507 309 1109 263 1216 428 1075 318 1247 473 476 300 488 309
274 286 331 332 1149 263 1254 432 546 305 563 327 1115 338 1273 495 493 299 507 309 476 300 488 309 0 554 1279 705
274 286 332 331 1157 262 1268 434 1129 335 1279 498 547 304 563 327 493 298 507 308 477 299 488 307 0 553 1279 704
274 285 334 328 494 295 507 305 1169 259 1275 434 1166 338 1273 500
274 282 335 326 495 293 507 303
274 281 333 321
274 280 334 320 495 291 508 301
275 280 335 319 494 289 507 300
276 279 335 319 495 290 508 301
277 281 335 320 495 291 508 301
278 282 335 321 496 292 509 302
280 283 335 324 496 292 509 303 0 551 1261 705
281 284 334 325 5 550 1256 706
283 284 335 326 5 549 1253 704 497 296 510 305
285 286 335 326 0 550 1268 704 560 306 578 328 497 298 510 307
0 547 1275 707 287 297 339 335
285 301 343 342 562 308 580 341 0 544 1279 711
286 308 342 347 0 542 1279 712 564 310 581 345 343 307 379 328 497 316 509 325
287 310 344 349 0 544 1279 711 566 329 581 351 564 310 583 347 342 308 379 330
288 308 343 350 0 546 1279 709 567 329 583 352 565 311 583 346 496 318 510 327 343 308 379 330
289 305 343 347 567 328 584 351 0 551 1279 706 565 310 584 345 495 314 509 324
289 300 343 344 565 308 584 342 0 556 1267 703 494 310 508 320 568 328 585 349
