

719 218 806 368 479 177 675 584 739 311 809 421 498 434 665 633
725 219 812 372 484 177 678 584 743 313 811 421 496 410 666 669
731 218 814 376 486 171 679 591 746 316 810 418 518 433 676 638 625 234 680 311
735 219 817 378 509 185 684 493 514 417 683 663 749 319 810 417 627 231 684 311 686 434 1241 705
738 219 818 378 511 187 685 492 515 417 686 666 750 315 832 424 761 447 1256 702 628 229 687 311
739 221 820 378 509 176 691 588 517 415 688 668 751 316 833 424
740 221 821 380 509 171 693 589 752 315 834 423 521 413 691 667 772 449 1251 699
740 219 823 379 512 182 694 496 752 314 835 421 525 412 694 663
740 216 824 377 511 174 696 502 753 314 836 419 529 410 695 660 768 435 1256 703
739 214 825 374 512 169 697 505 753 314 836 418 533 409 696 658 769 434 1258 704
738 214 826 374 512 164 698 512 754 314 837 418 534 406 695 657
737 215 827 375 513 164 698 513 754 315 837 418 536 404 697 654
513 163 697 518 746 216 839 374 755 315 837 418 535 402 696 653
745 216 840 377 514 166 695 515 756 315 838 420 534 401 695 654
745 218 840 378 513 168 694 513 756 317 837 423 532 402 694 656
512 169 692 513 746 218 839 380 757 320 837 425 529 432 694 634
511 162 692 522 747 218 839 381 530 430 693 631 757 320 838 426
512 161 690 527 748 217 840 382 759 319 839 425 530 427 693 627 0 16 263 719
514 159 689 528 748 216 841 380 769 311 837 430 538 423 671 631
515 161 688 524 750 214 841 376 763 315 843 424 538 420 669 629 660 306 707 387
516 163 688 520 751 212 842 375 536 416 667 626 765 315 846 424 663 222 720 367 667 300 715 386
515 165 688 515 753 211 845 373 766 315 848 426 530 362 689 619 660 212 731 366 667 301 717 385
516 168 687 509 754 211 847 374 766 315 851 428 662 210 731 365 531 362 687 618 669 303 718 384
517 168 686 507 756 211 849 375 664 210 733 366 766 315 852 431 538 389 670 603 673 304 720 383
519 169 684 504 758 211 850 376 667 210 736 365 771 317 857 437 539 388 670 600 678 304 722 382
522 171 684 500 759 211 852 378 669 210 739 363 773 317 858 437 539 388 670 599 681 302 724 380
522 170 686 499 758 211 854 377 670 209 740 365 775 318 860 437 539 388 670 598 684 302 726 380
525 172 693 504 764 214 857 380 674 213 742 371 542 391 672 599 780 335 866 445 686 302 729 383
529 176 699 508 770 229 867 417 679 219 746 377 546 395 675 599 785 338 870 450 688 181 705 214 361 261 407 289 693 307 740 383
533 183 705 509 777 229 870 421 684 226 752 380 551 400 678 596 696 309 743 383 691 185 709 217 790 340 874 454 361 263 408 293 417 268 450 286
535 184 708 504 781 225 873 429 686 224 757 377 554 397 681 594 695 185 712 216 362 264 408 293 700 307 748 379 417 265 451 285
538 176 711 508 782 218 876 430 697 232 756 356 557 394 682 590 800 339 888 456 363 261 408 288 699 182 715 211
542 168 712 510 791 210 895 436 561 388 686 586 702 220 759 332 804 338 893 453 362 257 409 282
547 160 711 513 794 205 900 435 564 385 689 581 809 338 900 451 704 218 763 331 722 284 768 359 437 249 472 266 686 227 705 271 714 165 731 200
549 155 710 513 797 209 896 387 567 380 691 573 716 213 771 332 436 244 473 262 726 283 771 356 717 162 735 196 812 324 911 457
551 152 710 513 800 206 902 387 721 210 776 330 569 374 691 566 0 16 290 719 818 321 920 454 434 237 474 255
561 146 728 509 804 203 908 385 726 207 782 330 823 320 927 454 0 19 287 719 358 233 413 257
563 147 727 509 809 200 913 386 726 198 800 338 0 15 286 719 827 320 932 458 353 230 417 253 585 373 706 561
565 149 729 509 814 199 916 384 353 228 418 252 728 198 803 337 0 13 289 719 587 372 705 561 201 180 214 209 749 262 792 336 715 206 736 247
570 151 733 513 820 198 922 392 351 228 417 252 747 200 798 303 0 14 295 719 582 354 710 549 204 179 217 208 714 205 734 246 847 329 944 464 755 260 798 333
574 152 738 513 823 199 929 396 350 227 416 253 586 353 711 548 755 213 805 324 206 179 218 209 456 222 496 243 437 223 478 244
579 155 743 514 833 197 950 408 756 197 809 306 347 228 413 254 591 354 712 546 437 223 481 245 859 329 960 467 207 179 219 210 736 204 759 245
834 199 956 407 581 155 746 514 342 227 413 255 595 356 714 544 756 196 811 307 207 180 220 211 453 222 499 244 863 340 963 486 739 205 760 244
585 156 748 514 839 207 965 432 866 344 971 487 340 227 411 256 765 200 817 304 598 359 715 543 742 207 762 246 774 259 816 331 207 181 221 211 0 13 307 719 452 223 501 244 516 225 542 238
588 155 749 514 842 209 970 433 867 347 976 491 332 228 419 262 744 210 763 248 767 152 786 183 767 205 816 298 600 362 717 541 0 9 312 719 208 180 222 211 775 260 819 332 450 228 498 250 516 225 542 239
591 155 751 513 846 210 970 437 316 230 408 265 868 348 979 495 451 228 497 249 769 153 788 184 745 211 765 250 602 363 717 539 439 231 478 252 517 227 542 240 776 259 820 332 208 181 222 211 0 7 307 719
592 154 747 509 848 207 972 439 309 229 405 264 868 348 980 497 603 364 717 536 744 209 766 249 769 151 788 183 206 180 220 211 517 226 542 240 779 270 814 325
590 152 744 507 849 204 971 440 600 359 715 536 867 345 981 499 303 226 402 262 744 206 767 248 438 221 482 246 768 202 816 298 778 268 812 321 517 223 542 237 202 179 215 209 771 141 789 174
587 152 740 507 839 191 982 467 437 219 482 246 279 225 383 263 767 200 815 297 742 203 766 247 770 139 788 174 852 344 991 499 720 203 743 251 490 221 520 240 594 358 712 534 776 269 809 316
838 191 982 468 585 152 737 508 259 227 359 265 359 194 412 252 438 220 478 246 740 204 764 247 850 346 991 501 768 138 785 172 759 197 808 295 489 222 517 240 590 355 709 538
836 194 980 468 583 154 734 503 251 231 356 267 351 196 406 255 758 200 805 294 849 350 991 503 765 139 784 174 737 206 760 247 436 222 473 245 907 6 952 99
834 194 979 471 578 157 727 493 843 351 990 509 752 203 799 293 409 229 449 251 585 354 705 539 762 137 781 175 466 225 498 243 760 269 798 316 232 233 334 271 906 9 954 95
829 190 976 476 572 162 722 438 838 350 988 513 326 194 384 256 746 203 793 294 714 205 736 244 576 355 688 529 465 224 495 241 201 233 313 273 905 12 955 89 404 227 447 251 493 223 516 237 760 135 777 171
826 183 974 478 558 158 708 436 729 199 781 295 834 348 986 518 572 349 685 524 745 135 763 168 177 230 297 275 712 200 737 244 445 220 474 240 694 202 715 247 906 15 956 81 490 219 514 234 465 219 492 236
555 151 706 435 825 176 972 481 172 225 294 277 727 199 776 294 742 132 762 164 832 347 984 516 388 216 430 245 441 215 475 236 568 345 677 519 306 192 365 253 708 195 734 242 488 214 512 229
548 140 704 439 823 169 971 482 723 182 770 274 830 346 983 515 385 212 425 238 560 339 669 513 738 129 759 160 0 24 274 719 174 221 285 276 438 210 472 229
541 132 703 441 818 159 968 444 720 177 766 273 361 211 403 237 831 344 984 515 0 23 272 719 738 111 759 149 690 183 712 221
535 124 699 441 816 157 969 442 706 174 758 270 736 107 758 144 690 178 716 220 282 173 335 239 357 204 407 231 469 197 492 212 673 178 695 221 632 162 681 235
818 156 968 441 532 124 695 436 706 174 757 267 736 104 757 140 275 169 330 240 690 175 716 219 629 160 681 234 673 176 695 220 547 308 665 492 355 202 402 227 438 197 467 214 421 199 446 216
819 159 971 439 533 124 691 434 704 175 754 265 736 103 757 139 627 159 681 235 688 175 715 219 547 306 664 494 333 206 386 232 672 178 694 219 468 194 491 208 270 167 328 240 438 197 466 214 420 199 449 216 356 203 403 227
820 161 976 441 533 126 690 435 702 175 751 266 627 161 679 236 735 103 757 141 326 205 388 233 546 305 664 495 686 175 712 220 672 178 693 219 259 170 316 242 468 197 489 210 713 223 749 275 361 203 405 228 439 199 466 215 725 106 743 141
821 162 986 443 533 131 690 434 700 176 748 266 734 103 756 144 251 185 312 250 684 176 711 220 711 225 747 277 626 165 677 238 363 206 407 230 321 208 385 237 671 180 693 219 468 200 489 213 550 326 657 501 724 107 743 144
824 164 991 444 534 137 688 429 699 178 748 266 245 183 307 253 710 227 747 278 365 208 407 232 732 105 756 146 684 178 710 221 626 167 675 240 549 326 659 503 671 182 694 218 467 202 488 215 315 211 361 241
534 142 688 428 827 164 997 446 699 179 747 267 364 210 405 235 734 106 757 147 309 213 362 243 709 228 746 279 549 327 658 505 415 207 451 225 684 179 710 222 224 183 301 255 467 203 488 216
831 168 1002 479 534 144 688 429 363 212 403 238 698 180 748 268 736 107 759 147 548 327 657 506 228 185 292 256 307 214 359 244 416 208 448 226 710 228 746 279 685 181 710 222
534 145 688 432 833 171 1004 480 361 214 401 242 738 107 761 146 698 181 748 268 549 328 657 507 221 189 285 258 417 209 445 227 467 207 489 222 710 229 746 278 686 183 710 221 286 222 342 257
533 147 688 431 835 175 1008 484 360 216 400 244 738 108 760 147 698 182 748 267 550 328 660 507 466 208 489 223 280 222 342 260 418 211 444 229 442 209 466 225 710 231 746 278
534 145 689 430 359 215 400 243 737 108 760 145 699 181 749 266 838 175 1010 488 554 329 663 505 417 211 444 229 467 207 491 223 710 229 748 277 685 202 714 242 278 222 336 259 440 209 465 225
535 140 692 431 358 214 400 241 738 105 760 143 701 181 751 265 848 176 1042 489 711 226 750 275 559 328 667 504 685 202 714 242 416 210 444 227 243 221 330 265
536 138 694 430 356 214 400 242 740 103 761 142 240 222 323 265 703 180 753 266 712 224 751 274 559 300 675 496 686 204 715 241 852 177 1047 491 759 103 778 142 398 210 420 227 473 203 491 215
538 141 698 428 356 215 400 244 706 182 756 266 744 104 762 144 562 298 678 498 760 104 780 144 234 226 321 270 686 205 715 242 470 207 492 222 714 224 750 272 398 211 421 230
544 144 702 431 354 215 402 246 567 301 682 496 760 104 782 145 213 227 305 271 706 182 756 262 688 205 716 241 750 173 1164 699 442 210 468 226 748 105 765 142 471 207 492 222
551 137 705 435 351 212 403 244 719 178 767 265 573 303 685 492 761 102 784 140 756 162 1169 702 728 226 764 273 184 223 287 271 414 210 440 228
560 128 705 438 349 208 405 240 580 302 687 488 722 179 772 262 182 222 280 270 757 162 1178 708 493 199 512 212 732 223 769 269 708 203 737 244 766 101 786 135
347 205 405 238 564 123 704 435 584 298 688 487 725 165 774 244 768 87 788 128 708 202 738 243 172 220 260 270 494 197 512 211 467 201 490 216
577 122 715 428 346 204 406 238 592 287 697 483 729 165 777 243 710 201 740 243 785 86 808 130 467 200 490 217 496 196 514 211 711 178 739 223 172 221 254 275 773 87 791 126 259 230 308 259
579 126 718 433 593 286 702 483 346 205 406 239 731 165 780 245 785 86 807 130 800 164 1235 713 711 202 740 242 496 198 515 211 468 202 492 217 713 180 740 223 568 207 591 228 414 204 443 226 516 197 534 209
582 129 723 441 595 289 708 486 345 207 407 242 732 182 783 259 818 164 1238 707 786 87 807 130 714 203 741 242 747 221 785 268 413 206 445 229 571 208 594 227 515 200 534 212 497 201 516 213 547 201 563 211 466 205 491 222
583 133 727 449 598 296 713 490 818 166 1244 707 744 178 789 263 747 224 788 273 810 99 831 140 570 211 592 228 415 210 445 233 468 209 493 225 350 212 406 243 393 212 423 236
585 144 733 447 809 104 832 145 818 173 1259 708 606 326 710 511 746 184 791 264 515 213 540 227 751 228 791 275 569 216 588 229 441 217 463 234 329 228 393 260 471 216 494 232 492 215 512 229 737 226 767 266 795 104 814 143
590 158 736 495 809 108 831 151 517 219 542 234 326 233 392 265 749 211 797 283 611 330 717 515 736 227 766 270 802 186 1273 710 568 221 585 233 492 222 514 236 759 246 794 290 441 221 464 239 736 208 762 246 391 230 422 255
593 165 742 496 324 237 388 268 751 208 801 285 809 112 831 155 736 226 766 273 521 225 542 239 615 333 724 521 388 233 425 259 758 247 799 293 592 237 615 258 834 125 853 160 570 225 586 236
596 167 745 497 751 207 804 286 314 237 400 272 385 234 425 262 813 112 835 156 619 336 728 520 836 122 858 163 540 226 560 239 523 228 541 239 755 248 801 293 596 238 618 257 572 227 587 238 740 210 766 246 487 230 517 248
600 166 746 497 751 240 808 298 621 340 732 525 307 239 398 274 382 235 425 265 541 227 560 240 838 121 861 164 487 230 516 249 818 112 839 156
604 165 747 501 751 241 810 298 623 344 736 527 378 235 424 269 294 239 380 277 486 231 516 249 837 122 862 163 541 227 560 240
751 211 806 287 623 345 740 520 285 239 377 278 615 168 746 385 375 233 423 270 833 109 856 154 541 227 561 240 486 230 516 249
750 209 805 288 623 344 739 515 615 169 747 387 363 236 409 271 832 107 854 154 487 231 518 250 260 244 358 289 541 227 561 239
621 350 740 518 615 175 747 391 751 236 805 304 249 251 359 293 363 240 402 267 834 111 853 151 489 238 519 255 750 194 800 268 858 127 880 165
619 357 738 529 609 184 747 487 749 236 800 311 857 129 880 174 832 125 853 172 200 270 324 321 542 246 561 258
604 194 748 483 618 378 738 558 749 261 800 328 198 278 321 325 832 130 853 178 471 265 494 281 489 262 516 279 856 132 880 182
602 204 746 479 616 383 737 562 746 261 796 334 594 283 619 304 331 276 385 315 856 148 881 191 172 293 301 346 541 268 560 280 523 268 541 281 833 149 857 190
598 214 743 477 613 387 734 563 856 149 880 195 831 148 856 194 590 284 615 307 164 297 303 352 334 282 378 318 469 283 490 300 445 285 463 300
592 219 738 476 607 387 726 564 830 149 856 196 855 152 880 197 444 290 464 305 730 258 777 340 155 305 263 355 494 284 513 299 468 286 489 302 520 282 537 295 735 298 772 352 304 300 360 334 545 284 559 296
585 220 730 476 725 258 772 340 599 385 718 566 832 149 860 195 518 283 536 297 855 153 877 197 443 292 465 308 734 300 772 355 495 286 513 300 153 314 255 370 469 289 489 303
580 220 723 475 591 387 711 574 836 148 865 195 517 284 535 297 720 261 767 341 269 293 349 340 442 291 465 308 568 289 584 304 820 147 842 194 470 288 490 303 497 285 514 299 147 316 227 369 729 302 766 354 422 293 442 308
561 213 707 476 703 261 751 339 584 387 706 578 263 290 348 339 838 146 865 192 815 149 836 190
556 206 704 476 569 385 693 579 834 133 859 177 809 129 831 178 495 272 514 285
546 200 702 475 833 126 858 176 563 380 689 575 805 123 827 174 685 257 731 336 494 267 512 280 225 278 304 327 447 273 468 286 470 269 488 282
