

383 436 470 518 258 458 318 494 321 453 351 478 7 476 64 557 189 476 216 505
380 436 465 515 253 456 314 492 317 451 347 474
378 435 462 511 250 454 309 488 85 459 141 530 175 455 199 492 315 450 344 472 435 355 455 384
373 432 459 509 250 449 305 484 318 440 345 463 72 460 151 524 435 350 457 383
374 428 458 505 316 436 344 460
373 424 457 502 313 431 342 457 227 429 302 476
373 424 456 503 224 430 299 475 35 430 89 506 311 431 340 454 305 354 322 377
372 424 456 503 220 428 296 474 311 430 339 453
373 426 455 505 219 427 293 475 150 429 173 463 296 429 333 456
380 429 460 509 219 428 292 476 148 428 171 462 440 349 464 383
380 432 461 509 218 426 290 475 146 425 170 461 442 350 466 384 311 432 342 457
380 435 461 511 217 425 287 474 142 425 169 459 444 353 467 385 312 433 342 456
375 433 455 510 219 421 281 470 443 351 467 384 295 431 331 456
376 437 454 513 204 421 277 472 295 434 331 459 446 356 465 382
377 439 454 515 199 423 275 473 294 436 330 462 125 424 150 455
379 446 461 527 194 427 272 476 121 424 147 457 294 439 330 466
380 449 462 530 191 428 271 478 119 424 146 457 294 440 331 467
384 451 464 530 189 426 270 478 117 425 144 456 25 406 46 446 296 440 331 467
387 449 468 528 189 421 271 475 296 438 333 464
390 441 472 513 186 413 271 470
395 435 474 510 182 400 269 457 104 385 128 420
400 430 477 506 181 398 267 453 104 383 128 421 302 410 346 445
402 429 478 503 171 393 264 450 102 383 126 419 302 409 346 444 611 445 637 511
407 426 484 502 168 391 264 449 99 382 123 417 302 410 347 444 614 447 641 509
409 426 486 501 163 389 264 448 96 381 121 416 302 410 347 444
412 428 488 502 158 388 262 448 92 381 118 417 301 411 347 444 621 453 645 519
413 429 490 503 154 387 261 449 299 412 347 445 81 381 105 416 622 454 646 519
415 432 492 505 150 387 258 452 75 381 102 418 298 413 347 445 407 432 439 461
415 434 495 505 133 385 246 452 70 380 98 419 407 433 440 461 296 414 337 446
416 434 496 505 127 384 244 454 66 380 94 420 295 423 335 449 407 433 440 461
416 436 497 507 121 385 241 456 53 379 81 419 293 423 334 450 407 434 441 462
416 440 495 509 101 387 224 458 288 425 330 453 47 379 76 421 406 436 442 462
416 443 494 512 94 387 221 465 284 427 326 457 394 436 423 457
416 444 492 513 91 384 214 470 279 428 322 457 393 438 422 457
416 444 492 514 68 386 203 469 392 438 422 459 277 428 322 458
414 443 490 513 36 377 210 466 392 438 422 459 269 428 310 457 371 433 398 454
414 443 489 513 39 378 175 465 369 432 397 455 265 426 308 457 391 437 423 459
414 440 490 509 19 370 163 461 392 434 424 457 368 429 397 454 262 423 305 456 286 424 368 474
416 436 491 505 13 368 161 458 393 431 424 455 285 420 369 473 370 428 396 451
419 430 493 499 10 356 151 446 283 413 371 469 394 428 425 451 256 408 304 442 369 415 399 439
16 349 140 442 420 421 494 487 369 410 399 437 391 415 420 437 253 396 366 455
421 419 495 488 2 338 124 440 367 408 399 435 173 383 196 424 250 395 367 457 390 415 423 438
1 339 114 443 366 410 398 436 418 429 493 495 167 383 190 423 250 394 362 459 392 425 427 449
420 434 494 502 0 344 93 448 391 430 426 456 259 412 359 475
424 441 496 508 0 349 86 451 392 436 425 462 259 418 356 482 151 402 176 443 366 430 396 456
428 445 498 513 0 348 68 454 366 434 395 460 257 421 354 487 144 405 170 449 393 440 424 466
429 451 497 521 396 447 431 475 2 371 61 457 252 427 355 495 367 436 395 461 139 405 167 451
430 451 497 522 395 448 431 475 368 437 394 461 392 440 421 465 128 405 153 449
431 451 498 522 395 448 431 474 223 417 346 491 120 405 148 449 368 438 394 460 392 441 421 464
433 447 505 522 220 415 344 494 395 448 430 473 369 437 393 461 392 441 422 464
435 448 505 522 218 421 344 502 394 448 430 474 99 405 131 448 392 441 421 463
437 449 507 521 213 419 340 505 394 449 430 476 94 404 123 445
439 451 508 521 394 449 431 479 197 417 329 508
187 416 328 510 440 452 510 521 394 450 431 480 347 451 368 477 313 325 342 363
441 452 512 521 394 450 432 480 181 415 322 511 347 450 370 477 312 323 342 362
442 451 515 520 161 413 312 509 395 448 432 478
445 446 520 512 148 410 306 511 394 447 434 477
446 443 521 511 132 397 295 508 390 438 428 466 311 311 340 348
446 442 521 509 120 391 289 510 309 309 339 346 389 437 431 466
445 441 521 509 85 384 273 511 387 437 435 469 307 307 338 343
444 437 520 505 68 376 263 511 386 435 433 467 315 430 344 465 346 428 371 459 298 302 331 339
444 438 520 505 21 357 239 515 384 436 431 468 300 301 329 335
442 436 521 502 11 349 228 520 381 435 431 469
442 440 521 504 4 347 215 528 377 437 429 472
441 441 520 504 8 347 199 531 374 436 426 473 365 434 404 463
441 442 517 505 0 345 172 536 318 429 345 467 376 436 422 472
441 444 515 507 2 346 137 538 317 429 343 468 362 436 409 467
439 445 513 508 268 444 299 485 359 443 413 481 4 346 129 527 316 430 342 469
438 448 512 509 353 446 410 485 262 445 293 486 28 395 145 484
437 448 510 509 349 447 407 486 248 444 280 490 299 431 327 472 4 391 128 485
0 390 125 485 241 445 275 492 437 449 509 509 345 447 405 488 296 430 326 471 293 448 321 482
436 447 509 508 341 440 404 489 291 429 322 470 0 377 110 482 237 444 269 489 289 447 316 481
436 444 509 508 340 438 403 488 0 376 85 480 223 445 254 488
436 442 509 507 0 373 68 476 211 412 254 485 336 436 398 485 275 427 304 471
436 441 510 507 336 436 397 485 271 424 301 471 0 368 59 477 204 408 249 484
437 440 510 505 334 435 395 485 265 421 296 471 190 413 234 486
438 437 509 503 324 427 397 479 181 412 227 482 249 279 281 319
440 433 508 500 322 424 394 476 166 413 211 483 249 425 282 470 249 274 281 316
441 430 507 498 319 422 392 475 244 426 279 469 248 270 280 314
439 435 506 500 315 424 390 479 239 423 272 470 246 268 277 315
438 438 505 504 310 425 389 482 244 268 274 317
439 441 505 505 305 426 389 484 216 409 258 478 243 268 272 317 288 421 319 465
441 441 506 505 303 425 391 485 212 425 249 474 285 420 318 465 243 267 271 316
292 422 385 482 440 437 511 504 238 260 269 298
287 420 382 482 439 436 512 502 236 257 267 297 186 411 233 477 612 481 642 514
280 418 379 482 437 435 512 499 612 481 643 514 237 255 263 293 179 408 225 477
276 417 375 486 435 437 510 500 160 412 210 479
258 417 372 488 433 439 510 502 155 411 203 481 368 431 397 456
251 416 369 492 432 442 510 505 364 433 397 457
245 414 364 495 432 444 510 507 106 410 163 487 362 434 397 459 110 370 164 438
238 419 362 500 433 445 510 509 360 435 397 459 86 413 143 487 103 369 155 466
434 446 510 509 225 420 355 501 361 435 396 460 82 411 136 488
216 419 355 502 433 447 510 509 362 436 396 461 633 497 667 535 19 406 105 487
208 416 352 504 435 446 511 510 363 436 396 461 635 499 667 535 20 403 95 487 996 549 1088 602
438 447 512 510 204 414 348 506 6 397 66 489 364 438 395 463 995 551 1097 603
442 447 515 511 184 413 345 509 365 439 395 464 1013 558 1126 613
172 412 338 510 446 448 517 510 366 440 395 466 1027 559 1158 618
154 410 325 511 449 447 520 510 1034 560 1162 623 366 439 397 466
