

139 445 395 586 790 428 914 508 413 440 499 493 544 442 693 544 1016 425 1070 507 701 432 760 478 1181 434 1263 514 927 426 952 465 523 440 572 480 663 437 689 458
788 427 912 506 126 445 388 593 411 439 497 493 544 435 683 546 1013 426 1067 506 700 431 759 478 1178 434 1258 513 927 425 951 464 527 435 576 472 662 437 687 457
786 426 910 504 87 445 376 594 409 438 495 492 543 435 684 546 1011 427 1064 506 700 430 758 478 1176 435 1253 511 526 434 575 472 926 425 950 463 663 436 688 457
783 424 909 503 69 445 369 602 541 435 684 546 406 437 494 491 1174 433 1249 510 699 430 758 477 1011 429 1062 505 662 436 688 457 926 423 949 463
782 422 907 504 541 434 685 545 403 437 492 490 55 438 359 610 700 429 759 476 1171 430 1248 509 1005 426 1055 504 662 435 688 458
782 420 905 504 541 432 686 544 27 437 334 618 401 436 491 489 1005 428 1054 503 700 428 759 475 1169 427 1248 509 921 425 945 461 661 434 687 457 1193 388 1245 460
13 437 323 623 781 419 904 503 541 431 687 545 399 434 490 490 1163 431 1243 509 1004 430 1052 503 700 428 760 474 513 425 589 474 921 424 945 462 375 434 396 473 488 439 523 466
2 438 308 631 781 419 903 502 541 432 688 545 392 433 484 493 1162 433 1241 508 702 430 756 469 1002 430 1050 502 920 425 944 463 513 425 589 475 372 434 394 472 486 438 522 465
2 438 293 643 781 419 901 502 540 432 688 545 388 432 484 493 1159 434 1238 506 701 430 756 469 999 413 1045 495 919 427 944 463 513 425 588 474 370 433 392 474 486 437 521 464 1257 398 1278 434
781 419 900 501 2 438 275 658 540 432 688 547 385 432 482 492 1156 436 1234 505 701 429 756 468 997 414 1045 495 918 427 943 463 513 425 586 474 368 433 390 474 1259 400 1278 433
2 437 257 670 781 420 898 500 539 431 688 547 381 432 481 491 1153 437 1230 504 995 413 1044 494 701 429 756 468 918 427 942 462 512 425 585 474 366 432 388 474
539 429 689 547 378 433 477 491 786 417 896 493 1151 437 1224 504 702 431 755 467 992 413 1042 493 4 440 234 648 918 426 941 462 510 424 584 473 235 438 281 501 364 433 386 471 1215 406 1261 436
540 427 692 547 374 432 475 492 786 417 894 491 704 431 756 467 1148 435 1221 503 990 413 1039 491 2 423 216 673 917 425 939 461 508 424 584 473 1213 405 1262 436 228 438 276 502 351 433 376 473 883 419 904 458 484 432 515 460
541 427 695 547 370 430 474 493 776 418 888 490 0 419 182 676 705 431 757 467 1141 436 1215 503 914 425 937 460 349 432 373 473 500 423 572 472 215 443 266 506 988 414 1037 489 1211 403 1264 435 312 433 339 473 882 419 902 459 481 430 516 460
539 426 696 548 775 417 886 489 367 428 476 494 0 412 158 680 705 429 758 466 1140 436 1213 502 981 416 1029 489 498 422 570 472 208 441 261 506 913 425 936 460 346 432 370 473 1210 403 1267 434 882 421 902 458 305 433 327 472 480 429 514 461
537 425 696 549 776 416 884 487 356 427 469 497 704 428 758 464 1137 436 1208 499 496 420 569 473 980 418 1026 488 912 425 935 459 1209 402 1269 433 301 433 325 472 341 432 365 473 763 432 783 456
776 415 883 484 534 424 697 550 350 426 467 497 704 427 758 463 493 419 567 473 978 419 1023 487 1140 404 1199 490 296 432 321 472 1211 401 1270 432 912 424 934 457 338 432 361 470 762 430 783 454
345 427 464 497 533 422 698 550 775 414 883 481 703 426 758 462 491 418 567 474 1135 403 1195 489 975 419 1019 485 291 431 317 472 1213 400 1270 430 178 435 231 507 327 431 353 472 463 430 499 460 761 429 782 453
532 421 698 550 774 413 882 479 342 427 460 497 702 424 759 462 491 417 565 474 324 430 349 472 971 418 1016 484 58 435 116 510 1132 399 1192 487 1211 398 1271 430 290 430 314 471 457 429 498 461 1031 412 1053 447
774 413 880 477 532 420 699 550 338 425 458 498 702 424 759 461 491 415 564 475 969 416 1012 483 1210 397 1272 430 1123 405 1178 482 157 434 213 509 318 430 345 472 454 428 495 461 293 431 318 471 55 432 106 508
773 413 877 475 530 420 701 550 323 423 451 500 489 414 562 475 703 424 758 461 1120 407 1178 481 1208 397 1275 430 966 414 1009 481 313 430 340 471 273 433 298 469 455 427 493 461
772 412 875 474 316 424 449 501 528 419 702 551 487 414 562 475 704 424 758 460 1117 410 1175 481 132 433 191 512 1210 397 1276 430 268 432 295 469 965 413 1008 479 909 422 931 453 456 425 493 461
770 411 873 473 311 423 444 502 527 418 702 551 484 413 561 474 704 423 758 459 1114 411 1173 481 1211 397 1276 429 265 429 292 470 9 436 67 514 127 431 183 512 299 429 326 470 909 411 928 446 866 412 888 444 435 428 481 461
771 410 871 472 525 417 703 552 481 410 562 472 307 422 440 502 703 422 758 458 1110 412 1169 481 1212 397 1277 430 958 410 1002 476 294 427 321 467 1033 412 1056 443 907 410 927 446 431 427 481 460 865 411 889 445 884 409 907 447
524 415 704 554 771 410 868 471 288 420 434 503 478 408 562 471 704 421 758 457 1213 398 1277 429 1107 413 1165 481 959 424 997 474 1034 412 1058 444 428 425 480 459 247 427 273 466 290 424 316 463 865 411 890 446 906 409 927 446 885 409 910 446
523 415 706 554 771 410 867 470 279 419 432 504 470 414 551 471 704 420 758 457 71 431 151 515 1212 398 1278 431 1099 416 1156 481 243 425 271 466 958 426 996 473 426 423 479 459 886 409 912 447 1035 412 1059 444 865 411 891 446 905 408 926 446 288 423 311 458
523 414 707 555 770 411 865 470 468 414 552 471 273 418 427 505 704 420 759 457 1097 414 1153 481 1212 399 1279 432 957 427 995 472 238 425 269 467 426 422 479 459 888 409 912 447 62 432 147 515 1037 412 1060 445 866 411 891 447
521 415 709 556 770 412 864 471 464 413 553 473 249 423 423 507 705 422 759 458 1094 411 1148 480 1213 400 1278 435 955 426 992 472 43 430 130 518 889 409 913 448 428 422 477 459 1039 412 1061 447 272 423 297 457 866 412 890 447
518 415 712 557 770 413 862 473 236 424 420 508 460 412 555 474 706 423 758 459 1091 408 1144 481 1214 401 1278 436 953 424 987 473 408 424 463 461 19 432 109 517 889 410 912 449 1041 412 1062 447
221 425 415 510 516 416 714 559 770 415 861 474 457 412 555 476 708 425 757 460 1087 406 1140 481 1215 402 1277 437 945 406 985 477 15 453 104 523 403 424 466 463 223 423 251 467 889 420 914 456 734 420 766 454
514 417 716 562 210 425 410 513 770 416 859 474 454 411 554 478 708 425 757 461 1085 405 1137 483 1218 403 1277 437 944 406 983 475 402 424 465 464 219 424 246 465 888 420 913 458 734 421 766 454
511 420 718 566 766 416 851 475 453 411 553 479 200 425 408 518 709 426 756 461 400 425 462 465 1221 405 1276 438 1079 405 1126 482 733 422 766 455 217 425 242 461 944 407 980 475
509 421 719 570 766 418 850 476 450 411 552 480 185 424 386 526 709 428 757 461 1075 405 1122 481 398 425 458 465 1223 406 1273 438 887 423 908 459 940 421 967 472 733 423 765 456
507 421 720 575 173 424 384 531 765 419 849 476 448 411 550 481 708 428 757 462 1071 406 1116 480 939 421 967 475 388 423 461 467 886 425 906 459 1224 406 1271 439 0 413 34 528 735 424 764 456
161 423 380 535 507 421 721 576 764 419 847 476 445 411 549 482 707 429 757 463 1067 406 1112 481 938 423 966 475 385 424 460 467 1237 422 1279 518 862 426 890 462
146 421 376 541 505 420 722 581 763 420 846 476 433 411 537 485 707 428 757 462 937 425 964 474 1224 422 1279 520 382 424 460 469 1064 407 1108 482 862 426 892 462
504 418 724 585 762 421 845 477 132 420 377 547 429 409 537 486 708 429 756 462 1220 423 1279 518 375 424 452 470 935 426 962 472 1053 413 1104 483 863 426 892 462 739 425 764 456
101 422 352 551 502 416 725 590 761 423 844 478 423 409 537 487 709 430 756 462 1216 422 1279 517 1052 410 1100 481 933 425 960 471 372 424 451 470 865 426 892 462 738 426 764 456 884 427 903 460
85 422 345 555 501 415 726 590 761 424 843 477 419 409 536 488 709 430 756 462 1049 410 1096 480 931 425 959 470 1213 421 1278 516 368 423 449 469 865 426 893 462 736 426 764 456 884 427 903 460
499 414 727 592 760 424 842 477 413 409 535 489 709 429 755 461 74 423 341 557 929 425 957 470 1045 410 1091 479 1210 420 1273 515 361 420 446 469 737 426 763 456
31 424 324 562 498 412 727 594 759 423 841 475 411 407 532 490 709 428 755 460 927 425 955 469 1041 412 1088 477 863 426 896 461 1210 399 1269 497 350 421 425 469 738 425 763 455
14 424 315 568 389 410 527 492 498 410 727 597 759 421 840 475 709 427 755 459 346 419 424 468 1184 434 1264 510 864 425 895 460 925 424 952 468 1037 414 1085 476
384 409 526 493 498 409 727 599 1 408 301 586 758 420 839 475 709 428 756 459 1179 435 1258 508 341 418 422 468 866 424 891 458 1031 416 1080 476 925 424 951 468 1254 403 1278 437
498 408 728 600 379 407 524 494 757 420 837 475 0 410 286 589 709 428 756 459 1028 415 1076 475 1173 434 1253 507 866 425 888 458 835 426 859 460 335 417 418 467 918 422 945 466 1251 402 1278 436
496 408 730 600 0 421 264 612 376 407 520 497 756 421 836 474 708 428 755 459 1024 413 1072 473 865 426 886 458 917 422 944 466 835 426 859 461 1161 432 1240 505 1248 403 1277 436 331 418 415 468
0 417 255 614 500 413 730 607 755 422 834 474 357 411 516 495 708 427 754 459 1158 435 1234 503 915 423 943 466 863 427 885 460 1019 412 1068 472 835 427 859 461 323 421 401 472 1247 404 1277 435
499 412 731 608 0 417 241 620 753 423 833 474 343 406 520 499 708 427 754 459 1164 397 1226 495 914 425 941 467 318 421 401 474 862 428 885 460 1016 412 1063 471 836 427 859 461 1247 404 1277 436
498 412 731 609 0 417 225 624 340 413 510 509 753 426 832 474 709 428 753 459 911 426 939 467 862 429 884 461 835 428 858 462 1161 397 1220 495 311 421 399 474 1247 404 1278 436
497 412 731 609 334 412 503 511 0 415 210 628 754 427 831 475 710 429 752 459 909 426 936 468 861 429 883 461 833 428 858 463 1247 405 1278 437 1138 433 1213 502 1199 444 1278 707 1011 420 1044 471 305 421 398 475
497 412 732 609 327 412 498 513 0 425 186 623 710 430 752 460 755 428 830 477 1143 399 1203 496 1164 445 1279 694 906 426 933 468 861 430 882 462 1007 419 1041 470 832 427 856 464 296 425 379 477 1248 406 1278 439
497 413 734 608 327 411 495 515 0 427 172 623 710 431 753 461 755 427 829 477 1140 398 1200 496 1146 401 1279 687 905 425 931 468 293 425 377 478 1005 420 1039 469 861 430 882 462 832 426 856 465 1249 407 1278 438
319 409 493 518 497 413 737 609 1126 397 1279 684 711 432 752 461 753 428 829 476 903 425 929 470 4 423 128 632 1137 400 1194 491 1002 421 1035 469 860 430 880 463 287 424 374 477 833 427 856 464
495 413 738 609 308 408 495 519 1107 387 1279 683 711 433 751 460 752 429 828 476 902 425 927 471 1001 421 1032 470 858 430 879 463 5 428 111 635 1125 407 1177 486
288 405 482 522 493 413 740 609 1078 377 1271 681 747 431 817 477 711 434 749 460 1 430 75 639 134 439 187 496 1122 407 1173 478 857 430 878 464 999 421 1028 471 820 431 842 465 895 426 918 470 144 426 175 466 275 426 354 477
281 405 480 526 490 414 741 609 1064 369 1269 684 746 431 816 479 711 435 748 461 127 437 180 497 895 426 918 473 2 430 61 641 820 432 842 465 857 430 877 465 141 425 172 467 989 423 1016 468 1119 407 1170 472
275 407 474 531 1045 364 1269 688 489 417 743 611 711 436 747 462 746 430 815 480 893 429 916 473 821 433 841 467 857 431 877 466 987 423 1015 470
266 408 466 537 1028 363 1271 691 489 419 743 613 710 436 747 464 751 430 816 481 892 431 914 475 107 437 161 503 820 434 840 468 984 423 1013 471 858 433 876 467
256 409 460 541 480 428 758 629 1015 362 1276 694 711 438 747 465 746 434 816 486 890 432 911 475 819 435 840 469 980 423 1010 471 859 435 875 467
247 408 458 544 478 429 757 629 1002 377 1272 679 86 438 142 507 752 437 815 485 712 439 746 466 889 446 911 481 818 437 838 470 976 423 1007 473
476 429 756 630 221 411 448 545 994 380 1272 675 888 446 909 482 746 442 817 484 713 441 745 466 816 439 836 469 0 426 31 510 975 421 1003 473
211 410 441 551 475 429 758 633 982 384 1273 667 746 444 816 483 887 445 909 483 712 442 744 466 964 427 991 472 491 446 528 482
197 410 436 555 475 430 761 637 970 389 1275 658 745 444 814 483 711 441 744 466 886 443 908 483 52 432 110 509 961 424 992 475 845 435 863 473 490 444 528 483
184 412 433 559 474 430 763 639 960 393 1279 647 745 444 814 483 711 441 744 466 883 443 906 483 960 423 990 475 845 432 863 474 488 444 528 483
473 428 764 641 950 397 1279 639 178 410 428 562 745 445 812 482 711 442 743 465 881 444 904 483 845 432 863 474 956 422 986 473 33 430 88 510 486 443 527 484
474 426 765 643 937 401 1279 631 138 411 418 563 744 445 809 481 711 443 742 465 880 444 901 484 846 433 863 475 483 441 527 484 954 424 982 470
474 425 766 644 122 410 410 569 927 406 1279 624 743 445 806 481 712 443 741 464 880 446 898 484 846 434 862 474 480 439 527 485 951 425 979 466
474 424 767 645 916 400 1279 599 93 407 416 582 743 445 805 481 712 443 741 464 810 446 829 477 479 440 527 485 846 435 861 473
473 425 769 646 72 406 402 586 915 403 1274 588 743 446 804 481 711 443 741 465 2 421 36 521 475 441 526 484 845 435 861 472
473 424 771 651 52 403 390 591 889 403 1259 581 743 446 803 481 711 443 741 465 472 442 525 484 0 423 28 523 845 435 860 471
472 424 773 652 33 398 383 598 882 403 1249 576 743 446 803 481 709 443 741 466 468 443 525 484 844 435 860 470
472 424 774 653 16 400 360 599 872 403 1237 574 743 445 802 481 709 443 741 466 468 443 525 484 843 435 860 470
473 425 776 654 0 395 354 604 743 445 800 481 896 409 1189 562 709 443 741 466 466 443 525 484 843 434 860 472 809 440 830 469
473 426 777 657 0 405 341 624 877 408 1158 558 742 445 799 481 709 444 740 466 841 434 859 473 466 443 524 484 809 440 829 469
472 426 778 659 0 400 326 633 874 408 1141 559 741 444 798 481 465 442 511 487 840 434 859 473 710 444 739 465 1219 398 1279 502 809 440 828 469
472 426 780 660 0 396 315 643 869 410 1128 559 741 444 797 481 463 442 511 487 1197 436 1274 512 711 444 739 465 840 434 858 472
472 427 782 662 0 390 298 657 741 444 795 481 866 411 1119 557 459 442 512 487 711 444 739 465 1183 435 1265 511 838 435 858 470
471 427 784 664 845 413 1097 553 0 387 283 665 740 444 794 481 455 442 511 486 1179 436 1258 511 712 444 739 464
469 427 785 666 845 413 1081 551 1 382 267 670 740 444 792 481 452 442 510 485 1173 435 1252 510 712 444 739 464
468 428 785 667 844 413 1067 548 4 380 254 668 740 445 792 481 450 443 509 485 1188 405 1239 495 712 444 738 464
465 428 786 668 841 412 1054 545 0 362 235 686 741 445 790 480 446 443 507 485 1166 429 1227 507 712 444 738 465
462 429 787 670 838 412 1045 541 2 361 216 683 443 442 506 486 1160 427 1222 507 735 447 782 478 712 443 738 465
460 429 790 672 827 412 1028 539 0 349 183 690 734 447 783 478 441 443 504 486 1162 404 1213 496
460 430 791 672 2 351 162 685 825 412 1022 538 734 446 783 479 440 440 511 491 1147 432 1204 506
459 431 791 672 822 414 1014 536 4 346 134 692 733 446 783 479 1141 434 1199 506 437 440 514 491
458 431 792 673 816 417 1005 532 733 446 784 479 1136 433 1192 506 433 440 515 491 61 427 166 481
456 432 793 674 811 418 996 529 59 430 158 481 732 446 784 479 431 439 489 491 1 367 63 682 981 419 1015 488 1138 408 1185 489
454 432 795 675 807 419 990 525 50 431 155 481 731 446 785 479 1122 435 1179 502 428 439 487 491
453 433 794 677 803 419 987 522 32 431 149 481 731 446 784 478 425 440 483 492 1116 434 1171 502 1117 435 1279 719
452 433 796 679 801 420 985 518 29 431 140 480 731 446 783 478 421 440 479 493 1069 432 1274 718 1111 431 1164 502 458 427 554 497
451 433 797 682 801 421 982 516 26 432 132 479 1055 420 1272 718 732 446 782 478 418 441 476 494 457 427 554 498 1101 433 1153 500
451 433 799 684 1038 377 1271 700 793 425 963 516 13 430 126 482 732 446 781 478 415 441 491 495 456 427 554 499 1101 409 1148 494
450 432 800 685 11 429 119 482 797 424 947 516 1020 363 1272 701 732 446 779 477 455 428 552 500 413 441 490 495 1096 411 1141 486
449 432 801 685 8 429 110 481 796 423 937 515 984 374 1265 684 732 446 777 477 452 428 550 501 406 441 467 494
448 432 803 685 793 423 920 511 969 368 1266 687 6 429 102 481 732 447 776 476 402 441 463 495 449 428 549 502
793 423 916 509 447 432 804 685 956 367 1268 687 5 429 98 480 731 447 775 476 399 442 459 495 444 426 550 504
789 423 911 508 445 432 806 685 943 364 1266 693 1 429 87 483 731 446 775 476 431 425 537 506 397 441 456 496
785 424 906 507 443 432 805 686 930 365 1269 695 0 429 82 482 731 446 775 476 427 424 537 508 394 440 453 497
781 423 901 507 441 432 803 687 922 368 1271 696 0 429 77 482 423 423 536 510 731 446 775 476 392 439 450 497
