

295 275 318 333 323 279 346 332
295 274 318 333 323 280 346 332
295 275 318 333 323 280 345 331
296 275 318 333 323 280 345 331
296 275 319 334 323 280 345 331
296 275 319 334
296 275 318 334
296 275 318 334
296 275 318 334
296 275 319 333


















296 274 318 333
296 275 318 333
296 275 318 333 323 281 345 331
296 275 318 333 323 281 345 331
295 275 318 333
295 275 318 332
295 275 318 332
295 275 318 333
295 275 318 333
295 275 318 333
295 275 318 333
295 275 318 333
295 275 318 333



295 275 318 332
296 276 318 333
297 276 319 333
297 276 319 333
297 276 319 333
297 277 319 333
297 277 319 333
297 277 319 333
297 277 319 332
297 277 319 332
297 277 319 332






297 277 320 333
297 277 320 333
297 277 320 333
298 277 320 332
298 277 320 332
298 277 320 332
297 277 319 332
297 277 319 332
297 277 319 332
297 277 319 332
297 277 320 332
297 276 320 332
296 276 319 333
296 276 319 333
296 276 319 333
296 276 319 333
296 276 319 333
296 277 319 333
297 277 319 333
297 277 319 333
297 277 319 333
297 277 319 333
297 277 319 333
296 276 319 333











296 276 319 333
296 276 319 333
