

31 79 336 289 496 213 606 360 430 195 528 266 576 223 631 330
24 74 336 284 434 190 534 263
18 65 337 274 446 182 553 261
11 56 337 261 449 162 557 250
8 49 335 257 450 164 561 250 679 206 720 285
4 47 331 258 448 165 564 252 681 207 722 287
1 44 326 260 447 164 566 252 682 208 723 286
0 39 321 258 446 161 566 247
0 32 317 254 447 156 565 242 394 56 535 189
0 29 313 251 447 150 567 238 393 51 537 187
0 27 309 251 445 146 570 236 391 33 536 183
0 25 301 259 445 147 569 238 385 32 537 184 549 167 657 321
0 22 291 270 444 152 567 241 538 176 662 370 378 30 539 188
2 21 280 278 444 157 566 245 536 179 663 372 372 28 540 191 692 210 740 284
3 20 275 283 441 160 567 249 538 182 664 370 693 211 741 288 370 28 541 192 208 78 311 129
3 18 266 287 440 162 564 251 541 188 665 372 366 49 542 194 694 213 743 291
2 16 260 290 438 162 563 253 543 190 667 375 362 49 542 196 696 216 745 293
1 14 252 289 438 161 560 254 544 193 669 378 354 48 516 193 174 82 295 130 698 217 748 294
0 4 246 286 437 160 559 255 542 194 671 382 490 97 634 215 349 44 514 194 169 82 295 129
1 3 236 286 438 160 555 256 542 195 671 384 490 96 630 217 342 43 510 195
2 6 227 286 424 162 552 255 488 95 626 219 542 194 670 388 335 27 499 194
2 8 218 289 421 161 552 257 326 21 495 199 544 196 669 382
3 34 214 310 420 167 552 263 320 19 496 201
418 170 548 267 3 39 204 315 494 111 636 244
417 174 544 271 0 33 187 319 493 114 637 248
416 177 538 276 0 34 173 321 492 117 636 249 549 213 666 355 533 308 630 440
415 177 534 280 2 36 159 328 486 120 636 252 549 213 664 355
393 178 538 288 0 127 130 339 532 223 664 433
387 185 531 297 0 132 116 349 534 231 661 425 0 65 86 138
384 201 522 305 0 135 90 364 455 139 593 265 525 305 633 473 537 239 659 421 0 72 79 139
1 138 80 364 366 197 510 307 473 152 598 290
380 210 512 321 472 155 594 294 522 349 622 496 0 174 64 378 1 91 61 150 538 254 654 411
361 216 506 318 470 156 592 295 521 353 622 498 539 258 653 406 0 91 56 152
359 215 505 319 453 155 594 289 523 355 623 498 538 258 656 412
359 212 508 318 527 265 665 482 198 12 500 276
358 190 509 311 529 266 665 482 454 140 599 271 192 11 502 276
360 185 512 306 185 13 497 268 544 244 668 422 534 349 632 492
361 178 514 303 478 133 615 275 546 236 672 426 175 12 504 263
379 182 516 299 478 133 617 274 548 238 676 421 165 9 506 256
364 176 513 303 477 133 619 275
363 180 513 308 478 148 622 294
362 185 511 315 478 153 618 296
364 208 509 325 478 159 616 299
363 211 509 329 478 164 619 304
361 211 512 330 482 166 621 306
367 211 529 330 547 263 710 525
372 175 528 316 550 257 714 522
373 167 526 307 566 252 729 509
374 166 525 302 502 135 646 274
371 162 526 301 502 133 650 277
351 163 523 302 501 133 650 279
349 171 524 307 497 140 651 299 574 255 738 513
343 176 520 312 490 141 650 305 572 259 737 517
339 174 513 315 487 140 646 308
337 166 507 306 488 128 641 280
336 157 501 296 485 120 641 279
333 155 493 288 476 114 641 281
326 155 484 289 467 112 641 285 257 126 350 179 5 77 242 208
319 159 481 292 465 113 637 290 238 123 329 177 3 67 236 212
300 162 470 296 463 115 634 293 1 52 226 219 231 124 327 180
292 164 464 301 450 117 622 297 206 126 304 183
284 162 460 302 450 116 622 300 181 124 286 184
279 157 460 298 449 113 623 299 177 116 281 181 3 50 165 221
462 105 632 286 276 148 461 294 158 97 266 162
275 129 457 277 462 98 635 277 152 93 267 157 416 69 436 95
272 121 460 271 463 88 638 266 145 72 264 140 417 63 436 89
270 112 464 260 463 79 642 265 151 67 260 132
476 47 648 237 271 74 472 220
272 66 476 204
273 23 484 177
271 24 486 158 492 6 668 161
268 16 488 144
264 9 489 132
261 3 486 116
251 8 481 131 49 242 882 707
238 3 477 136 46 259 888 707
226 1 476 138 46 270 892 706
211 3 460 132
208 3 458 117 454 0 664 115
196 5 455 115 455 0 661 110
456 0 659 108 79 256 955 712 183 5 450 116
88 262 942 712 463 0 658 112
57 276 870 708 662 152 775 312 463 0 658 117
65 276 839 707 140 2 419 152
54 329 821 705 121 6 413 164
427 4 632 176 106 0 401 184 62 332 795 705
420 4 633 184 85 3 389 196 59 334 789 704
412 3 630 191 66 0 376 205 54 334 793 705
51 0 365 204 404 4 628 191 45 332 807 704
43 0 363 191 405 5 627 181 39 328 829 705
38 0 367 173 410 10 629 167
27 0 354 162 58 264 851 706
24 0 356 156 53 268 871 705 672 85 736 168 859 169 981 245
17 0 356 156 415 0 643 124 53 273 876 704 675 81 737 169 866 174 989 261
12 0 350 161 410 0 633 148 61 276 865 704 884 180 996 267 676 86 736 172
406 0 630 155 5 0 343 172 67 272 849 705 883 188 1000 270
399 0 628 159 1 0 330 181 886 200 1005 288 671 104 730 191 63 264 838 708
390 0 627 162 0 0 317 190 667 111 783 274 886 204 1010 291 668 105 728 193
