

510 355 755 719 752 28 1270 682 526 235 810 500 764 268 854 488
509 354 755 719 747 27 1269 687 763 267 855 487 522 226 807 504
509 343 755 719 761 45 1267 686
508 343 756 719 618 41 1279 694
506 344 759 719 634 43 1279 694
661 31 1279 690 514 302 799 624 752 342 851 533
659 24 1279 681 531 293 780 681 754 350 853 537
646 22 1279 685 759 357 854 574
506 401 790 717 637 17 1279 693
509 403 794 718 639 20 1279 687
526 417 773 719 754 32 1263 673 780 302 875 490 553 257 795 615
780 298 882 548 530 420 773 719 760 54 1263 660 547 261 845 638
781 309 884 557 530 420 773 719 770 62 1267 660 544 274 850 643
779 328 885 558 542 282 794 681 783 69 1262 661
18 7 619 707 542 283 797 679 780 341 883 550 766 67 1263 660
15 4 623 707 541 281 795 680 780 344 883 548 766 69 1262 662
12 0 623 717 780 73 1263 663 528 430 770 719 782 336 882 552 542 280 853 644
806 70 1263 670 524 423 771 719 782 321 883 555 542 274 854 635
514 431 755 719 791 69 1263 666 781 309 885 550 530 266 820 653
780 64 1263 666 512 430 753 719 776 306 884 551 522 265 821 661
0 6 612 710 771 314 882 553 759 51 1264 672 504 413 788 714 530 276 864 642
0 3 612 710 765 332 877 551 511 289 821 648 632 30 1279 670 514 432 746 716
509 300 816 641 762 346 876 539 0 2 609 704 631 40 1279 661
767 338 876 540
510 414 785 713 771 322 879 546
777 301 882 558 530 253 782 704
778 297 885 556 533 247 815 659 4 0 602 717 525 438 769 719 663 59 1279 638
786 304 897 547 537 243 818 661 4 0 605 716 662 64 1279 631 528 436 771 719
787 303 898 549 5 0 605 716 657 64 1279 634 538 248 818 658 529 432 773 719
5 0 607 713 788 303 898 552 529 427 773 719 650 65 1279 627 544 245 797 637
3 0 606 716 788 304 899 555 529 349 776 719 646 67 1279 625
788 302 900 553 528 348 776 719 646 64 1279 629
789 296 901 550 540 234 798 633 530 427 770 719 644 58 1279 637
791 286 903 546 0 0 617 719 530 425 769 719 541 234 797 621 741 55 1263 646
793 276 903 521 0 1 617 716 531 425 768 719 550 217 851 531
790 277 902 515 0 1 616 716 523 346 776 719 546 212 796 573
786 284 902 498 0 2 611 717 533 234 792 629 529 428 765 719
531 232 788 634 779 289 905 554 0 4 605 716 514 431 751 719
536 235 789 629 780 298 906 555 5 7 600 711 530 429 766 719
789 306 909 564 542 243 793 627 6 6 600 703 530 429 769 719
798 314 911 569 538 260 812 645 4 9 605 701 531 429 772 719 736 81 1267 645
804 319 915 572 538 266 817 640 734 82 1268 642 534 428 773 719 565 290 593 320
805 320 919 564 538 266 818 639 733 82 1268 638 537 429 773 719 568 289 596 318
802 318 919 559 537 264 818 638 737 80 1265 638 567 286 596 314
799 318 919 557 535 256 813 646 735 69 1265 643 562 284 591 309
796 315 916 560 529 252 807 651 736 63 1264 643
795 310 915 560 527 244 795 631 734 62 1264 638
795 300 914 559 524 236 790 634 676 54 1274 640 517 442 738 719
784 290 917 574 523 233 787 637 674 57 1272 645 512 440 733 719
795 298 912 561 528 235 783 635 511 435 731 719
505 279 757 690 797 308 913 557
504 278 760 692 775 331 919 625
503 290 761 688 772 348 921 630
503 290 763 688 775 361 923 632
501 289 765 688 778 364 927 629
500 282 765 685 783 355 933 628 498 539 727 716
498 274 764 685 784 347 937 625
498 271 762 684 783 341 939 624 559 310 589 337
497 273 760 685 782 342 938 627 558 310 588 337
500 281 758 684 781 350 940 630
501 287 755 688 780 357 942 631
500 293 756 685 780 359 947 632 558 333 585 359
499 289 759 683 783 348 949 632
500 275 759 686 787 333 946 635
503 269 750 693 789 327 947 642
479 280 757 681 788 336 948 646
478 296 753 673 785 356 952 694
784 365 952 691 482 301 750 654
496 276 742 695
792 310 962 649 488 254 760 654 493 437 712 714
795 295 963 647 502 227 749 638 489 434 712 714
500 229 745 640 792 301 961 656
492 245 742 638 790 315 963 656
465 256 743 677 787 335 963 700
463 252 743 678 794 330 964 647 463 541 680 719 816 527 924 709 539 306 571 333
461 251 743 673 793 327 964 651 461 539 673 719 24 0 523 719
459 252 742 671 790 325 963 654 23 0 522 719 453 455 675 716 815 528 923 710
444 265 725 676 785 330 960 650 447 533 663 719
448 278 706 683 783 332 959 645 445 532 660 719 816 536 924 714
785 327 961 646 445 275 701 690 815 534 924 714
789 325 963 650 445 271 696 692
444 266 696 693 792 326 966 656
443 255 697 700 795 329 965 658
447 233 700 642 790 305 965 667 422 448 639 717
781 279 960 676 447 206 692 563 414 446 624 715
766 244 954 631 436 177 683 586
729 239 921 631 400 180 642 584 362 445 570 715
713 232 912 636
695 222 905 645 317 448 522 712 305 167 594 549
674 216 881 647 307 447 512 709 307 169 559 596
303 158 565 514 676 203 876 572 305 442 509 709
297 377 522 696 325 145 578 518 685 199 908 576
300 373 523 699 324 145 582 521 689 194 911 677
696 201 914 677 303 367 526 704 324 146 586 520
703 208 921 672 325 148 587 517 306 369 528 706
331 149 594 515 315 373 533 706 711 215 932 664
340 153 604 511 737 213 970 669 329 446 534 710
747 215 982 668 349 157 613 508 351 451 555 707
