

825 402 1021 535 426 387 639 512 0 266 508 687 786 406 862 468 683 401 715 437 733 401 760 431 711 400 742 432 536 339 679 462 667 401 701 444
823 401 1033 537 410 383 638 518 0 258 468 688 787 407 865 469 533 336 677 464 683 400 715 436 734 401 759 430 710 400 741 431 667 400 701 443
836 400 1051 548 5 250 433 690 393 380 634 522 786 409 869 471 533 334 678 466 683 401 716 435 734 402 759 431 710 401 739 431 667 401 701 442
838 400 1061 553 10 245 408 691 372 386 630 539 787 411 873 473 530 330 678 468 735 401 759 433 682 401 716 437 710 401 738 432 667 401 701 444 759 388 796 463
843 399 1076 559 345 374 615 531 793 406 887 475 525 326 678 469 0 224 361 712 735 402 759 431 683 400 716 437 710 401 738 431 761 386 797 464 666 399 701 444
329 374 617 530 842 399 1095 564 793 405 888 475 522 322 677 469 0 207 342 716 735 400 760 429 709 400 737 429 684 398 716 436 664 396 701 445 763 384 798 462
288 367 629 538 794 405 892 475 824 388 1122 580 518 318 678 468 736 400 761 428 710 400 737 429 685 397 716 436 658 388 706 452
265 369 624 541 843 389 1152 593 797 405 897 476 500 318 666 467 657 388 705 451 737 400 763 428 685 395 717 437 710 399 737 428
242 370 615 546 851 385 1164 604 801 406 901 477 496 317 665 468 656 387 705 452 738 401 764 427 710 400 738 427 686 395 717 437
222 365 606 554 860 379 1182 613 803 405 904 476 496 313 664 466 656 386 706 450 774 382 812 467 738 400 765 426 684 393 717 436 710 399 740 426
865 375 1202 619 176 354 587 569 804 402 908 478 493 308 664 465 775 378 813 466 656 385 707 448 682 391 717 437 739 399 767 425 711 398 742 426
136 347 584 590 872 388 1233 658 810 402 924 481 485 302 665 468 775 379 816 467 656 387 708 450 681 392 717 439 711 398 744 428 739 400 767 427
77 345 588 609 812 405 930 483 876 389 1256 676 473 296 669 474 778 380 817 470 655 389 710 454 711 400 745 431 680 394 717 441
814 408 937 486 464 292 672 478 33 343 587 626 904 393 1278 692 709 401 746 433 781 383 821 471 654 391 711 456 756 404 782 430 680 397 718 443
0 304 559 676 815 406 943 488 908 394 1278 701 457 284 672 477 709 400 744 432 785 380 822 472 654 390 711 456 757 402 784 430 680 395 718 442
0 301 537 685 826 404 955 490 922 398 1275 702 447 278 670 477 709 399 743 431 788 378 825 470 652 387 711 455 759 402 785 429 681 395 718 442
2 292 514 694 825 405 962 490 938 399 1273 699 415 268 673 496 709 399 743 431 653 387 711 454 760 401 786 429 790 378 827 467 681 395 718 443
1 276 486 701 826 408 970 493 400 253 666 499 709 400 745 434 956 400 1270 697 760 404 788 432 653 388 713 456 681 398 718 446 796 382 834 473
0 261 461 701 389 246 664 502 824 405 976 502 970 396 1270 698 710 401 746 436 762 405 789 433 652 391 714 459 796 381 837 476
3 250 428 700 378 239 660 506 827 404 986 505 984 396 1272 697 709 402 746 438 651 394 714 461 762 407 791 436 800 386 840 490 626 402 682 479
833 408 1000 514 362 238 659 507 708 400 746 436 651 392 714 462 763 404 792 434 1 218 369 708 1036 420 1277 719 800 377 846 480 623 398 678 481
831 399 1015 509 316 218 643 513 8 277 335 692 639 389 716 460 803 375 850 481 707 397 747 435 764 401 792 432 619 397 675 480 1057 437 1279 713
832 397 1024 510 302 204 639 522 807 372 853 485 638 387 716 461 707 396 747 434 5 368 305 707 616 396 673 483 765 399 791 431
277 182 629 537 847 397 1039 512 636 389 716 462 706 397 746 435 809 373 855 484 614 395 674 484 765 400 792 432 4 404 294 704
850 401 1050 527 246 170 621 547 705 399 746 436 812 374 854 498 636 393 716 463 764 401 791 435 603 394 665 484
857 396 1063 533 199 128 628 579 636 387 718 461 706 395 745 436 820 372 863 502 600 393 664 483
858 393 1077 534 137 112 600 581 636 384 719 461 817 366 867 493 707 393 747 436 593 393 674 486
106 81 590 601 857 382 1090 523 634 376 719 459 822 362 871 493 585 375 675 478 785 391 810 415 709 390 746 435
57 42 589 636 869 387 1118 540 635 377 719 459 577 374 672 478 827 358 877 492 708 389 747 436
872 382 1132 545 632 372 720 459 1 7 564 665 562 363 664 494 832 352 881 490 786 388 810 416 704 384 747 424 765 386 792 414 812 389 831 414
871 381 1150 548 631 374 719 460 555 366 662 498 0 3 566 677 832 347 882 493 765 386 794 415 785 388 810 416 703 385 747 424 812 388 831 414
856 384 1201 556 627 374 719 462 540 370 676 497 0 0 551 685 828 334 897 503 766 386 795 414 784 388 810 415 702 385 747 424 811 387 832 413
869 387 1216 559 623 376 718 464 830 331 899 509 0 5 528 687 766 387 794 415 531 369 680 498 784 388 810 416 703 386 748 437
881 386 1231 568 620 375 717 465 494 366 652 513 833 326 901 515 0 0 500 690 765 386 794 415 784 387 810 415 698 378 752 431
883 385 1246 577 608 374 711 470 477 365 649 519 837 328 903 521 9 0 483 691 765 388 792 415 694 386 747 438
603 376 709 471 878 382 1267 594 838 327 906 524 10 10 462 691 462 365 648 520 765 388 792 415 691 386 746 438
598 376 707 475 898 370 1279 611 841 325 910 528 412 364 630 534 11 27 440 690 689 385 747 439 765 388 793 415
590 375 705 476 901 365 1279 625 391 360 624 540 841 320 913 529 12 36 411 689 764 387 794 415 683 383 735 442
908 375 1276 668 24 26 391 688 577 375 695 477 844 316 916 532 349 358 610 541 681 383 736 441 762 386 794 415
289 353 616 569 919 372 1277 675 7 9 327 704 563 376 698 486 843 316 918 538 677 385 736 440 761 387 793 416
238 355 612 579 933 364 1277 686 553 377 697 489 843 316 923 542 673 385 735 441 760 386 793 417
949 354 1278 692 540 379 695 494 848 320 939 550 194 355 615 590 669 386 733 444 761 388 791 417
155 355 585 620 961 349 1276 697 528 382 693 495 849 320 944 555 666 387 736 445
104 350 579 638 975 350 1276 695 852 317 951 570 513 382 692 498 664 387 734 445
987 351 1274 695 57 347 580 640 857 314 962 578 479 381 682 502 662 385 731 446 783 389 813 419
465 379 682 505 22 340 537 693 1006 333 1279 706 658 386 732 446 865 311 972 589
454 380 682 507 13 335 532 697 656 385 732 448 863 305 988 621 1023 338 1276 706
434 379 681 510 4 331 511 701 882 299 1008 629 653 386 734 448 1045 343 1274 712
418 377 683 514 0 305 487 691 890 292 1021 641 650 383 734 450 1072 442 1269 714
389 375 677 521 0 300 454 693 900 284 1036 654 643 385 725 451 1117 442 1277 718
382 375 674 523 0 290 434 699 641 386 724 449 927 279 1060 659 764 398 787 432 1137 437 1279 719
937 270 1074 667 366 374 667 524 639 385 722 450 3 281 417 702 763 397 787 434
332 371 687 544 636 385 720 451 10 295 355 690 944 255 1092 681 763 397 787 433
303 365 664 559 979 236 1130 696 633 386 720 455 2 298 342 690
291 364 663 563 630 386 721 456 985 217 1148 688 0 314 322 672
265 363 654 569 626 384 720 456 1020 214 1191 718 607 400 690 473
235 361 645 577 602 384 710 463 783 391 814 418 1070 190 1243 680 759 388 789 415 744 388 766 441
200 359 637 587 601 382 711 460 783 389 814 416 759 387 789 415 1086 173 1249 683
167 358 647 594 603 383 711 457 1131 155 1273 629 578 401 676 477 783 390 813 416 758 388 789 415 939 370 961 438
127 353 619 615 619 366 724 436 939 369 962 432 783 385 813 410 570 387 684 463
81 343 627 626 604 371 709 433 939 365 963 429 758 381 787 409 784 381 812 405 468 365 671 477 891 374 907 425
34 334 635 631 598 364 710 437 940 361 964 424 466 358 674 472 757 376 787 406 891 370 907 422 783 375 813 400
5 310 640 669 594 360 710 436 468 356 676 472 940 357 965 423 890 367 907 420
0 303 643 672 460 354 679 472 588 354 710 432 942 356 965 420
0 294 564 687 449 345 678 463 584 348 711 431 759 363 790 390 739 362 765 388 820 361 833 390
0 289 554 686 401 339 662 470 582 344 708 434 820 360 833 391 951 349 980 426 759 363 791 392 838 353 853 395 739 362 766 389
396 340 664 470 0 284 542 688 581 345 709 435 952 348 981 426 739 363 766 389 839 354 853 397 820 361 832 392
0 279 530 686 364 345 682 484 954 350 984 431 578 348 711 436 838 353 854 401
0 271 519 690 346 347 687 487 955 355 987 434 574 352 717 436
0 263 506 686 330 335 679 506 956 354 989 435 564 348 740 438
1 258 495 688 323 333 680 504 957 350 991 433 563 354 695 431 738 364 765 390
8 250 467 688 280 316 683 487 960 344 993 429 565 345 694 405 738 359 765 390 839 351 855 396 819 360 832 391
12 244 439 689 258 330 693 504 963 345 995 430 736 358 765 390 561 344 698 406 839 352 855 397 820 360 833 392 905 354 924 424
13 245 410 688 229 329 703 502 966 346 997 430 560 342 699 405 736 358 765 389 906 354 926 424 840 354 855 397 820 361 832 392
12 251 399 688 209 329 705 502 971 348 1003 432 908 354 928 425 558 343 699 405 737 359 765 389 841 355 855 398 820 362 832 393
188 330 711 502 8 231 370 702 974 349 1006 434 910 353 930 425 556 343 701 405 843 356 857 399 740 360 764 389 819 364 832 394
175 330 721 503 0 226 366 704 977 350 1010 436 913 355 932 424 842 358 856 399 740 360 764 389 554 343 704 403 788 363 808 393 819 365 831 393
166 330 728 506 3 281 347 690 980 350 1014 439 915 357 934 424 741 362 765 389 843 359 856 399 533 342 731 426
162 329 731 511 981 350 1015 442 0 295 335 678 917 360 936 425 741 363 766 389 843 359 856 399 551 344 706 400
154 329 733 517 983 349 1018 446 1 369 316 701 742 364 765 390 844 357 858 401 918 360 937 428 547 345 705 400
141 331 740 523 985 349 1020 451 6 406 306 702 544 346 706 402 844 355 858 402 919 362 939 429
128 333 751 529 987 349 1022 456 13 434 306 704 845 356 859 403 921 363 939 430
120 335 761 535 995 352 1029 457 12 449 315 705 846 371 857 406
121 334 769 540 999 353 1034 460 6 456 316 706 846 374 857 407 862 369 874 412 934 367 952 435
124 338 772 545 1004 363 1040 464 863 373 876 417 845 379 856 411 0 459 302 709
124 341 773 552 1007 365 1044 466 863 376 877 422 845 383 856 414 936 381 955 447
124 346 771 559 1008 367 1043 469 936 380 955 450 862 378 876 425 787 393 811 415 846 386 857 418
122 347 769 569 1007 368 1042 471 936 381 955 452 845 386 858 421 860 380 874 427 740 389 765 413
119 354 769 578 1008 369 1042 474 936 383 955 454 784 402 815 423 845 387 857 423
114 358 774 585 1010 370 1044 476 783 403 815 425 936 386 956 456
107 362 788 587 1019 372 1057 477 783 404 818 427 939 390 958 454
102 368 807 593 1025 373 1062 480 865 397 878 432
86 375 830 598 1032 372 1067 483 806 411 835 434 869 400 882 435
75 382 843 605 1037 371 1071 486 869 403 882 438
62 383 853 610 1039 370 1083 485 869 404 882 439 962 394 980 460
36 390 869 645 1039 365 1084 483 869 402 882 438
27 390 868 659 1038 361 1084 482 868 403 882 441
16 392 868 672 1034 357 1076 481 866 402 880 442
