

962 429 1187 550 583 438 701 535 707 427 793 498 15 443 102 481 253 459 307 539 176 450 204 503 371 453 398 490 927 433 956 494 822 432 845 469 871 432 897 490 529 442 567 467
963 428 1186 549 584 438 702 534 708 428 792 497 171 451 201 503 370 453 398 491 15 442 102 480 822 433 845 469 925 426 959 498 529 442 567 467 318 470 354 514 236 460 288 539 871 433 897 489
976 426 1200 548 584 438 703 533 707 430 792 496 367 453 396 492 15 442 101 480 167 450 196 503 822 433 846 469 310 470 349 515 875 436 902 489 530 443 568 467 925 426 960 497 229 453 282 541 420 453 439 472 316 448 347 494 977 425 1006 468
977 425 1200 548 583 438 704 533 706 429 792 496 364 453 392 492 15 441 101 480 875 436 902 488 420 454 439 472 925 426 960 497 828 430 852 469 531 444 568 466 193 473 273 557 367 471 394 503
977 424 1200 547 583 437 705 533 705 429 792 496 361 453 388 493 14 441 101 480 291 472 332 517 828 429 854 469 419 454 440 473 925 426 960 497 875 436 902 488 167 469 252 561 531 444 569 465 519 452 551 470
583 437 706 533 977 423 1200 547 704 428 791 496 14 440 101 480 280 459 329 520 925 427 961 497 829 428 855 469 360 452 386 492 530 443 568 465 143 471 230 563 419 453 440 472 870 432 898 488 518 451 551 470 0 440 28 466
584 436 706 534 977 423 1200 547 704 428 790 496 348 455 379 494 14 440 100 480 925 427 961 497 829 428 856 469 531 443 567 465 140 473 225 563 264 460 315 523 419 453 440 472 870 433 897 487 518 451 550 470 0 440 27 467 588 440 612 456
584 437 707 533 978 422 1200 547 705 428 789 496 257 462 310 526 346 454 377 495 14 441 98 480 931 432 960 493 832 429 857 468 533 443 567 465 518 450 549 470 112 478 203 564 870 434 896 487 588 440 613 455 821 431 842 465
584 437 709 533 979 421 1200 547 706 428 789 495 343 453 373 495 1160 532 1279 719 15 440 94 481 517 450 550 471 834 430 857 467 932 435 961 491 250 463 302 525 180 457 230 521 821 432 841 463 76 459 169 586 535 443 565 464 588 440 613 455 1224 398 1262 485 917 432 939 474
584 438 711 533 981 420 1200 546 707 427 788 495 339 453 368 495 234 463 287 529 515 441 555 469 1152 529 1279 719 836 430 856 466 933 437 961 490 821 433 839 463 35 463 134 597 1226 396 1266 489 588 440 613 455
585 437 712 533 983 420 1200 547 708 426 787 495 22 464 120 598 335 453 365 497 513 441 555 469 160 457 210 525 820 433 839 463 227 463 280 529 1141 524 1279 719 934 438 962 490 835 430 855 466 1229 395 1269 490 588 441 613 456
586 438 712 533 986 419 1201 547 709 427 787 495 512 441 554 470 934 436 961 491 818 433 837 463 879 438 905 485 835 429 854 467 93 435 133 513
589 439 713 533 988 418 1203 548 710 428 787 494 510 447 553 474 934 436 961 491 319 450 352 495 816 432 836 463 139 461 227 535 880 439 905 484
590 441 714 532 988 417 1204 548 711 429 786 493 507 446 554 475 934 436 961 492 311 467 349 510 136 460 225 540 65 441 111 516 870 439 893 484 881 440 904 484
592 442 715 532 987 416 1206 548 710 422 785 487 504 445 554 475 935 436 960 492 301 445 351 506 1071 460 1277 708 881 441 902 484 870 440 893 483 136 479 222 547 61 440 106 515
592 443 718 532 988 416 1208 548 711 422 784 486 500 445 555 476 1067 455 1276 709 935 434 960 493 879 441 902 484 816 434 833 462 103 483 213 546 434 86 472 228 292 468 330 513
593 443 720 532 988 416 1211 549 1059 447 1274 712 712 423 784 485 497 445 554 476 934 433 960 493 879 440 902 484 286 466 324 517 63 481 153 553 292 447 321 494 816 434 832 462 433 84 471 226
593 443 722 533 988 417 1213 548 1049 439 1275 714 712 424 783 484 495 444 552 477 321 452 347 487 934 433 959 493 398 451 420 477 878 439 903 484 39 479 135 560 817 435 832 462 266 442 313 511
594 442 723 533 988 418 1214 546 1039 436 1276 713 718 425 780 483 319 452 346 489 495 444 551 478 263 441 308 513 397 450 420 478 934 433 959 493 34 479 131 563 879 439 904 484
596 442 723 533 987 419 1213 544 1017 435 1273 693 718 424 780 483 317 452 343 489 493 442 551 478 258 440 301 512 396 451 418 478 932 432 959 493 586 452 622 487 863 431 883 473 882 432 905 476
596 442 723 533 985 420 1212 542 1010 436 1272 690 718 424 779 483 314 452 342 490 492 442 550 479 395 452 417 478 861 430 881 474 586 452 623 487 242 441 286 512 247 473 280 516 882 431 905 476 930 432 958 493 565 447 584 461
595 442 725 532 1002 432 1273 689 986 422 1210 539 718 423 779 482 237 440 281 514 310 453 341 490 492 442 549 479 6 443 85 484 860 430 880 475 394 452 416 478 587 451 625 488 883 431 906 476 565 447 585 462 929 432 958 493 839 430 856 467
594 441 726 533 1000 432 1273 691 987 422 1208 536 719 423 780 482 5 443 84 483 483 448 543 481 393 452 416 479 310 453 341 490 860 431 880 474 586 450 625 487 232 440 275 513 246 444 272 490 884 432 907 475 565 447 585 462 839 431 856 468 928 433 958 493
595 441 727 534 991 431 1271 695 989 422 1206 533 718 423 780 482 4 443 83 483 480 447 544 482 392 452 415 481 298 455 327 488 860 431 880 474 209 457 261 522 586 450 627 487 564 446 586 462 839 431 856 468 885 431 907 474 955 425 980 479
985 431 1269 697 605 439 730 535 988 422 1204 531 719 423 779 482 3 442 82 483 476 447 544 483 295 457 328 490 392 453 415 480 859 430 881 474 563 446 586 462 189 458 241 526 586 450 628 488 206 438 251 514 838 431 856 468 885 431 908 474 412 57 456 206 955 425 979 477
977 430 1267 698 604 439 732 536 2 442 81 483 987 422 1200 526 718 423 779 481 180 456 236 530 465 441 547 486 293 459 328 491 858 429 881 476 392 454 415 480 562 446 588 463 246 452 267 477 411 51 454 205 586 450 630 488 885 430 909 474 954 426 977 475
973 428 1266 698 605 439 733 536 1 443 80 483 719 424 778 481 463 442 545 487 980 425 1172 521 292 458 326 492 858 429 881 477 562 447 588 463 165 457 218 531 243 452 264 478 392 454 413 479 584 442 640 496 446 454 467 478 410 46 453 203 953 426 976 474
971 425 1265 698 607 440 734 537 0 443 79 483 719 424 778 480 461 443 543 488 290 456 321 492 980 423 1168 518 857 430 881 477 375 454 399 483 563 447 588 463 584 442 641 496 229 451 249 478 443 454 465 478
968 421 1264 698 608 441 735 536 458 444 541 488 0 443 78 483 720 425 778 479 288 455 318 492 373 452 396 483 590 439 646 497 999 425 1144 517 226 453 249 479 857 430 880 476 564 447 588 463
965 417 1264 698 611 443 737 535 456 445 540 487 0 442 77 483 590 440 646 497 370 452 395 484 1001 424 1139 516 221 454 247 479 857 430 880 476 287 455 315 491 273 455 297 485 284 472 315 501 564 447 588 463
959 414 1266 701 613 442 738 535 0 441 77 483 590 440 647 497 454 445 539 486 369 452 393 485 1005 425 1132 514 217 453 245 480 271 455 298 487 857 430 879 476 106 444 164 538 326 453 344 474 563 447 589 463
615 441 739 534 950 418 1269 701 442 449 529 490 590 441 648 497 0 442 74 486 368 453 392 486 268 455 298 489 272 471 307 503 215 453 243 480 857 431 879 475 324 454 343 475 1011 427 1123 506 563 447 590 464
619 439 740 534 942 420 1270 701 440 449 528 492 589 441 649 496 268 471 305 504 266 455 298 492 366 455 391 486 0 446 65 484 562 447 591 464 321 454 342 476 994 435 1017 496 796 437 811 461 857 432 878 474 515 450 541 474
934 425 1272 700 623 439 742 534 438 449 527 493 588 442 649 497 264 471 303 504 198 455 228 482 994 436 1017 495 562 447 591 465 795 437 810 462 16 479 107 558 928 450 964 489 843 433 860 466 516 450 540 474 38 440 91 542
927 426 1274 700 625 440 743 533 434 448 525 494 588 443 650 497 261 471 299 504 196 455 224 481 561 446 592 465 993 438 1016 493 795 438 809 462 928 449 963 489 12 477 100 560 882 431 905 474 516 450 540 473 844 434 861 467 857 432 877 472
921 429 1275 700 626 441 745 532 432 447 522 494 588 443 651 497 348 457 374 490 515 450 540 473 192 454 220 481 258 471 295 505 561 446 592 464 882 430 905 476 928 448 962 490 795 439 808 462 993 440 1014 489 845 434 863 467 856 433 877 472
917 431 1276 696 635 437 746 534 427 446 520 495 589 442 652 498 346 456 371 490 513 450 540 474 882 429 904 477 927 447 961 490 248 471 285 506 245 452 271 486 561 447 591 464 991 441 1012 487 845 435 864 468 857 433 877 472
915 433 1275 692 637 437 746 533 425 445 520 496 589 442 653 500 244 471 285 508 343 454 369 490 511 450 540 474 0 446 71 481 881 430 904 478 178 453 203 480 243 452 271 489 927 447 960 490 561 452 588 467 298 454 319 475 990 443 1010 485 846 435 866 470
914 435 1274 688 637 438 747 533 415 445 510 499 589 441 654 501 242 471 282 508 340 453 367 490 510 450 540 475 174 453 200 481 0 446 69 481 882 430 904 478 927 446 959 489 242 452 270 488 296 455 318 475 847 434 866 471 562 452 587 467
911 435 1275 686 639 438 749 532 411 445 508 501 590 440 655 503 169 453 196 482 238 472 277 509 509 450 539 474 0 446 67 482 883 431 904 477 340 454 366 489 927 446 958 488 847 434 866 471 243 451 271 487 562 452 587 467 296 455 317 475 790 441 805 464
906 434 1277 683 640 440 750 531 405 446 505 503 591 441 657 502 164 453 192 483 234 472 273 511 0 446 66 481 509 451 538 473 561 452 590 468 883 431 903 477 494 452 528 477 847 434 866 472 223 450 246 485 244 451 271 486
903 435 1279 681 401 446 502 506 641 440 752 530 593 442 659 501 493 452 530 476 560 451 592 468 0 446 65 482 325 455 348 492 884 431 903 477 221 472 263 513 219 449 247 489 847 434 866 472 510 451 538 472 733 449 773 482
900 436 1279 681 643 441 755 530 398 446 498 508 491 452 530 477 589 442 661 501 560 451 594 469 0 446 65 483 217 473 264 515 150 455 182 484 322 455 345 493 884 431 903 478 846 434 866 472 217 449 248 490
901 436 1279 677 645 442 757 529 486 451 530 478 589 443 663 502 390 443 488 512 211 474 261 516 560 452 594 469 0 447 65 484 147 454 177 484 318 455 342 493 846 434 865 472 883 438 904 483 790 440 804 464 215 450 247 490 735 450 772 481
900 433 1279 673 647 442 759 529 589 443 663 503 483 452 529 480 391 443 485 513 206 475 255 517 0 448 64 484 560 452 593 470 143 454 172 485 846 434 865 472 884 439 905 482 790 440 804 465 214 450 246 489
900 428 1279 670 649 443 761 528 589 444 665 504 480 452 528 480 389 442 483 515 0 448 63 484 560 452 593 470 203 474 248 518 845 434 865 472 141 453 166 484 884 441 906 481 301 468 330 508 789 441 803 465 916 441 939 485 214 449 243 488
898 425 1279 669 651 443 763 528 589 444 667 504 480 452 526 480 0 448 62 484 562 452 592 469 386 441 480 515 844 434 864 473 194 474 238 518 298 453 324 498 885 441 907 481
896 424 1279 665 654 444 764 527 589 444 669 503 478 451 525 481 187 475 236 520 563 452 593 469 0 447 60 484 125 456 153 486 844 434 864 472 380 450 475 525 884 441 907 482 290 468 322 511 296 453 321 494
895 425 1279 658 656 444 764 527 589 444 671 503 476 451 523 480 564 452 593 469 178 462 232 519 119 456 150 487 0 447 59 485 843 433 863 472 884 441 908 482
894 424 1279 652 661 440 769 530 589 444 673 503 473 451 522 480 564 451 594 470 0 447 58 484 309 456 452 530 843 433 863 472 115 456 144 487 884 440 908 482 172 462 226 519
893 423 1279 649 661 440 770 530 589 444 673 504 472 451 521 480 563 451 593 470 164 464 217 521 0 448 56 484 305 456 454 530 843 433 863 472 884 439 909 483 106 454 127 484
869 428 1279 646 661 441 770 530 589 445 672 504 560 451 593 471 157 464 211 522 469 451 521 481 271 449 450 538 0 446 40 486 100 455 125 486 842 434 863 472 884 440 908 482
869 429 1279 642 661 442 771 529 589 445 672 505 557 451 593 473 462 453 515 483 0 447 42 485 266 449 444 541 94 454 122 488 842 435 863 472 152 462 204 523 173 445 197 487
867 431 1276 636 661 442 772 529 590 445 671 505 555 452 593 473 459 452 517 485 240 450 433 542 0 448 42 485 138 466 194 524 842 435 863 471 171 447 194 485
864 431 1271 630 662 443 772 529 590 444 671 506 237 451 429 547 458 454 515 487 555 452 593 475 0 450 41 485 133 464 190 526 842 436 862 470
863 431 1263 626 663 442 772 529 590 445 669 507 455 456 511 488 224 452 421 549 556 453 594 476 0 451 40 486 842 436 861 470
863 432 1256 622 664 442 773 529 588 445 669 508 556 454 594 478 452 457 508 490 0 453 38 485 207 452 415 551 841 437 860 470 885 442 909 483 1132 425 1245 472
864 432 1248 618 666 442 774 529 588 446 669 510 556 455 593 479 448 457 507 490 0 454 36 484 166 451 396 553 1130 424 1247 475 885 442 908 484 841 437 859 470 151 450 170 485
864 434 1242 614 667 442 774 529 587 446 670 511 151 457 394 564 555 455 591 479 445 456 506 491 0 455 34 484 885 440 908 485 396 458 418 488 544 457 572 476 148 451 167 485 1129 423 1249 475
863 435 1234 611 669 442 775 528 587 446 669 511 555 456 590 479 444 454 506 491 0 455 34 485 129 456 393 566 395 457 417 489 544 457 574 476 884 441 908 484 1119 419 1269 543
861 435 1228 609 670 442 775 528 587 446 669 511 554 455 590 479 77 452 367 575 436 449 509 492 0 455 30 485 1118 421 1269 542 884 441 908 484
862 436 1220 609 670 442 776 528 586 446 669 510 552 455 590 479 45 452 377 582 435 450 506 493 1116 421 1269 539 0 456 29 486 373 459 396 489 884 443 908 482 838 437 859 471
864 434 1215 609 672 442 776 527 586 446 670 511 26 451 337 589 552 455 590 479 1115 419 1268 537 425 452 501 495 0 457 28 486 371 459 395 490 1247 426 1278 572 370 471 397 504
866 433 1208 610 673 443 776 527 586 447 670 511 16 444 317 612 552 455 591 480 421 454 500 495 1113 418 1267 535 369 458 393 493 1246 427 1278 570 0 456 29 487
863 433 1203 609 674 443 776 526 587 447 670 511 417 454 499 496 6 445 293 620 552 455 591 480 1111 417 1267 535 363 469 388 508 368 457 391 495 396 457 416 489
859 433 1199 608 678 438 774 521 587 448 670 511 412 455 495 497 2 445 240 630 550 455 591 480 1086 418 1262 531 394 456 414 489 351 473 378 508 368 456 387 494
855 433 1196 606 674 444 777 525 587 448 670 511 409 456 491 498 0 442 233 627 538 454 584 481 1083 418 1264 532 346 472 374 511 393 456 413 490 1240 454 1279 575 351 458 371 493
853 433 1189 605 675 445 778 524 587 448 669 511 1080 418 1265 532 537 453 586 482 405 456 489 499 340 470 369 513 0 438 184 629 1238 453 1279 576 347 456 369 493 391 455 411 489
851 433 1179 604 676 445 779 524 586 448 669 511 536 453 587 483 1078 417 1266 532 391 454 482 503 0 436 170 623 1237 453 1279 577
848 433 1169 602 681 440 778 520 586 448 669 511 535 453 587 484 1078 417 1266 533 385 453 479 505 1 432 136 630 1226 455 1279 579 322 475 354 519
845 433 1164 601 683 440 778 518 586 448 669 512 534 453 587 485 1079 417 1265 532 383 453 475 505 316 475 351 521 1225 456 1279 580 1 436 120 636
844 433 1159 600 685 441 778 517 585 448 668 513 532 453 586 485 1077 417 1265 532 379 452 470 506 1224 456 1279 580 312 473 342 521
842 433 1155 600 687 441 778 516 583 450 668 519 529 453 585 486 1075 418 1265 531 378 451 466 506 1223 456 1279 578
840 433 1152 598 688 441 778 515 582 450 667 520 353 446 466 509 527 454 583 486 1075 418 1266 531 285 462 327 531
848 427 1141 595 689 442 778 515 582 450 668 519 526 454 581 486 349 447 464 509 1079 418 1265 531 133 487 191 547 478 457 490 481
848 428 1138 594 690 442 778 514 583 448 668 512 525 453 580 486 1080 418 1261 534 344 448 461 509
690 441 778 514 846 429 1136 593 582 448 668 512 1080 417 1258 536 525 453 580 485 344 449 455 508
690 441 778 513 832 434 1125 587 582 447 669 512 1081 416 1258 537 524 452 579 485 325 448 449 510 237 461 286 538 70 486 149 555
832 430 1122 574 690 442 778 513 582 447 669 512 1083 414 1260 536 524 451 578 485 324 459 445 512 232 460 277 537 49 484 130 557
832 431 1119 574 690 442 777 512 582 447 668 512 1084 413 1260 531 523 452 576 486 320 458 440 513 41 482 127 560
832 431 1115 573 690 442 777 512 578 449 667 520 1086 413 1259 526 522 452 574 486 316 455 435 516 186 457 236 540
829 432 1112 572 690 441 776 511 576 449 666 521 296 452 424 520 1088 412 1256 522 522 452 573 487 1201 419 1279 566 182 454 228 541 4 469 67 568 150 481 227 557
828 432 1108 571 575 449 666 521 691 441 776 511 291 453 421 522 1094 411 1253 523 522 452 571 487 1200 418 1279 565 145 481 220 560 3 466 60 571
829 432 1102 570 574 449 666 521 692 441 775 510 287 452 416 525 512 455 561 489 1115 411 1274 535 1198 418 1279 566
830 432 1096 570 574 449 666 522 693 441 774 510 269 456 405 526 510 455 561 490 1121 410 1275 539 423 459 441 484
830 432 1092 570 258 456 402 529 693 442 774 509 573 449 666 522 508 456 560 491 1125 410 1276 541 421 459 440 485
827 432 1090 570 572 450 666 522 693 442 774 509 253 456 397 533 507 457 559 491 419 459 439 486 1127 411 1276 541
825 433 1086 570 571 450 666 524 692 443 773 509 232 460 386 539 504 458 558 492 417 460 436 487 449 460 467 486
824 434 1081 570 570 450 667 525 691 444 773 508 501 458 557 492 1172 420 1266 555 448 462 465 487 225 461 380 541
824 435 1076 570 569 450 667 527 689 444 773 508 203 462 364 557 1171 420 1265 556 499 457 555 492 449 463 464 488 406 459 419 486
823 436 1072 570 569 450 667 527 190 461 358 559 689 444 774 508 1169 422 1264 557 497 457 555 492 448 463 464 488 405 458 419 486
821 436 1068 570 172 461 352 560 569 450 667 528 691 444 773 507 1167 422 1264 559 447 462 464 488 495 456 554 492 402 457 418 487
819 437 1066 570 569 450 668 528 692 445 773 507 400 455 417 488 1164 425 1263 561 445 461 463 488 488 451 561 496 156 462 351 561 472 459 488 481
130 457 330 565 818 438 1064 570 568 450 668 528 693 446 773 507 397 455 416 489 1160 423 1261 562 443 460 461 488 486 452 560 497 471 458 487 482
113 459 321 567 567 449 669 529 818 439 1062 568 693 446 773 506 396 454 416 490 484 451 559 497 1157 424 1259 564 442 460 460 488 471 458 486 482
567 449 669 529 816 438 1042 565 694 446 772 506 394 453 413 490 481 452 559 497 95 459 319 569 442 458 458 488 1154 423 1255 565 470 457 484 481
818 439 1038 564 566 449 670 529 63 459 290 575 694 445 771 505 473 455 550 501 391 453 411 490 1141 474 1249 565 441 459 457 487 469 457 482 479 433 456 446 485 273 453 295 492 542 457 567 478
820 439 1035 563 39 461 286 581 565 449 670 529 471 455 549 501 695 445 771 504 1140 476 1244 565 389 453 408 488 432 457 447 487 441 458 458 487 270 454 292 496 540 457 567 478
