

127 331 351 505 357 387 440 446
126 330 351 505 358 386 440 446 491 406 511 434
126 330 351 506 358 386 439 446
126 330 350 507 358 387 439 446
126 331 349 506 359 387 438 446
126 332 348 505 360 387 438 445 492 405 513 433 573 404 589 438
127 333 347 505 361 387 438 445 491 404 512 434 573 404 590 439
127 333 347 505 361 387 438 445 490 404 511 434 574 402 592 440
127 332 348 505 362 388 439 445 489 403 510 434
127 332 348 505 362 388 440 446 489 402 510 434
129 332 348 505 363 388 440 446 490 402 510 435
130 332 347 505 364 388 441 447 490 401 510 435
131 332 347 504 365 389 442 447 491 401 510 434
130 333 348 503 366 389 442 447 492 401 510 434
130 333 348 503 367 389 443 447 493 401 510 434
130 333 348 503 368 389 443 447 493 402 511 434
130 334 347 504 368 389 444 447
131 334 346 505 368 389 446 447
369 389 446 447 132 334 346 505 494 404 513 435
372 389 448 447 134 334 345 504 494 402 514 434
374 389 450 447 144 337 358 501 495 401 515 434
375 390 452 446 144 337 358 502 496 400 516 434 588 399 614 440
145 337 359 501 376 390 452 446 496 401 517 435 589 399 615 440
146 338 358 501 377 389 453 446 497 401 517 436 590 398 615 441
147 339 358 501 377 388 454 446 497 401 518 437 590 398 616 441
149 340 357 501 377 388 454 446 498 401 519 439 591 395 618 442
149 342 357 501 383 389 458 445 499 401 520 439 591 394 618 443
150 343 358 500 385 390 458 445 500 401 521 440 592 393 618 444
149 343 359 499 387 390 458 445 500 401 521 440 592 396 617 445
148 342 361 500 389 390 459 445 501 402 522 439 0 384 24 510 593 399 616 444
148 341 362 500 390 391 460 445 501 402 522 439 584 398 671 441 0 385 28 510
149 341 362 500 392 391 462 445 587 398 674 442 501 403 522 438
147 342 362 499 393 391 465 445 591 399 676 442 502 404 522 437
146 342 363 499 393 390 466 445 593 399 678 443 508 401 532 442
145 343 363 499 394 390 468 445 601 400 686 445 0 350 64 527 508 401 533 442
149 343 363 499 396 390 470 445 0 351 67 520 603 400 687 444 508 400 533 442
153 343 364 500 399 390 473 445 0 348 72 515 508 402 533 442 606 399 688 444
157 343 366 500 401 389 475 446 0 342 78 511 509 403 534 442 609 400 690 443 611 400 633 447
160 343 367 500 402 389 477 446 0 339 83 509 510 402 534 442 611 400 692 443 612 399 634 446
163 342 368 500 402 389 478 446 0 335 89 512 511 401 534 442 612 398 635 447 629 403 689 435
166 341 370 500 406 391 484 444 0 330 94 517 512 400 534 442 614 397 636 446
169 339 371 499 408 391 484 445 0 324 98 524 614 397 639 447 512 400 535 442
171 338 371 499 409 392 484 445 615 396 640 447 0 332 108 518 513 399 536 442 641 404 703 434
173 339 372 499 411 392 485 445 0 335 112 516 616 396 642 449 513 399 537 442 647 404 702 433
174 340 372 499 412 392 487 446 0 337 118 514 617 394 643 451 513 399 537 442 653 403 702 432
175 340 373 498 414 392 489 446 0 337 124 514 618 393 645 451 513 400 538 442 658 403 701 430
176 340 374 498 0 336 128 512 414 392 491 446 618 394 646 450 514 401 538 441 661 403 700 429
178 340 375 498 0 336 132 510 415 392 493 445 620 395 646 449 662 403 700 429 514 402 539 440
180 340 376 498 0 335 134 509 416 392 496 445 620 397 646 448 664 403 699 428
182 340 377 498 0 335 136 509 418 392 498 444 620 398 644 447 678 402 710 428
183 340 379 498 0 337 142 506 420 391 499 442 679 401 712 428
183 339 381 498 0 338 146 505 423 391 500 442 680 401 713 429
183 340 383 496 0 338 152 502 425 391 502 441 681 401 713 430 625 378 661 454
183 340 384 496 0 339 159 500 429 392 517 443 626 377 662 455 682 401 713 431
184 342 384 495 0 341 164 499 429 393 516 443 626 376 663 455 683 402 713 431 516 396 541 440
185 342 385 495 0 344 170 497 430 393 517 443 627 375 664 455 517 395 541 440 684 403 714 431
187 343 384 496 0 347 175 495 431 393 516 443 628 376 665 456 517 394 540 440 686 404 715 430
0 349 180 494 189 343 384 496 432 393 516 443 630 378 667 458 517 395 540 441 686 405 718 430
0 351 183 491 190 344 383 497 434 394 515 444 631 380 668 459 517 395 539 442
0 353 186 490 193 345 383 496 436 394 514 444 632 381 669 459 518 395 539 441
0 355 190 489 195 347 384 495 437 394 516 444 633 382 671 459 518 397 540 441
0 356 193 490 197 350 384 494 438 394 517 443 635 382 672 459 518 398 540 441
0 360 205 491 207 354 392 495 636 383 672 460 439 395 519 443 517 399 541 441
0 360 208 491 209 355 391 496 638 384 673 461 440 394 520 442 518 398 541 441
0 360 212 491 210 355 391 495 638 384 674 462 441 394 521 441 518 397 542 441
0 360 215 490 212 355 390 496 639 385 675 462 441 394 522 441 519 396 543 441
0 361 215 490 212 355 391 495 639 385 677 462 442 394 523 441 518 395 543 442 434 393 473 432
0 362 215 487 212 356 390 494 639 386 678 462 518 394 544 443 434 391 474 432
5 362 217 486 212 357 390 491 434 391 474 432 640 386 679 463 517 394 545 446 460 397 548 444
12 363 220 485 212 358 390 490 434 392 475 432 518 396 546 448 652 384 682 466 462 397 546 445
17 363 223 485 213 358 390 490 434 393 476 432 653 383 684 466 519 396 546 449 464 398 545 445
26 363 225 484 215 360 392 491 434 394 477 432 654 382 686 467 519 396 546 449 470 396 526 446
33 363 227 484 218 361 392 491 434 394 479 432 656 381 689 468 519 396 546 450 475 401 521 443
40 363 228 483 220 362 392 491 435 395 481 432 659 381 692 470 476 401 520 443 519 396 547 449
44 365 229 482 222 361 392 491 435 395 483 432 660 380 695 470 476 401 521 442 519 396 547 449
226 362 394 490 46 365 232 481 660 377 697 471 437 395 484 432 479 402 521 442 520 396 547 448
231 363 396 488 59 370 244 479 660 373 700 472 439 397 484 433 482 403 521 442 521 397 547 447
235 363 397 487 64 370 244 479 660 372 702 473 440 398 484 433 484 403 521 442 521 398 546 447
237 363 398 487 69 370 245 479 660 371 704 475 441 398 483 433 486 404 521 442 521 399 545 447
239 363 399 487 78 371 247 480 660 371 705 475 441 398 484 433 489 405 521 440 521 400 545 446
240 362 401 486 85 370 251 480 442 398 484 432 492 407 522 438 660 371 706 475
241 361 403 486 93 369 253 480 442 397 485 432 672 370 711 476 496 408 522 435
242 361 403 485 97 368 255 481 442 397 486 432 674 367 713 476 497 409 521 432
244 361 403 485 103 368 256 480 676 366 716 475 442 396 486 432 657 420 685 475 498 408 521 430
245 361 402 485 107 369 257 479 679 364 718 472 442 396 486 431 660 419 686 476
247 361 402 484 111 373 261 470 682 364 722 470 515 393 596 453 443 395 486 430 662 419 688 476
249 361 402 484 116 372 262 469 683 362 725 469 517 393 597 454 444 395 486 430 663 418 691 476
251 362 404 483 120 372 263 468 685 361 728 471 520 393 598 454 444 395 486 430
253 362 404 482 125 372 262 467 685 359 731 471 520 392 599 454 445 396 485 430
130 372 270 468 254 362 406 482 694 357 738 473 521 392 600 454 446 397 485 430
134 373 271 466 256 362 407 482 694 358 741 471 446 395 492 431 521 392 601 455
141 374 272 465 259 363 408 481 695 359 745 472 446 395 493 432 672 418 717 483
148 375 271 465 262 363 409 481 697 359 748 472 445 394 494 432 673 421 718 484
154 375 270 465 263 363 410 481 701 359 751 474 445 394 496 432 675 421 719 485
157 376 270 465 262 365 410 481 704 357 754 477 446 393 496 432 677 420 721 485
263 366 410 481 160 376 271 464 705 355 757 479 447 394 495 432 680 420 726 485 521 393 569 458
170 374 283 465 264 368 410 480 449 395 496 432 705 352 760 481 696 417 748 487 521 393 568 458 559 403 599 434
172 375 284 463 265 369 410 480 450 396 496 432 717 352 766 480 693 420 745 488 563 404 599 433 522 391 566 458
