

926 332 1073 412 771 316 864 392 645 304 770 406 855 333 943 390 494 317 582 391 577 332 618 366 1099 318 1209 439 1066 315 1166 387 1194 231 1279 545 616 335 649 360
928 330 1076 412 770 314 867 392 644 304 771 406 491 317 582 391 854 333 945 389 1100 314 1232 433 577 332 617 364 1196 254 1279 535 1065 315 1165 388 616 334 649 359
929 329 1078 413 771 314 866 393 642 304 771 407 488 317 579 391 854 334 946 389 1104 314 1241 432 1066 314 1169 391 575 332 615 364 1210 305 1278 542 614 334 649 359
931 330 1078 415 770 314 865 395 854 336 948 390 639 303 771 408 486 318 575 392 1114 313 1268 443 1068 315 1172 394 576 333 614 365 1229 295 1277 563 613 335 647 361
940 332 1086 420 856 338 948 393 769 314 864 398 1117 317 1275 447 638 313 766 412 481 329 572 395 1068 318 1173 412 566 335 606 369 611 338 646 363
942 335 1090 422 636 312 764 413 857 339 948 395 1122 319 1279 450 478 328 570 397 767 314 864 400 1071 319 1175 415 565 337 606 371 611 340 644 365
860 340 947 397 634 312 765 414 1127 320 1279 449 762 324 870 402 476 329 567 399 943 336 1094 422 1081 319 1196 414 563 338 606 373 611 342 642 367
862 341 947 399 632 311 765 417 936 333 1106 426 1132 320 1279 450 763 325 871 403 475 330 565 401 1083 321 1197 416 561 339 605 372
935 336 1114 429 863 343 948 402 763 327 870 405 630 312 766 419 1137 323 1279 452 474 332 565 403 1086 324 1198 417 560 344 608 381
935 339 1119 433 862 345 950 405 763 328 871 407 634 315 755 422 1144 326 1279 455 463 335 560 407 557 346 607 383 1090 327 1201 418
936 341 1122 436 862 346 952 407 763 328 871 409 459 336 558 409 633 316 755 423 1158 322 1279 464 555 347 605 384 1093 328 1204 420
950 339 1132 436 867 346 960 407 762 328 872 409 455 336 555 409 1164 325 1279 465 632 316 754 422 554 348 601 382 1095 327 1208 420
951 337 1139 434 868 343 962 404 452 333 551 409 761 327 873 408 632 316 751 422 1170 324 1279 466 1108 327 1220 418 554 346 599 380
954 334 1147 431 868 340 963 401 448 333 548 408 760 324 875 407 631 315 751 420 1189 321 1279 463 1108 325 1223 417 553 345 597 379 593 340 621 365
958 331 1153 430 869 339 964 401 758 322 876 407 446 331 545 407 1196 321 1279 463 624 312 749 420 1106 322 1226 416 554 339 594 371 593 338 622 364 539 337 571 367
961 328 1160 427 868 336 964 399 622 309 748 419 757 320 877 405 436 332 539 405 1206 321 1279 465 1104 319 1233 414 550 336 594 371 592 336 623 362 539 336 572 365
964 324 1168 424 868 333 964 397 432 330 537 402 621 307 747 418 759 309 876 404 1218 332 1279 466 548 333 593 369 591 334 623 361 1132 322 1247 412 737 327 771 371
965 321 1177 422 428 327 536 401 760 307 878 402 868 331 964 394 616 298 749 411 548 330 593 366 1238 336 1278 460 590 331 623 359 736 324 771 371 1128 312 1254 393 520 335 548 363
967 317 1185 421 761 307 880 400 617 297 748 409 424 324 534 401 870 324 962 390 1245 336 1278 460 547 327 593 365 1127 310 1261 393 590 329 622 359 736 322 769 370 520 332 547 362
980 315 1208 420 763 306 882 398 616 294 747 408 424 314 531 397 873 322 963 391 547 325 593 364 588 326 621 358 1127 309 1267 392 736 321 770 370 520 330 546 359 1254 328 1278 464
988 314 1213 421 614 293 747 408 764 305 885 400 421 313 527 398 876 321 964 392 546 324 595 364 1120 302 1265 406 588 326 620 358 735 320 771 370 520 330 545 357
996 316 1221 424 612 293 746 409 763 304 888 403 416 318 526 406 876 329 968 394 546 325 595 365 1123 299 1264 408 589 327 618 356 734 320 772 371 520 331 543 356
999 319 1230 428 415 319 525 407 610 296 746 411 762 305 890 406 877 330 970 397 547 328 594 366 1125 300 1265 409 733 322 773 372 591 331 616 355 519 334 542 358
1002 325 1240 435 405 325 522 409 881 333 972 401 764 317 893 408 607 298 746 412 548 332 594 369 732 327 774 374 518 337 543 362 1134 306 1269 421 590 334 614 357
403 329 520 414 1004 330 1247 441 606 306 742 422 886 337 972 406 765 317 895 411 550 336 594 371 517 338 543 365 732 331 776 376
400 331 518 418 604 306 741 423 1013 325 1267 447 890 340 973 409 766 316 898 414 542 341 600 383 735 335 776 390 515 339 543 367 538 338 576 368
1022 326 1266 450 396 331 516 420 602 307 738 424 891 341 973 410 771 316 910 418 542 342 601 384 733 334 779 392 515 338 543 367
1033 326 1267 453 392 329 513 420 600 306 737 425 898 341 979 408 771 316 915 419 544 342 600 383 732 335 781 391 517 339 543 367
1041 326 1271 455 387 328 511 420 598 305 736 426 901 339 979 408 774 316 919 419 731 330 783 383 546 342 598 383 517 339 543 367
1048 326 1273 456 383 326 510 419 597 304 737 425 777 317 918 416 906 337 981 408 732 329 785 383 550 338 596 374 517 337 543 366
1053 326 1275 454 596 302 738 425 381 324 510 417 780 316 923 415 909 335 983 408 733 328 786 382 549 337 597 374 516 335 542 366
1063 322 1276 453 782 313 929 415 595 301 739 424 374 322 506 418 913 333 986 407 734 325 786 379 548 335 599 372 516 334 542 362
1070 319 1277 450 371 320 507 416 784 310 936 416 593 293 739 418 916 331 988 406 734 322 786 376 547 333 600 370 516 332 542 359
368 319 507 413 1075 316 1278 450 592 291 738 418 786 307 942 417 925 331 988 407 734 318 787 374 547 331 600 368 517 331 542 357
365 319 506 412 591 290 736 418 1090 314 1279 451 788 306 947 417 736 318 794 374 548 331 600 367 932 330 992 407 516 330 542 356 439 291 519 361
1097 314 1279 455 588 289 734 419 361 318 506 414 792 306 952 418 548 332 600 367 737 321 795 375 937 332 993 405 517 331 543 356
795 306 959 419 1105 313 1278 459 588 290 733 420 357 318 507 417 548 333 600 368 737 324 795 375 943 333 995 404 518 331 544 357
799 306 963 421 586 297 735 428 1113 311 1279 461 353 317 500 423 549 334 599 370 736 327 796 377 519 333 544 360 949 336 998 404
811 306 974 425 587 296 734 429 350 318 498 426 1118 311 1279 461 735 329 797 379 550 334 597 372 520 334 543 361 434 291 518 369 953 338 1000 405
814 305 978 428 586 295 734 431 346 319 494 430 1124 310 1279 461 736 332 797 381 551 335 596 374 521 335 544 363 436 295 519 384
815 305 986 429 585 296 734 432 344 320 492 432 1129 309 1279 462 738 334 798 381 552 335 594 375 521 335 545 363 435 294 519 386
818 305 991 430 586 297 734 432 341 321 490 436 1135 307 1279 461 740 334 799 381 520 335 545 364 553 336 594 375 434 294 519 386
819 305 996 432 585 298 733 432 340 322 489 438 1152 305 1274 467 740 335 799 381 554 336 594 375 432 294 519 386 520 335 545 364
820 304 1003 435 584 297 734 432 335 322 485 440 1154 307 1274 457 737 334 804 389 432 295 520 387 555 337 593 375 520 335 545 365
821 302 1011 437 582 295 733 434 331 323 482 440 1157 307 1277 449 738 334 806 389 431 295 521 387 556 337 592 374 521 336 545 366
822 300 1020 438 580 293 734 436 326 324 480 440 1159 306 1278 441 738 334 807 389 431 295 521 388 557 337 590 373 522 336 546 365 1205 343 1276 500 540 338 561 365
825 302 1026 438 579 292 733 437 322 326 481 442 737 334 809 389 1160 306 1278 439 430 296 522 388 557 337 589 373 522 337 545 365 1208 364 1279 478 540 339 561 365
579 291 733 438 316 325 482 442 827 301 1032 438 737 334 811 389 1160 305 1278 440 429 295 523 388 522 337 545 364 559 338 588 371 1216 361 1279 479 540 339 561 365
579 290 734 438 312 325 483 442 846 299 1038 444 737 334 813 388 1160 304 1277 446 429 296 524 388 560 338 587 370 522 337 544 364 539 339 561 365
578 289 737 438 305 320 477 443 848 296 1043 444 739 329 814 386 1162 303 1277 451 428 295 523 388 560 337 587 370 521 336 543 364 539 337 562 365
304 319 477 444 577 288 738 439 848 295 1048 443 738 330 815 385 1164 304 1276 451 559 336 587 370 539 336 561 364 520 335 543 363
299 316 477 443 576 287 738 440 850 293 1057 442 739 330 815 383 1167 305 1276 444 559 335 587 369 539 335 561 363
294 314 477 443 575 286 737 440 853 292 1066 441 740 330 818 383 1170 304 1277 439 560 334 586 367 540 334 561 362
287 312 478 442 856 292 1075 441 574 286 736 440 1173 303 1277 435 740 329 818 384 561 334 584 365 541 333 561 360
284 311 478 443 858 292 1082 444 573 286 737 441 741 328 819 385 1177 302 1276 436 560 333 583 364 543 332 563 359
279 312 475 445 571 286 736 441 859 292 1091 448 741 327 819 386 1189 299 1278 439 560 334 583 364 543 333 563 359
568 286 736 442 274 314 473 448 879 289 1105 456 743 328 821 387 1191 303 1278 439 560 334 583 364 543 334 564 359
566 285 735 444 269 315 471 450 881 289 1111 459 1193 306 1279 440 744 327 822 388 561 334 582 362 542 333 564 360
566 284 733 445 267 314 471 451 884 289 1117 461 1196 310 1279 442 745 327 823 388 542 333 564 360 561 334 582 360
565 284 733 445 262 312 469 452 887 289 1128 461 745 327 824 388 1200 310 1279 444 542 331 565 358
565 283 734 445 257 307 468 453 887 287 1142 460 749 329 830 383 1203 309 1279 444 431 303 521 392 543 330 565 356
249 304 467 452 566 282 734 445 888 285 1154 457 750 328 832 381 1208 315 1279 441 430 301 523 390 543 328 566 354
244 302 467 449 566 280 732 433 751 325 834 379 890 283 1161 456 1210 316 1279 439 429 297 523 390 544 327 566 353
237 300 469 447 567 280 731 432 753 322 836 376 924 281 1170 460 1212 315 1279 438 544 326 566 352
230 298 471 447 567 280 730 432 755 320 836 375 922 279 1181 459 1215 314 1279 438 417 277 510 396 544 325 566 351
214 295 466 446 567 279 731 432 758 320 837 374 925 277 1195 460 1217 314 1279 439 416 274 509 396 542 315 568 346
212 294 466 446 566 280 731 431 759 318 838 375 925 277 1206 460 1220 315 1279 439 417 274 509 396 541 314 567 346
208 293 464 446 566 279 732 431 759 318 840 375 922 269 1222 464 1223 318 1279 438 541 312 567 344 416 273 508 397 892 330 966 399
204 293 461 446 564 278 733 431 759 317 841 375 946 271 1241 468 1237 327 1279 428 415 274 508 395 540 311 566 343 896 320 984 405
200 291 457 447 563 277 735 432 760 317 842 375 956 270 1245 470 900 320 982 404 1240 327 1278 428 413 273 508 395 541 311 567 341
193 291 452 448 563 276 735 434 761 316 843 375 964 269 1251 473 902 320 982 404 1243 325 1278 429 541 312 567 343 411 274 507 395
185 291 449 450 562 275 736 436 973 268 1261 475 763 317 845 375 903 322 987 405 409 274 507 399 542 313 568 344 1250 316 1278 435
175 293 445 453 561 274 736 438 980 267 1268 478 765 317 846 375 902 323 995 407 406 275 506 403 542 323 565 354
167 294 444 458 561 274 739 439 987 268 1274 480 766 318 847 377 900 325 1003 409 499 304 547 373 404 275 507 407 543 324 565 356
561 274 740 439 161 296 443 462 992 269 1274 483 767 320 848 380 906 325 1020 413 404 276 509 408 499 305 547 374 888 331 912 372 542 325 565 357
563 276 742 451 156 286 449 475 1001 272 1276 486 908 329 1023 416 768 322 848 385 499 307 548 376 402 277 509 410 542 327 566 360 890 332 914 370
561 276 741 452 154 290 448 478 1009 270 1277 490 909 332 1026 419 769 323 848 389 498 308 546 379 400 278 508 412 543 329 567 362 892 334 916 369
560 277 740 453 145 299 433 485 911 335 1030 423 1013 269 1279 493 774 332 855 392 499 309 546 382 399 279 508 414 544 332 568 364
142 301 434 488 559 278 741 454 1013 270 1279 496 912 336 1033 425 774 333 856 392 499 309 544 384 398 280 508 415 544 332 569 364
135 301 435 493 559 277 742 454 1018 273 1279 499 912 338 1039 424 774 334 856 392 397 281 508 415 499 309 545 384 545 332 569 365
129 299 434 497 559 277 744 454 1022 276 1279 499 773 334 857 392 911 339 1044 423 498 310 546 384 395 281 507 416 546 332 569 365
122 297 432 500 559 276 744 455 1025 276 1279 500 773 334 857 392 911 339 1046 423 499 309 547 384 395 280 507 417 547 332 567 365
115 295 430 501 560 276 745 455 1025 279 1279 501 772 334 858 392 911 337 1075 429 500 308 548 384 395 280 507 417 546 331 567 365
100 293 428 501 559 276 744 455 1029 282 1279 503 773 334 858 391 911 337 1078 429 499 308 549 384 546 330 567 366
82 291 428 501 559 275 743 456 773 334 859 392 913 337 1081 429 1051 264 1279 509 497 307 550 384
63 290 430 501 558 274 743 456 1057 268 1279 509 915 337 1084 430 773 333 859 392 494 306 550 385
50 289 433 501 558 274 742 456 1063 267 1279 510 916 337 1086 431 774 333 859 392 493 307 549 386
38 288 430 504 557 273 742 457 1069 267 1279 511 915 336 1090 430 776 332 860 392 492 307 548 386
29 286 423 507 556 273 742 457 1075 264 1279 513 913 336 1092 429 778 332 861 392 493 308 548 385
21 285 414 510 554 272 742 458 1089 262 1279 519 911 336 1095 428 778 331 861 392 493 306 548 385
16 284 410 512 553 271 743 458 1094 262 1279 521 911 336 1097 428 779 332 861 392 493 306 548 384
12 280 405 514 550 271 744 459 1101 263 1279 523 912 337 1098 429 780 332 860 392 492 306 548 383
547 272 745 460 10 279 402 516 1110 261 1278 527 912 337 1099 431 781 332 861 392 492 308 548 383
545 273 745 461 9 277 398 518 913 338 1099 431 1120 260 1278 529 781 332 862 392 491 308 548 383
543 273 746 462 2 292 403 539 911 338 1099 432 780 333 863 393 1129 258 1279 531 491 309 548 384 348 267 502 419
543 274 745 465 0 298 383 539 911 339 1100 433 781 334 864 394 1137 258 1279 533 491 311 548 385 348 271 501 420
541 276 746 468 0 301 380 540 910 340 1101 434 781 335 864 396 1147 256 1279 538 483 312 546 386 348 272 497 423
0 302 379 543 535 281 737 465 910 340 1102 436 782 337 864 398 1156 253 1279 543 484 315 545 386 350 272 495 425
