

268 426 429 485 595 397 804 472 928 304 1190 437 8 441 83 506 94 444 174 493 854 393 886 432 1161 375 1223 518 808 398 838 432 140 446 192 482 1051 376 1190 449
266 425 433 485 928 303 1188 437 603 389 818 467 8 441 82 504 92 442 176 492 853 392 886 431 1155 373 1238 518 808 397 839 432 1071 377 1220 446 139 446 192 482
263 425 441 484 607 388 823 466 927 302 1191 436 8 440 83 504 92 441 178 491 1155 371 1243 516 855 393 886 429 809 397 838 432 1115 276 1135 292
262 423 449 484 613 387 829 465 927 302 1191 436 8 439 83 503 92 441 181 490 1153 366 1247 516 855 390 888 421 193 435 278 473 1116 276 1136 291
619 387 834 466 264 423 454 482 927 300 1189 436 93 440 183 489 9 441 95 502 1150 362 1254 516 195 435 278 472 855 389 888 421 602 405 645 447 1117 276 1137 291
292 422 468 481 638 389 855 465 928 299 1189 436 10 440 94 502 94 439 182 488 1149 357 1258 518 855 388 890 421 196 435 280 471 604 404 649 447 1118 276 1138 291
645 388 861 465 298 420 471 480 931 298 1191 437 11 440 95 501 94 438 179 488 1152 355 1260 519 857 388 891 420 271 424 353 469 606 404 652 446 209 439 266 470 1119 276 1138 291
330 420 478 478 655 387 872 464 11 438 97 501 933 298 1195 437 272 424 355 468 1155 351 1259 522 95 437 179 487 857 388 894 420 606 396 690 446 211 439 264 469
334 419 483 477 665 386 882 464 11 437 99 500 933 297 1198 436 274 424 357 467 1157 354 1261 524 609 397 694 445 94 437 177 486 857 388 896 418 1124 275 1152 291 149 443 210 478
333 418 488 476 686 386 902 462 933 297 1200 436 11 436 101 500 273 425 358 467 1159 354 1257 525 611 397 700 444 1126 275 1151 291 94 436 176 485 230 433 282 465 856 388 899 416 150 440 209 470
340 416 509 476 693 386 907 463 10 435 104 499 931 298 1202 435 280 421 367 465 1161 358 1256 525 628 395 718 444 1128 276 1152 291 228 434 284 465 150 439 212 470 94 436 175 485
342 415 515 474 706 384 921 462 11 435 107 498 281 422 372 464 928 301 1201 434 1164 359 1253 521 626 395 725 443 229 434 287 465 1130 275 1152 291 105 436 161 483 151 438 215 467
343 414 523 471 11 434 109 497 625 394 731 441 282 421 375 463 716 382 933 461 925 301 1199 434 1166 360 1255 518 228 434 291 464 1132 274 1155 290 142 432 229 472 105 436 162 483
353 411 548 470 742 382 957 458 13 433 110 495 624 393 737 439 284 421 377 462 927 300 1196 433 1168 358 1255 514 141 431 234 472 230 433 292 464 1134 273 1157 289 106 436 163 483 1254 352 1279 498
754 380 964 456 359 411 552 469 15 432 111 494 624 391 738 438 286 420 379 462 1169 355 1256 516 921 286 1200 424 141 429 237 471 1136 272 1158 288 231 432 294 463 107 431 164 480 1255 352 1279 498
385 409 569 469 16 431 113 493 781 376 964 450 626 390 737 438 1171 354 1257 516 287 421 380 460 926 287 1197 421 160 431 249 468 109 431 167 480 1138 271 1159 287 237 431 291 461
391 408 574 468 162 429 254 467 627 388 736 437 1172 353 1259 516 18 429 114 492 926 287 1195 419 288 420 384 459 111 430 169 480 790 379 1006 455 1139 270 1161 287 250 426 302 459 1104 268 1119 289
393 407 605 467 801 378 1013 454 163 428 257 465 1172 355 1261 515 628 388 735 436 21 429 113 491 296 418 411 456 249 424 303 459 104 430 177 478 1139 269 1163 285 1104 267 1120 290
399 405 612 466 811 377 1022 452 164 427 261 465 1171 355 1263 514 628 387 735 435 251 424 303 458 23 429 112 491 296 417 412 455 104 429 178 477 1104 266 1121 290 1140 268 1163 284
164 427 263 465 1170 356 1266 511 644 383 748 430 428 404 622 466 815 362 1031 445 22 429 113 492 288 421 367 457 105 429 179 477 254 424 303 457 1105 265 1122 289 1141 267 1162 283 335 418 433 456
432 403 631 467 163 427 267 466 1169 356 1267 509 352 418 450 453 840 372 1057 451 289 421 367 457 646 383 748 430 22 428 114 492 106 428 180 477 1106 264 1123 287 1141 266 1162 282 259 425 303 457
858 361 1061 443 177 427 279 466 443 402 652 467 1170 356 1268 509 351 418 456 453 33 429 127 492 113 429 193 474 646 383 750 430 290 422 368 457 1107 263 1124 286 1142 266 1162 281
443 402 664 467 868 360 1072 443 179 427 282 466 1171 355 1269 511 33 429 128 492 350 418 460 453 114 429 195 474 644 384 750 429 292 421 369 457 1110 263 1126 286 1149 267 1176 281
181 427 289 467 1174 351 1270 512 348 418 462 454 33 430 129 492 115 429 195 475 891 358 1102 440 645 385 752 428 470 405 677 465 302 417 408 455 1112 263 1128 286 1150 267 1176 281
903 359 1108 442 471 402 688 467 184 428 294 468 1177 346 1270 513 346 418 465 455 35 431 131 493 116 429 196 477 1151 267 1176 281 304 417 408 456 649 386 754 427 1114 263 1130 286
914 359 1121 442 195 428 309 467 1179 343 1270 513 486 401 705 467 36 431 132 493 117 429 196 478 348 418 463 455 1153 266 1176 282 656 387 754 427 305 417 408 457 1114 263 1131 286
481 401 719 467 197 428 311 467 932 362 1119 437 1179 342 1270 514 35 431 133 495 117 430 197 479 349 419 462 456 660 386 754 427 1153 266 1176 282 305 417 407 457 1115 263 1131 286
944 359 1154 438 199 428 313 467 499 391 719 464 35 431 132 496 1181 344 1269 512 116 430 196 480 352 419 459 457 1152 266 1176 281 305 417 405 458 662 386 753 427 1114 262 1131 286
200 429 315 468 951 359 1162 436 509 389 728 464 33 432 131 496 117 433 190 486 352 419 460 458 1182 345 1268 509 306 417 404 458 1151 265 1176 281 1113 262 1130 285
201 430 317 469 512 402 748 466 955 357 1171 435 33 432 130 497 116 433 188 486 1181 346 1267 507 353 419 460 458 306 418 404 458 1149 265 1176 280 1113 262 1130 284
201 430 318 470 984 358 1159 432 33 433 129 497 116 434 189 485 517 391 748 464 1181 346 1267 508 353 420 460 459 306 418 405 458 1148 264 1175 280 1113 262 1130 284
203 431 321 471 538 392 766 462 34 434 128 498 116 434 190 486 1180 346 1268 509 1005 354 1180 433 352 420 461 459 306 417 406 458 883 377 918 411 1149 264 1174 280 1113 262 1130 284
203 431 325 472 551 390 773 463 35 434 127 499 115 434 190 486 1019 351 1176 432 1181 347 1269 510 351 419 461 460 307 416 408 459 884 376 917 411 1113 261 1130 284 1150 264 1173 279
564 388 784 464 219 429 330 470 115 434 189 486 35 434 125 499 923 275 1177 419 1037 352 1196 432 1180 349 1269 510 352 419 460 460 307 416 408 459 515 408 544 443 884 377 916 411 1113 261 1129 284 1144 261 1162 279 1150 263 1173 279
1044 351 1200 430 221 428 334 469 568 387 793 465 926 275 1176 421 115 434 188 486 35 434 124 498 1181 350 1268 511 353 419 459 459 517 407 543 442 884 377 915 410 1113 261 1128 284 1145 261 1162 278 308 416 406 459 1151 263 1174 277
591 386 817 462 924 274 1177 422 225 426 339 468 35 432 125 497 1182 353 1267 512 354 419 459 457 115 433 187 486 1063 349 1216 429 517 406 543 442 1113 260 1129 283 1150 262 1174 276 1145 261 1162 277
604 385 828 460 923 274 1175 421 227 423 345 468 1184 356 1266 512 34 431 126 496 114 430 191 480 1074 347 1216 431 353 418 459 455 517 406 543 441 1113 260 1129 282 1150 262 1174 276
615 384 841 461 919 275 1172 421 114 430 191 480 229 421 349 468 1185 359 1266 511 351 418 461 455 33 430 128 495 1099 349 1231 430 516 405 544 440 1113 260 1130 282 1150 262 1174 277
629 384 863 464 919 277 1167 420 236 420 368 467 1103 348 1233 432 33 430 128 495 113 430 190 479 350 417 460 454 1184 361 1266 512 515 405 544 441 1113 261 1130 283 1151 264 1174 279
640 384 871 463 908 282 1140 425 238 419 369 467 350 417 457 454 112 430 190 478 33 430 128 494 1182 362 1266 512 1118 347 1263 430 515 404 543 441 1111 262 1128 284 1150 265 1175 280 1144 263 1163 279
650 384 884 460 899 281 1145 426 240 420 370 467 351 417 455 454 113 429 190 477 1126 347 1260 429 33 430 126 493 1178 362 1266 511 514 404 542 442 1109 262 1126 284 1143 263 1163 279
892 280 1150 428 242 419 371 467 657 382 898 459 353 417 454 455 113 428 190 477 22 429 113 493 1136 347 1255 427 1175 359 1266 508 513 405 541 442 1107 262 1124 284 1142 263 1164 279
891 279 1150 428 679 383 917 461 242 419 373 468 356 417 452 455 114 428 189 476 22 428 113 493 1176 360 1266 509 1107 262 1123 285 1135 348 1254 426 513 405 540 442 1142 264 1163 280
693 382 928 459 892 279 1153 427 241 417 377 468 114 427 189 475 1178 358 1265 509 22 428 112 492 1106 261 1123 285 512 404 539 441 1142 264 1162 280 631 389 719 434 361 416 452 455 1133 350 1254 425
893 281 1153 423 240 416 380 467 706 380 940 458 114 426 188 475 1179 361 1264 510 24 417 110 490 1113 357 1220 425 1106 262 1123 286 512 404 539 441 1143 263 1162 280 632 389 725 433
729 380 969 455 239 415 384 465 113 425 188 474 920 283 1176 415 25 417 111 489 1179 359 1263 510 1112 358 1220 424 645 382 747 429 512 404 539 440 1143 262 1161 279 1107 262 1124 285
742 379 979 453 259 415 402 464 114 424 187 473 25 417 112 489 930 283 1175 414 642 380 750 429 1179 358 1264 511 1111 357 1221 424 512 402 540 439 1143 262 1161 278 1107 262 1125 284
259 414 407 464 115 422 186 473 33 422 120 487 1180 356 1265 508 1110 356 1219 424 940 282 1174 411 641 378 752 428 754 376 991 451 513 401 540 437 1142 260 1161 276 1107 261 1125 282
33 422 120 486 116 420 185 472 783 374 1024 452 266 413 408 462 1110 354 1219 423 640 375 752 427 947 281 1172 409 1180 356 1264 505 514 399 540 436 1143 258 1162 274 1107 260 1124 281 401 411 457 440
798 373 1036 450 33 421 119 486 116 419 184 471 288 412 423 461 1108 354 1220 423 642 374 750 426 948 281 1171 404 1179 359 1262 503 513 399 541 435 1143 257 1162 273 1107 258 1124 279 401 409 458 438
810 365 1039 445 32 421 121 485 290 411 426 461 116 418 184 470 641 371 750 424 1106 353 1221 422 945 281 1172 402 1180 360 1261 503 513 398 541 435 1107 257 1123 278 1143 256 1162 272 402 407 458 436
292 404 429 456 116 417 185 469 32 419 121 482 826 370 1075 451 642 370 750 423 1107 353 1220 422 1181 360 1261 503 511 399 541 434 937 279 1177 398 1107 256 1123 277
846 364 1085 442 292 403 434 457 116 415 185 468 25 413 112 479 643 369 750 421 1107 354 1221 421 1182 360 1261 504 251 414 306 444 1107 255 1123 277
294 400 453 458 861 362 1096 441 115 414 185 466 646 368 747 420 25 413 111 478 1109 354 1223 421 1180 362 1261 504 254 413 307 444 1107 256 1123 277 926 278 1181 389
877 365 1117 438 297 400 455 457 115 414 185 465 647 369 746 419 26 413 111 478 1178 365 1262 504 1110 354 1222 421 874 275 1170 390 1107 256 1123 277 257 412 307 443
299 398 463 457 891 362 1127 436 107 415 181 466 648 369 745 418 1175 363 1263 503 873 273 1170 393 26 413 110 477 1118 354 1220 420 1106 256 1122 277 517 384 539 424 103 412 119 437
302 397 468 456 107 415 180 467 871 273 1168 396 894 356 1143 433 649 369 746 418 1175 360 1263 502 27 413 110 477 516 384 539 425 1105 254 1121 277
301 397 475 456 926 358 1177 430 108 415 180 467 867 273 1163 401 27 413 110 477 1175 353 1262 500 650 368 746 417 515 385 539 424 1105 253 1121 276
323 398 479 456 938 354 1184 428 108 414 180 468 27 412 110 477 863 274 1157 402 651 367 746 415 1177 350 1260 498 256 410 302 441 514 385 539 424
325 396 488 454 863 272 1150 405 108 414 180 468 27 413 110 477 1178 343 1261 497 651 366 745 414 967 349 1224 425 515 384 538 423 258 409 301 441 1140 250 1164 267
865 270 1143 409 986 345 1216 425 108 414 179 468 26 413 110 477 1179 339 1261 496 354 395 500 452 651 365 745 412 296 404 358 441 1140 249 1164 265 516 384 538 422
355 393 508 451 864 267 1138 411 1004 342 1217 426 1177 337 1262 495 35 418 119 476 108 413 179 467 650 365 745 411 291 401 373 443 1139 247 1163 263 235 413 282 444 518 383 538 420
356 391 517 450 863 266 1134 411 1176 338 1260 494 1016 342 1220 427 108 414 179 467 26 413 111 477 650 364 745 411 291 401 374 443 1139 246 1162 262 235 413 282 444 1252 326 1279 474
362 388 536 449 864 266 1132 410 1174 337 1259 495 25 414 110 477 108 414 180 467 649 364 745 411 291 402 377 443 1041 342 1250 433 1138 245 1161 261 1252 328 1279 472
366 390 541 449 865 267 1129 410 1175 337 1257 497 24 415 110 477 107 415 179 467 648 364 745 412 291 402 380 442 1057 343 1250 432 1138 246 1160 262
365 392 551 449 864 269 1130 411 1175 336 1256 499 23 416 110 478 106 416 178 468 648 364 744 413 291 403 380 442 1080 343 1211 430 1137 247 1159 263 238 416 285 444
358 393 558 450 865 269 1131 413 22 416 110 478 1175 337 1256 502 106 416 177 468 648 365 743 414 291 404 377 443 1138 249 1159 264 1103 343 1227 430 253 411 298 445
385 395 568 453 21 415 110 478 106 417 177 468 1173 339 1258 501 866 272 1138 413 649 366 743 416 290 405 377 443 1138 250 1159 266 255 412 297 446 1112 346 1222 427
392 395 573 454 106 417 178 469 21 415 110 479 1171 343 1258 501 648 367 743 417 863 274 1141 411 289 406 380 444 1139 251 1159 267 256 413 298 445
408 394 590 454 106 417 179 469 22 415 109 479 1172 347 1258 501 648 368 743 418 860 275 1140 411 294 400 410 444 1139 252 1161 267 1081 346 1202 414 256 413 299 445
412 393 594 453 1174 347 1259 501 106 417 179 469 22 415 110 480 827 277 1118 417 648 368 744 418 289 406 383 445 1075 345 1206 417 1139 252 1162 267 255 413 299 445 1254 344 1277 493
1174 345 1259 501 106 418 179 469 22 416 110 479 826 276 1117 418 650 368 744 417 436 391 611 453 1072 344 1210 417 289 407 382 444 1138 252 1163 267 256 413 299 444 1253 345 1278 493
443 390 615 454 1173 345 1257 502 22 416 111 479 106 419 179 469 1068 344 1213 418 652 369 743 418 821 277 1114 418 289 407 382 444 1138 252 1163 267 626 382 673 422 357 403 451 442 1254 344 1278 493 257 414 299 444
450 389 621 453 1172 345 1256 501 20 416 112 479 106 420 179 469 1069 353 1211 419 812 278 1119 419 652 369 743 418 289 407 383 443 356 404 451 441 626 382 674 423 1254 341 1278 494 257 414 298 444 1139 252 1164 268
455 387 643 453 1173 348 1256 501 20 416 112 479 1068 353 1211 420 106 419 178 469 652 369 743 418 800 280 1127 418 289 406 383 443 356 404 452 441 1256 341 1278 494 257 413 297 445 104 413 120 438
460 387 649 450 1068 353 1210 420 1173 351 1257 502 20 416 112 479 106 419 178 469 791 278 1134 419 651 369 744 419 289 405 384 443 1255 341 1278 495 257 413 297 445 356 404 453 440 103 412 120 438
1067 353 1210 420 105 418 177 469 476 387 676 450 651 368 743 419 1172 352 1257 503 785 278 1134 419 21 416 112 479 295 400 413 442 1254 341 1278 496 256 412 297 446 355 404 454 440 103 413 120 438
478 386 686 450 1067 353 1211 420 105 417 177 470 650 368 743 419 783 276 1131 421 1172 352 1258 502 22 416 112 479 290 405 380 442 1254 340 1278 497 353 404 455 440 104 412 120 438
496 384 698 449 1066 353 1211 420 106 416 177 469 648 367 743 418 1172 350 1258 501 22 416 112 478 781 277 1129 420 351 403 456 440 291 406 377 442 235 414 289 445 1254 340 1278 497 1139 252 1164 268 104 412 120 437
500 385 705 448 647 366 744 419 106 415 179 469 1065 353 1211 419 1173 350 1259 499 785 275 1126 420 23 415 112 478 350 403 457 439 292 405 377 441 236 414 287 444 1139 252 1163 268 1254 339 1278 497
509 381 731 452 1064 353 1212 419 1175 349 1259 499 786 276 1122 418 651 366 747 422 23 413 113 478 107 415 180 469 351 401 458 438 293 403 379 441 1141 252 1164 267 1254 339 1278 497
1062 344 1220 417 117 415 187 467 790 275 1118 418 1178 350 1262 500 34 416 126 478 302 398 410 440 351 401 459 438 540 382 754 447 655 367 752 424 257 412 305 442
549 379 766 451 1064 344 1225 416 121 415 192 467 37 415 131 479 305 400 407 441 1183 350 1265 500 1152 251 1176 266 258 414 308 444 348 400 464 438
1070 344 1227 416 127 414 199 467 790 275 1131 420 43 414 136 480 1199 344 1277 497 311 402 405 441 560 379 781 451 1158 250 1179 265 260 416 308 444 343 400 470 438
1076 344 1227 416 785 275 1141 421 1203 342 1278 495 49 412 137 479 131 414 204 467 377 401 482 437 597 377 818 448 316 402 405 441 1164 249 1184 265
610 375 829 449 1083 344 1242 415 780 275 1144 420 140 413 212 465 60 414 147 477 1207 342 1279 494 376 400 485 437 329 397 432 438 545 384 569 421
1083 344 1244 415 779 275 1142 418 140 412 213 465 62 414 148 477 619 374 840 450 1208 342 1279 495 375 400 486 436 330 395 433 438 545 383 571 421
1081 344 1243 415 139 411 212 464 637 374 869 448 63 413 146 476 1208 343 1279 495 373 400 487 436 329 394 436 438 542 384 573 421 800 276 1121 413
649 364 882 443 1077 344 1229 416 139 409 210 464 63 413 144 475 1207 342 1278 496 327 394 437 438 373 399 487 435 541 385 572 421
661 363 891 443 1074 345 1231 416 131 410 205 465 51 409 134 475 325 395 439 438 1206 344 1278 497 374 399 484 435 540 385 569 420 1167 250 1188 265
130 410 204 465 1072 346 1230 416 664 362 894 443 49 409 134 475 322 395 441 437 1203 348 1278 499 375 399 481 436 540 384 566 421 1165 250 1187 266
1068 353 1226 420 127 410 201 465 685 374 919 448 45 411 132 475 312 400 404 440 345 400 467 438 1161 251 1184 266 1200 350 1278 501 538 384 562 421
1064 355 1220 420 699 375 928 447 124 412 197 466 42 413 130 477 651 369 747 416 311 401 402 440 353 401 461 439 257 414 308 443 1198 348 1276 502 1158 252 1180 267
1063 358 1213 421 709 374 942 448 120 413 194 467 648 370 752 419 37 416 128 478 309 404 400 441 355 404 459 440 258 414 307 444 1185 350 1266 506 1156 252 1176 267
1063 359 1210 422 118 416 192 468 646 372 754 420 35 417 127 479 727 374 964 450 356 406 457 442 307 405 404 443 1184 348 1264 507 259 415 306 445 1156 255 1175 270
738 375 976 449 1051 355 1205 425 646 373 754 422 116 418 190 469 34 419 125 481 305 408 408 445 1183 349 1262 507 356 409 456 443 1153 256 1173 271 1115 257 1130 281
1049 356 1204 425 749 374 989 449 646 373 751 423 115 420 187 471 33 419 121 483 1181 350 1261 506 355 409 453 445 302 409 412 447 514 397 545 434 1151 257 1174 272
1044 357 1206 424 646 374 746 424 1177 349 1260 505 25 417 112 486 108 420 180 474 771 374 1016 450 352 411 452 446 512 396 542 435 299 411 414 447 237 424 282 452 1252 343 1278 495
