

4 246 436 485 930 295 960 342 966 281 1008 358
6 245 431 481 928 271 958 329 455 264 496 291 955 259 1003 345
7 243 429 478 956 257 1002 345 455 262 494 289 928 270 956 328
8 242 429 475 956 259 1001 344 454 262 492 288 927 271 955 326
6 241 428 473 954 260 999 343 454 262 491 287 926 271 955 325 444 263 475 284
5 243 428 474 952 260 998 343 453 262 492 289 926 272 955 325
4 246 429 478 952 284 999 358 927 274 955 326
2 251 431 485 926 295 954 346 453 276 491 301
2 256 433 491 953 284 998 365 452 277 493 305 927 296 955 349
0 262 433 498 952 282 996 368 451 281 494 309 927 296 954 351
1 268 434 506 951 281 994 371 451 286 494 315
4 276 434 512 953 307 996 384 925 318 951 368
8 282 434 515 952 307 996 387 450 305 491 331 925 319 950 371
10 287 433 514 952 306 996 389 440 310 482 334
10 288 432 513 952 304 996 388 439 310 484 334 919 323 945 372
9 287 432 515 951 302 994 388 438 308 485 333 918 323 945 372
5 285 433 516 950 302 992 387 439 306 484 331 916 323 945 372
2 283 433 517 948 303 991 386 439 303 482 328 914 324 944 371
1 282 434 516 947 305 990 384 439 301 480 325 912 324 944 369
0 281 434 518 946 305 990 383 912 323 944 368 438 300 479 324
0 281 434 519 945 304 988 382 911 322 943 367 437 300 478 324
0 279 431 522 910 321 942 366 943 304 987 380 435 293 480 322
0 277 428 524 909 321 940 366 942 305 985 379 434 293 479 321
0 276 425 526 907 320 939 366 433 294 477 320 941 306 983 379
0 276 423 526 907 321 938 367 933 306 979 380 431 294 476 320
0 277 421 526 906 321 936 367 934 306 978 382 431 300 470 324
0 277 421 526 906 320 935 368 934 306 976 383 429 301 469 325 570 301 623 330
0 277 422 526 934 306 975 386 905 320 935 370 427 303 469 327 569 303 622 332
0 284 423 549 934 307 976 388 905 320 935 371 426 305 468 329
0 282 421 552 933 309 976 390 904 322 935 372 425 308 468 332
0 282 420 553 932 310 976 390 904 324 934 373 424 308 468 333
0 281 418 555 931 312 974 391 904 325 932 373 414 312 462 334
0 281 416 557 930 313 972 391 414 312 462 334 903 325 931 373 899 109 930 149
0 281 416 557 929 313 971 390 413 312 462 335 902 325 930 373 900 108 930 148
0 280 416 558 928 311 969 389 412 310 461 333 902 106 929 143 902 324 929 372
0 278 416 558 926 308 967 386 410 306 459 330 901 323 929 369 902 102 930 139
0 262 407 540
0 261 404 538 403 289 452 315 922 286 960 366
0 257 387 542 400 285 450 311 921 282 959 364 893 297 918 348
0 254 385 542 893 297 918 344 920 281 960 361 400 280 448 306
0 251 381 542 892 297 918 339 920 264 959 341
1 247 377 543 918 261 957 340 923 301 959 351 893 274 917 327 402 269 445 293
2 244 374 544 917 261 957 340 922 301 959 351 892 274 916 327
5 242 372 547 921 302 958 351 917 262 956 340 891 274 916 327
7 243 369 548 921 302 957 352 917 263 955 340 890 274 915 327
9 246 367 549 890 297 917 340 906 264 955 342 920 303 956 353 388 279 434 302
9 248 365 551 388 282 434 304 890 298 917 342 906 265 954 344
9 248 360 552 904 284 955 357 387 285 431 307 890 298 916 344
10 248 356 554 903 284 953 358 384 286 428 309 889 298 915 346
10 248 353 554 902 286 953 359 888 298 914 347 383 288 425 311
11 249 351 553 902 287 953 360 887 298 913 347 381 289 424 311
10 247 347 554 901 288 951 361 887 298 913 347 380 288 423 310
10 244 343 557 899 290 948 362 887 299 914 347 378 289 421 311
8 243 337 558 898 290 945 362 887 299 914 347
9 243 334 558 899 288 944 361 887 298 914 347 363 289 411 312
9 263 329 575 899 286 943 360 887 298 914 347 361 287 412 310
9 260 330 583 898 284 942 360 887 299 914 348 910 317 944 365 359 286 414 309
9 257 329 593 898 283 942 360 887 299 914 348 909 316 943 364 357 286 415 309
10 255 327 598 897 283 942 360
12 254 322 602 894 285 941 361 356 287 415 310
13 251 318 605 892 285 940 362 356 288 416 311
12 245 313 614 891 285 939 362 354 288 414 311
12 241 309 618 892 284 939 362 351 287 412 311
11 239 305 625 349 285 407 310 876 257 921 345
11 235 302 629 882 283 931 361 348 284 404 309
11 232 299 634 882 287 932 361 348 283 402 308
12 229 297 635 881 288 933 361 347 282 401 308
12 230 292 637 882 287 932 361 346 283 401 308
12 232 286 638 883 285 932 361 346 285 400 309
0 241 273 626 890 285 935 362 345 287 399 309
0 242 272 629 890 286 935 362
0 242 273 633 890 286 935 363 329 288 397 311
0 242 271 636 890 286 935 363 328 289 395 312
0 241 268 638 890 285 935 363 326 290 392 313
0 241 264 640 889 284 935 362
0 240 259 641 886 283 930 361
1 240 253 642 886 284 930 360
3 238 246 642 886 284 929 360
4 238 241 644 887 285 929 359
3 235 237 648 887 285 928 358
2 233 232 651 886 285 928 358
0 233 226 649 886 286 928 357
0 234 219 647 886 286 928 358
0 238 213 641 885 287 927 359
0 241 209 640 885 287 926 360 303 290 368 312
0 235 185 641 884 287 925 361 304 291 363 314
1 243 180 637 884 287 925 361 302 291 360 314
1 252 173 634 884 286 926 362
883 287 926 362 2 312 169 654
882 287 926 362 1 322 162 651
882 288 927 363 2 323 155 653
882 288 928 362 3 324 145 655
883 287 930 362 3 326 135 654
884 286 930 361 4 323 124 658
884 285 930 362 1 353 112 627
883 284 931 361 0 352 107 628
882 283 930 360 0 355 87 623
881 282 930 359 0 351 78 626
