

1073 345 1227 416 130 414 203 467 790 276 1134 420 48 414 135 479 1201 344 1278 494 315 403 405 441 375 402 484 437 567 378 793 450 1161 249 1182 264
596 377 819 447 1078 344 1226 416 787 275 1139 421 52 412 136 478 139 414 210 466 1205 343 1279 494 376 401 485 437 326 398 433 439 543 385 565 420 1165 248 1186 264
609 375 830 449 1083 344 1241 415 784 275 1139 421 140 414 212 465 59 415 145 477 1207 342 1279 494 375 400 486 437 329 398 432 438 545 384 567 422
1083 344 1242 415 781 274 1138 419 140 413 213 464 61 415 146 476 618 374 840 450 1208 343 1279 494 372 400 490 436 329 396 435 438 545 384 570 422
1082 344 1241 415 139 412 212 464 634 373 863 449 61 415 147 476 1207 342 1278 494 786 272 1131 417 328 396 438 438 370 400 491 435 544 385 571 421
1078 344 1229 416 642 365 878 443 139 411 210 463 63 413 145 475 327 395 440 438 1207 343 1278 495 370 399 491 435 543 385 572 420
1075 344 1230 416 652 364 886 442 139 410 210 463 62 413 144 474 327 396 438 438 1206 343 1278 495 375 399 486 434 542 384 570 420
661 363 890 443 1073 345 1231 416 132 410 206 465 52 410 133 475 325 396 439 438 1206 344 1278 497 376 399 484 435 540 384 568 420 1166 250 1188 265
130 410 205 465 1071 346 1230 416 664 362 894 443 50 410 134 475 322 396 441 437 1203 346 1278 498 540 383 566 421 1165 250 1186 266 376 399 481 435
1069 354 1228 419 128 410 202 465 48 411 133 475 678 375 916 447 313 400 406 440 1161 250 1185 266 341 399 470 437 1200 347 1278 500 538 383 563 421
1066 355 1225 419 689 375 924 446 125 411 199 465 312 401 402 440 45 413 132 475 1159 251 1182 267 650 368 746 413 348 400 465 437 1197 347 1277 501 257 413 310 442 536 382 561 422
1065 357 1217 420 701 375 936 448 121 413 196 467 646 369 751 416 310 404 401 441 41 416 130 477 259 413 308 443 1198 344 1276 502 351 403 462 438 1156 252 1178 267
1064 358 1211 421 645 371 753 419 118 416 192 468 37 417 127 479 710 375 944 449 308 406 402 443 1185 348 1265 508 355 405 458 441 263 414 306 445
736 374 969 451 1053 355 1204 425 116 418 191 470 644 372 754 421 34 418 125 481 1183 348 1263 510 300 412 366 446 353 409 458 443 1154 256 1172 271 1115 257 1130 281
1051 356 1204 425 747 375 980 450 115 419 189 470 646 373 752 422 34 418 122 483 1182 348 1263 510 514 398 547 434 300 413 363 447 354 410 456 444 1152 257 1172 271
1047 357 1204 424 646 374 748 423 1178 348 1262 509 25 416 112 485 752 374 993 449 114 420 188 471 352 412 456 445 297 413 363 447 513 398 544 435 1253 343 1278 496 1110 257 1126 278
1040 357 1202 422 105 422 177 473 1174 346 1260 506 22 418 110 486 774 374 1016 448 631 376 731 424 353 411 452 446 233 422 285 453 511 397 539 435 295 413 361 445 1253 342 1278 496
765 367 1033 437 1167 341 1254 500 99 422 169 473 18 422 104 486 628 375 724 422 1002 350 1214 424 232 421 282 453 329 411 432 446 285 412 377 447
767 360 1030 432 1015 342 1173 411 1157 339 1243 494 609 374 698 418 279 410 382 446 13 423 105 485 73 422 151 476 332 408 426 444
736 342 999 422 3 421 74 483 601 371 701 413 1134 315 1215 464
720 332 1001 415
1011 272 1096 402




204 148 427 241

74 131 265 234
63 121 270 225 235 99 318 249 929 18 1058 76 490 43 617 104
55 116 263 223 4 331 715 714 222 101 305 243 899 9 1042 63 468 41 590 100 303 67 413 131
37 118 231 223 889 7 1046 62 768 12 885 56 4 330 704 714 1113 10 1220 103 468 41 580 99 198 101 277 250 309 65 401 130 391 29 471 173 607 28 696 74
452 42 562 102 196 103 277 248 765 11 884 56 893 6 1045 61 390 29 468 182 5 328 700 716 1101 8 1195 100 35 120 220 223 982 30 1278 684 280 68 389 133 280 88 341 213 600 27 696 75
451 45 560 105 193 106 277 252 1099 9 1194 100 766 13 883 57 392 44 467 196 900 6 1043 63 13 325 699 719 986 35 1279 687 29 127 207 228 202 185 277 260 599 28 697 78 280 92 339 212
452 49 563 110 189 109 282 257 394 42 470 198 1101 9 1194 100 988 34 1279 690 909 7 1039 64 202 185 278 265 14 323 701 719 763 24 886 61 20 151 153 231
452 52 567 114 189 113 282 262 764 26 889 62 22 142 192 239 396 45 473 200 988 32 1279 692 1104 9 1194 101 940 8 1052 65 346 348 718 704 303 85 402 164
454 53 568 115 19 145 198 241 190 117 283 261 765 28 890 62 992 29 1279 696 398 47 475 200 294 86 412 167 352 347 716 704
454 51 566 113 17 145 202 239 194 115 281 262 992 27 1279 695 398 47 475 199 767 27 887 60 351 346 712 703
453 48 562 109 19 142 199 237 192 110 281 256 1110 5 1218 102 395 47 474 195 991 26 1279 692 347 344 708 701
452 43 556 105 190 103 279 251 18 137 196 234 1106 2 1221 96 983 29 1276 686 393 47 471 192 767 9 880 52 965 4 1071 51 203 181 278 260 7 332 692 712 585 32 675 76 238 81 416 185
189 98 276 245 17 132 194 231 450 39 552 101 765 5 876 44 1101 0 1196 91 978 37 1272 684 202 180 275 257 582 26 672 70 401 38 459 169 969 3 1071 44 897 7 950 34
5 131 171 230 189 97 272 244 1100 0 1194 88 761 2 873 38 447 35 547 103 975 41 1272 683 400 34 455 169 973 1 1033 36 577 22 675 66 896 5 946 29
186 95 270 245 14 136 162 222 1100 0 1193 87 749 2 864 37 978 40 1271 683 446 32 544 105 400 34 453 168 304 53 411 143 575 20 675 65 275 90 339 205
187 99 271 245 14 137 157 223 761 1 870 36 1099 1 1193 86 979 37 1271 684 400 33 454 166 443 29 550 109 286 141 341 208 266 75 344 212 309 54 409 141
12 138 156 225 189 100 272 244 761 1 870 35 981 37 1270 683 1099 1 1194 85 399 34 454 167 199 180 272 255 286 142 342 208 265 76 344 211
13 138 154 227 192 103 273 244 746 1 864 36 980 38 1271 685 398 34 455 168 1099 1 1194 84 266 78 346 213 200 180 273 255 286 141 343 208 361 24 576 125
12 139 154 228 194 102 275 245 742 2 866 35 982 38 1274 686 399 35 455 169 277 90 339 202 201 179 276 254 1101 2 1195 83 362 26 585 125
12 140 153 228 196 100 278 245 980 45 1278 686 272 74 352 212 414 21 612 120 403 35 455 166 739 2 867 34 1105 1 1227 83 0 246 722 716
12 140 153 228 413 18 638 99 198 96 282 247 977 55 1279 683 1112 1 1226 71 411 95 490 169 275 73 358 208 3 256 726 710 407 35 456 162
12 139 153 228 442 18 669 94 209 102 296 244 415 94 493 168 290 75 359 186 973 64 1279 682 224 166 288 246 1117 1 1226 69 11 254 726 711
454 19 680 95 420 96 496 167 213 102 300 243 13 139 153 228 16 254 727 711 294 75 361 182 231 182 290 251 1120 2 1223 69 310 134 364 202 760 2 880 31
219 101 306 241 4 134 154 243 428 30 487 159 301 75 365 181 761 2 885 32 496 11 719 90 17 250 731 712 1125 3 1221 82
506 12 732 92 3 136 154 245 228 101 313 240 427 33 509 163 763 2 890 32 1135 1 1248 84 22 250 729 710 445 94 508 166 328 136 381 201
2 137 157 246 444 93 521 163 238 101 322 238 537 7 765 84 1142 1 1247 84 253 163 315 241 319 72 386 181 1000 69 1279 687 334 134 388 199 36 259 792 715
555 3 775 82 4 136 161 246 440 30 526 158 54 254 789 719 1012 67 1279 683 245 84 327 226 1154 0 1273 71 258 158 317 238 326 71 389 177
7 139 167 250 1167 0 1271 69 87 321 801 710 541 0 803 78 461 25 547 159
18 137 205 253 475 24 559 161 632 0 885 76
1064 171 1274 694 646 7 881 83 30 163 207 278
60 175 273 288 328 117 414 260



250 328 490 435


13 365 454 546 819 377 900 507
450 434 684 529 867 404 947 545 31 380 476 560
922 406 1001 544 494 436 733 530 104 374 560 557 876 411 961 552
933 408 1017 550 111 381 572 565 518 439 727 532 763 430 884 491 1121 375 1203 506 1018 394 1094 539
545 439 773 529 751 422 894 488 931 408 1020 557 1135 372 1213 508 114 384 582 566 1021 388 1079 514 85 500 182 546 895 408 998 480 1148 437 1225 517 1250 376 1278 418 949 480 1029 567
544 438 771 529 750 420 896 487 933 406 1025 557 116 384 570 568 1139 366 1214 507 1150 439 1222 515 1027 388 1082 512 950 480 1027 565 896 407 995 477 1040 461 1092 536 85 499 180 546 1252 374 1278 415 894 316 912 333
931 404 1019 550 1133 359 1210 503 104 379 559 560 517 433 730 528 1022 385 1080 510 737 417 868 479 1148 437 1224 509
503 427 722 524 925 400 1009 542 1124 355 1204 496 97 371 558 550 730 411 865 475 1015 383 1074 508
486 418 715 516 915 398 997 533 1113 349 1195 489 1198 347 1277 396 87 361 565 535 850 384 949 457 702 404 848 470 989 370 1062 508
463 413 683 513 908 373 987 519 984 361 1056 504 86 355 564 526 907 454 985 531 1104 347 1186 486 683 393 821 455 1172 339 1271 392 1116 412 1176 485 838 377 952 451
451 403 675 497 971 354 1045 496 54 356 457 531 884 366 967 510 660 387 797 449 1078 328 1162 465
878 363 959 509 40 356 457 527 1073 321 1155 461 438 396 669 492 653 382 794 447 1172 320 1272 371 806 357 937 433
403 395 627 494 866 358 947 504 19 353 454 522 1063 311 1144 455 629 371 770 436 782 352 909 428 814 263 834 278 946 339 1005 460
857 354 937 500 12 347 449 521 394 390 618 489 1057 307 1137 453 604 369 755 438 1170 300 1275 356 940 334 1000 459 1004 325 1087 380 1123 304 1212 355
354 386 585 490 10 338 432 514 1161 294 1276 349 919 319 993 463 835 348 914 495 610 365 741 430 1051 300 1130 448 1000 315 1089 380
0 337 344 515 820 345 902 488 336 379 582 484 1129 290 1262 344 714 338 830 402 563 360 692 426 1022 298 1100 440 908 310 986 456
296 376 530 483 0 332 331 508 878 306 953 448 693 335 813 403 532 354 676 423 808 320 891 470 1106 279 1233 337 739 238 756 253 1007 285 1087 418 949 297 1044 363
0 331 313 505 1102 279 1233 337 259 376 486 487 783 322 862 469 509 355 652 421 686 332 811 399 980 283 1060 418 864 304 939 445 926 297 1018 364 739 236 759 249 718 237 734 253
243 378 481 487 1075 285 1215 338 774 320 859 466 512 356 644 419 662 333 787 402 969 285 1047 420 1253 282 1278 314
192 383 439 495 445 363 563 424 1028 285 1160 341 729 323 808 470 612 337 737 406 775 316 860 460 1221 283 1273 317 673 243 689 258
152 385 402 502 429 360 574 426 717 325 796 473 571 332 755 417 920 282 997 421 1022 284 1165 341 1212 279 1278 314 795 318 855 432
134 384 395 502 407 358 555 426 1004 276 1138 334 559 333 702 406 843 292 951 364 919 280 975 417 774 311 855 446 688 321 771 465
98 382 354 503 678 322 761 462 525 325 709 411 365 345 563 428 981 273 1115 328 1169 259 1269 303
663 318 749 462 87 379 341 499 981 268 1109 322 869 270 947 405 509 322 648 386 319 345 533 426 1140 257 1254 299
43 379 302 504 954 266 1086 322 474 318 661 408 1142 259 1242 298 315 339 513 422 635 316 725 457 856 269 935 404 779 287 874 349 747 358 799 435
932 269 1064 327 33 379 288 504 623 317 715 458 771 286 876 353 459 318 652 412 831 272 909 405 311 354 454 420 1129 260 1247 298
4 382 242 512 424 326 614 413 923 276 1064 329 309 355 449 420 622 316 714 452 1091 272 1198 315 817 280 897 410
0 384 220 511 521 236 537 253 873 286 1022 341 361 331 587 415 1065 278 1178 318 215 350 429 434 1223 277 1270 306
0 389 186 511 374 332 563 416 864 286 1023 343 1068 283 1165 321 231 360 381 429 1209 275 1277 311 519 238 536 252 566 400 646 480 782 363 858 433 702 304 806 372 775 285 853 419 651 311 709 432 557 294 697 363
1 389 177 508 853 287 1004 344 359 333 555 417 226 361 375 429 1047 284 1156 324 692 303 807 373 1202 276 1276 315 647 312 705 434 561 401 640 480 776 287 833 418 658 379 709 454 513 239 534 252 555 294 692 363 768 362 847 434
3 388 159 505 848 288 1000 343 213 361 356 431 1046 285 1152 324 348 333 553 417 643 312 701 434 1198 277 1274 314 766 362 844 433 687 302 804 374 771 285 832 418 557 401 636 479 654 380 704 453 503 238 522 252
845 288 997 343 4 384 143 504 332 333 523 418 1044 284 1147 322 208 360 350 428 679 304 781 371 639 311 699 435 1195 278 1272 313 759 281 837 423 762 359 841 431 501 234 520 250 649 381 701 451 547 399 627 478
323 329 512 416 187 356 335 426 1043 281 1141 318 0 388 131 497 840 286 995 341 636 309 699 434 675 298 779 364 757 278 834 417 1193 274 1272 312 548 382 625 469 759 357 838 427 500 231 518 248
