

235 393 310 444
227 391 307 445
225 392 306 446
221 393 305 447
217 393 301 448
214 392 298 447
212 390 294 446
210 388 292 443
208 386 289 441
197 384 285 440 709 425 742 461 661 401 686 445
195 384 284 440 709 425 741 462 661 400 686 446 667 424 696 459
190 385 280 442 710 425 742 464 661 400 686 447
183 386 277 443 712 426 742 467 661 400 686 447 297 376 318 423
180 386 272 444 713 427 744 469 679 426 708 467 296 376 317 423
178 386 271 444 714 427 744 470 679 426 709 468
165 385 265 445 679 426 711 469 714 427 746 470
164 385 264 446 680 426 712 470 715 426 748 471
162 386 262 447 682 428 712 470 726 429 763 473
159 386 261 447 683 429 711 469 727 429 761 472
153 387 259 447
149 386 255 447 685 428 712 469
147 383 253 446 686 427 713 468 731 427 763 471
132 382 246 446 686 425 715 468 731 425 766 471
131 383 242 445 688 424 716 467 732 424 767 470 663 397 688 448
127 384 239 445 690 423 717 467 733 424 767 469 664 397 690 451
123 384 238 446 691 424 717 467 734 425 768 470 664 397 689 452
119 383 237 446 692 425 718 468 735 426 767 469 269 374 291 428
103 384 225 447 693 425 719 467 736 425 768 469 269 376 292 428 248 375 269 426 667 398 690 452
106 383 223 447 695 424 719 467 269 377 293 428 248 374 269 426 667 398 690 453
106 383 221 447 666 397 691 452
103 383 220 447 626 403 644 454
98 381 219 446
92 380 219 446 248 364 270 425
87 378 219 446 248 363 270 426 263 365 299 438
86 378 217 447 247 363 269 426
84 378 217 448 247 366 269 428
79 380 206 449 706 423 733 467 247 368 270 429
77 382 204 449 707 424 734 467
76 383 201 448 709 424 734 467
73 384 198 448 710 425 734 466
70 385 195 448 710 424 735 466
68 385 193 449 710 424 735 465
65 384 193 449 710 424 736 465 643 403 660 452
62 383 192 450 711 424 737 465
55 383 179 450 711 423 739 466 641 401 660 455
51 384 179 449 711 422 741 467
48 385 176 449
45 386 174 450
41 388 172 453
37 389 170 456
34 390 170 458 714 424 741 469 643 417 661 462
33 390 167 461 714 424 741 470 642 417 661 464
24 392 163 462 642 417 661 466 714 423 742 471 220 377 254 456
21 393 161 463 217 378 250 459 642 417 661 465
18 394 160 463 214 376 247 460
12 394 156 466 212 376 244 462
6 393 153 468 211 376 244 462
6 392 133 470 197 378 230 458
3 392 134 470 196 379 230 460
2 399 132 474 193 380 227 463 624 412 644 469 145 385 167 445
0 400 128 474 189 382 225 465 622 415 642 472
0 401 121 475 619 418 640 474 186 383 223 468
0 402 115 477 617 420 637 475
0 400 108 479 169 386 202 468 615 421 635 475
0 401 90 477
0 399 83 477 594 417 615 475 100 385 120 448
0 397 77 477 591 419 611 473
0 397 64 477 574 412 594 472
1 395 57 478 569 414 591 475
0 379 41 475 565 419 587 477
0 374 36 477
543 418 566 478

519 417 543 482
514 419 539 481


466 422 490 482







406 430 460 503
405 429 458 504


71 168 1246 560
67 165 1238 561 1229 417 1258 438

1177 416 1212 439
1179 415 1208 437


1103 413 1139 434
1078 415 1109 435 1105 415 1135 433
