

459 440 738 540 155 465 307 513 335 453 489 517 32 476 145 512 1032 412 1121 549 1124 406 1182 532 1246 373 1278 517 1041 480 1118 563 882 426 918 447
459 440 738 540 155 465 307 513 335 453 489 517 32 476 145 512 1032 412 1122 549 1124 406 1182 532 1246 373 1278 517 1041 480 1118 563 882 426 918 447
459 440 738 540 155 465 308 513 335 453 489 517 32 476 145 512 1032 412 1122 549 1124 406 1182 532 1246 373 1278 517 1041 480 1118 563 882 426 918 447
459 440 738 540 155 465 308 513 335 453 488 517 32 476 145 512 1032 412 1122 549 1124 406 1182 532 1246 373 1278 517 1041 480 1118 563 882 426 918 447
1131 405 1189 539 1033 411 1121 554 52 476 161 513 342 451 478 505 191 466 319 513 437 441 707 544 1247 376 1278 518 884 427 919 448 1003 319 1029 334
59 476 164 514 1133 405 1191 542 1049 410 1131 561 189 466 328 514 737 434 770 468 347 452 471 501 1247 380 1278 519 367 442 652 545 157 466 256 508 1006 320 1030 336 885 429 919 450
65 477 168 515 351 453 654 566 214 467 348 517 1053 410 1130 567 1134 405 1192 544 159 467 248 508 1247 400 1279 534 1009 322 1031 338 736 436 772 470 14 485 52 516
326 447 637 559 65 479 169 517 216 467 349 518 1052 411 1128 568 1133 406 1191 544 159 467 249 509 1247 402 1279 533 13 487 54 516 736 438 771 470 1008 323 1029 339
313 452 629 570 62 480 171 518 215 467 351 521 1051 411 1126 567 1132 406 1190 542 159 468 249 510 1247 402 1279 533 737 438 771 471 13 488 53 517 974 435 1069 494
295 454 625 569 59 481 173 519 1050 411 1125 566 212 468 351 522 1130 406 1190 542 159 470 247 510 736 438 771 470 13 489 53 517 967 431 1069 494
286 455 615 570 55 482 177 520 1129 406 1190 541 1045 412 1114 560 211 470 351 523 158 471 248 511 960 428 1072 495 735 438 772 470 1141 480 1187 552 1004 323 1028 339
257 455 590 573 1130 406 1190 540 1049 415 1126 564 56 482 177 520 216 471 346 518 954 426 1077 496 157 472 253 511 1141 480 1188 552 1004 323 1027 339 736 438 771 470
238 456 583 576 1131 406 1191 537 75 483 186 519 1049 416 1127 564 948 424 1082 497 158 472 259 512 515 445 602 489 1005 323 1027 338 1249 375 1279 523 1142 478 1189 552 736 438 771 470 199 474 323 516
213 458 558 576 1134 406 1192 536 82 482 186 518 1049 416 1129 562 516 445 601 489 942 423 1086 496 1007 322 1027 337 1249 378 1279 521 156 471 265 512 737 437 771 469 1144 477 1191 551
202 458 555 577 1050 417 1130 561 1136 407 1194 536 86 481 188 518 916 416 1105 509 1009 321 1028 336 516 445 600 492 1250 381 1279 519 736 436 773 469 158 472 265 512
183 454 548 581 1051 416 1132 558 905 417 1106 508 1138 408 1195 536 88 479 191 517 1011 319 1030 335 513 445 600 497 1251 386 1279 516 736 435 772 468
165 455 546 584 894 417 1105 507 1052 415 1133 555 1139 408 1196 535 97 478 220 517 1012 318 1032 335 453 448 599 509 1251 387 1279 514 19 487 51 517
135 456 523 584 445 448 607 511 1054 413 1134 553 881 419 1076 506 1140 406 1197 534 99 477 220 515 1013 316 1034 334 17 486 53 518 1251 388 1279 511
120 458 518 585 446 448 614 511 878 419 1076 506 1056 412 1135 554 1141 404 1199 533 101 477 218 513 1013 316 1034 333 17 486 54 518 1251 387 1279 512
873 418 1075 507 445 447 622 511 105 461 513 599 1144 403 1201 533 1060 410 1139 554 106 477 210 512 1015 315 1037 332 17 484 52 519
82 461 477 589 867 417 1076 507 464 445 642 512 1065 412 1145 553 111 477 204 511 1147 405 1202 532
72 460 474 590 865 417 1078 506 1075 411 1154 553 489 443 662 510 1162 404 1220 535 1034 315 1055 329
63 456 468 597 867 416 1079 505 486 442 675 507 1163 346 1269 437 1083 411 1162 555 1168 405 1222 533 789 429 809 462 1034 312 1052 328
55 455 463 593 868 412 1084 496 1108 410 1191 553 523 438 683 501
51 452 454 589 869 410 1088 496 1120 408 1202 550 392 451 520 498 573 433 726 496
42 450 442 589 882 408 1105 496 560 429 749 495 1132 399 1211 548 411 446 539 494 1221 403 1274 529
580 426 768 495 34 448 433 591 881 407 1105 495 406 441 551 493 1137 393 1213 545 1104 299 1128 314
866 403 1082 494 22 446 422 597 419 437 578 491 1150 391 1227 540 589 421 771 484 1109 296 1129 312
857 400 1076 492 14 443 409 601 612 416 792 483 424 434 582 490 1154 391 1232 535 1114 291 1133 307
845 397 1073 490 614 410 802 478 11 440 366 609 434 428 583 483 1158 379 1241 526 1118 286 1136 301 333 441 433 480
631 406 810 475 838 395 1070 489 16 436 351 611 437 426 586 482 1157 376 1243 524
637 403 816 474 826 392 1069 488 449 425 600 477 4 438 335 586 1158 373 1245 523 357 432 450 472 265 433 393 475
456 424 603 474 641 402 823 473 802 392 1044 490 6 438 312 586 1158 371 1246 522 247 431 376 477 1170 453 1231 533 610 404 693 450 359 429 449 469
789 393 1036 491 461 423 607 472 651 399 836 474 2 433 265 593 1158 373 1244 523 245 428 378 481 609 404 692 450 1169 452 1230 535 361 427 449 468 1005 390 1043 412
461 424 608 473 770 394 1032 494 660 399 829 475 3 432 244 593 246 430 376 481 608 405 690 451 1157 374 1243 525 1002 391 1044 414 1166 453 1228 536 374 430 437 465 1119 283 1136 297
459 427 612 476 668 402 822 480 747 398 995 499 1154 393 1236 535 236 435 387 485 1116 288 1135 303 0 434 183 593 608 407 692 452 1001 393 1043 416 120 442 208 480
730 402 991 503 676 405 818 480 464 427 626 480 0 436 163 590 232 436 391 486 1154 395 1235 539 122 442 207 483 1116 294 1135 309 607 413 694 458
712 410 988 512 467 430 632 481 265 437 401 485 686 408 815 476 124 443 210 483 9 423 127 580 1157 398 1239 543 611 414 701 459 999 404 1044 428 1118 298 1136 314 211 445 264 480
707 411 985 511 472 428 639 479 138 441 222 483 625 412 723 460 276 436 432 484 1164 403 1246 546 226 443 285 478 5 439 119 593 1023 404 1065 429 1130 299 1154 313 696 408 812 468
711 403 985 504 274 439 439 483 482 424 635 472 136 439 228 483 1132 296 1152 313 626 413 727 460
714 399 992 503 348 421 468 469 556 415 700 466 185 428 286 467 698 400 801 450
720 393 1003 500 700 395 799 443 358 417 500 463 545 412 711 463 208 422 305 462 68 417 156 479 1163 286 1179 306
723 387 1014 495 91 413 179 474 599 400 752 453 355 414 509 459 206 417 311 459 1103 387 1138 409
721 380 1022 491 385 400 525 448 619 393 779 446 90 409 187 471 248 407 363 445
713 376 1019 489 404 395 553 446 256 403 360 445 632 388 773 442 117 407 206 468 1233 268 1256 284
701 372 1013 488 403 391 564 443 273 401 376 442 642 382 803 441 954 366 1088 435 132 406 225 466 1241 263 1259 279 1208 261 1225 284 198 401 279 450
687 370 1006 487 422 392 578 442 276 400 377 441 948 361 1099 433 653 384 792 425 132 406 227 466 228 408 284 444
660 369 980 489 419 391 587 442 944 357 1110 432 279 400 379 440 133 406 226 466 662 382 780 421 228 409 288 444 633 381 658 420
638 367 974 491 422 391 590 442 959 357 1125 429 282 401 382 441 133 405 225 468 227 410 287 446 403 399 468 434 632 382 658 420
957 357 1139 428 610 368 940 494 421 392 593 443 283 401 385 442 133 406 223 469 212 408 290 449 403 400 470 435 632 383 658 421
591 371 934 495 958 353 1156 433 430 393 586 444 283 401 388 443 132 405 224 470 211 409 288 450 403 401 470 436 1211 254 1225 276
982 358 1153 429 457 396 591 444 283 401 389 445 556 372 887 493 131 407 224 471 400 402 469 437 201 405 280 454
986 358 1161 429 532 373 885 496 283 402 389 447 458 396 590 445 391 398 477 442 120 407 211 473 1239 250 1254 267 199 412 276 459
988 356 1169 429 281 403 388 449 495 376 854 499 446 396 571 446 390 398 475 444 117 410 208 475 1235 250 1249 267 195 414 273 461
473 381 850 503 998 356 1179 428 277 404 385 452 387 401 471 445 447 398 567 447 190 417 270 463 113 413 205 478 1230 250 1245 267
993 357 1191 435 395 377 864 516 445 401 566 447 380 403 477 447 187 421 272 467 107 419 209 480
971 361 1184 439 254 422 361 468 293 394 802 524 676 388 823 453
315 403 740 542 979 374 1174 454 65 440 157 504 686 397 810 454 1162 266 1177 288 334 429 428 468
972 380 1167 457 645 409 802 472 250 416 682 553 208 444 311 490 39 458 135 518
959 389 1157 465 630 419 770 476 40 464 134 523 1170 343 1257 531
947 399 1147 473 574 437 734 491 129 446 576 602 159 470 258 511
561 438 738 500 130 457 529 606 944 406 1132 477 8 484 65 540 834 422 862 457 155 474 256 515 1125 397 1207 547
941 412 1113 484 542 443 726 507 71 465 476 620 1111 401 1196 549 809 427 835 462 15 488 103 539
53 470 438 627 939 414 1105 488 540 456 716 514 809 432 837 464 4 493 81 540 1108 401 1193 550
1067 411 1157 560 923 410 1101 495 524 456 685 518 29 471 411 632 6 500 61 541 282 471 428 526
513 458 684 520 7 479 334 650 924 421 1076 501 1052 415 1145 561 5 502 60 540 256 481 412 539
497 460 662 520 920 422 1069 502 1 478 301 654 251 482 409 538 1032 414 1114 566
2 479 246 645 1029 418 1110 563 508 462 644 518 927 425 1061 502 242 486 378 537 708 449 741 480
433 463 573 519 167 487 299 538 0 487 159 646 1024 415 1100 560
394 464 565 522 152 484 313 540 965 420 1042 569 1200 391 1279 449 662 453 691 479 917 438 1001 585 86 492 183 532
366 462 545 522 927 426 1004 569 1168 391 1273 452 875 441 960 589 126 485 290 538
879 431 959 569 384 464 524 519 1161 393 1274 450 318 461 449 513
313 457 491 519 873 425 950 566 55 471 212 528 1079 397 1211 455
304 454 473 517 1076 398 1209 457 678 357 954 486 236 453 331 499 33 467 196 523 872 419 947 560 785 439 866 585 984 393 1063 541
299 454 471 515 1058 397 1191 456 36 462 189 518 779 436 860 565 229 448 329 495 871 409 926 541 984 391 1059 537 658 361 961 481 637 435 667 456
283 450 477 510 1050 396 1187 453 767 432 852 564 209 445 310 490 35 458 182 516 650 355 883 479 974 396 1050 534 830 412 969 484 866 410 920 535 1186 393 1208 441
282 447 478 509 1032 396 1167 453 208 442 306 488 32 455 177 515 757 427 846 565 638 332 881 469 847 409 904 537 1182 392 1205 442 831 411 970 483 960 384 1042 520 587 431 618 453
284 446 483 508 1026 394 1167 450 207 441 303 487 631 332 878 469 30 453 177 515 750 425 841 564 831 405 906 549 954 384 1036 521 1179 389 1203 442 585 430 620 452
286 446 489 508 1025 391 1165 449 207 441 304 488 30 453 181 516 750 424 842 562 627 333 878 468 830 405 904 549 953 382 1036 523 585 430 619 452 1178 387 1204 441
1027 390 1163 450 302 444 503 508 206 441 307 489 33 454 187 516 752 424 843 560 625 332 878 469 832 407 905 547 961 395 1042 536 586 430 620 452 1178 386 1204 441
305 445 513 507 1027 390 1163 452 206 441 310 489 623 330 879 471 754 425 845 560 35 455 192 515 843 408 902 535 963 396 1043 536 884 403 1001 481 587 430 620 452
325 443 526 508 1028 390 1163 455 207 442 311 489 622 328 880 473 755 427 845 559 46 456 210 515 965 396 1044 536 844 409 904 534 889 404 1001 483 587 430 622 452 1183 390 1206 441 2 467 19 513
329 444 531 508 1029 390 1162 458 207 443 311 490 623 330 880 471 48 456 211 515 755 427 845 560 965 393 1044 538 844 409 904 534 1184 391 1206 441 897 406 999 480
329 444 542 508 1037 392 1156 458 207 443 307 492 51 457 212 517 962 391 1043 539 621 335 878 467 841 410 901 535 752 426 843 559 1181 393 1204 441
325 445 547 509 50 457 210 520 1041 395 1146 456 611 354 834 481 825 415 900 551 205 444 302 494 955 390 1038 541 735 426 823 565
322 446 540 510 720 429 811 566 590 355 837 481 32 458 194 521 185 446 281 496 929 389 1009 544 1044 397 1139 452 812 415 891 551 769 421 855 558
310 446 507 509 559 359 788 482 915 391 995 544 955 406 1086 480 15 459 167 519 679 423 770 568 716 429 808 565 162 447 254 496 773 421 855 557
287 444 481 505 18 458 155 517 958 408 1083 477 683 427 771 567 539 357 792 482 152 445 260 492
261 435 479 511 892 411 1049 482 6 442 116 510 1134 399 1255 446 486 359 739 480 817 401 899 541 90 443 178 494 619 420 709 570 682 426 765 563
251 438 456 502 888 410 1045 481 4 440 110 507 816 395 893 541 449 354 692 481 1122 405 1265 448 584 420 674 567 82 437 179 487 679 422 759 559
869 412 1035 481 246 435 449 497 420 333 704 471 579 422 672 563 5 439 100 502 790 396 866 542 64 435 152 485 667 422 748 557
863 412 1035 479 241 434 435 496 5 437 85 503 566 424 658 561 779 397 856 538 1049 399 1190 451 397 331 649 471 45 430 131 478
247 432 428 495 865 410 1035 477 1051 403 1186 452 5 436 82 501 391 330 648 473 766 397 844 536 556 421 650 559 240 429 275 460 649 417 757 476 43 427 123 477
252 430 425 495 869 409 1037 475 1044 403 1184 452 389 331 645 472 539 426 631 561 757 395 834 536 4 433 82 500 237 428 274 460 655 416 752 473 620 413 704 550 827 408 915 464 1148 407 1242 443 1246 408 1278 438
893 409 1049 475 259 429 448 496 1045 403 1183 451 755 396 832 537 387 334 645 469 538 425 631 561 825 408 921 464 3 433 86 501 237 427 272 462 656 416 751 472 1143 407 1243 443 616 412 701 548 1245 407 1278 437
1052 402 1179 448 5 426 109 499 389 334 648 466 759 399 839 534 821 401 932 460 655 415 752 471 623 410 707 549 1144 406 1243 443 912 407 1075 473 240 428 272 463 540 421 631 563 269 430 448 493 1246 406 1278 438
4 425 119 501 832 402 960 459 391 334 652 464 1063 403 1176 444 767 399 847 533 558 413 654 558 1147 405 1246 443 651 414 753 471 294 430 473 493 942 409 1102 469 630 410 715 548 1249 405 1277 437 561 498 640 573
835 402 965 459 3 425 130 501 317 430 497 492 565 414 659 557 957 406 1127 469 778 398 856 532 395 335 652 460 1149 404 1248 443 647 413 757 471 1070 402 1176 442 1252 405 1277 436 576 480 639 570 671 482 720 552
