

904 395 1279 669 478 283 875 646 884 226 1218 470 876 409 966 529 1 402 15 449 435 402 478 426
905 396 1279 669 478 283 875 646 886 227 1215 469 875 410 967 529 1 403 15 449 437 403 478 426
905 396 1279 670 478 283 875 646 886 227 1215 469 875 410 967 529 0 403 15 449
905 395 1279 670 478 283 874 646 885 227 1215 469 875 410 967 529 0 403 15 449
905 395 1279 670 479 283 874 646 885 227 1215 469 875 411 967 529 0 402 15 449
904 395 1279 670 479 282 874 646 884 227 1215 468 875 410 967 529 0 402 15 449
904 394 1279 670 480 282 873 646 884 228 1216 468 875 410 967 529 1 402 15 449
904 394 1279 670 481 282 873 645 884 228 1216 468 868 418 965 517 1 403 16 449
904 394 1279 670 482 281 872 646 884 227 1216 468 869 418 966 517 1 403 16 448
904 394 1279 670 483 281 872 646 884 227 1216 468 869 418 966 517 2 403 17 448 423 398 480 427
903 394 1279 670 483 281 871 646 884 227 1216 468 869 418 965 516 423 399 481 428 2 404 17 448
903 393 1279 670 483 282 871 646 883 226 1217 469 869 419 966 516 424 401 480 428 2 404 17 447
904 393 1279 670 483 283 872 646 883 226 1218 470 869 419 966 517 424 401 479 428 2 405 17 447
904 393 1279 670 482 283 872 646 883 226 1218 471 869 419 966 517 425 402 478 427 2 405 18 447
904 393 1279 670 482 283 873 646 883 226 1217 472 869 420 966 517 2 405 18 446
904 392 1279 669 482 283 872 645 883 226 1217 472 869 420 967 517 3 405 18 446 428 402 476 427
904 392 1279 669 482 283 872 645 883 225 1218 472 869 420 967 517 427 403 476 427 3 405 18 446
904 391 1279 669 482 283 871 645 884 224 1219 471 869 420 967 517 427 403 476 427 3 405 18 446
904 391 1279 669 482 283 871 644 884 224 1219 472 869 420 967 517 428 404 475 427 3 405 18 446
905 391 1279 669 483 283 871 644 884 224 1219 471 869 420 967 517 429 404 475 427
905 392 1279 669 483 283 871 645 885 224 1218 471 869 420 967 517 429 404 475 426
905 393 1279 668 483 283 872 645 885 224 1217 471 869 420 966 516 427 404 476 426
905 394 1279 668 483 284 872 644 886 225 1216 472 869 420 966 517 427 403 476 426
904 393 1279 668 483 284 872 644 887 226 1214 473 869 419 966 517 426 403 477 426
905 393 1279 668 483 284 872 644 887 226 1214 474 869 419 966 517 427 403 476 426
905 393 1279 669 483 283 872 645 888 226 1214 474 869 419 966 517 428 403 476 426
904 394 1279 669 483 284 872 645 888 226 1214 473 869 419 966 517 429 403 475 426
904 394 1279 669 484 285 872 645 889 227 1214 472 876 410 966 529 431 403 475 426
904 394 1279 669 483 285 872 645 888 227 1215 473 872 406 964 490 433 404 476 425
904 394 1279 668 484 285 872 645 887 227 1215 473 872 406 964 490 3 407 17 446
904 394 1279 668 484 285 872 645 887 227 1216 474 872 406 964 490 3 407 17 446
903 394 1279 668 485 286 872 646 887 227 1216 474 877 409 966 528 432 403 477 425 3 406 17 446
903 394 1279 668 485 286 872 646 886 227 1216 474 877 409 966 529 146 411 175 443 432 403 477 425 3 406 17 446
903 394 1279 668 485 286 872 647 886 227 1216 474 877 409 967 529 146 411 176 444 431 403 477 425 2 406 17 447
902 394 1279 668 484 286 873 646 885 227 1216 474 432 403 477 425 877 409 967 529 146 411 176 444 2 405 17 447
902 394 1279 669 483 286 873 645 886 227 1216 473 869 419 966 516 432 403 477 425 2 405 17 447
902 394 1279 669 483 286 873 645 887 227 1216 472 877 409 966 530 433 403 477 425 2 405 17 446
903 394 1279 669 483 286 873 645 887 227 1217 471 877 409 967 530 433 403 477 425 2 405 18 446
903 395 1279 668 483 287 872 645 887 226 1216 470 877 409 967 529 435 403 475 425 2 405 18 446
903 395 1279 668 483 286 872 645 887 226 1215 469 876 409 967 529 437 404 474 425 2 404 18 446
903 395 1279 668 483 286 871 645 887 227 1215 468 876 410 968 528 191 411 233 438 1 404 17 446
903 395 1279 668 484 285 871 645 876 410 968 528 887 227 1216 468 190 411 233 438 1 404 16 446
903 395 1279 668 484 285 871 645 876 411 968 528 887 227 1216 468 234 378 339 433 190 411 233 438 409 403 462 428
903 395 1279 668 484 284 871 645 876 411 968 529 887 226 1216 468 189 411 234 438 428 403 475 426
903 395 1279 668 483 285 871 645 876 411 968 529 888 226 1216 469 426 403 477 427 189 412 235 438
903 395 1279 668 483 285 871 646 876 411 968 530 888 226 1216 470 429 403 479 427 189 412 236 439
904 396 1279 668 483 285 871 646 876 411 969 531 888 225 1215 470 431 404 480 426 189 412 237 439
904 396 1279 668 483 285 872 646 876 411 968 531 888 225 1215 469 189 412 237 439
904 396 1279 668 483 285 872 646 876 411 969 531 888 225 1215 468 189 412 237 439
905 396 1279 668 484 286 872 646 876 411 968 531 190 412 236 439 889 225 1215 467
905 395 1279 667 484 286 872 646 876 411 968 531 190 412 236 440 889 225 1215 466
905 395 1279 668 484 286 872 645 875 411 969 532 191 412 234 440
905 395 1279 668 483 285 872 645 875 411 970 532 192 412 233 439 889 225 1217 465
905 394 1279 668 483 284 872 645 876 412 970 532 888 224 1218 466 388 411 424 428 433 401 480 426
905 394 1279 668 483 285 873 644 876 412 970 532 888 224 1218 466 433 402 479 426 387 411 422 428
905 395 1279 668 482 284 873 645 875 412 969 532 887 224 1218 467 433 402 478 426 386 410 420 428
905 395 1279 668 482 284 873 645 876 411 969 532 887 224 1218 468 436 403 476 426 386 409 421 428
905 395 1279 668 482 285 872 645 887 223 1217 468 876 411 969 531 438 403 475 426 386 408 421 427
904 395 1279 668 483 285 872 646 887 223 1217 468 876 410 969 530 440 404 473 426 387 408 420 426
903 396 1279 667 483 285 871 645 887 223 1218 468 876 410 968 530 440 404 472 426
903 396 1279 667 484 285 871 646 887 222 1217 468 876 410 967 530
903 396 1279 667 484 285 871 646 886 222 1218 467 876 410 968 530
903 396 1279 667 484 285 871 646 885 222 1218 466 876 410 970 529 387 409 422 429
904 395 1279 668 484 284 871 647 884 222 1219 466 876 409 970 529 439 404 468 426 387 408 424 428
904 395 1279 668 484 284 871 647 884 222 1218 466 872 407 967 490 439 405 468 427 386 408 424 428
904 395 1279 668 484 284 870 647 884 222 1218 466 876 409 970 528 386 408 425 429 440 406 469 427
903 394 1279 668 484 284 870 647 883 222 1218 466 877 409 970 527 386 408 426 429 441 406 470 427
903 395 1279 668 484 284 870 647 884 222 1218 466 877 408 970 527 440 405 471 427 384 408 429 430
904 395 1279 668 484 284 870 647 884 221 1218 466 877 408 969 527 439 404 473 427 384 408 430 430
904 395 1279 667 485 284 870 647 885 222 1218 465 877 408 969 527 438 403 475 427 382 409 432 431
904 395 1279 668 485 283 870 647 885 222 1218 466 876 408 968 527 149 407 171 443 437 403 476 428 0 407 16 446
904 395 1279 668 485 282 870 647 885 223 1218 467 876 408 969 527 436 402 477 428 150 407 171 443 0 407 16 446
904 395 1279 668 485 282 870 647 885 223 1217 468 876 408 970 527 437 402 477 428 1197 177 1279 412 0 407 16 446
904 395 1279 668 485 282 871 647 885 223 1217 469 876 408 970 527 151 408 171 443 1197 178 1279 412 437 403 477 427 0 407 16 446
905 395 1279 668 484 282 871 647 885 223 1218 470 876 409 970 527 151 409 170 443 0 407 16 446 1197 178 1279 412
905 395 1279 668 483 283 871 646 884 223 1219 471 868 418 969 517 151 409 171 443 1 408 16 445
905 394 1279 668 482 283 872 646 884 223 1219 472 869 420 970 517 150 410 170 442 1 408 16 445 384 409 436 432
905 394 1279 669 482 283 872 646 883 223 1220 473 869 421 971 517 1 408 16 445 440 404 476 426 386 408 434 430
905 394 1279 669 482 283 872 646 883 224 1220 474 869 421 971 517 150 409 171 442 440 404 476 426 1 407 16 445
905 394 1279 669 482 283 872 645 884 224 1220 474 869 421 971 517 150 408 171 442
905 394 1279 669 482 283 873 645 884 225 1219 475 869 421 970 517 150 407 172 443 441 405 476 427
906 393 1279 669 482 283 873 645 885 225 1219 475 869 422 969 517 149 408 172 443 458 405 487 428 441 406 475 427
905 393 1279 669 482 283 873 644 885 225 1219 475 149 408 172 443 869 422 969 517 458 404 487 428 442 406 474 427
905 394 1279 669 483 283 872 645 886 225 1220 475 869 422 969 518 149 407 172 443 459 404 488 428 1 408 16 445
905 394 1279 668 484 283 871 646 887 225 1220 474 869 422 969 518 149 406 171 442 459 404 488 428 1 408 16 444
905 394 1279 668 484 284 871 646 886 224 1220 474 869 422 970 518 148 405 172 443 460 404 487 427 1 408 16 444
905 394 1279 668 484 284 870 646 886 225 1220 474 148 404 172 443 869 421 970 518 1 408 16 444 460 404 487 426
905 394 1279 669 483 284 871 646 885 225 1219 474 148 404 173 443 869 420 970 518 461 403 487 426 1 408 16 443
905 394 1279 669 483 284 871 646 887 225 1218 473 148 404 173 443 869 420 969 518 462 403 487 426 413 402 456 427 1 408 17 443
904 395 1279 669 483 284 871 646 888 226 1217 471 148 404 173 443 869 420 969 518 413 401 457 427 463 403 488 426 72 408 110 442 2 408 17 443
904 395 1279 669 483 285 871 646 889 227 1216 470 148 404 173 443 876 411 970 530 463 403 488 426 415 402 456 427 2 408 17 443
904 395 1279 669 483 285 871 645 889 227 1217 470 875 410 970 530 148 405 173 443 464 403 487 425 435 401 469 427 2 408 18 443 416 401 454 426
904 395 1279 668 483 285 871 646 890 227 1217 469 875 411 971 530 148 406 173 442 435 401 470 427 464 403 487 425 2 408 18 443 418 401 453 426
904 395 1279 668 483 284 871 646 890 226 1217 468 874 411 971 530 149 406 173 442 435 400 470 427 465 403 487 424 2 408 18 444 418 401 452 425 26 407 49 435
904 395 1279 668 483 284 871 647 874 411 971 531 890 226 1217 468 148 406 173 442 436 401 469 427 465 403 487 425 2 408 18 444 50 406 68 436
904 395 1279 669 483 284 872 646 875 411 972 531 890 226 1217 467 148 405 173 443 437 401 469 426 465 403 487 424 2 408 18 444 50 406 68 437
905 395 1279 669 483 284 872 646 875 411 973 530 891 226 1218 466 147 405 174 443 439 402 469 426 465 403 487 425 2 408 18 444 51 406 69 437
905 395 1279 669 483 284 872 646 874 411 973 530 892 226 1217 464 148 405 174 443 440 402 469 426 2 408 18 444 464 403 486 425 51 406 69 437
