

666 293 898 561 893 287 1061 482 540 401 557 426 315 394 397 463 384 387 467 444 631 391 674 416 0 28 311 672 468 393 499 413
665 292 899 561 892 285 1064 487 540 401 557 427 313 395 399 464 385 387 468 444 632 390 674 415 467 394 498 414 283 415 336 472
666 292 898 561 890 284 1067 486 541 401 558 427 633 390 675 415 314 394 399 465 389 386 468 444 282 414 335 471
666 292 898 562 888 283 1072 485 541 402 558 427 633 390 675 415 391 386 469 444 284 413 336 472 233 411 284 482 255 413 306 476
649 309 910 557 899 280 1078 489 541 403 558 427 633 391 676 415 410 390 466 443 312 392 397 466 210 406 263 488 284 413 335 473
649 308 910 557 898 282 1081 485 541 403 558 427 634 391 675 416 409 390 465 444 210 405 264 489 282 414 335 474 257 413 309 478
651 308 909 557 898 282 1082 486 541 402 558 428 634 391 674 415 391 388 469 445 325 409 383 467 209 404 264 489 281 414 334 474 140 411 227 498 257 413 309 478
667 296 898 561 899 282 1083 484 541 402 558 428 634 391 673 414 209 404 262 489 324 409 382 467 256 413 308 477 104 426 208 498 282 414 333 474
668 296 897 558 900 278 1083 488 541 401 558 429 633 391 672 414 207 404 261 488 324 409 382 467 257 413 309 476 90 428 191 502 282 414 333 473
668 294 898 557 900 276 1085 488 542 401 558 429 633 391 671 413 87 427 192 503 207 403 260 489 257 413 309 476 281 413 332 474
667 293 898 557 900 274 1087 490 387 386 466 443 542 400 558 429 633 390 670 412 86 425 190 503 205 402 259 489 257 412 309 476
666 291 899 560 902 275 1090 490 387 385 466 442 542 400 558 429 634 389 670 411 83 425 188 502 205 402 257 488 255 413 308 476
651 306 910 555 902 275 1092 489 387 384 466 443 542 399 558 429 80 425 184 502 636 388 670 410 204 403 256 487 255 413 307 475
650 306 911 556 901 276 1095 488 386 384 465 442 542 399 559 429 311 398 397 462 79 425 182 501 204 403 257 487 255 413 308 475 637 387 670 409
649 304 912 557 901 277 1097 486 541 400 559 429 386 384 464 443 310 398 396 461 205 403 257 487 255 413 307 475 637 386 670 409 540 390 557 416 79 424 180 501
648 301 913 559 903 277 1100 485 540 402 558 429 386 384 462 442 203 404 257 487 636 385 673 410 254 413 307 474 67 426 165 506
648 298 914 561 903 277 1102 484 540 403 557 430 385 384 461 442 635 384 674 411 296 409 374 469 63 426 166 508 186 402 241 490 254 414 306 474
647 295 914 561 904 278 1105 484 384 384 460 442 540 403 557 430 294 409 375 469 61 425 165 508 635 384 674 411 184 402 242 490 255 413 307 474
646 295 915 561 908 270 1100 511 384 385 460 442 539 402 556 430 293 409 374 470 635 384 673 411 59 424 161 509 183 402 239 490 470 395 498 417 256 413 307 474
646 294 916 560 911 271 1104 512 538 401 556 430 383 385 460 442 634 384 673 410 292 409 373 469 57 423 160 507 182 402 238 490 468 395 499 418 256 414 307 475 233 413 286 479 204 408 258 485
662 300 924 554 913 268 1107 513 370 384 457 443 537 402 555 431 631 384 672 411 54 423 160 507 293 410 372 469 182 403 237 490 464 394 501 418 234 414 286 479
663 301 923 554 915 266 1110 512 536 402 554 432 370 385 456 443 627 384 673 411 293 409 371 469 52 422 159 507 182 404 237 490 461 395 503 419 235 414 287 480
663 302 923 554 916 264 1112 511 534 403 554 433 370 386 456 443 623 384 675 412 183 404 238 491 52 422 158 508 293 409 371 469 462 395 504 418 235 414 287 480
663 301 923 557 917 263 1116 511 371 387 455 444 619 386 677 412 534 403 553 434 182 404 237 492 53 423 157 509 292 410 369 469 234 414 287 481
662 299 923 559 917 262 1121 510 370 387 455 445 616 386 678 413 181 405 236 493 291 411 369 470 39 426 143 515 533 402 553 435 233 414 286 483
662 298 924 559 918 258 1125 510 369 388 455 447 528 404 549 433 290 411 370 470 37 426 141 517 181 406 235 495 614 386 679 413 233 415 286 485
671 286 918 566 919 257 1127 510 368 390 455 448 529 405 548 434 291 411 372 471 182 407 234 496 35 426 141 519 233 415 286 487 474 401 526 423 616 385 679 413
672 287 918 566 920 254 1130 512 368 391 454 450 528 405 548 436 291 411 372 472 479 402 525 423 32 426 140 521 604 388 655 413 182 408 234 497
671 290 919 566 921 252 1134 515 526 406 547 437 366 392 453 451 599 389 656 415 290 411 371 473 30 425 138 523 180 408 233 498
663 305 923 558 921 249 1137 515 522 407 545 438 364 392 453 452 594 389 658 417 290 411 370 475 29 425 134 525 178 407 233 500 156 420 210 506
662 307 925 554 920 247 1139 516 518 407 542 438 363 393 453 452 595 390 657 417 290 412 369 475 31 425 131 525 157 421 211 505 177 407 232 499 520 424 541 449
662 306 923 552 922 249 1153 516 360 392 453 452 515 408 539 436 597 391 655 417 297 413 355 476 15 427 116 527 157 421 212 505 518 424 539 450
662 302 923 552 921 247 1156 522 358 391 452 452 513 408 537 436 583 393 618 416 599 392 652 417 12 427 116 527 290 411 366 474 516 425 537 450
662 298 923 555 922 244 1159 525 356 391 451 451 510 407 535 437 539 403 564 421 9 426 116 527 579 394 624 417 603 394 649 416 160 407 214 499 513 425 534 450 268 412 348 479
662 299 923 558 923 242 1160 527 357 392 450 449 509 406 534 439 9 424 115 528 538 403 566 421 577 394 628 417 500 407 520 430 268 413 348 479
663 300 923 559 927 239 1161 530 356 392 450 450 532 402 571 422 8 424 114 528 575 394 626 418 267 414 348 480 630 395 667 415 157 423 211 503
662 302 923 557 931 236 1163 532 356 393 451 450 528 402 574 423 499 407 520 439 8 426 113 528 267 413 349 479 630 393 671 416 575 393 624 418 500 423 523 450 157 423 210 504 205 428 258 495
662 302 924 555 929 235 1181 515 355 393 452 451 524 402 580 424 496 406 518 441 496 423 520 452 8 427 112 528 266 413 349 480 629 393 674 417 155 423 209 505 205 429 258 495
661 301 924 555 931 235 1183 518 355 394 451 452 492 406 516 442 527 403 582 425 493 423 517 453 7 427 110 528 266 414 350 480 556 401 597 421 153 424 209 505 627 395 673 417 206 430 259 495 901 371 943 476
661 300 924 555 933 237 1186 523 354 393 450 453 489 405 514 442 490 423 514 454 549 401 598 423 8 426 108 529 264 414 350 481 207 430 260 496 152 424 208 506 900 371 943 477
936 236 1190 527 660 301 924 554 356 393 450 453 485 421 512 456 542 400 602 425 486 405 513 441 263 414 351 481 8 426 108 529 899 372 945 477
938 237 1194 530 659 304 924 556 358 393 450 453 535 401 605 426 480 420 509 458 262 414 352 479 486 405 512 437 4 449 84 529 899 372 948 479
659 308 925 560 939 238 1196 531 360 394 450 452 531 400 609 427 474 422 503 457 263 413 353 479 4 450 83 529 900 373 951 479
658 312 928 564 941 239 1196 532 359 395 449 452 471 421 500 460 530 400 611 427 264 414 352 478 3 449 81 529 208 432 259 496
657 312 930 565 942 241 1197 534 357 395 449 452 467 422 496 461 533 400 614 428 470 402 496 444 264 414 352 478 2 448 79 529 140 421 227 506 631 400 666 421 208 432 259 496
656 313 932 564 943 241 1197 534 355 395 450 452 462 422 492 463 529 398 618 429 263 415 353 477 469 403 492 439 140 421 226 506 1 447 78 529 631 401 663 421
657 313 931 564 944 243 1198 535 355 395 451 453 458 422 489 464 529 399 619 429 240 418 328 486 281 414 372 471 467 404 490 436 139 421 226 506
659 312 929 564 943 240 1201 536 354 395 453 454 526 400 624 428 262 415 352 478 457 422 485 464 4 447 65 531 181 431 233 499
660 310 928 565 941 237 1206 539 351 396 456 457 264 416 351 479 522 402 631 428 2 447 62 533 446 422 475 464 182 432 234 500 207 434 258 497
660 309 928 565 958 241 1228 531 350 396 458 459 566 405 640 430 263 417 351 479 442 421 472 468 1 445 60 536 913 376 965 483 184 433 235 501
659 311 928 566 958 241 1229 532 349 398 459 459 570 404 643 431 915 385 966 495 261 414 354 480 1 445 59 536 437 423 467 469 507 401 561 426
659 313 929 568 958 240 1231 535 351 399 455 459 502 402 562 428 911 377 966 481 577 406 641 431 1 444 59 538 243 432 323 493
659 316 930 571 958 237 1236 538 498 403 563 430 352 401 453 460 910 377 967 481 596 407 651 432 0 443 59 539 114 424 203 516
659 317 930 573 957 235 1240 541 593 409 657 434 494 404 561 432 911 377 967 481 114 422 203 518 9 439 106 537 240 431 321 496
660 317 930 573 962 236 1240 542 597 411 658 436 493 405 559 433 913 378 968 496 114 421 203 520 9 439 107 538
659 318 929 574 965 239 1240 542 601 412 660 436 490 407 556 434 914 379 970 496 114 424 202 520 240 433 322 497
660 319 930 576 970 238 1242 542 913 378 971 496 604 411 662 436 491 408 554 434 114 425 202 519 1 446 38 543 186 439 236 511
660 318 930 577 969 240 1244 541 913 378 971 496 611 408 677 435 478 407 543 433 1 446 36 543 113 425 200 519 13 445 105 537 185 439 236 511
660 316 931 577 967 239 1247 542 612 407 676 434 913 379 971 497 476 407 543 433 0 444 33 544 133 423 190 518 12 442 105 538 186 439 236 510
659 318 931 576 967 237 1249 541 616 406 678 431 914 378 971 496 475 408 539 433 358 431 409 492 134 424 190 518 11 441 104 538 0 443 31 545 185 438 235 510
659 318 933 577 969 231 1251 540 621 404 679 431 915 378 973 497 472 406 539 432 353 411 400 489 133 425 190 518 11 442 104 537 184 438 236 509
660 318 934 578 972 228 1253 540 626 403 683 431 916 377 975 498 358 403 441 457 339 406 387 491 93 421 183 521 470 406 540 431 12 443 104 536
660 317 935 578 973 225 1254 541 629 402 683 432 358 403 441 457 916 377 976 498 334 400 380 494 93 420 182 521 180 437 233 508
660 317 933 577 975 222 1257 545 630 401 683 431 358 403 440 457 917 378 978 498 92 419 181 521 328 399 374 490 515 406 549 428
659 317 933 578 975 218 1261 551 631 402 681 430 336 399 435 462 918 379 978 498 91 420 180 520 515 405 549 428 6 445 64 538
659 317 933 581 977 214 1264 558 331 398 436 463 632 402 680 430 918 378 979 498 515 405 550 428 91 421 180 520 3 445 63 538 795 289 809 304 265 432 356 503 163 433 212 511 304 392 353 496
658 316 935 581 976 209 1267 564 327 397 436 464 633 402 679 429 919 378 980 498 515 406 551 429 281 429 338 510 447 403 517 428 3 445 62 538 90 421 179 520 795 289 809 304 162 432 212 511
659 315 935 580 977 205 1268 569 322 397 436 464 511 406 550 430 633 402 677 428 440 403 516 429 920 379 982 498 1 444 62 538 89 421 178 520 160 432 211 511
660 314 935 579 978 206 1270 573 321 398 436 463 509 406 548 429 633 402 676 427 436 403 514 429 920 379 984 499 89 420 178 521 1 443 61 537
661 314 935 580 980 206 1270 574 321 398 436 462 508 407 546 428 634 402 674 427 920 380 986 499 424 403 495 429 108 422 164 519 0 445 62 538
661 314 936 581 982 205 1271 577 323 398 435 462 510 408 546 427 634 401 673 427 421 403 497 430 920 379 987 500 260 416 354 477 108 422 164 519 2 446 83 538 795 287 809 303
659 314 937 578 983 202 1271 579 323 396 434 462 420 402 498 430 511 408 547 426 916 374 994 505 635 400 669 426 107 423 162 519 2 446 83 538 795 287 809 302
657 312 938 575 984 198 1272 579 323 395 433 462 511 407 547 426 422 401 494 428 916 373 995 502 104 422 161 519 1 444 62 539 795 286 809 301
657 312 938 573 985 192 1272 576 324 394 432 460 512 406 548 424 230 407 337 484 424 400 490 427 916 372 997 502 138 443 230 539 487 407 523 424 795 285 810 300
657 312 937 575 986 187 1273 575 325 394 432 459 514 406 547 422 230 409 335 481 425 400 483 425 917 373 998 503 795 284 809 300 486 407 522 423
658 310 937 574 987 187 1274 577 327 394 432 456 516 405 547 420 231 412 334 479 917 373 1000 503 795 283 810 299 115 447 204 537 4 421 61 529 425 400 478 424 484 406 521 421
659 307 937 573 989 185 1276 581 329 394 430 455 918 371 1002 502 231 414 331 478 516 404 546 420 4 419 59 528 795 283 810 298 483 406 521 421 184 431 238 499
660 305 938 573 991 185 1277 583 331 394 429 454 919 370 1004 501 231 414 329 478 515 404 546 419 32 414 132 555 164 430 249 501 795 282 810 297
662 306 938 573 991 184 1278 588 332 393 428 454 919 370 1004 500 20 416 120 560 515 404 546 418 795 282 810 297 137 433 190 507 182 429 235 500
662 306 938 574 991 185 1278 593 332 393 428 454 920 370 1006 500 231 413 329 477 515 404 546 418 795 282 810 297 16 414 114 555 165 428 247 501 485 405 521 419
661 305 939 574 991 186 1279 596 332 394 428 454 922 372 1007 501 230 414 329 476 516 404 545 419 85 423 142 516 482 405 520 420 795 282 810 298 136 433 190 508 165 428 248 500
660 304 941 573 993 187 1279 599 331 394 431 455 923 373 1009 502 516 404 544 420 84 423 141 517 481 405 519 420 136 435 190 508 165 429 249 500 795 282 810 298
658 305 942 572 993 186 1279 600 332 394 432 456 923 373 1010 503 515 403 544 420 82 421 140 518 481 405 517 420 135 435 190 508 164 430 251 501 795 282 810 298
658 303 941 572 994 185 1279 601 331 394 433 457 923 373 1011 503 515 404 544 421 223 412 333 476 82 421 141 518 482 406 515 420 165 431 252 501 136 433 189 509
658 304 941 572 994 186 1279 597 923 373 1011 501 331 394 433 457 515 405 544 421 81 422 140 519 224 410 334 475 483 406 515 420 134 433 187 510 165 431 252 501
658 304 941 573 995 187 1279 595 924 372 1013 500 331 395 432 457 515 405 544 420 80 423 139 519 483 407 514 420 133 432 186 511 166 431 251 501 34 422 89 524
658 306 941 572 994 187 1279 592 926 371 1016 500 334 397 431 456 516 406 544 421 79 422 138 520 203 409 318 482 483 407 514 420 130 431 185 511 164 431 252 501
658 307 940 572 993 185 1279 595 927 369 1019 500 336 397 430 456 515 405 543 421 201 410 319 482 78 420 138 520 483 407 515 420 415 403 443 428 128 430 183 512 163 430 252 500
658 307 940 572 1012 171 1274 599 927 368 1020 498 336 397 430 455 515 405 543 421 201 410 320 482 414 401 446 429 77 422 137 520 482 406 516 420 139 429 227 506
658 306 942 574 1013 167 1273 598 927 368 1021 500 335 397 430 455 515 405 544 421 200 410 319 481 413 399 450 431 480 406 517 421 77 423 136 520 164 431 254 500
658 304 943 575 1015 162 1273 599 928 370 1023 502 334 397 429 455 412 398 453 431 515 405 544 421 201 410 319 481 480 406 518 421 165 432 255 499 78 426 136 519
659 302 945 575 1017 153 1274 600 928 371 1024 505 334 396 428 455 412 396 454 432 199 411 320 482 515 405 544 421 479 406 520 421 166 433 254 499 79 427 136 519 126 432 181 511
659 300 946 577 1017 150 1276 600 927 372 1025 506 334 395 428 455 200 412 319 482 515 405 544 420 412 395 455 432 480 406 521 421 112 434 167 512 66 429 152 518 165 434 253 499
659 300 949 578 1016 151 1277 599 926 373 1025 507 332 394 428 455 199 412 318 482 515 405 544 420 412 393 457 433 480 406 522 421 59 425 117 520 140 432 224 505 8 419 64 526 112 433 166 513 796 281 811 298
660 301 948 579 1014 154 1278 597 926 374 1027 507 332 394 427 455 515 405 544 420 200 412 319 481 139 431 225 505 8 420 64 527 58 425 117 520 412 393 459 434 796 281 811 298 481 406 521 421 112 433 165 513
662 302 946 580 1013 153 1278 597 925 373 1029 506 331 394 425 455 515 405 544 420 200 412 318 481 8 420 63 528 481 406 522 422 797 281 811 298 45 424 131 521 139 430 226 505 413 392 461 434
663 304 943 580 1013 151 1279 597 923 371 1032 506 331 394 423 454 515 405 543 420 200 412 318 480 163 431 251 500 44 423 130 521 482 406 522 422 7 420 63 529 797 281 811 298 412 393 462 435
662 306 944 580 1012 149 1279 600 923 371 1032 505 331 395 421 454 515 405 543 421 483 406 521 422 44 424 130 521 165 432 251 501 5 450 63 531 110 430 164 516
