

368 254 492 329 856 234 897 324 970 242 1012 339 495 87 523 105
372 255 494 329 855 234 897 324 969 242 1013 339 495 87 523 105
387 255 510 326 854 234 897 324 969 243 1013 339
392 255 513 325 855 234 896 324 969 242 1014 339
398 255 518 324 854 234 896 324 969 242 1014 340
403 254 520 324 854 234 896 324 969 242 1014 340 495 87 523 105
406 255 536 322 854 234 896 324 969 242 1014 340 495 87 523 104
409 255 537 321 854 234 895 324 969 243 1014 339 496 87 523 104
412 255 542 320 854 234 894 324 969 243 1013 339 495 87 523 104
419 245 544 319 854 234 893 324 969 244 1013 339 495 87 523 104
425 245 545 319 854 234 892 324 0 191 81 407 969 244 1013 339 495 87 523 104 939 251 963 299
439 244 553 319 854 234 893 323 0 192 89 409 968 244 1014 338
445 245 554 316 854 235 893 322 3 197 110 407 968 244 1014 338
452 246 558 314 11 200 115 403 855 236 893 322 967 244 1015 338
457 248 559 313 18 204 121 400 855 236 893 321 968 244 1015 338 643 247 657 269 913 252 939 294
463 250 559 313 33 205 127 397 855 236 893 320 912 251 940 296 968 244 1015 338 644 247 657 270
472 251 567 312 41 206 133 391 852 237 894 318 909 251 936 299 968 244 1015 338
476 252 568 311 907 250 933 301 850 237 895 317 63 209 152 386 968 244 1015 338
479 252 571 309 904 250 930 303 849 237 895 317 968 243 1015 338 67 210 156 380
486 254 574 308 848 237 895 318 968 243 1015 339
492 254 578 306 968 243 1014 339
496 254 580 304 967 242 1014 339
497 254 580 303 967 242 1014 340
505 256 583 304 131 209 210 373 968 242 1013 340 812 240 832 309 422 152 438 198
509 256 585 304 811 238 832 308 140 211 221 371 968 242 1013 340
513 255 587 305 29 254 139 308 968 242 1012 340 645 249 662 265 810 237 831 305
515 255 591 305 29 254 141 308 968 242 1012 340
519 254 595 305 968 242 1012 340
523 253 599 303 853 236 891 322 968 242 1012 339 422 152 437 202
526 252 601 303 851 236 890 324 968 242 1013 339 422 151 437 204
532 253 603 303 851 237 891 323 422 150 438 205 968 242 1013 340 805 238 839 324 643 248 664 264
533 252 604 302 422 150 438 206 968 242 1013 340 852 238 896 320 642 248 664 264 805 239 842 324
422 150 438 206 536 251 605 301 642 247 664 265 968 241 1012 340 853 239 898 319
546 256 604 291 422 150 438 205 643 247 665 265 968 241 1012 340
548 256 606 290 27 258 143 305 643 248 665 266 968 242 1012 340 422 149 438 204 853 238 899 323
550 255 610 290 853 237 897 325 643 248 666 266 27 257 143 306 968 242 1012 340 422 149 438 204 788 92 818 110
551 255 613 289 853 236 896 325 644 248 665 266 26 256 144 306 969 242 1012 339 422 150 439 204 253 208 350 352 788 92 818 110 496 86 523 104
551 254 617 288 854 236 894 325 644 249 665 266 969 243 1011 339 422 150 439 204 788 92 818 110 496 86 523 104
553 254 618 288 854 237 894 325 645 249 665 266 969 243 1011 339 496 86 523 104 788 92 818 110
854 237 894 324 555 254 619 287 645 248 665 266 969 243 1011 338 496 86 523 104
854 237 894 324 645 248 666 265 556 255 619 286 969 243 1012 338 496 86 523 104
855 237 893 324 566 256 622 286 969 243 1012 338 645 248 667 265 496 86 523 104
855 237 893 323 565 256 623 286 969 243 1012 338 645 248 667 264 319 224 384 313 496 86 524 104
568 256 623 286 856 238 893 323 645 248 667 264 969 243 1012 338 327 220 390 316 495 86 524 104 788 92 819 110
571 256 624 286 855 238 894 323 969 243 1012 338 645 248 666 264 333 203 414 345 788 92 819 111 495 86 523 104
575 256 625 285 855 237 893 322 342 205 423 350 969 243 1012 338 788 92 819 111 495 86 524 104
577 256 625 284 855 237 893 322 969 243 1012 338 346 203 429 353 495 86 523 104
579 256 628 284 855 238 893 321 359 207 449 358 969 243 1012 338
369 207 455 355 582 256 629 283 855 239 893 321 969 243 1012 338
380 208 461 357 584 256 632 283 855 239 893 320 969 243 1012 338
389 209 466 361 585 256 634 283 855 239 893 320 764 248 792 299 969 243 1012 338 792 246 814 290
586 256 636 282 396 206 470 364 762 246 791 299 855 239 893 320 797 246 816 289 969 243 1013 338
587 256 637 281 399 204 472 365 855 239 893 320 798 246 817 290 759 246 790 298 969 243 1013 338
589 256 636 281 855 239 893 321 798 246 818 290 969 243 1013 337 409 207 493 361 756 246 788 297
594 255 640 278 855 239 893 320 797 246 817 291 416 209 501 359 969 243 1013 337
593 255 641 278 797 246 816 293 856 239 893 320 427 210 511 359 969 243 1013 338
594 255 641 278 795 246 816 294 438 208 518 358 856 239 893 321 969 243 1013 338
595 255 641 278 444 206 525 356 795 247 815 295 436 289 526 366 856 239 893 321 969 243 1014 338 733 241 775 314
795 247 814 294 597 254 641 277 440 288 531 366 455 208 539 349 856 239 893 321 718 267 739 316 969 243 1014 338 739 246 768 303
459 208 544 349 598 254 643 277 795 247 813 293 455 289 548 363 716 268 736 317 856 239 894 321 969 243 1014 338 737 245 765 304
468 208 552 351 795 246 813 294 600 254 643 277 714 271 734 317 460 289 554 363 856 239 894 321 969 243 1014 338 734 243 761 305 422 148 438 201
795 245 813 295 602 253 643 276 477 209 560 352 480 291 566 359 711 272 731 317 856 239 895 321 732 241 758 306 969 243 1014 338 423 148 438 201
794 245 812 296 604 253 643 276 484 209 567 352 482 293 569 360 856 239 895 321 969 243 1014 338 709 273 729 317 730 241 756 305 423 149 438 200
793 245 812 296 605 254 643 276 488 208 573 352 484 291 576 361 856 239 894 321 969 243 1014 338 714 242 752 318 788 92 819 111
792 246 811 294 607 254 644 276 713 243 751 318 856 239 894 321 504 209 592 345 970 243 1014 338 501 290 595 358
792 246 811 294 502 286 603 361 609 254 645 276 508 210 594 342 713 242 750 318 856 239 894 321 970 243 1013 338
506 285 608 360 792 246 811 293 609 255 645 276 712 243 749 318 525 215 587 333 856 239 893 322 970 243 1013 338
792 247 811 291 609 254 646 276 710 242 747 317 524 285 618 356 855 239 893 322 523 211 604 342 970 244 1013 338
792 247 811 290 528 283 626 354 545 217 607 334 708 242 746 318 609 254 647 276 855 239 893 321 970 244 1012 338
792 247 810 290 552 217 613 337 534 282 631 352 706 242 744 317 854 239 893 321 610 255 647 277 970 243 1012 338
791 247 810 290 704 242 742 317 564 218 626 333 544 284 648 349 854 238 893 321 970 243 1012 338
571 216 629 332 791 247 810 290 550 283 652 350 701 242 740 316 854 239 893 320 970 244 1012 338
790 247 810 291 698 243 738 316 579 217 633 331 555 283 656 349 854 239 892 319 970 244 1012 338
790 247 810 291 696 243 737 316 574 282 666 347 594 221 651 327 970 244 1012 338 854 239 892 318 423 152 437 203
790 247 810 291 595 220 653 329 579 283 667 344 695 243 736 316 970 244 1012 338 854 239 892 318 423 153 437 202
790 247 810 292 602 221 658 329 688 244 733 315 970 244 1012 338 854 239 892 318 587 285 668 343
790 247 809 291 688 244 731 316 970 244 1012 338 854 238 892 318 621 226 673 325
790 247 809 291 622 222 678 327 687 245 729 315 970 245 1013 337 607 272 694 337 854 238 892 318
790 247 809 291 627 221 681 327 610 271 698 338 970 247 1015 337 686 245 727 316 854 238 891 318
790 247 809 291 970 248 1017 337 629 224 685 324 854 238 892 318 623 281 719 347
790 247 809 291 648 220 700 324 970 247 1016 337 629 270 722 339 855 239 892 318 1030 249 1058 292
790 246 809 292 653 219 706 325 969 245 1015 337 634 273 726 337 1028 249 1055 293 855 239 892 318 422 153 437 202
790 246 809 292 670 222 727 325 969 244 1014 337 855 239 892 318 1027 248 1054 292 422 153 437 202
790 246 809 293 670 216 730 326 969 244 1013 338 854 238 892 318 422 153 437 202
790 246 809 293 676 216 735 325 853 238 893 318 970 244 1012 338 422 153 437 201
790 246 809 293 852 238 893 318 686 217 750 324 971 244 1012 337 1016 250 1041 290
790 246 809 293 852 238 893 318 687 219 752 324 971 244 1012 337 1015 250 1040 291
790 246 809 293 852 238 894 318 972 244 1012 337 696 223 755 324
790 246 810 293 852 238 894 318 971 244 1011 336
790 246 810 293 852 238 894 318 721 224 770 322 678 244 719 317
790 246 811 294 851 238 894 318 725 223 775 322 677 244 717 315 971 245 1011 336
790 246 811 296 851 238 895 318 676 243 715 316 731 222 781 323 972 245 1011 336 1051 251 1076 299
675 243 714 316 851 238 895 318 745 221 794 322 791 246 813 298 972 245 1011 337 1052 251 1075 300
751 218 799 321 675 243 714 316 852 238 894 318 973 245 1011 337 1052 252 1076 300
756 217 804 321 674 243 714 316 852 238 894 318 360 243 402 352 973 246 1011 337 1052 252 1076 300
674 243 714 315 852 238 894 318 769 222 818 322 359 243 406 349 975 245 1012 337 1051 252 1076 300
774 221 820 323 674 243 714 316 852 238 894 318 976 244 1012 338 382 237 419 320 952 249 997 338 999 252 1035 335
780 221 823 324 674 243 714 316 387 239 425 322 852 238 894 318 977 244 1014 338 952 248 996 338
