

900 261 948 346 901 312 949 379 1087 261 1164 394 1091 332 1166 412
900 261 949 346 901 312 949 379 1099 257 1174 398 1105 332 1171 415
900 261 950 345 1103 257 1178 399 902 312 950 379
900 260 950 346 1108 256 1184 399 904 312 951 379
901 259 951 346 906 311 952 378 1113 255 1192 399 1119 325 1182 419
908 311 953 378 902 258 952 346 1119 253 1199 399 1125 328 1199 421
908 310 954 377 903 258 953 346 1124 253 1206 400 1129 328 1205 422
909 310 954 378 904 257 954 347 1130 253 1211 400 1138 327 1206 422
910 311 955 378 906 258 955 347 1134 254 1214 401 1144 326 1223 424
910 312 956 379 907 258 956 347 1148 252 1227 408 1146 342 1231 433
1152 252 1235 409 910 311 957 379 908 258 957 345 1150 338 1239 437
1157 249 1247 411 910 310 957 379 914 258 962 345
1162 246 1256 410 912 310 961 382 914 257 963 344 1169 335 1266 444
1170 245 1263 410 913 308 961 382 915 256 963 342 1176 335 1272 449
914 308 961 382 1177 247 1266 409 915 256 963 342
914 309 962 382 916 256 964 342 1194 242 1277 420
914 311 964 383 917 256 966 343 1201 240 1277 423
915 313 966 384 918 256 969 345 1208 240 1278 428 1220 327 1279 459
915 314 967 384 918 256 970 346 1215 237 1278 435
917 313 969 384 919 256 971 346
918 312 970 384 920 256 971 347
920 312 972 384 921 256 971 348
921 254 972 349 921 313 973 384
924 313 976 385 922 253 973 351
926 314 977 386 923 252 974 352
927 314 979 387 925 254 976 351
927 313 980 387 925 254 978 350
928 311 982 387 926 254 981 348
928 309 983 386 926 252 983 348
929 308 984 386 927 252 984 348
930 308 984 385 927 251 984 348
931 306 984 384 929 250 983 348
936 308 989 385 937 247 989 349
937 307 990 384 937 244 990 352
936 241 992 356 937 308 993 383
937 240 995 358 940 308 995 383
938 241 998 359 942 309 998 384
940 242 1001 358 943 310 1000 385
943 309 1002 387 941 244 1003 357
945 307 1004 389 943 246 1005 355
946 305 1006 390 945 247 1006 354
948 302 1009 391 947 245 1008 355
949 302 1010 391 948 244 1009 357
950 300 1011 391 949 244 1009 357
951 300 1012 391 952 246 1009 356
953 300 1011 391 953 244 1010 357
955 303 1018 392 958 240 1016 360
958 305 1020 392 959 237 1020 364
961 305 1023 392 961 238 1023 362
965 307 1027 393 958 231 1032 372
967 306 1029 395 959 231 1035 370
970 305 1032 397 968 240 1033 360
972 304 1035 398 971 239 1034 361
974 305 1036 398 973 240 1037 359
968 229 1043 370 975 305 1037 399
980 246 1045 352 979 308 1045 399
980 305 1048 402 982 244 1047 355
984 304 1052 404 985 244 1049 358
988 303 1054 405 981 229 1059 371
991 301 1058 407 985 226 1063 373
994 299 1060 408 987 225 1067 374
989 223 1070 376 997 298 1062 408
997 227 1082 373 997 310 1076 416
1001 225 1081 378 1000 312 1079 415
1003 222 1080 379 1003 312 1082 415
1006 220 1080 382 1005 312 1086 415
1008 220 1084 379 1007 311 1088 416
1012 264 1092 407
1014 220 1096 375 1012 312 1095 419
1019 221 1103 375 1023 310 1104 424
1027 312 1108 425 1023 221 1109 375
1031 315 1112 427 1026 222 1115 377
1032 304 1120 433 1030 221 1120 380
1033 218 1122 385 1035 302 1122 436
1043 224 1129 378 1042 303 1131 435
1046 221 1130 380 1045 304 1135 435
1049 219 1133 382 1048 307 1141 438
1052 237 1146 419
1055 233 1154 422
1060 235 1159 424
1064 232 1166 427
1069 313 1173 454 1070 220 1164 381
1073 314 1179 457 1075 216 1168 383
1077 219 1176 429
1088 311 1189 457 1090 219 1186 385
1089 220 1192 430
1092 219 1198 432
1098 218 1205 434
1106 218 1210 433
1112 215 1216 435
1119 313 1227 469 1120 212 1218 390
1122 312 1230 468 1124 210 1223 392
1133 309 1243 474 1139 214 1240 382
1136 213 1245 438 1138 331 1251 493
1142 312 1254 483
1148 308 1264 488
1155 304 1271 493
1159 298 1277 498
