

610 294 852 478 2 208 563 719 952 248 1067 503
4 208 562 719 620 293 865 480 956 252 1071 499
2 210 564 719 621 296 867 480 960 250 1074 497
1 208 563 719 622 297 868 482 962 252 1078 494
0 206 563 719 623 297 869 485 964 252 1080 491
0 202 559 719 625 297 870 487 964 259 1082 489
1 199 555 719 624 297 873 491 965 260 1084 488
4 194 551 719 623 298 876 492 967 262 1085 490 1086 315 1106 375 1096 302 1126 383
5 192 550 719 622 298 880 492 968 263 1086 492 1087 319 1107 376
5 192 550 719 615 289 912 495 1109 306 1129 378 1087 319 1107 378
5 192 552 719 615 289 918 496 1112 305 1133 379 1088 318 1107 378
7 188 551 719 615 287 923 498 1113 308 1133 378 1089 318 1108 378
10 185 551 719 617 288 921 499 1112 311 1132 378 1090 320 1108 376
11 181 549 719 620 290 921 499 987 278 1090 488 1111 313 1130 379 1127 310 1147 380
12 180 547 719 622 294 920 498 989 280 1090 488 1129 309 1151 380 1110 315 1130 380 1018 375 1080 504
13 180 546 719 622 297 922 497 992 281 1091 489 1133 310 1154 382 1111 317 1131 382 1086 322 1105 376
12 182 547 719 624 299 922 496 1135 310 1157 383 1112 319 1132 381 1086 322 1106 379
13 184 549 719 623 300 924 495 993 288 1092 490 1137 312 1157 384 1112 321 1132 379 1085 320 1107 381
11 182 550 719 623 301 927 496 992 292 1092 488 1135 316 1155 383 1150 315 1171 383 1085 320 1108 382
13 181 549 719 622 304 930 495 992 294 1091 488 1151 314 1173 383 1133 320 1153 383
13 180 548 719 638 303 958 497 992 294 1091 487 1154 315 1176 384 1132 324 1153 381
13 181 547 719 639 304 959 498 994 296 1088 487 1157 317 1179 383 1135 326 1155 380 1109 329 1126 372
10 177 550 719 642 301 960 499 997 296 1089 487 1159 317 1181 384 1111 328 1127 373 1137 326 1157 379
9 174 551 719 645 301 962 500 998 298 1089 487 1159 319 1180 385 1113 327 1129 375 1086 322 1105 382
10 174 553 719 649 303 963 499 999 296 1089 485 1156 319 1177 385 1175 318 1196 383 1115 325 1131 377 1087 322 1106 381
12 176 553 719 655 316 948 511 999 298 1088 483 1176 316 1199 384 1154 320 1173 385 1116 325 1132 379 1088 322 1106 380
12 178 555 719 657 317 947 513 999 300 1086 481 1178 316 1201 384 1155 320 1174 385
10 179 557 719 662 315 949 516 997 300 1085 480 1182 316 1204 386 1158 319 1178 387
10 178 559 719 667 314 952 519 996 297 1085 480 1157 316 1185 397 1186 317 1207 386
11 174 559 719 670 312 955 521 995 297 1084 479 1160 316 1188 398 1135 329 1152 378 1187 320 1207 386
12 169 560 719 673 314 956 522 994 299 1085 479 1137 328 1154 379 1162 316 1191 399 1199 318 1222 387
11 168 563 719 676 313 957 524 992 302 1086 476 1201 317 1225 389 1138 326 1156 381 1180 322 1199 388
7 171 568 719 681 312 960 525 993 306 1085 472 1204 316 1228 390 1179 322 1200 390 1139 325 1159 381
6 169 571 717 686 310 966 527 982 302 1073 465 1208 315 1230 391 1176 324 1203 399 1141 325 1160 381
4 167 572 715 690 311 973 527 994 311 1085 471 1180 317 1208 398 1209 311 1236 392
6 163 572 714 693 310 981 531 1183 315 1211 400 981 305 1073 471 1215 317 1234 386
5 164 573 713 695 311 988 532 1186 313 1214 402 992 315 1086 469 1220 311 1251 393 1154 328 1172 376
698 310 993 534 5 160 597 719 1188 310 1217 404 1224 309 1253 392 1149 313 1176 398 948 335 997 412
5 162 597 719 700 312 995 533 1226 306 1255 391 1196 311 1225 399 1150 314 1177 397
4 162 598 719 703 313 997 533 1228 304 1258 391 1196 311 1225 400 1152 314 1180 396
5 166 574 719 705 313 1000 533 1198 311 1229 402 1231 303 1259 391 997 384 1078 457 1155 314 1183 396 1021 330 1072 421
4 169 575 717 709 313 1002 534 1201 310 1233 403 1013 332 1075 448 1157 313 1186 396 1232 301 1260 391
713 312 1004 534 3 170 600 719 1203 309 1235 404 1014 332 1075 448 1159 313 1187 395 973 324 1022 423
718 312 1006 535 6 173 599 719 1014 332 1074 448 1207 307 1238 403 1159 312 1187 395 973 326 1019 422
7 173 600 717 720 311 1009 535 1013 333 1073 447 1082 343 1103 395 1227 303 1257 394 1251 295 1277 394 1211 307 1240 401 1169 312 1201 399
9 175 599 716 720 311 1015 538 1013 334 1072 447 1224 305 1256 396 1170 310 1201 401 1084 343 1104 394 1254 293 1278 396
721 311 1018 539 8 177 600 714 1012 334 1072 447 1226 306 1256 397 1172 311 1202 400 1085 346 1105 393
725 309 1018 542 7 175 600 717 1012 333 1073 446 1229 304 1260 399 1174 311 1204 399 1087 345 1107 393
729 309 1014 542 4 175 604 717 1011 332 1073 446 1233 301 1263 399 1178 314 1208 397 1089 345 1110 392 621 377 643 409
733 306 1012 543 2 172 607 716 1009 330 1072 447 1181 315 1212 396 1246 294 1274 398 1090 342 1112 393 620 376 643 410
735 306 1012 542 1 170 609 715 1009 330 1072 448 1247 296 1275 396 1184 314 1213 395 1091 340 1113 393 619 376 644 410
737 306 1013 540 3 166 607 715 1008 330 1071 450 1250 296 1276 397 1094 338 1114 393
738 307 1015 539 4 170 604 716 1254 294 1278 399 1197 313 1224 398
739 306 1018 540 6 171 603 716 1006 330 1071 453 1200 314 1227 396 1259 291 1279 404
738 304 1021 542 6 173 603 716 1203 315 1231 395 1060 321 1078 376 1262 289 1279 407 1160 309 1186 398
746 301 1036 542 5 170 605 715 1207 314 1235 394 1061 322 1079 376
746 300 1039 542 4 172 605 712 1210 312 1238 394 1013 329 1070 456 1176 308 1200 398 1108 311 1138 398
747 300 1046 544 3 175 605 712 1177 307 1203 396 1211 309 1240 393 1109 309 1139 398 620 376 643 411
747 299 1053 545 4 179 604 713 1220 305 1250 399 1179 305 1205 396 621 376 643 411 1109 309 1139 397
748 297 1061 547 6 177 603 715 1223 305 1254 398 1179 304 1206 395 621 376 643 410 1066 320 1083 377 1157 305 1184 401
752 296 1066 547 7 178 604 715 1227 306 1259 397 1179 304 1207 396 620 377 641 411 1065 320 1084 377 1156 306 1183 403
756 296 1072 547 8 175 604 715 1231 306 1263 394 1181 304 1209 396 620 378 640 411 1085 319 1104 379 1066 320 1084 377
759 298 1078 548 7 174 607 718 1233 304 1265 393 1182 302 1210 395 619 379 638 411 1084 317 1104 381
6 171 611 719 763 299 1085 548 1235 303 1267 390 1085 318 1104 381
5 170 614 719 767 299 1089 549 1247 303 1277 393 1085 316 1104 380
5 171 616 719 773 299 1093 548 1250 304 1278 390 1085 315 1104 378
4 172 619 719 777 297 1095 549 1254 302 1279 393 1198 298 1231 394 1160 303 1186 400
785 295 1100 549 4 177 624 719 1202 296 1236 394 1257 295 1279 395
791 295 1105 549 3 182 626 719 1204 292 1239 395
796 295 1111 548 4 188 626 719 1205 290 1241 396
798 296 1113 548 4 190 625 719 1205 290 1240 397 1153 298 1184 395
802 294 1116 549 4 193 624 717 1206 289 1239 397
807 292 1117 551 3 188 622 715
814 291 1118 552 1 185 620 717
819 290 1117 552 0 182 618 719
824 289 1118 552 0 184 618 719
828 289 1119 552 0 187 621 719
831 287 1121 553 0 186 622 719
831 289 1122 554 0 187 622 719 1157 306 1188 393
0 182 620 719 831 290 1124 554
0 182 622 719 833 289 1150 553
834 287 1153 554 0 174 625 719
836 285 1157 555 0 170 626 719 1176 330 1200 382
840 286 1165 555 0 165 628 719 1179 331 1202 380
845 287 1174 555 0 165 631 719 1181 330 1203 379
851 288 1180 555 0 168 636 719 1185 329 1205 378 1227 308 1256 397
856 287 1181 555 0 178 638 719 1187 328 1207 379 1231 310 1259 397 1179 313 1210 395
861 288 1183 556 0 185 642 719 1190 331 1211 394
865 287 1186 557 0 187 646 719
867 287 1188 558 0 188 652 719 1202 330 1222 381
870 287 1192 558 0 190 656 719 1202 330 1223 382
874 288 1199 557 0 187 669 719 1205 327 1226 383 1262 315 1277 390
881 288 1205 558 0 185 679 715 1208 325 1228 384
887 286 1209 560 0 183 688 708 1211 322 1230 384
892 285 1210 563 0 186 684 704 1213 323 1232 383
895 286 1212 565 5 187 684 708 1215 322 1233 382
897 287 1216 566 6 189 687 711 1225 322 1246 385
6 191 690 715 898 288 1221 567 1226 320 1248 387
