

488 399 507 455
473 404 493 449
473 402 495 455
473 401 497 459
471 409 493 463 913 436 1114 616
469 407 492 466
466 407 489 468
463 405 487 470
462 404 485 471 1031 444 1263 619
1051 444 1265 623 461 408 482 466
1061 445 1267 622
445 398 466 453
443 393 466 452
436 380 470 457
433 379 468 459
430 379 465 462
427 380 463 465 678 432 727 497
423 384 456 470 680 432 732 501
420 384 455 471 681 432 735 504
416 384 452 473 693 433 746 510
410 382 447 477 697 432 754 515
405 378 442 481 702 431 759 517
401 375 439 484 716 431 776 521
394 373 432 482 723 429 779 520
389 368 429 481 730 429 810 520
384 360 425 477 736 425 816 521 231 408 284 471 303 394 351 456
380 354 421 475 300 389 348 455 749 423 836 522
287 387 339 457 377 350 418 475 759 405 856 534 206 402 265 473
363 351 408 476 770 403 870 541 282 386 335 458 40 551 1239 706 180 398 241 480
356 349 403 482 278 388 331 461 166 399 251 483 779 407 879 549 39 555 1239 706
350 350 400 492 799 415 910 566 29 559 1238 707 159 401 251 487 262 404 313 469
332 355 399 508 786 416 942 564 258 407 310 475
323 358 390 519 853 448 1042 615
306 356 373 530 867 445 1043 615
300 354 369 534 210 427 266 498
285 351 358 539 3 328 124 539
270 347 348 543 2 326 114 540
244 339 328 551 337 411 376 434
233 332 322 564 335 411 376 435
219 335 309 561 332 412 376 437
331 414 376 441 177 342 270 587
164 320 263 607 328 415 375 444 735 455 815 538
329 413 373 443
308 409 368 438
305 403 364 435 670 407 690 442 770 447 869 549
299 398 360 432 670 406 689 440 0 256 122 638 774 446 874 550
294 396 357 431 668 404 688 440
667 403 688 441 294 396 355 433
279 395 350 434 797 455 934 592 665 403 687 444
272 394 348 440 665 403 687 448 819 454 927 606
269 397 344 443 824 454 985 620 664 403 687 450 705 400 734 494
265 401 339 446 836 452 995 626 663 405 686 449 706 400 737 497
262 403 336 448 862 401 1042 651
251 403 328 447
246 398 324 447
241 394 317 445
237 393 312 444
227 392 308 445
225 392 307 446
220 393 304 448
216 392 299 447
213 390 293 446
210 388 291 443
198 386 284 440 709 426 743 461 667 425 694 458
193 385 285 440 710 426 743 462 667 424 694 459 661 401 686 448
190 384 282 441 711 426 743 463 662 401 686 449 668 424 695 460
184 385 279 442 712 426 743 465 663 401 686 449
182 385 274 443 713 427 743 467 680 425 708 465
179 385 271 444 714 427 744 469 680 425 709 467
165 386 266 444 680 426 710 468 714 427 745 470
163 386 265 445 680 426 711 469 714 427 747 471
161 386 264 446 682 428 711 469 726 430 763 472
158 387 261 446 683 429 711 469 726 429 762 472
154 387 258 446 684 429 711 469 729 428 761 472
150 387 256 446 684 428 712 469 729 428 761 472
148 384 255 447 685 427 712 469 730 427 763 472
134 383 245 447 687 425 714 468 731 425 765 471
134 382 242 446 688 423 716 467 732 424 768 471 663 394 689 449
130 383 241 445 664 393 690 451 733 423 768 470
125 383 239 445 691 423 718 467 665 394 691 453 734 424 770 470
120 383 237 446 693 424 718 467 735 425 769 470 666 396 691 453 269 375 291 427
104 384 224 447 694 425 719 467 268 376 291 427
105 383 224 448 694 424 720 467 269 377 292 427 249 376 270 427 667 397 691 454
106 383 223 447 694 424 721 467 666 397 692 452 249 374 270 426
103 382 220 447 694 422 723 467 666 394 693 452 249 371 269 425
100 382 218 446 626 401 644 454 667 393 692 451 545 408 567 445
95 381 218 446 668 391 693 450 249 365 270 426
91 380 218 446 262 367 298 440
87 378 217 447 704 421 734 467
78 378 209 449 704 422 734 468 639 399 660 454
78 379 207 449 705 423 733 468 246 367 268 428 641 401 661 455 671 396 693 452
76 382 206 449 706 423 734 468 246 370 269 429
74 383 202 448 707 424 735 467
70 384 197 448 709 425 735 466
68 384 195 448 710 425 735 465
66 384 194 449 710 425 736 464 642 401 660 453
64 383 193 449 712 425 736 464 642 401 660 453
61 382 193 451 640 400 659 455
