

772 208 1157 475 348 356 658 613 732 303 781 397 691 301 749 333
775 208 1164 482 347 357 661 620 732 306 784 401 694 307 749 337
801 200 1195 494 347 356 664 626 734 319 783 412 697 311 750 342
804 191 1202 500 306 355 655 625 699 310 752 341 741 306 795 403
807 180 1214 501 295 350 656 626 741 303 797 398 701 305 753 335
811 171 1225 500 286 342 659 630 742 298 798 394
816 164 1238 499 282 340 660 632 744 296 800 389
819 160 1250 503 281 335 662 637 745 297 800 387 597 317 701 415
824 156 1259 505 278 333 665 641 746 298 803 387
829 152 1267 509 276 328 667 646 747 297 805 388
834 149 1273 510 270 323 669 648 750 298 807 387 596 318 704 416
825 138 1279 522 260 312 662 649 749 280 807 373
828 135 1279 527 250 304 661 653 750 275 809 369
831 129 1279 536 235 305 659 657 752 270 810 368
837 122 1279 550 223 312 661 660 754 267 811 372
847 113 1279 575 155 275 695 683 762 265 826 371
855 105 1277 601 142 269 700 688 762 265 825 372
863 101 1275 625 126 256 709 697 762 268 824 374
864 99 1277 639 755 270 810 378 42 249 681 704
866 96 1275 655 33 249 678 710 755 279 808 376
860 149 1279 689 44 257 669 712 756 295 812 400
868 145 1279 701 62 338 658 712
873 142 1275 708 62 342 657 711 754 302 839 430
873 134 1273 714 52 340 652 709
881 82 1263 684 55 338 645 705
880 67 1265 695 51 337 642 702 759 287 828 400
879 64 1266 698 57 336 646 702 751 287 836 408 872 274 917 366
912 62 1275 688 38 343 660 703 756 287 841 413
929 60 1271 671 36 343 664 702 761 287 846 416 544 338 713 447
946 54 1268 655 43 342 663 703 547 339 714 451 764 284 852 417
952 48 1273 659 65 335 651 703 545 333 712 450 763 281 850 415
967 45 1275 675 77 338 651 705
982 45 1276 690 79 344 656 706
995 48 1275 700 80 347 656 710 539 356 713 489 765 304 850 443 902 287 949 399
998 49 1276 698 76 342 649 711 538 352 710 488 764 304 851 441 902 288 949 396
61 336 638 711 1003 43 1277 696 533 348 707 487 902 271 951 386 764 305 852 438
44 331 636 710 1015 32 1275 705 527 345 707 484 903 265 952 384 765 306 854 434
25 328 630 710 1028 20 1274 709 525 333 706 468 904 262 955 379 763 278 853 422
14 322 633 710 521 326 704 468 1036 13 1270 712 762 273 852 420 903 247 952 356 917 281 973 371
16 278 632 715 517 318 701 466 762 265 852 417 903 241 954 358 917 283 974 368 774 330 835 421 1027 11 1272 713 695 281 748 312
18 275 636 713 515 312 699 466 762 262 853 414 903 238 956 357 917 282 974 365 776 330 836 419 1023 165 1109 324
23 270 635 714 510 307 694 464 759 258 849 407 903 241 958 353 1029 166 1110 317
30 268 628 716 505 305 690 465 755 257 845 404 1065 149 1152 318 1028 160 1106 310
36 265 616 719 481 305 683 465 750 257 842 401 900 215 953 340 1074 146 1157 315 914 256 971 349 1027 152 1101 302
38 267 609 719 481 303 680 469 748 257 842 403 900 212 954 341 915 256 972 348 1082 148 1159 315 1029 150 1102 299
27 264 611 719 474 301 675 471 747 256 841 402 900 210 954 341 1100 139 1187 321 916 258 973 348 1030 146 1101 295
13 261 625 719 472 300 672 473 747 254 840 401 900 207 956 340 1100 143 1186 320 915 258 973 347 1032 144 1104 293 1010 127 1037 188
469 302 673 477 749 254 844 404 1102 143 1192 319 10 252 630 719 903 208 957 341 916 254 976 349 1071 142 1150 306 1036 146 1109 292
470 302 675 478 750 253 847 407 1108 142 1199 318 904 215 979 356 1060 146 1140 301
469 299 676 477 752 254 851 407 1113 136 1203 317 905 213 979 354 1062 188 1250 312 1052 145 1133 297 115 385 535 717
465 291 673 474 750 253 851 405 904 208 980 348 1115 131 1207 314 1045 125 1132 284 99 388 533 717 1065 183 1258 307
461 288 670 476 1119 107 1210 304 751 252 851 406 903 208 982 343 1048 124 1135 281 37 387 488 710 1065 178 1262 303
457 290 668 481 749 246 852 410 1123 105 1215 303 1051 127 1138 280 905 209 984 343 26 399 469 712
453 296 668 488 738 230 826 412 1127 102 1217 305 1053 129 1142 279 907 211 987 346 26 415 434 711 757 319 850 423
449 298 667 491 736 229 827 413 1055 128 1142 279 1129 98 1218 307 908 211 988 347 37 426 414 709
442 298 664 495 732 228 828 416 907 211 988 348 1143 90 1237 311 1057 127 1144 278 755 321 850 426
728 229 830 421 437 300 661 498 1144 87 1238 313 905 209 988 350 1056 128 1145 280
724 230 829 428 419 305 647 500 1145 87 1240 314 902 209 986 354 1056 127 1147 282 748 320 847 445
412 311 645 519 721 231 828 434 1146 88 1241 319 901 210 985 356 1056 126 1148 284 745 321 846 449
402 310 638 521 717 232 828 439 1149 85 1244 323 905 274 992 368 1059 122 1151 286 893 199 970 357 745 321 846 450
392 310 631 522 715 233 827 443 1155 82 1248 326 1061 118 1154 285 904 273 993 369 893 197 970 357
713 233 827 446 384 310 626 524 1160 78 1254 326 1065 114 1157 286 899 202 985 358
373 314 643 519 712 231 827 445 1164 74 1258 321 1070 112 1162 284 900 199 987 357 2 461 172 715
366 312 642 519 712 224 827 443 1166 65 1266 315 903 201 989 356 1073 110 1168 280 1 457 166 718
360 312 641 523 711 220 824 445 1169 59 1271 310 905 200 992 356 1077 103 1173 278
356 314 642 532 710 221 822 453 1196 58 1276 307 908 200 994 359 1089 102 1191 283
354 319 643 544 1199 58 1276 315 707 230 821 461 1091 97 1192 287 907 197 995 365
342 322 622 551 1205 55 1274 321 695 224 848 485 1095 99 1192 287 908 200 997 369 923 274 1018 379
339 323 623 558 693 224 850 488 1213 49 1273 326 1101 98 1194 287 908 201 1000 371
338 322 624 559 696 241 849 484 1220 41 1272 327 909 198 1003 370 1105 96 1197 286 1026 79 1112 268
336 323 625 563 698 240 847 487 1107 92 1206 289 914 195 1007 371 1225 36 1274 331 1027 76 1115 266
332 333 628 573 701 241 846 504 1112 93 1215 293 921 199 1009 376 1227 55 1275 325 1029 82 1118 269
329 342 632 583 705 242 845 520 928 202 1012 379 1119 94 1221 294 1049 94 1137 270
328 346 636 590 716 249 881 521 1138 86 1254 305 943 201 1046 393 1056 99 1143 267 923 200 962 345
328 344 638 591 1141 82 1259 301 720 243 881 520 947 196 1046 391 1061 96 1147 263 924 198 964 341
324 349 638 600 1143 78 1261 299 720 242 882 528 951 193 1048 396 1065 93 1151 261 925 198 966 339 930 191 995 375
318 360 633 610 1145 77 1265 300 710 243 844 546 952 194 1047 401 1066 92 1153 265 925 201 966 343
311 370 626 622 1147 77 1265 304 707 249 841 556 950 199 1047 405 1066 94 1153 270 922 206 966 346 453 315 465 332
314 396 614 640 1148 80 1263 307 704 266 842 570 955 218 1054 431 1064 96 1150 279 921 206 991 378 451 320 463 338
302 393 612 647 950 211 1053 436 700 268 841 577 1150 82 1261 310 1061 97 1146 286 921 222 968 364
289 391 615 649 951 211 1055 436 697 266 843 581 1153 81 1264 312 1061 95 1142 286 915 207 986 376
280 388 618 650 695 263 843 584 1158 81 1268 311 952 208 1058 434 913 206 988 373 1061 99 1141 282
277 386 619 651 695 261 842 586 1163 80 1270 311 954 205 1059 434 912 206 989 372
274 386 618 662 700 268 844 595 960 207 1060 441 1172 84 1270 311 916 209 996 374
268 388 619 668 704 272 848 603 968 208 1060 448 1197 80 1278 313 921 210 1001 375
260 389 620 673 992 215 1108 446 1200 79 1278 317 720 271 891 613 926 209 1007 376 455 322 467 337
251 387 626 669 995 208 1110 445 721 264 890 616 1203 79 1278 315 927 205 1009 371 457 318 469 334
242 385 629 665 720 256 891 618 998 200 1113 445 1209 75 1277 315
230 384 630 664 716 250 890 620 990 194 1144 443 1213 71 1277 314 454 309 465 326
219 384 626 669 989 190 1143 443 711 246 891 624 1215 69 1277 313
208 389 620 677 699 249 850 628 985 189 1140 445 1213 68 1277 313 734 428 905 633
199 393 620 687 982 192 1139 454 692 248 844 639 1211 67 1277 314 724 401 901 668
980 195 1140 463 181 397 578 683 1210 68 1278 317 684 249 838 646 718 400 894 679 425 321 436 336
981 197 1140 472 679 252 839 683 170 396 574 687 724 439 884 701
981 196 1138 473 675 246 836 689 161 392 573 687 1209 123 1278 346 717 399 886 685
980 193 1136 478 668 244 837 695 146 390 566 691 1209 122 1278 348 886 220 954 386
978 192 1138 484 660 247 842 698 135 388 556 693 879 220 950 389
975 193 1137 488 650 254 850 700 1209 112 1279 352 120 391 545 698
