

288 365 482 471 588 379 646 430 563 377 598 404 743 386 787 447 532 312 544 327 564 314 575 328
291 366 484 468 589 378 646 430 563 377 598 404 741 393 774 440 532 312 543 327 564 314 575 328
293 366 485 467 589 378 645 430 741 393 774 440 564 377 598 404 532 312 543 327 564 314 575 328
304 371 492 465 589 377 645 430 739 392 774 440 563 377 598 404 532 311 543 328 565 314 575 329
308 371 490 465 589 376 645 430 739 392 772 439 563 377 598 404 532 311 543 328 565 315 575 329 281 384 294 405
311 371 489 465 589 376 645 430 737 393 771 439 563 377 598 404 279 383 293 405 532 311 543 328 565 315 575 329
314 371 490 466 737 393 770 438 589 376 645 430 562 377 598 404 277 383 291 405 565 315 576 329 532 311 543 327
318 372 492 466 735 394 768 437 589 376 645 429 275 382 290 406 562 377 598 405 565 315 576 329 532 311 544 327
322 372 494 465 735 394 767 437 589 376 645 429 274 382 289 406 562 378 598 405 565 315 576 329 532 311 544 327
327 371 496 465 734 394 766 437 590 379 645 424 273 382 288 406 562 378 598 405 565 315 576 329 531 311 544 327
332 371 497 464 733 394 765 438 591 380 644 424 272 382 287 406 562 378 598 405 565 315 576 329 531 311 543 327
337 372 499 464 731 393 764 438 590 375 645 430 270 382 285 405 564 315 576 329 531 311 544 327
342 372 502 463 729 392 763 438 590 375 645 431 268 382 283 406 531 311 543 327 564 315 576 329
348 379 502 458 727 390 762 438 591 376 646 431 266 382 281 406 531 311 543 327 564 316 576 330
353 379 504 457 724 387 762 438 591 376 646 432 531 311 543 327 265 382 280 407 564 316 576 330
359 380 506 456 722 385 762 439 591 376 646 431 562 381 595 406 531 311 543 327 564 316 576 330
364 380 507 455 721 385 761 438 594 382 642 425 562 381 595 406 531 311 543 327 564 316 576 330
368 380 508 455 593 383 642 425 561 381 595 406 531 311 543 327 564 316 576 330 255 381 271 406
369 379 508 455 593 383 642 425 561 381 595 406 564 316 576 330 531 311 543 327 252 380 269 406
371 379 507 455 531 311 543 327 564 316 576 330 248 379 267 406
375 379 514 456 715 391 749 435 531 311 543 328 564 317 577 330 591 376 647 430
377 380 514 456 714 391 747 435 591 376 647 430 530 312 543 328 564 317 577 330
380 381 513 455 714 392 745 434 591 378 647 430 529 312 543 328 564 317 577 330
384 383 514 454 713 392 743 434 590 378 648 430 564 317 577 329 529 312 543 328
388 384 514 453 713 392 741 435 590 379 665 429 564 317 577 329 529 312 543 328
391 385 514 452 712 391 740 435 591 379 666 429 367 389 409 407 564 317 577 330 529 313 542 329 334 15 417 51
393 385 513 452 712 391 739 435 365 389 411 408 591 380 665 429 564 317 577 330 529 314 542 330 332 12 416 48
395 386 515 452 364 390 413 410 711 391 738 435 529 314 542 331 564 317 578 330 330 8 415 46
396 386 516 452 362 392 413 412 710 391 737 435 329 5 414 43 529 315 542 331 564 318 577 330
399 386 518 451 360 393 413 412 709 392 736 435 324 5 409 40 528 315 541 331 594 386 648 422 564 318 577 330
401 385 518 451 358 393 411 413 324 3 408 38 708 392 736 435 593 387 648 422 528 315 541 331 564 319 577 331 348 315 362 332
404 386 519 450 355 393 411 414 706 393 735 435 322 2 407 36 528 315 541 331 593 387 649 423 564 319 578 331
407 388 518 449 352 393 412 415 528 314 541 331 564 319 578 331 593 387 650 423 318 1 406 34
414 387 528 449 350 392 414 416 528 314 541 331 563 319 578 331 593 387 650 423
415 387 527 449 349 391 416 417 527 314 541 331 563 319 577 331 594 387 649 422
416 387 528 449 347 390 417 417 527 314 541 332 563 319 577 332 596 392 650 430
417 387 529 449 345 389 417 418 527 314 541 333 596 393 650 430 562 320 576 332
419 387 530 448 342 389 417 419 527 314 541 333 597 393 649 430 562 320 576 333
420 387 531 448 341 389 417 420 527 315 541 333 599 393 648 430 562 320 576 333
423 388 531 447 340 388 415 420 526 315 541 333 600 393 648 430 562 320 576 333
425 389 532 447 335 389 416 421 600 393 648 430 526 316 541 333 562 321 576 333
428 390 533 446 334 389 413 421 600 393 647 430 526 316 540 334 561 321 576 333
431 390 533 446 324 388 403 422 601 393 647 431 525 316 540 334 561 321 575 333
432 391 534 446 325 388 403 424 602 394 646 430 525 316 540 334 561 321 575 333
434 391 534 447 322 388 400 424 602 395 645 429 525 316 540 334 561 321 575 333
434 392 534 447 318 387 396 425 603 396 644 429 524 315 540 333 561 321 575 333
436 391 534 447 313 388 391 425 602 396 644 429 524 315 539 333 560 321 575 333
437 391 534 447 308 387 388 426 603 396 644 429 523 315 539 333 696 397 718 433
438 391 535 447 297 386 382 427 604 397 643 428 522 315 539 333 695 397 717 432
291 386 379 427 440 391 535 447 605 397 643 428 695 397 717 432 523 315 539 332
284 385 374 428 442 390 534 447 605 398 642 428 695 398 716 431 523 315 539 332
444 390 534 447 278 385 372 428 605 399 641 428 695 398 715 431 522 314 538 331
445 389 534 447 265 384 364 428 604 399 641 428 521 313 537 330
258 383 361 429 445 389 533 447 604 400 640 428 520 313 535 330
251 383 357 430 450 389 539 447 604 401 640 428 519 314 535 330
451 389 539 446 246 383 355 430 519 314 535 331 604 401 640 427
451 389 539 446 226 382 347 431 518 314 534 331 603 400 640 427 554 315 571 329
215 382 345 431 453 389 539 445 518 313 534 330 602 400 640 427 554 313 571 328
455 390 539 445 208 381 345 432 602 401 639 428 518 313 534 330 555 313 571 328
457 389 540 445 196 379 324 435 604 401 639 427 517 313 533 329 555 313 571 328
458 389 540 445 188 379 323 434 517 312 533 329 607 402 638 427 554 312 571 327 592 401 627 424
459 389 541 445 165 382 301 440 517 312 531 327 553 312 570 326 280 384 333 422 609 403 638 426 591 401 626 423
461 389 541 446 156 381 299 440 553 311 570 326 590 402 626 423 516 311 531 326 610 404 638 426
462 389 542 446 137 378 285 445 589 403 626 424 553 311 570 325 244 381 324 426 515 311 530 326 610 405 638 427
464 389 542 446 238 382 321 425 589 403 627 425 553 311 570 325 515 310 529 326 125 379 285 443 611 405 638 427
465 389 542 446 103 379 260 445 233 383 318 425 589 403 626 425 552 310 570 325 514 310 529 326 612 406 638 427
465 388 543 446 82 378 243 448 216 383 312 424 589 403 626 426 551 310 569 324 513 309 528 325 613 406 638 427
465 387 543 446 211 383 307 424 589 403 626 425 551 309 569 324 513 309 528 325 67 378 246 447 613 406 639 427 299 314 314 333
465 387 543 446 206 383 302 425 23 378 235 455 590 403 624 424 550 309 569 323 512 308 528 325 615 406 639 427 299 314 313 334
466 386 543 446 10 377 226 455 182 384 296 423 590 403 623 424 550 308 568 322 616 406 639 427 512 307 528 324
466 386 543 446 180 383 289 424 590 403 622 424 549 308 567 321 4 376 216 456 616 406 639 427
466 387 543 446 5 376 164 455 175 381 284 425 548 307 565 320 590 403 622 425 296 313 310 334
466 387 543 445 151 380 274 423 0 373 131 457 548 307 565 320 590 403 623 424 294 311 308 334
143 378 269 424 465 388 543 444 0 371 118 458 547 306 564 319 589 403 624 425
466 386 542 443 142 376 262 424 0 368 91 459 589 402 627 425 548 306 564 319
123 374 250 423 465 386 542 443 588 402 628 425
466 384 543 442 118 371 244 423 589 401 628 424 504 297 522 316
99 369 228 424 467 384 544 441 504 295 522 316
91 367 223 422 468 384 545 439 503 293 522 314 543 300 562 313
468 385 545 438 71 364 205 422 503 290 522 312 543 297 562 311
62 362 203 421 468 385 545 437 502 289 521 309 543 295 563 308
39 360 187 421 467 385 546 436 502 288 519 308 543 294 562 306
30 358 183 420 468 385 546 435 585 390 618 414 543 292 561 304
11 354 167 422 468 386 546 434 585 389 619 413 542 290 560 303
4 353 160 422 470 382 546 430 584 388 619 412 541 287 559 301
0 353 142 423 471 386 547 434 584 388 620 412 540 286 560 299
0 352 131 425 471 386 548 435 584 388 620 413 540 285 560 299
0 350 118 426 470 386 548 435 539 285 559 299 584 389 618 413
469 388 548 436 0 351 91 427 538 285 558 299
471 389 548 437 0 351 81 427 536 285 557 300
470 392 549 438 674 397 694 430 0 352 62 427 535 286 557 300
470 394 549 439 673 398 694 432 534 287 556 301 493 282 512 300
470 395 549 441 534 288 555 302 585 403 621 422 492 282 511 302
471 395 548 443 490 282 509 302 534 288 555 302 584 404 619 423
472 395 548 444 489 282 508 302 534 288 554 302 584 405 618 424
472 397 549 444 488 281 508 301 582 404 617 424 534 286 553 301
470 399 550 443 488 280 508 299 581 403 615 424 535 285 552 300
470 399 550 443 580 402 613 423 486 279 508 299 535 284 552 299
