

501 429 653 554 790 394 912 654 143 419 285 676 1229 352 1279 551 790 538 930 686 703 423 758 518
501 430 653 555 786 396 908 654 804 537 916 685 134 421 280 677 1252 344 1278 557 701 423 758 518
500 432 653 556 784 401 905 650 112 415 255 684 802 538 913 685 699 424 757 517
500 434 653 558 782 407 903 648 101 415 247 684 800 537 911 686 700 425 757 518
500 436 653 559 780 411 903 645 91 418 235 680 781 538 916 686 700 426 758 518 875 407 911 521 707 480 760 547
499 436 653 559 778 415 903 645 779 538 915 686 700 425 757 519 64 412 207 682 877 406 914 522 707 480 761 548 757 423 780 476
499 435 654 559 765 418 896 648 65 418 188 664 879 406 917 524 700 426 757 518 778 539 913 686 707 480 761 548 759 424 782 477
499 435 653 559 764 422 893 648 44 418 187 678 882 407 921 527 700 427 755 518 791 535 900 687 706 481 761 549 761 425 782 478
499 435 653 558 764 423 888 646 885 407 923 528 699 429 754 516 17 414 160 681 706 481 761 551 667 427 704 506 762 425 784 478 789 537 898 686
499 435 652 558 763 427 882 641 14 420 138 670 894 406 933 534 699 430 753 515 774 537 887 685 666 428 704 507 706 480 760 550 763 426 784 477 116 421 145 520
498 435 651 557 761 427 879 639 895 402 936 537 4 416 124 674 699 431 753 513 111 422 143 527 774 539 886 684 665 430 704 508 764 426 785 476 706 480 760 547 845 403 883 501
497 433 650 554 759 426 876 637 898 400 942 538 701 429 752 513 848 402 886 503 772 538 885 686 765 425 786 475 664 430 704 508 108 418 143 536 707 480 759 544 372 434 387 471
496 431 650 551 757 423 876 638 902 397 946 539 852 402 889 504 703 428 751 512 100 415 136 540 664 429 704 507 770 536 883 687 766 423 786 474 371 433 387 470
496 429 651 548 757 419 873 638 855 401 893 505 95 413 134 540 907 395 946 539 769 535 880 688 705 426 750 513 665 427 704 505 766 421 788 473 1003 400 1037 526 370 431 387 469 0 476 50 690
497 427 652 546 756 418 871 637 918 394 963 538 858 398 895 507 90 413 130 538 768 534 877 687 704 425 751 513 767 419 788 471 1009 399 1042 526 370 428 386 468
497 426 652 544 752 414 867 635 921 390 969 539 861 396 898 509 85 411 125 539 767 535 873 685 703 425 752 513 767 419 788 467 369 426 385 467 1024 398 1056 528
497 424 652 541 748 410 865 634 924 387 969 542 762 520 870 673 864 394 901 512 703 425 753 512 83 410 121 536 635 426 662 462 665 419 704 489 765 419 787 466 1030 399 1061 527
496 424 653 539 744 406 862 632 760 522 867 670 870 395 911 510 927 386 967 545 73 407 112 531 703 425 753 512 944 394 985 539 636 426 661 461 665 418 704 489
496 424 654 538 741 405 861 632 759 522 866 669 872 396 914 510 69 406 109 534 932 389 992 552 704 425 751 511 636 425 661 460 668 447 702 500
496 425 654 538 739 407 859 632 876 395 917 512 756 521 863 667 940 390 1001 553 62 407 104 539 704 425 750 512 637 425 661 461 668 446 701 500
496 427 654 539 738 410 857 634 879 395 919 513 752 520 859 667 946 391 1008 556 709 458 755 530 38 404 113 554 668 446 700 500
497 428 653 540 737 418 855 634 880 401 922 522 32 405 109 562 960 393 1019 557 709 459 755 529 755 538 857 681
498 429 653 542 737 423 854 633 29 405 105 566 965 392 1022 563 882 399 925 525 709 460 755 529 750 536 854 685 351 425 367 468
500 429 651 543 735 427 853 630 24 404 99 571 974 392 1031 569 884 396 928 529 708 460 753 530 748 533 850 688 350 427 365 468
500 431 650 545 982 394 1041 574 734 428 852 628 20 406 92 574 893 400 936 530 747 532 848 689 1101 394 1138 546 702 429 745 510 349 429 364 470
501 431 649 547 989 395 1051 579 725 428 835 618 896 399 938 536 18 409 88 578 740 519 847 674 662 429 702 503 701 430 744 508 1107 400 1144 546 348 430 363 471 709 486 747 539
502 432 649 548 724 427 833 620 992 394 1057 581 899 399 941 539 7 413 77 574 661 431 702 504 1120 401 1160 549 739 521 845 669 348 431 363 473 702 431 743 508
502 431 649 547 903 399 947 543 723 429 832 617 5 411 67 578 1117 395 1181 555 1010 396 1074 582 661 431 702 504 727 519 834 666 347 432 361 472 702 431 742 509
501 433 649 545 1014 396 1082 587 906 398 952 548 1128 397 1192 560 721 433 831 615 2 406 57 584 726 520 833 663 660 431 702 505 44 461 135 523 702 430 742 510
502 433 649 544 1023 396 1094 591 721 437 830 613 0 399 48 592 1135 395 1205 560 910 396 955 550 660 430 702 504 41 459 133 523 702 428 742 511 736 541 829 644 345 433 360 471
500 432 650 541 1031 394 1104 594 919 396 963 544 721 436 828 611 1153 391 1225 562 0 393 44 593 701 427 743 512 41 456 131 522 735 539 829 642
501 430 650 538 924 392 969 547 1163 386 1234 568 721 435 827 609 1039 393 1108 596 700 426 743 512 804 420 838 510 734 537 827 640 40 455 126 520
501 428 650 534 930 388 975 550 721 433 825 607 1176 382 1242 568 1061 386 1136 599 806 420 841 510 699 426 743 512 733 534 824 638 660 446 698 497 20 456 108 519
1070 381 1148 606 502 426 650 532 718 432 824 606 1185 381 1253 564 808 419 843 509 731 516 817 627 935 385 976 553 16 455 106 519 659 447 696 497 330 425 347 471
1079 378 1159 609 502 425 651 531 717 434 822 608 945 388 983 543 809 418 846 509 1209 381 1272 566 730 514 815 628 328 426 345 471 659 446 694 496 15 454 104 520
504 424 652 529 716 438 819 607 950 385 990 547 1215 377 1274 570 811 416 849 508 1101 378 1187 610 658 446 693 496 327 427 344 470 736 509 808 631 14 453 100 522
1107 370 1202 621 506 423 652 528 709 411 808 578 957 384 994 551 814 406 849 502 727 515 811 629 1221 374 1277 570 658 445 692 497 326 427 344 470
1118 367 1219 625 507 423 652 527 709 413 805 579 726 518 810 628 826 401 860 506 973 391 1003 545 658 446 692 497 6 454 82 525 325 427 343 471 658 423 689 473 113 445 208 506
506 424 653 527 708 416 803 578 973 385 1009 552 826 400 861 506 656 446 691 496 724 520 811 625 1145 375 1237 610 6 453 81 527 324 428 341 471 657 424 688 474
505 425 654 527 1155 369 1254 623 708 417 799 580 828 401 862 505 655 446 691 496 6 453 80 529 976 382 1014 560 722 520 811 622 323 428 340 472 656 425 688 473
505 425 653 528 708 417 797 578 829 401 864 504 655 446 691 496 1174 370 1263 625 3 455 64 529 322 428 339 472 721 518 811 620
505 424 652 530 708 417 796 578 829 402 866 504 1205 371 1279 626 656 445 691 496 1 454 63 530 718 515 799 615
505 424 653 531 708 419 796 573 829 414 868 514 1215 371 1279 665 656 445 691 496 0 453 61 531 718 514 799 614
506 423 654 532 831 414 870 516 708 420 796 571 718 512 798 613 0 453 60 532 656 444 690 495
507 424 655 532 707 421 795 569 834 414 874 516 717 513 797 612 655 445 691 494 999 379 1049 582 0 452 57 533
508 423 656 532 706 422 794 568 836 415 877 516 720 494 785 606 1004 374 1052 586 654 445 692 494
508 424 656 533 706 420 794 566 848 416 885 515 720 493 785 607 1010 377 1070 584 653 445 691 493 811 445 839 486
508 424 655 534 704 420 793 566 1014 378 1077 589 851 415 887 516 719 494 784 606 813 447 841 486 654 444 690 492
508 423 656 534 853 414 890 518 1022 378 1085 581 704 420 792 566 718 494 783 603 655 443 690 492 304 429 320 473
508 421 655 533 1030 378 1090 570 855 413 894 519 707 455 792 596 302 429 319 474
510 419 655 531 1037 378 1095 565 857 412 897 520 707 457 791 595 300 427 318 475
511 419 655 529 1041 376 1102 569 707 456 791 593 859 411 900 520 298 426 317 475
512 419 655 528 705 419 791 561 718 491 783 596 297 424 316 476 1045 375 1110 574 873 411 910 521
1058 372 1130 578 514 419 654 528 706 419 790 561 719 491 783 594 872 411 914 522 296 423 315 474
515 418 653 527 1066 368 1138 581 707 419 789 561 873 410 916 522 719 491 783 594 296 425 315 475
515 418 653 527 1075 362 1150 588 878 409 919 523 707 418 789 562 719 490 782 593 296 426 315 473
515 418 654 527 1083 361 1160 592 882 407 922 526 707 417 789 563 719 490 782 592 642 422 669 475 296 429 314 475
514 418 654 527 1099 359 1179 591 886 405 924 529 706 416 788 563 719 489 781 591 642 421 669 475
514 418 655 527 1108 360 1186 590 896 406 933 531 705 416 788 562 719 490 781 590
514 418 655 527 1122 358 1199 591 898 405 938 534 706 418 788 562 719 491 780 589
514 420 655 527 902 403 944 539 1133 360 1209 596 707 419 788 563 720 493 780 588 686 442 716 499 9 457 105 525 734 111 830 196
514 421 655 527 1149 356 1231 605 906 400 949 543 708 418 788 563 721 495 780 587 686 442 716 501 7 456 103 527 273 437 292 490 735 107 833 195
1159 359 1239 608 514 423 656 529 910 400 952 545 708 417 788 563 721 495 780 587 686 441 716 501 7 456 102 527 274 438 292 489 643 426 668 473 736 104 834 195
1171 364 1252 613 515 423 655 531 919 402 960 542 708 417 788 563 721 494 780 586 687 432 723 505 274 438 292 489 642 425 667 473
515 423 655 531 1180 370 1263 617 923 403 965 545 722 493 780 586 708 418 788 563 687 432 723 505 642 425 666 473 274 440 291 488
515 424 655 530 1198 366 1278 622 926 403 970 546 718 470 779 575 688 432 724 505 2 455 82 529 273 440 290 489 642 426 666 473
515 424 655 530 1202 364 1279 624 929 402 972 545 722 492 780 585 708 420 790 562 689 432 724 505 272 440 289 489 2 456 81 530 254 439 270 494
515 425 656 530 1216 361 1279 625 722 492 781 585 708 418 791 562 251 435 269 494 272 439 288 490 688 433 725 505 932 403 972 539
516 425 656 532 708 417 791 563 723 492 781 583 250 434 269 494 934 398 997 554 1230 351 1279 627 272 438 288 490 690 463 723 513 687 426 715 475 642 427 667 476
516 424 655 532 951 394 991 561 709 416 792 562 723 491 783 582 250 437 269 493 687 426 715 475 688 443 721 501 271 440 288 488
517 424 655 530 953 388 993 568 720 474 782 573 252 436 270 493 687 426 714 473 688 444 721 501 715 426 778 519
518 422 654 527 721 473 783 573 948 395 1008 559 688 445 722 501 251 437 269 492 688 427 714 471 716 426 778 520
519 421 654 526 722 474 783 571 709 413 793 558 687 447 722 502 250 437 268 492 958 393 1023 558 688 427 715 469
520 420 654 526 962 393 1029 561 723 475 783 570 710 413 793 556 686 446 722 502 247 439 266 492
519 419 654 527 968 396 1034 560 723 476 783 568 710 412 793 554 686 446 722 501 246 439 265 492
519 419 655 527 979 398 1040 564 724 475 784 567 711 411 793 554 687 435 726 504 245 440 265 492 223 441 244 495
518 420 656 527 989 400 1047 567 724 476 784 566 711 410 793 554 687 446 722 500 245 441 265 492 225 438 246 495 976 385 1012 559
518 420 656 527 994 400 1050 571 724 476 784 566 712 409 793 554 688 447 722 500 974 387 1009 556 225 436 246 495
518 420 656 527 724 477 784 566 992 399 1048 570 712 411 793 553 974 391 1012 553 688 448 722 499
520 418 654 526 1013 406 1074 577 724 476 784 565 719 418 778 532 989 398 1045 569 978 393 1015 553 687 447 722 500 225 433 245 496
521 417 654 526 1017 406 1080 577 725 476 784 564 711 409 792 551 989 395 1044 568 686 446 722 501 224 431 244 496
522 416 654 525 1025 404 1087 579 711 406 792 549 725 475 785 563 990 392 1046 566 686 434 726 502 223 431 243 497
525 416 663 530 1031 403 1092 582 710 405 793 547 725 475 784 562 990 391 1049 563 685 435 725 502 221 433 243 495
525 417 664 531 1032 399 1091 582 710 405 794 548 991 393 1054 562 724 473 783 562 685 444 720 501
525 418 664 532 710 405 795 548 1027 393 1085 579 724 471 783 561 685 444 719 500 1056 402 1117 589 990 396 1059 558
525 417 664 531 1062 399 1121 592 709 406 796 546 1019 387 1078 575 724 470 783 559 685 445 719 499 203 422 223 472
526 415 664 530 1069 397 1129 593 1019 383 1079 574 709 408 796 543 725 475 783 558 683 445 718 498 202 424 221 471
527 414 663 529 1078 396 1140 594 1022 382 1086 575 722 441 780 547 682 446 718 498
527 413 662 529 1085 393 1152 597 1028 384 1094 575 722 444 780 546 681 447 719 497
528 412 662 527 1033 389 1101 574 721 447 780 545 1101 388 1171 607 681 448 719 497
528 411 662 527 1105 384 1179 612 1034 394 1108 572 721 448 779 545 1072 392 1146 590 681 448 718 497
528 410 661 527 1113 380 1190 614 721 449 778 544 1032 405 1113 570 680 447 716 497
528 411 661 527 1125 378 1199 617 717 415 775 526 724 478 777 548 1056 393 1130 580 681 447 714 497
529 411 661 526 1132 377 1208 616 717 414 774 526 723 479 777 547 680 447 714 497
529 411 661 527 716 413 774 527 1151 373 1223 621 1067 397 1140 583 680 448 714 498 722 478 776 547 169 413 201 497
530 412 662 528 1158 368 1233 627 716 413 774 526 1075 397 1151 581 680 448 714 497 722 477 775 546
529 412 663 529 1169 364 1245 634 716 414 774 526 1080 398 1160 578 679 447 713 497 721 478 775 545
528 414 665 529 1178 364 1258 637 716 415 774 525 721 478 775 545 679 446 712 496
