

204 195 444 338 9 134 210 523 463 269 535 378 461 197 554 352 929 257 966 356 537 231 588 318 636 231 674 312 1123 279 1157 379 986 264 1007 334 1058 260 1081 335 1011 262 1033 334 1033 265 1055 333 1152 285 1181 373
200 194 445 338 11 136 202 520 462 270 534 377 932 258 971 357 461 198 554 351 638 231 676 313 539 234 588 318 1122 295 1158 384 985 261 1012 342 1035 267 1057 336 1060 267 1082 336 1011 265 1033 334 1151 283 1180 377 814 250 830 294
198 193 446 338 1 101 180 499 461 275 536 372 936 267 974 361 461 198 553 350 1125 296 1161 386 641 232 679 313 540 229 595 318 1027 267 1061 346 989 264 1015 345 108 189 259 290 816 253 832 295 1012 267 1032 335
184 178 454 331 4 119 172 539 461 276 537 371 1130 300 1165 389 462 197 554 349 944 271 984 365 109 186 256 289 542 230 598 318 638 231 681 313 1149 295 1183 389 1030 275 1065 353 644 271 675 317 817 255 835 296
181 177 456 332 4 124 164 534 463 276 540 373 949 275 987 368 465 196 555 350 545 230 602 318 108 182 255 288 1148 300 1182 396 1033 276 1066 356 649 230 689 312 652 271 683 321 1008 289 1031 347 1050 279 1083 359 818 259 837 297 1177 303 1209 392
180 177 459 332 3 133 157 523 956 278 993 372 466 275 544 374 469 196 558 350 107 181 259 287 552 229 607 319 1150 304 1184 403 1006 281 1036 358 657 271 689 324 1052 282 1085 364 1177 305 1208 399 654 232 694 314 1035 279 1065 359 1082 289 1103 353
177 177 463 331 3 137 150 515 476 273 544 377 474 196 565 350 100 180 261 285 558 232 612 319 1154 319 1189 411 663 270 694 324 1054 285 1087 367 962 281 996 375 658 233 701 315 1035 287 1056 355 1014 295 1036 351 1084 293 1105 357 1173 317 1207 412
175 177 467 330 2 144 144 507 477 196 570 350 974 282 1012 381 92 179 264 283 474 275 552 375 1172 321 1207 417 1059 292 1081 360 1034 292 1055 358
172 177 472 328 1 147 137 503 482 179 577 330 483 270 559 373 1173 325 1210 422 981 282 1018 382 87 175 264 281 1032 290 1062 369 1061 291 1082 361 680 273 709 325 1199 320 1232 421
173 175 476 326 0 148 130 506 483 175 581 331 486 270 564 376 89 168 263 280 575 229 633 318 684 272 716 326 1180 329 1216 427 682 234 722 315 1196 326 1230 426 1099 300 1134 381 995 292 1034 387 1061 294 1081 359 1035 291 1068 371 865 272 882 311 1080 295 1102 359
174 173 479 326 0 145 120 514 1001 291 1038 391 489 270 569 378 93 163 262 280 484 191 581 359 1103 302 1138 385 581 231 637 320 683 231 728 315 1196 329 1232 430 690 272 723 325 1052 300 1084 377 1082 295 1103 362
173 170 482 326 504 175 594 330 493 271 573 379 95 162 262 283 1009 290 1043 394 1 139 112 526 1200 340 1237 436 1058 300 1089 380 1106 302 1138 387 588 224 650 318 1120 306 1155 387 701 271 732 327
174 169 484 329 507 173 596 330 591 225 652 321 96 161 266 285 1206 341 1244 437 501 270 572 383 1123 308 1160 391 0 163 83 509 1018 294 1056 397 704 269 734 329 1079 301 1108 383 1105 303 1136 388 1059 303 1094 384 2 102 126 265
171 168 482 332 1023 293 1060 400 0 163 73 511 1217 339 1255 442 1077 304 1109 387 595 225 653 323 504 296 569 390 1128 310 1165 393 94 160 266 287 506 187 593 363 709 270 737 328 4 100 125 266
152 158 497 346 1220 342 1259 443 0 162 56 513 1028 295 1064 402 1081 307 1113 391 505 298 571 392 1131 311 1168 398 5 101 123 267 508 193 594 364 1108 308 1130 376
134 156 497 349 499 302 577 392 1227 346 1265 441 1149 314 1181 397 1084 308 1117 393 1035 299 1068 405 892 281 910 322 510 200 597 357
116 158 502 347 505 303 570 395 1149 320 1187 407 1100 308 1131 395 512 197 601 353 1045 302 1085 402 1246 344 1276 441 893 283 910 322
100 160 507 345 1050 299 1088 405 1103 307 1134 397 510 294 579 396 1247 345 1277 439 513 195 603 353 1154 320 1193 407
100 162 504 344 1057 296 1093 404 510 292 580 396 512 188 605 357 1108 304 1140 393 1169 309 1207 400 729 271 759 332 910 279 928 321
101 159 502 348 513 186 609 360 505 267 593 397 1123 303 1155 393 1172 308 1213 402 733 271 763 332 912 279 930 320 1070 295 1109 400 1109 300 1140 390
97 157 505 357 1072 295 1111 408 1127 303 1160 399 513 185 612 361 503 268 595 403 610 219 656 327 1176 307 1217 403 737 271 766 332 912 280 931 321
83 154 485 370 1077 297 1114 413 1132 303 1164 405 511 190 615 359 1190 313 1231 417 500 270 596 411 610 216 656 330 914 283 931 324 738 270 767 333
76 156 477 380 1079 295 1117 415 1134 303 1167 407 507 194 613 360 1192 314 1234 418 610 217 655 329 493 317 577 414 914 284 932 325 1180 306 1214 403 739 271 768 334 463 227 527 309
57 154 467 384 1082 293 1119 415 1137 300 1167 403 500 194 611 364 1196 315 1237 415 490 317 574 418 607 221 656 329 915 284 933 324 1181 303 1213 403 456 231 517 312 741 291 768 340
37 155 460 387 1085 291 1122 414 1144 302 1176 404 493 195 607 370 1200 315 1240 414 485 318 569 421 1182 303 1212 403 914 285 932 324
16 158 458 391 1088 289 1122 412 1146 303 1178 401 475 186 592 381 1202 313 1242 413 1182 301 1211 401 480 319 565 424 729 257 771 336 913 284 931 322 581 256 633 347
8 161 459 392 475 183 590 384 1088 288 1122 410 1148 304 1179 400 1203 310 1242 414 1182 300 1210 398 469 303 561 431 1139 294 1164 388 726 256 769 336 582 256 634 345 733 288 762 342 911 283 930 321
0 160 456 398 472 184 588 380 1088 287 1121 407 1152 302 1182 399 1205 303 1243 409 464 303 556 431 1181 298 1209 395 723 257 766 335 581 255 631 343 910 281 929 320 730 288 760 341 1139 292 1163 387
0 162 454 407 466 186 585 374 1091 288 1129 404 1155 301 1184 400 458 304 553 432 1180 299 1209 396 722 258 765 337 579 253 629 345 1206 312 1245 414 910 281 928 322 728 289 758 343 1135 293 1154 362
0 166 447 416 456 186 578 368 1092 287 1130 405 451 303 550 435 1158 299 1187 402 1217 304 1255 405 1176 297 1209 397 1135 290 1155 365 575 251 626 346 911 280 928 321
0 168 440 422 1092 285 1133 408 449 183 571 369 448 303 547 436 1160 301 1190 405 1217 309 1258 418 1173 298 1206 401 1136 292 1155 367 573 249 625 349
0 166 428 428 1095 282 1135 406 444 186 563 372 434 307 533 441 1225 305 1261 406 1171 297 1203 400 571 217 628 332 1137 290 1156 367 891 278 908 316
0 162 418 434 1097 282 1138 404 1171 297 1203 399 427 306 527 438 446 192 560 370 1228 303 1264 407 557 250 604 349
0 160 410 438 1099 280 1141 401 1173 295 1206 396 423 192 544 369 421 302 520 435 1230 299 1268 408 557 253 604 342
0 155 388 447 1174 291 1210 396 1100 277 1143 402 416 299 517 436 419 187 544 370 1231 297 1270 411 712 258 755 327
0 147 381 458 409 295 511 439 1176 287 1215 397 1101 275 1146 402 410 179 541 377 1232 296 1271 411 715 270 749 327 647 236 721 300
2 140 376 466 403 291 507 443 391 161 549 415 1178 285 1218 398 1103 274 1146 403 550 223 609 328 1243 300 1276 405 648 237 720 300 714 234 753 319
3 151 368 489 386 161 543 415 395 287 503 445 647 240 718 299 1245 301 1277 405 1104 275 1147 402 548 222 607 327 1180 284 1219 398 712 272 746 327 243 176 395 290 892 262 909 301
4 151 365 493 389 170 525 381 645 240 718 301 1247 299 1278 409 393 285 502 447 1104 275 1147 403 1176 275 1209 380 1194 293 1230 396 711 272 745 328
8 155 357 505 379 296 489 452 1176 278 1207 378 1200 294 1235 403 642 243 719 305 376 159 536 422 1118 277 1159 410 1101 272 1135 382 710 273 743 329 1252 292 1279 416 483 277 531 370
10 157 350 514 375 301 482 456 1118 276 1165 413 1177 283 1208 378 1205 297 1240 409 370 172 500 397 640 241 723 311 1101 276 1131 375 1259 303 1279 435 548 251 602 342 892 273 907 314
11 156 344 521 366 176 501 398 1122 279 1169 416 369 306 475 460 1180 291 1213 385 1100 279 1129 371 892 278 909 318 1217 296 1252 413 549 252 605 343 869 278 886 326
11 151 340 524 364 178 497 399 363 309 471 464 1181 292 1216 387 1125 284 1171 419 1217 308 1256 421 1102 281 1131 372 893 280 910 321 232 190 377 302 550 251 607 346 479 297 533 385
10 146 329 529 356 306 465 467 357 176 490 398 1223 309 1262 423 1181 292 1219 387 1130 287 1172 419 1104 281 1134 371 479 198 555 381 893 281 909 322 477 298 534 384 550 252 606 344
11 142 317 535 347 303 459 467 348 173 481 397 1227 308 1267 424 1180 291 1221 386 1105 279 1136 368 473 198 548 379 1134 286 1172 418 475 298 534 384 893 279 909 321 643 259 721 320
11 141 307 535 338 169 471 398 466 196 542 377 330 304 448 468 1137 287 1183 413 1105 277 1138 364 1180 290 1222 385 1231 306 1270 425 637 244 726 314 194 183 359 299 892 277 909 319 875 277 892 330
12 143 302 532 326 304 442 467 462 195 539 376 1139 283 1183 415 1183 280 1219 384 1106 275 1138 364 633 244 727 312 1243 308 1278 421 328 162 474 428 185 179 355 299
11 146 294 525 321 302 431 472 1185 279 1219 383 1142 280 1184 415 461 194 536 379 1105 274 1138 364 311 157 449 433 1247 309 1279 422 630 242 723 311
0 148 278 526 309 299 419 476 1185 278 1218 383 305 161 432 404 1143 280 1184 415 442 195 526 377 1104 273 1137 365 1251 310 1279 423 626 242 719 312
0 153 271 524 442 196 522 379 299 297 410 482 295 164 422 397 1145 280 1185 414 1183 278 1217 381 1102 275 1135 365 624 239 717 314 1254 311 1279 425 448 296 507 387 531 252 577 343
0 159 258 522 439 196 521 379 1146 279 1185 414 279 302 394 482 1099 273 1132 366 1178 273 1214 381 1257 310 1279 428 282 163 429 428 442 298 516 386 616 240 702 309
1 165 243 517 273 302 383 485 431 193 521 381 1147 277 1186 415 1097 272 1129 367 273 165 395 405 612 240 698 312 1260 308 1279 434 1173 270 1210 381 436 301 512 387 1131 275 1159 366
3 168 230 510 264 300 373 489 256 157 394 438 424 189 518 383 1147 276 1189 418 1096 269 1126 368 610 239 696 314 1132 274 1159 365
4 171 217 505 252 300 365 491 1150 278 1191 419 418 186 510 386 256 162 377 402 1096 270 1125 370 608 236 697 316 1130 275 1157 366
7 173 204 503 416 187 500 388 247 164 369 397 1096 270 1125 370 1152 277 1193 420 607 232 701 316 245 296 359 490 509 214 561 334 1129 277 1156 369 974 257 999 348 503 274 547 361
1 164 186 519 414 187 493 388 225 305 341 490 1096 273 1126 371 604 230 704 315 1129 278 1158 370 1157 278 1192 417 506 216 561 332 224 167 350 394 975 258 999 348 500 275 547 361 807 268 834 361 412 300 463 394
3 168 177 517 413 188 489 388 218 303 330 491 1097 274 1127 372 216 165 348 389 603 232 703 316 1130 279 1161 371 504 213 562 331 1166 281 1210 415 497 275 547 360 809 267 835 362 976 256 1000 348 408 298 462 396
3 176 170 512 412 186 489 387 209 301 319 489 1099 277 1130 372 602 234 701 315 1167 278 1212 421 198 156 343 425 503 211 562 331 1131 280 1163 370 496 274 546 358 404 297 460 394 812 266 839 363 310 215 423 351
3 184 164 505 202 293 314 485 411 183 490 386 1103 276 1134 373 603 235 698 314 193 156 336 423 503 211 562 331 1171 278 1214 423 1133 280 1164 371 684 252 726 334 402 296 460 394 304 213 419 347 495 276 546 355 885 267 904 322 815 265 842 363
4 193 153 497 409 179 491 385 606 234 697 310 1107 276 1138 372 189 151 327 426 195 285 310 480 1169 275 1239 431 502 213 562 332 1129 279 1161 372 684 235 730 324 1155 282 1183 376 400 296 459 392 887 264 905 324
3 198 142 491 408 175 491 384 609 235 699 309 180 291 295 477 1176 277 1250 432 1111 276 1142 373 186 144 321 428 502 213 562 333 1154 285 1182 376 1125 277 1157 374 685 233 733 324 398 295 458 391
3 196 132 490 406 172 491 382 175 291 285 472 171 136 304 433 611 236 702 308 1181 279 1260 432 1121 277 1152 376 501 212 563 336 1154 287 1183 376 398 294 478 390 693 238 739 322 702 276 736 333
2 194 129 492 406 169 491 382 165 133 303 433 171 292 278 469 612 238 705 309 1185 287 1261 441 1122 279 1151 377 496 243 558 350 396 292 477 390 1155 288 1185 377 488 183 577 322 694 238 740 321 702 277 738 334 1176 289 1207 394
157 132 299 432 383 167 485 377 164 291 272 466 1 214 115 481 619 238 721 314 498 244 560 351 1125 283 1155 378 1188 291 1263 443 395 291 479 392 1179 292 1209 388 489 182 578 323 705 276 740 333 1159 297 1191 380 696 239 743 320 836 270 867 362
157 286 267 466 383 164 486 380 150 133 296 428 622 240 723 312 501 245 562 352 3 214 108 478 1200 295 1273 450 1179 295 1208 388 1129 285 1161 377 396 292 480 393 1155 296 1186 383 703 255 745 333 521 191 579 312
149 279 262 466 383 161 487 381 0 199 85 492 143 134 289 425 1205 299 1276 453 626 241 728 309 1180 298 1208 387 505 246 564 353 1134 292 1167 389 397 290 497 398 1151 294 1180 387
404 165 496 383 139 135 287 423 2 198 77 490 145 275 260 465 1211 298 1278 457 516 244 576 351 629 240 729 309 1179 299 1209 389 1147 292 1178 389 1200 300 1229 392 397 290 498 398 852 276 886 370 522 190 582 313 583 224 611 283
402 163 498 382 134 132 285 425 517 244 578 352 1151 294 1183 392 132 285 243 464 639 232 752 318 1201 302 1231 396 3 192 62 491 1217 296 1279 465 509 176 590 325 397 289 498 400 1179 300 1209 392 858 278 892 369 586 222 614 281
401 161 501 385 126 129 287 426 641 231 756 319 125 285 234 463 520 244 581 353 1156 297 1190 395 1201 303 1232 401 516 177 595 326 1246 298 1279 457 399 290 496 402 3 188 47 490 1175 300 1206 396 1226 307 1262 432 875 277 909 377
403 160 504 388 644 232 759 321 109 129 271 440 117 284 226 464 523 244 583 355 876 280 913 377 1202 306 1233 404 1252 299 1279 455 523 177 603 326 1171 300 1204 399 402 292 494 404 1036 290 1059 351
102 126 265 441 406 160 505 392 648 231 762 322 108 278 222 465 524 199 605 356 1171 301 1207 403 1228 314 1259 417 880 281 918 377 1255 305 1278 444 404 293 492 406 229 177 423 360 1207 314 1240 411 529 278 583 357
92 124 258 444 408 160 506 397 661 232 778 327 527 199 608 359 1228 317 1260 418 1176 304 1214 403 1255 313 1278 431 98 274 218 468 532 276 586 359 1204 314 1236 413 470 170 534 389 404 295 492 407
83 123 250 445 408 158 507 403 663 233 777 327 529 199 610 361 1226 318 1259 420 222 171 423 365 1181 313 1217 418 1252 319 1278 426 470 164 534 394 533 275 588 361 1199 314 1230 416
76 124 246 444 408 159 509 406 664 234 775 329 529 201 612 365 1226 320 1259 421 472 161 535 397 1253 323 1278 426 222 169 423 368 902 288 942 398 1195 314 1227 417 1059 294 1083 359 534 271 589 363 753 295 785 349
72 120 248 444 409 160 511 405 529 202 615 365 665 235 774 330 1197 314 1231 416 1254 322 1278 428 904 290 944 395 472 164 535 398 1230 321 1262 421 603 227 643 311 755 296 788 350 74 273 189 468 540 271 599 364 1060 294 1084 361
56 119 215 443 409 160 514 404 668 244 778 334 530 204 620 366 1203 316 1238 415 471 166 535 399 1255 322 1278 429 1228 320 1260 420 62 272 178 471 607 227 646 313 909 295 947 391 400 292 502 433 542 270 602 366
670 246 782 332 45 116 209 442 533 205 625 364 409 159 516 405 49 270 171 475 469 167 536 400 1225 318 1258 418 923 296 963 393 1256 320 1279 428 211 169 421 371 401 292 503 433 1207 318 1242 414
36 105 198 386 535 207 629 364 673 246 788 332 408 157 516 405 1221 316 1259 418 925 299 965 389 29 275 142 474 469 165 539 400 204 169 422 372 1082 295 1105 364 402 293 505 432 1257 318 1279 428
536 207 630 365 675 247 788 331 407 158 516 405 1224 316 1266 418 19 272 134 476 30 114 189 444 930 298 969 389 468 163 543 400 402 294 506 432 1085 295 1109 364 1254 315 1279 427
686 240 799 337 535 208 630 367 406 158 516 409 13 110 159 457 9 267 123 483 470 163 544 403 1227 316 1270 418 188 150 469 376 935 297 973 389 400 292 505 434 1088 295 1111 363 549 269 610 371
687 241 797 336 535 208 629 368 6 108 151 465 172 148 462 386 404 159 514 413 470 164 542 405 398 291 505 436 1243 314 1277 419 549 268 609 374 2 264 117 491 946 297 988 395 623 226 667 310 774 253 826 340 1089 296 1113 363
390 150 530 439 687 241 798 337 534 207 628 367 156 144 467 397 1241 314 1279 416 2 106 137 475 945 298 983 394 547 266 606 376 396 292 504 439 0 265 80 499 470 167 539 405 1089 298 1113 362
388 149 527 443 532 205 626 365 686 241 798 337 137 138 424 400 1241 313 1279 416 946 297 984 394 544 265 603 378 611 226 654 317
675 246 789 333 384 146 525 449 527 202 620 364 128 145 414 405 1242 303 1279 408 947 296 988 394 608 227 652 316 541 264 600 380
671 244 789 335 522 200 611 362 110 148 406 411 366 142 501 451 1242 302 1279 405 604 227 648 315 948 295 990 393 529 267 591 382
517 198 603 363 85 146 397 414 668 243 787 335 361 143 500 451 1243 301 1279 401 600 226 645 313 524 267 588 384 949 292 993 393 769 252 824 346
511 197 596 363 666 242 785 335 355 145 496 450 67 144 395 419 1244 298 1279 398 519 267 583 384 597 226 643 313 950 290 993 394 769 250 822 344 587 257 629 331
507 197 592 365 662 235 785 330 350 144 490 452 50 147 394 420 1245 295 1278 396 420 162 505 426 516 266 577 385 587 227 631 317 769 250 820 342 950 290 995 394 587 266 621 332
661 235 783 330 503 198 589 367 34 146 400 424 345 142 485 456 416 160 503 427 585 227 629 316 1246 293 1278 395 772 250 819 341 584 266 617 332 515 264 573 384
18 144 406 430 660 234 784 330 489 203 583 370 412 156 501 429 331 295 480 478 1248 291 1278 395 505 265 566 385 772 252 817 339 583 266 615 331
658 235 785 329 488 201 582 367 15 135 344 440 409 153 497 433 328 302 473 485 501 265 563 386 331 157 436 411 1250 288 1278 396 582 266 614 329
11 126 339 456 646 228 806 330 486 198 579 363 497 265 559 387 305 304 464 484 406 154 494 432 327 163 430 400
7 120 336 469 646 226 802 331 483 200 574 364 577 224 619 316 310 125 440 470 494 264 553 388 381 160 471 428
4 112 335 481 644 223 794 332 304 122 436 474 385 153 470 440
0 111 333 488 300 141 442 499 639 220 787 331 385 164 465 477 969 300 1017 397
0 107 330 496 295 138 445 506 971 300 1015 397 559 221 600 322 376 163 458 479 630 215 785 331
0 150 301 498 295 140 444 508 972 296 1016 399 556 222 595 320
2 151 290 509 250 126 398 528 581 149 771 330 974 295 1016 400 345 149 457 504
