

644 391 738 467 799 387 833 412
644 392 739 467 800 387 835 414
642 391 741 480 802 387 838 416
643 391 742 480 804 388 841 417
644 392 742 479 805 388 843 418
645 392 744 478 807 387 845 416
646 393 745 478 809 387 848 416
647 393 748 478 811 386 849 414
649 388 748 472 811 386 850 414
650 388 749 471 811 386 850 415
651 387 751 471 810 386 849 415
653 386 753 472 822 383 861 410
654 386 754 472 825 382 863 409
655 385 756 472 829 382 865 409
656 385 756 471 831 382 866 408
657 385 757 471 834 382 868 407
658 386 757 470 836 384 870 407
658 386 758 469 838 384 871 408
658 386 758 469
658 386 758 468
658 386 758 468
659 386 758 467
659 385 758 469
661 385 758 470
662 386 758 469
663 388 758 468 860 383 896 413
664 390 757 466 860 384 898 413
663 394 759 479 862 384 900 413
663 394 760 480
665 390 766 483 823 396 871 430
666 390 767 482 824 397 872 430
667 391 769 481 826 397 876 430
669 392 772 479 829 397 876 430
673 388 774 467 880 383 920 414
674 387 776 467
676 387 778 465
678 386 780 464
680 385 782 464
683 385 784 465
685 384 785 465
686 383 786 466
693 380 787 466
693 380 789 467
694 381 791 467
696 382 795 467
697 384 798 467
699 385 799 468
700 387 799 468
699 395 801 478
700 396 802 478
700 397 802 478
700 396 803 478
706 387 803 468
705 384 806 469
705 383 807 467
706 382 808 464
708 382 808 463
708 384 810 461
709 386 810 459
718 385 812 456
719 387 813 457
719 388 815 458
719 388 817 459 880 389 974 446
719 388 819 457
719 385 822 458
721 384 824 459
723 383 826 460
725 382 828 459
728 380 830 460
731 379 832 462
733 379 833 465
733 378 835 468
733 378 837 471
739 375 840 472
739 378 841 472
740 379 842 469
740 381 844 468
741 381 845 465
742 381 846 465
743 381 846 464 928 375 962 404
744 380 847 463 926 375 960 403
745 381 849 462 925 375 957 401
745 380 850 462
746 380 851 463
746 379 850 465 915 375 948 399
747 378 850 465 913 376 947 399
747 377 849 467 912 377 946 400
747 377 848 470 910 377 945 400
745 377 847 472 905 377 942 400
744 378 846 474 901 376 939 400
743 378 846 473 897 376 936 399
742 378 846 472 897 376 936 399
741 378 845 470 888 376 923 398
741 377 845 468 886 376 920 398
740 377 844 468 884 376 917 398
740 378 844 469 881 377 913 399
739 378 843 469 878 377 908 400
739 378 842 470 876 379 905 401
