

791 17 1230 467 239 3 624 378 218 14 423 276
234 1 611 381 772 4 1125 440
234 0 599 378 732 7 1177 455
133 20 594 453 737 6 1131 378
139 8 558 366 729 10 1125 358 1169 63 1278 297 73 61 1225 679
126 6 541 370 1156 32 1279 266 685 8 1010 358 68 52 1224 684
118 3 524 363 671 9 997 345 1126 15 1279 273 69 47 1212 691
113 1 514 357 655 6 985 335 74 44 1194 690
114 1 504 354 640 2 986 327 79 41 1178 687
71 16 468 342 614 5 903 308 81 41 1166 681
69 15 466 338 602 5 890 298 78 42 1161 683 617 576 1262 707
70 11 458 329 591 4 881 293 615 571 1265 710 70 46 1164 683
75 8 451 327 586 3 873 299 615 562 1268 711 66 46 1166 680 576 12 1114 456
78 6 442 326 582 2 866 302 613 555 1275 711 574 11 1109 458 63 46 1171 676
81 7 435 322 612 549 1278 711 584 2 858 303 63 45 1170 672 572 7 1105 466
79 9 437 319 609 547 1279 710 585 1 860 299 65 43 1173 671
77 11 442 320 611 545 1279 710 588 4 867 301 66 43 1175 673
74 13 452 324 615 548 1278 710 68 45 1178 674 590 6 880 301
71 15 458 325 621 550 1272 710 65 48 1175 675 592 9 887 302 568 12 1125 459
70 16 466 328 625 556 1272 709 65 54 1172 675 596 12 888 297 572 14 1134 455
72 18 469 332 627 559 1269 708 65 54 1169 676 601 13 891 291
103 3 508 348 67 56 1170 677 609 13 898 291 627 565 1266 708
99 3 511 354 72 55 1171 677 616 11 910 296 624 568 1258 707
100 2 511 351 83 49 1176 679 620 7 914 295
103 0 512 351 97 39 1178 683 623 4 917 295
107 0 517 342 109 35 1185 689 639 2 976 298 631 578 1263 711
105 0 523 341 107 41 1198 693 653 5 979 309 630 580 1279 711
111 3 539 336 98 38 1212 701 672 6 1002 313 1149 36 1279 249 648 577 1270 709
119 7 555 339 1153 35 1279 255 696 1 1146 313 84 31 1226 703
132 9 573 344 1160 29 1279 259 709 4 1139 324 70 26 1236 705
142 11 582 344 727 7 1138 328 1169 27 1279 259 57 31 1244 704 751 545 1276 708
163 13 577 339 743 7 1153 331 202 49 1274 696 1197 20 1279 265
206 0 615 350 756 6 1160 334 71 33 1227 696 827 446 1270 715
213 0 619 351 762 4 1168 339 205 47 1271 687
216 0 626 358 795 20 1233 336 935 392 1275 711 93 27 1209 688
222 0 639 364 796 21 1234 348 956 367 1276 716 142 0 229 48 2 27 290 711
230 1 646 371 142 1 226 56 804 19 1228 362 966 363 1278 718 0 27 295 714
240 6 647 375 773 12 1154 380 975 378 1279 716 233 15 438 260 0 27 294 718
244 7 642 380 768 10 1155 387 970 410 1278 711 235 16 436 270 126 49 1176 686 0 25 295 719
258 5 639 388 776 18 1160 431 235 16 432 281 957 437 1274 708
266 2 637 397 777 17 1162 435 941 450 1269 708 234 18 430 289
783 16 1161 441 267 6 626 453 932 455 1266 710 228 15 439 332 97 21 182 254
788 15 1157 447 266 7 624 454 939 462 1262 710 231 15 438 333 111 16 198 258
266 9 625 452 789 14 1156 451 111 21 208 260 940 464 1263 708 233 17 438 332
262 10 625 450 824 23 1191 454 116 25 220 260 237 24 435 328 945 461 1266 705
247 12 660 467 827 20 1189 456 121 19 225 263 242 26 473 340 953 458 1268 704
247 13 661 469 829 22 1189 456 127 10 231 265 248 30 473 335
249 15 664 469 829 24 1188 458 134 9 233 263 957 456 1266 704
250 16 666 468 830 24 1190 459 156 15 260 251 950 454 1265 705
248 17 669 467 832 22 1191 457 158 20 261 252 943 456 1264 704
244 18 671 469 831 22 1190 454 161 18 264 255 100 92 175 165 941 459 1262 704
234 17 671 465 833 24 1188 450 163 15 267 258 933 459 1263 705 253 35 472 343
225 17 670 461 793 11 1145 458 166 14 268 260 933 458 1262 705 249 32 470 346
216 17 669 458 791 10 1144 461 168 14 267 261 933 457 1261 705
212 18 667 462 790 12 1142 462 171 17 265 260 935 457 1260 704 413 0 506 54
212 21 667 473 792 10 1143 463 176 17 268 256 411 0 506 56 937 460 1260 704
216 24 668 479 793 11 1144 464 183 14 270 254
224 28 669 483 797 8 1145 465
231 27 669 485 799 10 1144 467
236 23 668 484 833 18 1174 463
243 21 667 486 835 18 1174 466 173 88 255 169
249 20 669 484 837 17 1173 470 172 87 261 170 256 71 479 381 434 0 522 68
254 22 669 488 836 16 1172 474 170 85 264 170 258 70 482 383 433 0 524 68 948 438 1260 710
261 22 668 493 836 15 1170 475 167 85 263 170 432 0 525 67 947 440 1260 709
265 22 663 498 836 14 1171 477 165 86 260 170 433 0 525 67 175 43 233 156
269 21 664 504 837 17 1170 476 161 88 253 170 704 0 848 56 431 0 525 67
268 22 664 501 836 19 1171 474 158 90 248 172
269 23 664 499 835 22 1172 473 679 0 825 59 150 106 233 182
270 23 663 496 835 23 1173 474 148 106 231 184
271 23 663 498 837 25 1173 477 144 108 227 187 602 0 706 67
273 23 663 499 839 26 1173 479 140 110 222 188 603 0 702 72 944 430 1266 702
275 23 663 499 827 8 1183 507 137 113 216 189 943 434 1266 703 594 2 705 82
279 21 663 499 828 7 1182 509 125 111 210 191 583 1 717 84 441 7 528 85 943 433 1266 701
280 21 664 499 829 7 1181 509 122 112 207 192 550 2 756 89 440 7 529 86 943 427 1266 701 266 77 474 375
281 21 666 501 829 6 1181 507 115 112 205 195 527 4 719 96 265 79 473 377 944 421 1266 700
278 26 668 503 828 6 1182 500 519 4 705 99 111 111 201 198 265 81 471 377 944 425 1266 702
274 30 670 503 826 7 1181 496 111 110 196 200 483 3 663 109 944 431 1266 703 264 82 469 378
271 33 671 504 838 20 1173 472 482 3 658 111 112 131 191 208 942 435 1266 705 111 89 162 171 264 83 469 379
271 35 671 505 823 8 1183 492 480 1 649 112 111 97 165 196 942 432 1266 706 264 83 470 382
274 35 669 507 843 18 1174 468 103 138 181 209 109 96 161 197 940 427 1265 708 265 81 471 387 477 10 634 130 1141 9 1279 361
275 36 670 511 846 15 1175 468 101 141 179 211 267 78 473 391 107 96 158 198 941 422 1264 707
276 35 668 517 849 13 1174 471 101 144 177 213 269 76 476 394 106 99 156 199 943 424 1264 706 606 1 662 54 477 38 585 126
273 33 666 522 849 15 1174 474 270 74 481 395 100 147 175 214 944 424 1265 704 105 101 154 197
348 36 681 481 851 19 1176 476 275 73 483 397 944 416 1267 704
842 9 1179 508 273 26 658 530 280 80 483 394 101 164 175 227 105 111 149 199
848 7 1181 511 330 28 699 522 286 75 521 409 110 164 168 233 106 118 149 199
857 7 1185 525 326 28 705 528 291 85 523 407
334 24 716 539 867 6 1199 539 298 118 529 444 1001 49 1186 332 362 231 1279 719
355 20 727 546 879 9 1212 560 312 120 530 449 650 2 709 102 1008 44 1192 344 376 230 1279 718
374 18 736 556 889 19 1223 567 334 112 570 467 570 1 768 88 1011 38 1200 357 389 216 1279 719
386 18 740 561 889 39 1237 607 602 0 820 87 137 170 186 270 674 0 726 113 1009 57 1216 386 343 155 580 502 3 387 331 701 283 160 372 303
453 20 771 552 897 31 1234 617 1006 53 1222 393 141 172 186 271 326 48 627 655 613 0 821 97 114 213 207 283 273 164 370 315
449 23 779 561 902 24 1233 625 1005 52 1225 403 692 11 749 137 146 176 187 271 277 114 373 272 318 51 635 655
910 20 1231 631 355 56 734 617 267 123 367 276 696 13 751 140 146 183 188 270 1050 58 1242 408 235 214 382 347 546 53 663 252 358 177 570 472
363 60 747 617 912 22 1231 631 258 146 360 304 359 176 572 478 225 220 383 355 697 17 752 142 551 54 672 256 1052 62 1244 409 144 187 187 271 116 235 211 301
366 64 757 619 940 18 1258 644 562 76 678 270 200 234 354 363 361 178 572 484 226 154 329 320 120 237 209 305 610 0 1016 109 1053 64 1244 410 697 25 753 138 139 196 187 297 558 31 683 86
367 69 762 617 941 19 1260 646 566 81 679 271 215 163 316 330 362 182 571 487 184 238 348 364 697 35 756 157 559 36 687 86 1052 66 1243 414 136 199 182 299 644 0 1017 127 122 238 209 308
366 72 764 616 942 15 1261 652 568 86 678 275 563 39 687 100 361 186 568 487 696 35 755 159 143 258 331 387 183 173 284 333 1052 68 1241 417 133 203 177 301 603 0 1017 111
