

995 255 1143 348 172 258 281 332 773 200 893 448 947 247 1037 331 1154 136 1279 630 289 239 375 315 861 90 882 122 785 339 879 487 895 244 945 306 500 255 549 289 803 99 835 117 539 139 557 161
770 208 892 448 986 252 1136 353 153 265 269 338 946 253 1038 337 1150 148 1279 620 781 343 879 492 285 264 370 321 859 93 878 124 641 259 667 275
768 217 892 447 778 347 880 498 991 276 1145 364 943 259 1040 345 145 279 266 350 281 264 370 329 638 264 667 282 480 275 532 307 713 263 737 280 890 264 942 325
145 278 260 354 987 273 1140 370 768 223 890 447 777 349 881 504 273 265 355 336 941 265 1039 350 479 276 531 311 709 267 736 286 889 270 942 329 847 111 871 143 783 118 822 137 523 159 544 183
146 280 259 355 989 275 1143 372 768 224 889 445 778 349 882 505 943 272 1040 355 272 262 355 339 478 277 529 312 709 269 734 288 889 271 943 331 0 214 88 661 847 113 872 145 560 277 587 300 782 120 822 140 522 161 542 186
991 271 1151 369 770 221 890 446 942 261 1043 348 273 262 354 333 780 345 882 503 145 279 260 352 711 266 735 283 891 268 943 326 3 222 119 643 638 265 667 284 481 276 529 308 521 160 545 184 784 115 824 135
2 216 144 639 1011 267 1167 370 946 256 1046 343 796 341 888 496 780 224 904 437 148 265 260 338 642 261 667 278
0 179 177 595 147 257 261 335 1009 253 1173 358 782 215 906 443 949 251 1049 337 799 338 891 490 276 239 354 320 861 92 885 125 562 251 595 279 806 100 836 118
1014 254 1179 356 150 254 263 332 5 175 206 587 963 249 1067 334 804 341 897 488 789 213 912 443 280 238 374 317 0 367 182 696 866 90 890 122 805 97 841 115 1206 174 1279 499 500 253 548 288 737 248 761 262 536 139 558 162
1024 263 1193 365 967 252 1072 339 18 181 219 579 809 344 906 491 798 215 921 444 159 258 264 333 284 239 376 318 0 353 179 708 504 255 552 292 540 141 562 164 809 99 845 117 868 92 891 122
1031 268 1205 371 818 349 918 496 808 218 932 443 1215 183 1278 494 187 263 274 334 291 265 377 320 973 256 1075 345 79 197 261 563 28 373 232 679
1047 275 1227 383 63 334 286 654 814 223 939 447 825 351 927 501 988 263 1092 352 294 266 379 323 925 268 979 329 85 185 276 514 192 265 277 334 891 102 915 136
1052 274 1233 382 817 223 942 449 831 348 930 500 995 267 1097 359 131 204 304 550 939 267 994 329 89 329 283 646
1055 270 1243 376 129 350 328 609 996 259 1101 348 825 226 954 441 844 341 934 494 940 263 996 324 145 191 318 508 528 259 574 294 906 93 927 126
1056 265 1248 370 182 205 351 497 163 350 347 586 828 219 955 442 1008 256 1118 349 846 339 934 490 908 90 930 125 523 255 575 292 568 141 588 163 1222 291 1279 354 941 260 996 320 688 248 711 264 389 257 413 300
1053 248 1246 353 196 196 361 491 840 310 942 473 177 345 358 586 1012 254 1120 339 909 89 931 116 832 209 951 370 140 242 229 306
1056 242 1243 349 205 189 365 488 821 207 938 444 132 234 236 305 995 231 1101 317 214 335 393 524
1058 236 1239 344 230 188 386 468 994 223 1104 322 818 180 936 400 123 225 243 303 826 316 931 461 207 327 375 536 827 62 868 83 740 221 763 238 667 218 690 237 938 220 992 291 543 109 569 132 1237 259 1279 325
1054 240 1235 352 235 194 389 471 991 226 1101 328 117 229 244 311 221 323 385 545 814 190 931 395 820 322 927 467 1235 261 1279 329 823 64 863 85 891 56 915 92 542 113 566 136
800 218 922 436 227 305 390 550 1044 267 1242 380 809 346 908 497
1035 278 1242 392 786 235 911 433 241 237 392 528 796 353 899 510 964 283 1074 368
1015 291 1222 407 244 377 378 572 62 295 196 380 768 251 887 431 955 282 1078 380 774 370 887 522 259 261 385 497 695 284 716 301 889 283 943 350 1181 305 1266 381 619 286 643 302 778 118 818 140
1008 290 1218 407 247 376 379 566 762 252 879 426 941 282 1058 379 768 370 878 519 261 261 386 496 48 300 175 381 616 286 639 302 872 284 930 351 695 285 713 302 1177 305 1261 380
1000 287 1217 402 936 279 1058 377 754 249 869 419 759 366 866 512 254 375 378 560 263 259 387 495 191 291 271 357 44 298 169 382 867 283 925 350 594 287 615 302 755 118 795 140 614 286 634 300
994 276 1218 394 746 240 865 425 754 356 855 501 932 272 1053 370 271 252 387 421 4 287 161 385 263 351 386 539 176 293 258 351 412 279 499 326
994 266 1223 383 273 346 389 522 743 225 862 428 10 282 150 365 275 239 394 434 754 346 850 492 932 257 1052 344
995 256 1229 376 0 272 138 363 933 245 1055 348 742 216 861 432 174 262 259 331 293 228 410 439 281 340 393 505 755 341 849 487
999 252 1235 374 0 260 145 356 938 242 1057 344 301 218 419 439 303 333 410 496 743 208 857 376 755 323 858 472 174 262 258 324 665 243 690 262 849 248 936 313 693 246 715 266 591 246 617 263 815 65 841 106
1005 242 1234 365 0 255 144 348 941 236 1085 340 753 204 868 380 763 321 868 467 317 317 426 474 182 236 276 318 856 244 937 307 691 241 715 260 593 242 617 259 670 241 689 257 755 72 793 93 320 215 425 370
0 240 155 339 1037 238 1258 361 762 195 880 388 773 312 877 459 188 239 280 306 946 228 1096 332 361 206 460 368 362 306 452 456
1048 232 1264 357 3 231 162 327 363 194 470 380 971 222 1119 326 365 302 462 446 770 184 890 397 193 239 283 297 793 302 888 448 880 222 964 290 295 232 316 281
1062 232 1271 360 983 222 1128 328 7 229 166 324 785 186 907 391 799 304 895 448 203 238 301 295 378 194 478 382 383 298 472 444 301 230 322 283 859 41 885 78
989 226 1137 336 1068 235 1272 367 7 233 168 330 791 189 911 394 803 312 902 454 205 239 301 300 414 198 506 386 413 301 498 445 904 233 985 301
1085 237 1279 378 995 230 1146 344 6 237 169 335 418 205 516 389 417 308 506 444 797 192 916 396 207 239 302 305 908 236 985 305 807 320 908 460 303 244 325 299 801 59 848 80 722 236 743 253 643 235 669 251 878 48 906 87
1084 245 1279 393 993 234 1147 350 4 242 165 343 420 211 518 390 795 202 913 435 419 316 508 448 204 236 300 311 907 242 984 311 804 325 905 466 801 64 846 84 720 239 743 258 302 246 325 303 641 238 668 255 538 253 583 289 878 52 904 90
1068 246 1279 388 989 236 1144 354 1 245 150 348 421 217 516 385 418 316 507 444 190 239 282 318 903 242 986 313 788 208 908 432 536 255 582 291 716 239 740 260 798 323 899 469 801 65 840 84 640 240 662 256
1064 247 1279 389 985 238 1140 357 0 247 135 354 421 221 515 381 418 315 506 441 183 234 279 324 534 257 581 292 899 242 987 316 771 211 889 434 778 325 885 469 274 251 298 306 862 56 887 93 782 68 826 88
1058 244 1279 387 1 249 115 343 980 236 1137 353 420 219 511 378 771 325 880 465 764 208 882 380 421 313 499 432 168 233 262 323 886 240 964 309 529 257 580 291 775 64 822 84 271 248 295 305 616 241 641 256 854 52 880 91
1052 243 1279 386 974 234 1134 351 417 218 505 375 762 320 868 462 753 205 873 382 418 312 496 430 0 250 89 346 528 256 577 291 881 238 963 309 592 243 614 258 777 61 816 80
1046 244 1279 387 967 234 1130 354 412 218 498 374 751 316 853 464 0 253 81 349 741 205 862 382 417 311 489 431 589 242 615 258 872 239 927 311 754 59 795 81
1042 249 1279 390 960 237 1125 360 410 222 494 377 0 256 65 354 743 315 844 473 412 316 490 432 729 210 856 430 865 242 927 316 130 255 231 329 663 242 688 262 586 244 613 261 749 61 789 83
1042 250 1279 392 957 238 1124 366 412 227 494 378 720 208 840 436 728 323 835 475 416 317 487 435 861 244 923 319 731 65 778 87 220 269 246 321 0 262 55 368 118 257 214 332 516 246 575 300 660 244 688 263 587 247 610 263 815 53 843 90
1045 246 1279 393 957 237 1127 363 717 208 836 435 725 326 834 471 416 228 496 376 421 316 488 429 112 257 213 331 0 267 42 365 859 242 921 317 728 62 777 85 384 255 429 293
1047 239 1279 391 959 232 1131 355 724 325 831 463 714 207 826 383 0 253 36 352 420 227 499 371 857 239 933 311 426 315 489 418 107 260 211 326 379 250 429 290 565 240 592 258 727 58 774 81 216 253 240 306
1048 226 1276 376 960 222 1130 343 719 316 823 453 709 197 822 386 421 220 499 365 428 297 492 403 0 249 27 351 727 44 770 65 854 234 934 303 200 247 225 301
1045 215 1277 365 955 209 1130 336 698 184 816 383 711 303 808 445 420 212 497 358 425 296 486 391 728 40 765 61
1042 204 1277 355 938 201 1116 327 688 173 809 382 422 267 487 380 702 293 796 439 528 229 585 263 843 207 905 278 355 224 414 261 793 10 821 48 414 184 496 323 179 228 200 277 710 22 755 43
1037 198 1277 356 929 191 1110 319 524 227 582 263 413 205 490 352 669 171 782 387 700 262 795 429 829 204 913 278 700 166 807 308 705 17 749 37 362 223 406 257 175 225 199 278 787 7 813 43
1030 206 1274 367 925 201 1105 335 657 177 772 387 669 298 762 446 409 210 486 356 408 272 466 381 818 210 874 283 688 21 720 40 759 12 791 42
1024 214 1272 378 920 206 1100 342 646 182 762 386 656 304 752 450 397 212 474 362 25 230 144 323 402 292 462 391 809 216 873 290 315 229 387 277 757 9 789 49 679 22 724 43 594 218 619 237
921 218 1100 351 1021 226 1279 404 654 311 749 461 642 193 757 384 402 295 464 400 397 221 475 369 809 234 872 307 524 252 576 288 20 252 146 332 755 17 785 54 363 115 385 133
1024 238 1278 410 919 227 1105 361 649 310 749 471 643 205 754 375 810 240 872 310 407 321 463 409
1027 250 1275 417 917 237 1111 370 636 220 754 433 412 318 466 418 650 340 743 492 809 263 874 334 401 263 476 397 535 277 580 312 674 64 716 86
920 247 1122 388 1037 258 1271 423 648 340 744 494 417 319 476 422 635 228 754 433 809 266 876 339 417 259 480 385 672 67 720 89 308 273 369 321 11 277 121 364 753 53 784 97 545 279 598 318
1045 254 1271 422 923 246 1125 386 635 223 754 433 650 339 743 491 811 261 882 335 422 320 478 414 422 256 482 385 672 63 723 85 9 277 117 358 309 269 370 317 755 52 787 92
1055 247 1271 423 945 244 1137 385 636 216 755 432 646 317 748 480 814 256 885 330 430 304 485 402 426 254 488 347 9 257 112 348 905 250 995 352 672 58 725 82
948 234 1142 380 1067 241 1272 426 648 322 746 475 637 208 755 433 436 304 489 396 7 255 111 342 820 253 886 326 430 249 491 350 312 251 371 301 676 47 726 69 905 247 997 349 764 33 797 77
958 244 1155 391 1074 245 1274 435 639 214 756 434 649 318 749 476 7 253 111 343 445 300 501 400 545 257 563 280 314 250 387 301 826 258 908 333 443 245 503 351 680 47 729 69 769 35 799 76
962 253 1168 400 642 224 758 430 451 297 508 403 1088 248 1279 448 654 345 746 490 449 255 508 343 829 264 909 338 701 59 740 84
966 266 1178 411 1091 272 1279 474 655 353 749 497 645 239 761 424 459 321 511 416 317 273 389 323 837 280 911 355 457 266 513 382 697 64 746 87 7 278 116 361
1102 282 1279 482 985 272 1196 431 650 249 762 415 655 361 753 505 8 277 118 371 844 286 908 360 320 278 394 330 468 325 524 420 543 282 567 307 469 269 527 380 945 288 1042 400 701 71 751 94 122 291 147 351
985 277 1201 435 1110 292 1279 487 472 331 527 422 652 256 761 411 655 367 755 509 472 275 530 376 8 279 116 374 846 289 908 363 541 287 568 313 322 288 397 340 950 292 1044 404 701 80 755 105
996 289 1206 442 1117 297 1279 490 477 335 530 423 654 260 760 408 325 288 400 342 655 370 757 512 852 301 928 379 476 281 533 370 703 82 758 106 540 290 569 316 8 278 113 376 953 295 1047 406 621 290 639 305
1000 288 1216 443 1126 297 1279 489 480 333 530 420 652 258 759 412 655 368 754 508 477 279 533 374 853 300 928 378 322 287 398 341 538 288 567 313 954 281 1056 413 6 277 113 375 704 80 757 106
1000 275 1220 434 484 331 531 414 1141 287 1279 486 649 254 758 416 654 364 751 503 480 274 536 377 854 291 928 369 959 280 1064 407 319 281 398 332 4 276 114 371 536 283 566 309 705 72 758 95
1145 281 1279 487 1009 273 1227 433 482 270 538 380 647 249 758 419 654 360 748 499 487 328 533 409 856 290 928 366 317 282 396 329 965 290 1067 401 703 68 759 91 102 287 129 357 534 278 565 305 836 280 856 320 797 55 830 101
1148 277 1279 486 1007 271 1230 432 653 357 747 496 645 245 759 422 858 288 929 362 484 267 539 379 317 280 395 327 489 325 534 404 967 278 1077 400 702 64 758 87 100 288 129 355 797 50 831 97 838 279 857 318
652 358 750 507 648 254 758 417 1021 284 1260 466 488 301 538 399 1153 283 1279 493 857 294 930 354 704 68 756 89
1027 296 1260 475 651 359 753 518 651 262 758 413 489 301 539 399 1166 317 1279 533 857 310 934 389 314 298 396 349 494 354 544 429 707 86 751 109 972 312 1079 434
1030 310 1263 487 1188 333 1279 536 495 356 544 436 860 326 937 403 654 392 747 542 647 282 760 477 495 302 548 403 991 322 1094 452 706 90 759 113 539 308 567 330 315 313 392 364 89 312 125 391 803 72 837 123
1036 311 1267 491 501 358 550 438 1198 343 1279 539 650 284 762 479 656 398 749 541 864 329 941 406 997 325 1104 456 500 308 553 398 319 313 395 366 542 312 568 334 710 94 757 118 90 314 126 393
1056 324 1275 504 655 284 766 483 661 404 755 540 1006 327 1117 458 509 360 556 439 324 314 399 367 874 331 960 411 723 97 772 121 1214 344 1278 544 507 313 559 394 1 270 85 411 93 315 128 395 562 314 587 333 690 245 713 259
1069 321 1276 506 883 329 962 408 664 280 772 488 669 403 764 537 1003 319 1139 453 728 94 779 119 335 312 411 364 1 272 85 410 565 312 592 332 521 312 574 420 96 314 132 393 516 360 561 434
673 277 780 492 1097 319 1278 510 1028 322 1173 456 679 399 772 535 341 302 422 358 899 325 984 408 746 89 794 112
1107 317 1277 511 1039 319 1181 454 909 323 987 405 347 301 425 354 680 275 783 493 748 84 803 108 688 395 777 535 547 304 597 393 113 305 149 386 547 353 593 427
1119 317 1277 513 690 274 799 484 1049 318 1192 453 551 301 601 395 351 300 430 354 917 323 992 404 700 391 786 534 553 353 597 424 754 80 808 105 3 295 116 391 115 305 150 385 593 305 618 327
1125 321 1279 517 693 279 803 480 924 323 1008 411 557 304 607 395 357 301 438 355 702 393 790 536 1045 318 1197 454 559 355 604 426 3 297 115 393 766 81 821 104 116 308 151 388
928 327 1013 414 1144 321 1279 526 694 284 807 477 1070 327 1228 469 702 396 794 536 358 300 442 360 767 83 825 106 564 356 608 428 3 299 115 395 560 308 611 394 737 240 759 255 116 311 149 392
1148 322 1279 529 1075 330 1228 471 932 329 1017 417 695 286 810 475 359 310 439 365 702 397 796 536 769 84 827 108 569 317 618 418 739 243 760 258 871 66 908 121 122 313 145 379 609 311 634 334 844 325 860 361
1154 323 1279 524 1082 326 1235 469 573 325 621 416 697 283 812 475 361 302 448 360 705 396 799 534 935 327 1020 414 772 81 829 107 741 240 763 255 116 308 148 390 876 71 912 115
1088 320 1246 466 364 298 448 354 580 329 626 411 1161 324 1279 520 705 368 810 521 945 322 1036 411 706 271 813 414 579 295 629 365
1107 314 1271 474 368 295 449 349 949 320 1038 406 585 296 633 394 1191 319 1279 517 709 373 813 519 708 268 817 410 788 64 844 89 887 48 925 100
953 305 1046 399 1111 310 1270 469 371 288 451 344 713 375 814 513 788 59 850 84 593 297 642 393 712 263 820 411 1196 321 1279 513 863 305 883 343 122 293 147 351
1118 300 1272 461 717 367 814 501 715 252 822 420 599 285 646 366 1202 304 1279 487 958 303 1048 388 800 62 843 83
1126 290 1274 453 717 239 824 430 721 360 814 490 604 283 649 363 377 269 455 321 967 294 1060 386 1209 301 1279 479 807 21 848 44
1129 282 1276 450 969 277 1059 372 717 229 823 436 720 353 812 484 604 259 651 340 797 18 858 45 376 264 453 315 608 315 643 368 1223 324 1279 474 317 272 339 318 909 5 944 55 934 273 956 317
1126 283 1275 451 967 275 1059 376 709 232 818 433 714 351 805 485 368 265 447 316 794 17 854 45 599 260 648 342 904 3 940 55
1123 284 1274 452 700 235 810 432 958 278 1048 373 706 349 796 485 359 264 442 317 587 261 634 342 792 15 848 42 899 2 934 54 294 275 318 321
954 276 1048 372 1122 282 1275 453 585 258 632 343 690 235 803 434 349 263 430 316 699 344 788 484 773 12 839 41 888 0 927 49 289 272 315 319 744 190 764 205
1123 269 1279 437 586 257 632 341 690 227 800 433 959 269 1064 373 344 249 430 307 699 342 787 483 774 7 836 36 888 1 927 40
1132 266 1279 430 698 317 795 460 346 243 431 298 697 214 801 365 963 268 1066 364
969 250 1069 351 1151 262 1275 431 701 208 806 372 598 233 645 318 704 322 798 453 349 237 432 291 760 163 779 177 602 276 638 328
705 210 810 371 602 237 648 315 707 324 803 458 354 242 437 292 1158 264 1278 433 974 254 1073 344 1057 193 1259 380
353 247 439 299 1167 284 1277 462 709 215 812 368 709 325 807 465 607 257 650 336 978 272 1078 368 611 294 644 346 1065 199 1261 390
1170 290 1279 466 979 271 1096 383 352 253 440 305 609 256 652 338 708 225 817 431 612 295 648 352 801 0 856 23 713 342 801 484 914 2 962 33 1069 206 1263 398
1194 288 1279 464 983 269 1098 377 612 258 655 336 352 248 439 300 711 322 809 466 712 219 814 364 615 295 650 345
714 319 808 457 714 213 816 364 988 258 1109 376 1203 289 1279 461 352 243 441 294 621 234 667 313 1077 195 1270 392
352 227 443 281 995 250 1108 357 623 227 667 313 715 207 818 364 716 317 808 448 1212 289 1279 458 767 160 789 177 1094 192 1279 388 0 174 81 322 623 272 661 324
