

0 326 373 517 139 193 572 470 1081 243 1172 345
0 325 357 517 142 192 566 475 1082 244 1171 346
0 324 338 516 148 188 564 481 1081 245 1171 348
0 321 315 516 224 165 604 485 1080 245 1171 350
0 318 292 516 227 163 602 486
0 313 275 518 227 164 603 486
0 310 262 520 227 164 603 487
0 322 246 523 224 167 607 487
0 322 231 516 148 189 561 490 860 310 967 480
119 188 563 489 0 326 222 511
93 185 568 489 0 334 190 500
82 182 575 491 0 334 170 499
92 182 576 494 0 319 147 480 990 263 1045 379
103 179 574 495 696 324 847 474 0 315 116 477 989 262 1045 378 560 452 1279 696
103 177 572 495 683 323 835 473 1081 247 1170 348 990 264 1046 372
99 177 569 493 1082 247 1170 347 643 320 795 477 990 265 1047 369
93 178 569 493 1083 246 1169 347 991 266 1047 369 630 320 783 479
89 180 569 492 989 265 1046 374 1083 246 1169 346 588 316 747 486
1083 245 1169 346 88 181 575 493
1083 244 1169 346 87 181 579 493
1083 244 1169 346 87 180 586 494 899 252 993 390 580 428 1271 691
90 182 577 493 1083 244 1169 346 899 253 992 388
1083 243 1170 346 899 254 992 387 92 183 570 491
1083 244 1170 346 898 255 992 387
568 425 1265 692 1083 244 1170 347 419 316 529 490 897 254 991 387
404 315 528 491 566 422 1266 687 897 254 992 387 1083 245 1170 347
376 313 534 486 896 253 992 387 1083 245 1170 347
896 253 993 387 340 311 503 488 1083 244 1170 347
897 253 993 389 1083 244 1170 347 323 313 433 485
311 311 427 486 1082 244 1169 348 897 255 993 392
302 310 414 482 1081 244 1170 349
264 310 380 485 1081 245 1170 349
257 310 369 481 1082 245 1170 348 990 265 1045 372
190 312 351 478 990 265 1044 375 1083 245 1169 348
1083 244 1169 347 179 313 344 473 989 264 1044 376
1083 243 1170 347 119 197 581 475 990 265 1045 374
131 185 579 482 1083 243 1170 347
126 177 581 487 1083 242 1170 347 899 254 992 392
129 174 578 491 1083 242 1170 347 899 254 992 390 264 323 381 532
119 180 576 488 1083 242 1170 347 897 254 992 389
114 185 571 485 1083 243 1169 347 896 254 993 389
112 188 569 488 896 253 993 389 1083 243 1169 347
896 253 993 389 1083 243 1169 347 105 189 572 490
1083 243 1169 347 896 253 993 389
895 253 994 390 1083 243 1169 347
895 252 994 390 1083 243 1169 347
895 253 993 390 1083 243 1170 347 24 349 218 518
1083 243 1170 347 895 253 993 391
1083 243 1170 347 896 254 992 391 111 194 567 488
65 196 588 487 1083 243 1170 347 897 254 992 391
72 192 587 490 1083 243 1170 347 19 332 128 508 897 254 992 390
84 186 586 491 1083 243 1170 347 13 308 111 492 898 254 992 390
95 183 586 491 1083 243 1169 347 898 254 993 390
99 186 580 488 1 303 81 491 1083 243 1169 347 898 254 993 389
98 186 577 487 1083 243 1169 347 899 254 993 389
97 183 576 490 1083 244 1169 347 899 254 992 390
98 179 575 492 1083 244 1169 347 899 254 992 389
102 179 572 493 1083 244 1169 348 899 253 992 390
103 179 567 493 1083 244 1169 348 898 253 992 390
97 183 567 491 1083 244 1169 348 898 253 993 391
90 186 568 490 1083 243 1169 348 898 253 993 391
80 189 571 489 1083 243 1169 348 898 253 993 391
71 189 572 491 1083 243 1170 348 898 253 993 391
65 190 572 491 1083 243 1170 348 898 253 993 391
58 190 572 490 1083 243 1170 348 898 253 993 391
67 191 566 489 1083 243 1170 348 898 253 993 391
78 188 562 491 1083 243 1170 348 897 253 993 391
91 187 556 491 1083 243 1170 348 897 253 993 392
91 186 554 490 1083 243 1170 347 897 253 994 392
87 188 553 488 1083 243 1170 347 897 253 994 393
83 190 554 487 1083 243 1170 347 897 252 994 393 0 365 268 622
82 192 554 485 0 377 268 610 1083 243 1170 347 897 252 994 393
80 196 555 484 1083 243 1170 347 897 252 994 393 2 384 288 604
78 197 557 484 1083 243 1170 347 897 252 994 393
75 198 557 482 1083 243 1170 347 896 252 994 393 0 398 368 680
75 199 557 480 0 397 379 669 1083 243 1170 348 896 252 993 392
76 202 558 478 0 397 383 654 1083 243 1170 348 896 252 993 392
0 373 382 617 76 203 560 479 896 252 993 392 1083 243 1170 348
0 385 427 660 71 204 564 482 897 253 993 392 1083 243 1170 348
0 385 449 670 70 203 565 482 897 253 993 392 1083 243 1170 348
0 387 468 677 68 203 566 479 897 253 993 392 1083 243 1170 348
3 389 487 675 69 203 566 475 897 253 993 392 1083 243 1170 348
3 388 500 675 67 202 570 472 897 252 993 391 1083 243 1170 348
5 388 521 681 66 202 578 467 897 252 993 391 1083 243 1170 347
7 389 539 688 63 203 586 460 897 252 993 391 1083 243 1170 348
1 385 613 690 68 206 592 452 897 252 993 391 1083 243 1170 348
0 387 626 683 75 208 594 449 896 253 993 392 1083 243 1170 347
15 390 631 679 84 207 596 449 1083 243 1170 347 895 254 992 392 546 433 1262 688
32 394 639 676 85 207 597 450 536 438 1270 694 1082 243 1170 347 895 255 991 392 1164 409 1279 579
54 395 642 678 541 439 1271 696 85 206 596 451 1082 244 1170 347 1134 422 1279 569
72 393 646 678 85 206 592 451 547 438 1268 695 1117 414 1279 573 1083 244 1170 348 990 264 1046 376
94 394 647 676 86 205 588 451 552 436 1262 692 1083 244 1170 347 1101 404 1279 574 990 265 1046 375
113 396 648 674 87 205 581 451 557 434 1254 688 1063 397 1276 577 1083 244 1170 347 990 265 1046 375
138 405 679 677 1052 389 1272 573 85 204 581 452 555 435 1252 685 1083 245 1170 347 990 266 1045 375
155 405 674 679 1051 352 1277 618 82 204 579 452 556 438 1252 686 1083 245 1170 347 990 266 1045 375
179 406 677 680 81 204 581 452 551 436 1258 689 1000 360 1269 616 1083 245 1170 347 990 265 1044 376
81 204 584 452 554 434 1261 689 972 360 1263 619 205 405 682 682 1083 245 1170 347 990 265 1044 377
942 359 1263 620 225 404 854 688 556 431 1265 687 81 204 590 454 990 265 1043 378 1083 245 1170 348
