

0 554 1279 719
0 554 1279 719
0 552 1279 719
0 553 1279 719
0 553 1279 719



0 553 1279 719
0 553 1279 719
0 550 1279 719
0 555 1279 719
0 557 1279 719
0 558 1279 719
0 556 1279 719
0 555 1279 719
0 558 1279 719
0 558 1279 719
0 557 1279 719
0 555 1279 719
0 554 1279 719
0 556 1279 719
0 557 1279 719
0 554 1279 719
0 551 1279 719
0 550 1279 719


0 558 1279 719
0 559 1279 719
0 557 1279 719
0 559 1279 719
0 558 1279 717
0 558 1279 715
0 557 1279 713
0 556 1279 713
0 559 1279 716
0 562 1279 717
0 565 1279 718
0 567 1279 716



0 562 1279 717


191 378 230 475


0 560 1279 716
0 561 1279 718 492 391 512 404
0 562 1279 717
0 560 1279 718
0 559 1279 718
0 559 1279 718
0 558 1279 717
43 366 128 502
42 365 123 504



944 365 1042 474
959 354 1053 491
972 355 1063 490
1012 350 1106 493
1050 353 1145 498
1059 349 1161 498

1157 335 1261 507
1162 332 1268 505




























