

678 498 728 523 598 493 659 526 4 348 216 704 480 83 580 151
679 499 728 523 598 494 662 525 0 344 161 706 482 75 579 143
679 498 729 523 481 72 579 141 598 494 664 524 0 348 147 703 789 504 810 517
678 499 731 524 481 68 578 139 598 494 666 526 790 505 812 518 762 504 787 519
676 501 731 527 480 65 578 138 598 495 662 529
671 506 728 531 477 63 576 139 736 504 769 524
738 507 766 525 795 12 1037 175 670 507 723 534 458 66 557 140
453 67 555 142 789 510 808 524 738 512 765 527 788 12 1032 170
451 66 550 141 783 13 1024 165 654 511 707 540
428 67 532 144 571 511 633 544
763 514 786 529 425 66 527 144

630 527 677 552 545 524 609 559
627 533 672 558 541 531 602 564 376 62 481 146 687 531 715 547
624 537 671 563 687 534 714 550 541 536 602 568
687 537 714 553 623 538 671 566 734 532 759 547 713 484 723 504
688 536 716 554 715 483 726 504 735 531 762 547 623 538 671 565 532 532 617 573 356 63 455 146
622 535 674 562 719 483 729 502 687 532 718 552 532 529 615 571 357 56 458 143


710 519 737 537
708 518 740 538 758 511 789 532
708 516 743 540 758 512 790 534
710 516 744 540
541 415 758 550


657 525 710 550 734 527 762 545 574 518 640 553
733 531 760 549 655 528 710 554 574 520 637 556
653 533 709 559 733 537 759 554 574 523 633 559
731 540 759 558 653 536 709 563 574 526 632 563 712 536 745 559

734 556 766 577
735 562 770 585

759 577 788 596 791 532 799 549
759 579 792 599 696 578 749 603 793 532 803 549
758 580 795 601 698 582 749 607 605 565 685 613
758 581 795 603 608 571 686 616 700 585 749 609
758 585 796 606 701 588 749 612 608 577 689 619
759 587 794 607 698 589 748 614 604 581 694 622
759 589 792 608 697 590 747 616
758 589 790 608 582 579 676 628
755 589 790 609 586 584 675 633
756 589 790 609 586 584 674 632
759 588 790 606
760 586 790 604
760 584 790 601
760 581 791 599 699 588 746 613
760 579 790 597 699 587 746 611
761 577 791 596 698 584 745 609
760 575 792 595 700 582 747 606 790 513 801 530
700 577 749 604 794 512 805 530
702 574 751 602
703 572 753 599
785 564 811 581
784 561 811 579 835 558 857 573
784 560 811 578 835 559 855 572
784 560 811 578 833 558 855 571
785 557 812 576 704 558 759 589 832 556 855 570
784 554 813 573 702 553 763 585 759 554 791 578
785 550 815 570 811 489 824 508
814 487 826 508
820 486 831 507
723 545 779 574 824 485 834 506
812 541 834 558 787 541 815 562
631 529 716 576 722 539 779 568 788 541 815 560 811 541 833 557
789 542 814 560 728 540 774 567
787 542 813 560 608 529 699 577
608 529 693 577 786 542 811 560
606 529 692 578 802 484 812 504 700 545 753 572 786 542 810 561
605 529 691 578 701 546 750 571 800 485 810 504 759 542 790 565
604 529 691 578 701 546 751 571 799 486 808 504 761 542 791 564
603 530 689 577 701 546 750 571 763 542 792 564 815 540 836 555 796 486 806 505
702 546 749 571 765 544 791 563 794 486 805 505
701 547 747 572 764 544 791 563
589 536 673 583 763 545 788 562 702 547 745 572
585 535 672 585 675 545 735 575
673 547 732 576 580 536 667 586
575 539 664 591 737 552 767 573 672 551 726 581
562 545 653 597 737 557 767 577 786 554 808 570
737 563 765 582 549 462 755 594 784 557 807 574 560 548 651 603
544 460 754 599 736 567 763 584
736 569 763 586 760 510 771 533
655 571 708 599 563 559 648 611 737 570 762 586
655 572 707 600 562 560 647 611
563 562 648 613 653 574 710 602 736 576 763 594
735 582 765 600 652 579 712 608
736 587 767 607
772 537 783 555 673 596 727 621
672 598 732 625 580 584 667 632 759 601 785 617 774 538 787 556
759 604 788 623
761 606 791 627 587 589 675 641 812 607 834 621 788 610 810 625
589 593 679 643 761 607 793 630 813 608 835 623 694 608 751 638 786 612 807 628
694 608 752 638 590 595 678 643 763 606 793 629 814 608 835 622 785 610 807 627
591 591 677 639 698 603 750 631
764 589 790 607
586 575 675 624 760 583 791 601
