

0 568 1279 712
0 564 1279 714
519 389 538 403
519 391 536 403
520 391 535 402











0 545 1279 719
0 546 1279 719
0 546 1279 719
0 546 1279 719
0 546 1279 717
0 546 1279 718
0 547 1279 717
0 547 1279 718
0 551 1279 719
0 552 1279 719
0 554 1279 719
0 555 1279 719
0 556 1279 719
0 556 1279 718
0 554 1279 717
0 553 1279 718



497 387 518 401
497 386 518 400
498 387 518 400
0 561 1279 719
0 562 1279 719
0 562 1279 719
0 559 1279 719
0 558 1279 719
0 557 1279 719
498 388 517 401
498 388 516 400 0 558 1279 718
0 557 1279 715
0 557 1279 715
0 555 1279 713
0 557 1279 714
0 557 1279 715
0 561 1279 716













0 563 1279 718
0 564 1279 719
0 564 1279 719


0 558 1279 719
0 558 1279 719
0 563 1279 719 499 387 518 399

499 388 517 400







0 560 1279 719
0 559 1279 719
0 559 1279 719



0 556 1279 719
0 559 1279 719
0 561 1279 719

0 558 1279 719
0 556 1279 719
0 554 1279 719
0 553 1279 719
0 553 1279 719
497 385 514 397
