

501 339 1169 556 84 184 584 487 989 267 1045 373 564 438 1278 660 1083 245 1169 348
477 341 1215 573 85 183 589 486 990 266 1045 374 1083 245 1169 348 550 440 1279 657
448 342 1269 585 84 184 590 484 990 266 1045 375 1083 245 1169 348
425 343 1279 591 84 186 583 482 1083 244 1169 348 990 266 1045 375
82 188 585 482 419 349 1279 590 561 446 1271 659 1082 244 1169 347 991 266 1045 375
423 348 1014 560 574 450 1267 662 83 189 591 481 1082 244 1169 347 991 267 1045 374
425 348 990 558 583 455 1262 665 85 188 596 479 1082 244 1169 347 991 267 1045 373
377 342 958 542 584 459 1262 668 89 187 598 477 1081 244 1169 346 991 267 1045 372 955 433 1272 640
364 340 942 543 575 463 1264 671 90 187 600 476 958 432 1270 641 1081 244 1169 346 991 267 1045 372
347 339 923 546 567 463 1267 672 957 433 1269 640 89 189 605 473 1082 243 1170 346 990 267 1046 372
331 338 908 551 563 460 1267 672 86 192 605 470 1082 243 1170 347 958 433 1269 638
319 341 898 553 560 452 1268 675 82 194 603 467 1082 243 1170 347
269 340 859 541 81 196 600 466 1082 243 1170 347 560 444 1269 679
260 336 835 537 81 197 592 464 1082 244 1170 347
242 336 818 535 82 197 586 461 1082 244 1170 347
215 337 816 538 81 197 584 454 1081 244 1170 347 551 437 1268 691 890 270 991 382
196 341 815 542 77 195 599 447 551 437 1265 693 1082 244 1170 347 895 254 992 391
169 343 763 535 76 195 613 442 547 437 1267 694 1082 243 1170 347 895 254 992 392
155 344 743 532 94 167 609 436 542 437 1269 697 1082 243 1170 347 895 254 992 392
138 339 721 530 101 171 602 429 1082 243 1170 347 546 432 1266 693 895 253 992 392
126 333 705 532 1082 243 1170 347 895 253 992 392 103 178 599 419 0 395 169 561
81 322 669 541 0 391 186 575 1082 243 1170 347 895 253 992 392
71 320 651 540 0 356 216 607 1082 242 1170 347 896 253 992 392
72 319 625 540 0 351 230 610 1082 242 1170 347 895 254 991 392
84 320 603 534 0 341 256 605 1082 243 1170 347 895 254 991 391 575 430 1258 686
97 321 585 528 0 344 283 608 1082 243 1170 347 895 255 991 391
100 321 576 522 0 342 308 611 1082 243 1170 347 896 255 991 391
104 320 553 520 0 342 337 613 1083 243 1170 347 896 255 991 390
0 339 357 618 106 319 535 520 1083 243 1170 347
22 322 459 583 107 263 548 478 1083 243 1169 347 990 267 1046 373
14 325 456 598 112 237 566 464 1083 243 1169 347 989 266 1046 373
3 328 456 610 125 166 613 434 1083 244 1169 347 989 266 1045 374
0 330 460 619 129 171 607 428 1083 245 1169 347 989 267 1045 373 936 393 1272 658
0 333 475 626 1083 245 1169 347 989 268 1045 373 204 168 616 433 575 423 1260 672 928 371 1266 614 893 299 989 386
0 335 496 632 581 426 1260 669 1083 246 1169 347 989 268 1045 373 202 168 621 433 859 371 1254 611 893 298 989 386
0 333 515 636 583 428 1263 671 199 169 625 434 989 267 1045 374 1083 246 1169 347
1 333 529 639 580 430 1267 674 198 173 630 429 989 267 1046 374 1083 246 1169 347
14 333 539 638 576 432 1274 678 195 177 641 425 1083 246 1169 347 989 267 1046 373
19 360 610 669 563 432 1279 676 191 180 653 422 1082 245 1170 347 883 261 976 401 1 274 84 332
35 352 597 632 557 430 1279 675 181 181 669 419 767 356 1279 596 1082 245 1170 347 883 261 975 400
552 429 1279 674 45 358 609 624 168 181 685 418 755 363 1279 579 1082 245 1169 347 990 267 1047 371
557 426 1279 673 72 362 609 615 157 180 698 416 992 267 1047 370 743 365 1279 563 1083 247 1169 347
557 428 1279 677 94 365 613 609 147 178 718 416 992 268 1048 368 1083 247 1169 347 751 363 1274 551 943 256 993 351
561 429 1272 681 991 269 1048 367 144 179 720 415 112 374 738 658 1083 248 1169 348 0 320 167 521 943 256 992 350
564 435 1273 687 141 364 699 614 146 180 714 414 989 268 1047 368 0 321 175 519 1083 247 1169 348 942 256 992 351 753 366 1173 474
572 435 1275 685 162 367 700 607 989 268 1047 369 117 184 607 412 0 324 178 511 1082 247 1169 348 733 364 1175 473
576 438 1279 681 179 373 709 598 0 307 169 491 989 268 1046 370 114 183 607 418 705 364 1124 475 1083 246 1169 348
585 438 1274 678 989 267 1046 371 696 362 1115 476 91 209 611 439 1082 246 1169 348 0 310 153 487 196 374 727 595
589 438 1274 678 684 361 1113 476 989 267 1046 372 96 206 606 447 0 308 116 487 1083 246 1169 348 204 372 821 610
585 438 1272 679 103 200 606 455 1083 246 1169 348 989 267 1046 374 670 359 1074 479 0 313 90 482 230 373 811 611
661 360 1069 479 580 439 1270 678 102 194 611 462 1083 246 1170 348 989 267 1046 374 0 341 89 500 231 377 857 660
232 403 1246 670 1082 245 1170 348 989 266 1046 375 648 362 1065 479 100 195 610 464
250 399 1238 667 1082 245 1170 347 989 266 1046 375
276 396 1221 665 1082 244 1170 347
295 397 1208 657 1082 244 1170 347 117 156 924 502
306 399 1194 651 1082 244 1170 347 87 186 796 470
457 429 1257 661 315 366 974 597 1082 243 1170 347 76 187 797 468 895 255 992 391
478 428 1255 662 73 195 628 469 315 366 970 583 1082 244 1170 347 895 256 991 391
485 420 1250 663 72 197 628 467 261 353 809 546 1082 244 1170 347 895 257 991 391
72 197 626 462 250 356 801 543 480 414 1238 666 1082 245 1170 347 895 258 991 394
69 197 622 455 220 360 825 541 465 416 1244 677 1082 245 1170 348 894 258 992 394
193 359 729 537 66 197 621 448 455 422 1256 684 1082 245 1170 348 894 257 992 394
176 358 724 541 530 417 1279 687 70 162 631 439 1082 246 1170 348 895 256 992 393 990 266 1048 374
154 352 727 543 534 414 1279 685 79 169 625 430 1083 245 1170 346 878 260 1032 392
129 346 728 544 541 413 1279 683 1083 244 1171 345 89 174 619 424 877 259 1037 393
107 343 725 542 552 410 1279 684 1083 244 1171 346 96 179 610 417 878 260 1039 394
102 342 716 541 562 409 1279 678 1080 245 1170 347 94 180 609 414 876 264 1036 392
59 337 669 541 567 411 1279 673 1080 246 1169 347 92 183 608 408 992 266 1045 374
40 334 649 539 1081 246 1169 347 994 267 1044 373 568 419 1279 670 87 185 616 403
22 332 629 535 995 268 1044 372 1084 247 1169 348 565 426 1279 669
15 332 614 531 993 267 1043 376 1084 247 1169 348 557 435 1279 675
11 330 552 533 991 266 1044 377 1084 247 1169 348 562 437 1279 674
7 329 530 531 566 443 1279 677 1084 246 1169 347 991 265 1045 377 198 171 643 420
3 327 504 530 582 446 1270 674 197 165 638 431 770 330 936 477 1084 246 1169 347 990 265 1046 375
5 322 485 531 732 330 900 478 204 162 629 436 1084 245 1169 347 586 448 1265 674
2 320 471 533 212 157 620 442 675 326 866 479 1083 245 1169 347
0 318 453 533 673 321 846 482 220 153 610 447 1083 245 1170 347
0 320 437 533 229 151 603 449 637 315 809 488 1082 245 1170 347
0 321 424 533 235 153 601 449 629 315 794 490 1082 244 1170 346
0 323 376 525 242 151 604 452 1082 244 1170 347 899 253 994 390 564 432 1272 684
0 321 359 522 898 254 994 390 242 156 604 490 1082 245 1170 347 575 428 1264 681
0 318 335 522 898 254 993 391 1082 245 1171 348 540 315 707 491 238 151 614 497
0 319 317 522 529 316 693 491 898 253 994 391 1082 245 1171 348
0 318 294 522 899 253 994 391 1082 244 1171 347 516 317 693 486
0 316 276 521 1082 244 1170 347 901 253 994 392
0 330 263 514 1082 244 1170 347
0 324 250 517 1082 245 1170 347 991 264 1047 376
0 321 233 516 1082 245 1170 347 991 264 1047 375
0 322 220 513 1082 245 1170 347 991 265 1046 375
0 330 190 506 1083 245 1169 347 991 265 1046 375
0 332 177 503 990 265 1046 376 1083 246 1169 347 81 202 588 474
1082 245 1169 347 83 201 586 474 989 265 1046 376 0 335 158 499
94 200 589 473 1082 245 1169 347 989 265 1046 376 0 311 117 487
105 199 593 467 1082 244 1169 346 327 312 425 466
107 197 595 464 317 316 411 459 1082 244 1170 346
109 194 600 469 1082 243 1170 346 309 311 402 464
111 192 602 476 1082 243 1170 346
109 192 602 485 1082 244 1170 346 168 400 380 550 899 253 993 389 568 429 1271 699
