

502 339 735 521 720 374 833 456 1060 331 1136 522 864 358 917 475 1136 358 1187 438
503 340 737 521 720 374 834 456 865 358 917 475 484 373 538 430 1135 358 1187 440 906 383 944 412 1056 339 1133 522
504 339 737 522 721 374 835 456 480 373 538 432 864 358 916 473 1135 360 1187 440 905 383 946 412
504 339 737 521 722 375 835 456 476 374 537 434 1135 363 1186 439 863 358 916 474 906 384 948 412
506 339 737 522 723 375 835 456 471 372 542 433 1135 364 1187 438 863 358 916 474 906 384 949 413
507 339 738 523 724 375 837 456 467 370 543 436 855 363 904 466 1134 363 1187 439 907 384 948 412
509 339 740 524 462 368 544 438 725 373 838 457 854 363 907 466 1135 359 1189 480 907 384 948 412
510 340 740 524 458 367 546 440 726 372 840 458 853 362 908 467 1134 361 1186 437 907 384 949 411
511 341 741 523 453 365 549 441 728 368 853 456 852 361 910 469 1134 362 1186 435 906 384 951 411
512 340 742 522 448 364 551 441 729 369 854 456 851 361 910 470 1033 356 1118 505 1136 359 1189 482 906 385 952 411
514 339 743 522 732 370 853 456 442 363 553 442 850 359 912 471 1033 354 1118 506
513 339 746 523 734 371 854 455 435 364 556 442 849 360 913 471 1033 355 1119 508
512 340 748 523 421 364 551 443 738 372 854 454 1032 358 1119 513 848 359 913 472
512 340 752 524 416 363 553 446 741 374 854 453 1032 362 1120 514 847 361 913 472
513 340 752 526 410 364 554 446 745 376 854 452 1034 363 1118 516 848 362 912 472 922 387 964 413
514 340 753 528 749 376 856 452 402 362 551 458 1033 364 1116 515 847 363 912 472 922 388 966 413
515 342 753 528 387 360 553 450 752 375 859 452 845 362 910 473 1034 364 1114 516 923 388 966 413
517 344 753 527 379 366 547 458 758 373 871 452 843 362 908 473 1032 363 1113 515 924 388 967 412 1135 365 1188 478
517 346 752 526 371 366 544 459 761 373 869 451 843 363 906 473 1032 364 1112 515 925 389 967 413 1135 365 1188 481
518 348 751 525 359 367 544 460 765 373 868 452 842 364 905 474 927 389 967 413 1030 367 1110 514 1134 365 1188 482
519 349 750 526 340 362 529 468 842 366 904 475 769 374 869 453 928 390 968 413 1028 372 1109 514 1125 368 1178 479
330 363 528 469 533 348 755 531 841 365 903 477 929 390 969 413 774 374 869 453 1125 366 1178 482
319 363 523 470 533 348 756 533 839 364 902 478 928 389 970 413 778 375 869 453 1124 365 1178 484 1022 373 1104 514 267 381 300 402 221 381 248 401
303 363 520 475 535 348 755 533 837 362 902 478 928 389 970 413 1123 364 1178 487 220 380 249 400 783 376 870 452 266 379 302 401 1021 370 1100 513
535 348 756 531 288 361 516 481 835 361 901 479 1123 365 1178 488 929 388 970 412 219 380 248 400 197 381 221 400 1083 387 1117 412 265 379 303 400
536 347 756 530 269 355 500 493 835 361 901 479 1124 366 1178 487 928 388 971 411 196 381 223 400 1081 387 1116 413 219 380 247 400
537 346 757 530 258 355 494 498 812 359 901 483 1125 368 1177 485 927 388 972 411 196 382 222 401
536 347 757 531 240 356 487 505 810 359 899 485 1126 369 1176 482 929 388 971 412 1078 388 1116 414
536 347 756 531 808 360 899 485 228 356 479 508 1125 370 1174 481 931 388 969 412 1077 389 1117 414
536 347 756 531 183 353 470 514 808 360 899 488 1125 370 1173 481 911 386 943 411 1074 388 1118 413 934 388 966 411 953 390 978 412 1021 364 1073 479
537 347 755 529 166 353 463 515 809 360 899 489 1125 370 1172 480 912 386 943 410 933 387 966 410 1020 363 1072 481 952 389 979 411 1073 388 1117 412
537 346 754 530 809 361 895 492 147 339 469 534 1125 371 1170 477 933 387 966 410 913 384 942 409 1017 362 1069 481 0 37 157 531 1070 387 1117 412
537 345 755 530 86 342 440 532 808 361 892 493 1124 373 1169 473 932 386 966 410 914 383 941 407 981 384 1012 406
535 346 755 532 54 345 434 536 807 361 887 496 1124 373 1168 471 932 386 965 410 981 385 1009 406
534 347 756 533 35 344 422 538 806 361 886 496 1124 373 1168 470 933 386 966 410 990 366 1064 521 955 386 984 409 980 383 1009 405
533 348 756 533 22 342 408 543 804 360 883 497 1123 372 1168 471 987 369 1061 523 935 386 966 410 851 373 935 437 954 386 984 410 980 384 1007 405
517 349 754 532 23 341 392 546 1122 372 1168 473 802 359 881 496 850 372 938 438 984 372 1057 527 952 385 985 410 936 386 967 410
516 349 754 531 10 347 348 540 796 355 868 498 1120 372 1168 474 849 373 941 437 981 388 1053 546 810 414 876 488 951 385 985 411 937 386 968 410 617 324 627 339
516 349 754 531 5 348 331 539 795 357 867 496 1119 372 1167 474 848 372 943 437 980 388 1051 546 951 385 984 411 937 387 969 411 811 416 875 487 1050 384 1098 408 616 324 626 339
516 349 752 531 0 346 305 544 792 359 866 495 1118 372 1165 473 848 372 946 437 977 389 1049 548 950 385 983 410 1046 385 1099 408 811 414 873 488
516 349 750 532 0 342 277 549 790 359 864 494 1117 371 1163 472 847 371 948 438 950 385 981 410 1042 385 1100 408
515 350 749 532 0 340 242 544 795 360 858 481 846 369 951 439 1115 371 1161 471 952 385 980 408 1039 385 1101 408
514 350 747 532 787 357 861 494 847 369 953 441 0 338 220 544 1114 371 1160 471 1036 383 1101 409 802 427 859 499
512 351 746 532 785 356 860 496 849 368 956 441 1114 371 1158 472 1035 384 1103 410
511 351 743 532 783 356 858 498 852 368 958 441 972 366 1030 473 1114 371 1156 474 1035 386 1101 411 972 418 1027 514
510 353 741 530 780 356 856 499 860 372 968 438 969 365 1026 473 1107 372 1149 477
508 352 739 528 776 357 854 498 859 372 971 438 1106 372 1148 477 966 364 1024 472
504 352 735 527 861 372 974 437 1105 371 1146 476 964 364 1020 473 772 358 852 495
501 351 733 528 865 372 975 436 1105 371 1144 473 963 365 1016 472 768 359 851 491
498 351 731 529 869 372 976 437 772 360 835 476 1104 372 1142 472 963 369 1013 472 844 376 892 402 766 427 849 496
495 352 732 531 766 414 848 489 873 374 974 437 1102 373 1141 470 962 372 1012 471 843 376 890 402 1015 381 1082 410
493 352 733 532 769 358 833 478 879 373 972 436 1101 372 1139 472 955 375 1005 470 843 375 889 403 765 424 844 498 1014 381 1081 410
491 351 733 531 766 357 831 481 885 373 969 435 955 374 1004 468 1099 372 1138 472 1014 380 1080 409 762 425 842 499 832 378 879 404
472 335 770 540 764 356 829 484 954 373 1003 466 890 372 969 434 1097 371 1137 473 759 424 839 500 829 376 879 403 1013 379 1080 408
467 334 768 543 763 356 829 483 952 375 1000 465 892 372 968 432 1096 370 1136 470 757 423 838 501 827 374 878 404 1012 379 1078 407
460 332 770 544 753 351 833 496 1093 368 1135 470 950 379 998 463 894 371 968 430 1012 379 1076 406 826 373 874 403 766 420 829 507
455 328 771 544 1091 367 1133 469 750 355 833 499 900 368 991 431 948 382 996 460 1012 380 1075 405 825 374 870 402 419 363 440 398
451 327 775 544 740 352 824 498 1090 367 1131 467 904 367 992 431 1011 378 1073 404 947 382 996 459 761 418 824 508
447 327 777 543 737 352 823 497 1083 369 1124 465 907 367 996 429 945 383 996 457 1012 376 1073 402 762 418 823 507
442 324 779 544 733 350 821 492 1083 361 1124 447 943 383 995 455 1016 374 1070 400
436 320 780 543 1082 360 1122 446 729 348 817 490 921 361 1011 426
432 317 779 543 1081 359 1121 444 924 361 1013 425 727 348 814 488 749 408 812 491 1016 367 1067 394
430 316 776 543 1080 357 1119 443 928 361 1016 424 726 348 812 489 1082 402 1116 450 1016 365 1065 393
426 312 738 546 1078 355 1117 441 932 359 1019 424 724 348 811 490 1080 400 1113 449 704 357 752 389
428 310 735 544 1076 354 1115 438 935 357 1022 423 721 348 808 491 1078 398 1110 447 702 354 750 388 1015 362 1065 390
431 309 732 542 1073 353 1113 436 937 356 1024 422 716 348 805 490 1076 396 1108 445 744 403 803 487 901 359 938 382 784 358 828 385 1016 362 1065 389 699 352 747 387
429 310 731 542 1072 352 1111 436 710 331 794 476 1075 396 1107 444 934 348 1025 414 782 356 831 385 899 358 939 382 1019 362 1066 388 745 404 801 485
428 308 729 542 1070 351 1109 435 707 330 790 476 945 353 1034 410 1072 395 1106 443 779 355 831 385 899 359 936 382 1024 361 1065 388 745 405 797 482
424 306 729 544 944 352 1037 410 1068 351 1108 435 706 330 787 475 775 355 830 385 929 340 972 418 899 360 934 382 1028 361 1066 386
424 303 728 546 948 352 1041 411 1066 351 1106 434 705 329 784 474 773 354 827 384 926 341 970 417 903 361 930 381
421 302 728 549 953 352 1044 411 711 329 777 465 1065 351 1106 433 774 353 824 383 925 342 968 417 709 404 788 477
418 302 727 552 924 342 966 417 961 351 1046 411 701 329 781 474 1058 356 1101 434 773 353 819 383 720 407 778 476
417 301 723 555 922 343 964 416 1058 357 1099 432 691 327 772 475 969 353 1055 407 772 353 815 383 718 404 775 476
415 301 721 558 972 353 1055 406 689 329 769 474 919 343 962 415 1057 357 1097 431 756 355 806 384 716 404 771 476
414 300 720 558 974 353 1057 406 754 355 806 384 920 376 956 423 1056 357 1096 430 692 348 767 488 715 403 768 477 928 351 956 392
408 302 720 558 976 353 1057 405 752 355 802 384 1053 356 1093 430 707 401 759 481 921 375 953 420 695 336 756 453 1244 360 1277 486
401 303 719 556 749 355 798 384 705 402 756 481 1051 395 1086 435 977 353 1057 405 916 373 948 421 1051 355 1089 429 1222 363 1279 479 693 339 751 449
398 304 718 554 914 375 948 421 745 356 796 384 1048 396 1083 437 1047 354 1086 430 702 401 753 480 1219 362 1279 478 979 353 1057 404
397 305 718 552 913 376 947 421 1045 395 1081 438 1045 353 1084 430 741 355 795 384 1217 361 1279 479 700 400 750 478 980 353 1057 403 970 356 1010 386
399 308 716 552 912 377 945 420 1043 354 1083 431 1042 395 1080 439 1213 360 1277 476 734 356 782 384 969 357 1012 385 913 351 944 398
398 309 716 551 911 377 944 420 730 354 785 385 1041 354 1083 431 1040 396 1080 439 1208 358 1273 473 968 358 1016 385 913 350 944 399
393 311 715 551 727 353 784 384 911 378 942 419 909 345 947 412 1039 354 1085 430 969 360 1020 386 1191 359 1259 472 996 355 1095 404 1039 398 1080 438
392 311 716 551 724 352 782 384 910 379 941 417 1187 356 1257 475 911 349 943 399 1031 361 1077 431 968 361 1022 387 1038 403 1073 440 996 356 1100 403 523 289 534 305
389 310 715 552 719 352 779 384 909 378 939 416 1036 400 1071 440 1171 355 1255 484 909 351 942 398 1029 361 1073 431 967 362 1025 389 677 375 729 468 995 358 1105 401
387 310 714 551 715 351 775 384 908 378 937 415 1034 398 1067 438 1165 355 1249 484 908 351 941 398 1029 359 1069 431 967 362 1025 389 675 376 725 466
385 310 712 551 712 351 772 383 907 378 936 414 1033 397 1064 437 907 351 939 399 1031 368 1060 424 1159 354 1243 485 967 363 1024 389
383 310 713 552 906 380 935 413 1032 398 1062 436 1161 360 1226 474 906 349 938 401 1030 368 1058 425 708 352 762 384 968 362 1023 388 517 289 527 305
381 310 713 553 703 351 761 384 905 349 937 401 1031 398 1061 435 906 380 933 413 1029 368 1057 425 1158 346 1219 456 968 363 1022 388
380 309 713 554 700 351 756 385 905 349 936 402 1030 398 1059 434 1027 368 1056 425 905 380 933 412 1133 348 1212 491 968 363 1021 388
380 308 713 555 1130 344 1207 491 696 351 753 385 905 349 936 402 1026 370 1056 424 1029 397 1058 433 905 380 932 412 967 364 1021 389 1050 360 1127 402
380 306 714 554 1126 343 1203 491 695 351 750 385 906 350 935 402 1025 371 1056 423 905 380 931 411 1028 396 1057 432 1050 364 1129 409 968 364 1020 389
381 305 713 552 905 350 935 402 1121 344 1197 490 1023 373 1055 423 905 378 931 411 694 351 748 385 1055 364 1133 410 969 363 1019 388
382 305 711 552 904 350 934 402 1114 347 1191 487 1022 373 1053 423 905 378 931 411 1065 368 1134 406 683 351 736 384 970 363 1019 388
382 305 708 551 1116 359 1175 471 902 350 934 402 675 350 740 385 1021 373 1051 423 904 377 931 411 1071 367 1132 407 1024 356 1052 401
382 306 707 551 1111 364 1170 469 902 352 934 401 673 351 736 385 903 376 930 411 1075 368 1128 406
382 306 707 550 902 353 933 399 1015 374 1046 420 902 376 929 411 673 352 728 384 1113 347 1167 453 1011 357 1040 397 1108 410 1165 481
382 306 706 551 1015 374 1045 420 902 377 928 412 903 354 933 397 1085 346 1164 483 1010 356 1040 399 672 354 720 383 949 361 1000 385 1098 409 1153 479 507 284 519 304
381 306 704 552 1014 375 1045 419 901 378 928 412 1094 348 1155 452 1010 354 1041 402 904 355 934 395 1094 409 1148 478 948 361 1000 385 507 284 519 304 745 360 762 382
