

171 455 362 516 1 427 79 524 665 457 877 577 348 443 454 506 651 394 851 502 87 435 181 483 395 444 636 519 588 455 669 500 506 449 549 533
172 455 361 516 1 427 79 524 347 443 454 506 665 457 877 578 651 395 850 501 87 434 182 479 395 443 638 519 508 453 605 534 588 454 668 500 511 450 549 533
173 455 360 516 347 444 454 506 1 426 79 524 665 458 877 579 651 396 850 501 396 444 638 521 87 434 182 479 588 455 668 501
174 455 358 515 345 444 455 507 1 426 79 524 666 457 877 579 397 444 642 522 651 395 851 501 87 434 182 479 532 454 628 535 588 454 668 501
174 455 358 515 343 444 455 507 1 426 79 524 667 456 876 578 396 444 650 522 652 394 852 502 87 433 182 479 588 453 667 502
173 455 359 515 342 444 455 507 1 426 78 524 667 456 876 577 396 444 651 522 653 393 852 503 88 433 182 479 788 504 868 647 588 452 667 502
172 455 360 515 342 444 455 507 1 426 78 524 667 456 875 576 399 444 644 524 653 393 852 502 89 435 181 483 788 503 868 646 581 454 668 527
171 455 361 515 342 443 455 506 1 427 78 524 666 455 875 577 402 445 636 526 652 393 852 502 88 435 181 483 788 503 868 645 581 454 667 530 601 453 660 485
172 455 361 515 342 444 455 507 403 445 633 526 666 454 875 579 1 427 79 524 88 435 181 483 652 394 853 502 788 503 868 645 584 454 626 531
171 455 361 516 331 444 441 508 402 445 641 526 666 453 874 580 1 427 79 525 88 435 180 483 652 393 853 502 788 503 869 645
171 455 361 516 330 445 442 509 402 446 646 527 666 451 874 581 1 427 79 525 89 435 181 483 652 394 853 502
172 455 361 516 329 445 442 509 401 448 651 528 666 452 873 581 1 426 78 525 89 435 181 483 788 504 869 645
172 455 360 516 328 445 442 508 402 449 648 528 667 452 873 580 1 426 78 525 89 435 182 483 651 393 853 501 788 504 869 645
326 445 442 508 172 455 359 515 402 450 648 527 1 426 78 525 667 453 873 578 87 433 184 480 787 504 869 646 593 453 658 480
325 445 441 508 173 455 358 515 402 449 648 525 666 452 874 578 1 426 78 524 87 433 184 480 787 505 870 646 589 455 670 496
324 445 440 508 174 455 356 516 403 449 650 525 664 452 875 578 1 426 78 524 87 433 183 480 787 505 870 647 589 455 669 496
324 445 439 508 175 455 355 516 403 449 651 525 665 452 875 578 1 426 78 524 87 433 183 480 787 504 869 647 589 452 664 481
323 446 437 508 176 455 354 517 404 449 652 525 667 454 875 578 1 426 78 524 87 433 182 480 589 452 666 481 788 504 869 648
323 446 436 508 176 455 354 517 403 449 652 525 667 455 875 578 1 426 78 524 88 435 181 484 648 394 855 501 589 452 666 481
323 446 434 508 176 455 355 517 403 449 651 525 667 455 875 578 1 426 78 524 88 435 181 484 649 395 854 501 588 452 666 481
323 446 433 507 175 454 356 516 403 449 651 524 1 427 78 524 667 455 874 578 87 435 182 484 649 395 853 501 589 456 667 495
323 446 431 507 174 454 357 516 402 449 650 524 1 427 78 524 667 454 874 577 86 433 184 480 650 395 853 502 589 456 667 496 788 502 869 647
322 446 429 506 173 454 358 516 402 449 650 524 1 427 79 524 667 454 874 577 650 395 852 502 86 433 184 480 589 456 667 496 788 503 870 648
321 446 428 506 173 454 359 517 402 449 650 524 1 427 79 524 667 454 874 577 650 395 852 502 87 435 182 484 589 456 667 496 788 503 869 648
320 446 427 506 173 454 359 517 401 449 650 524 1 427 79 524 667 455 874 578 650 395 852 502 87 435 181 484 588 452 666 481
319 447 427 507 173 454 358 518 400 449 651 525 1 427 79 524 667 455 875 578 651 396 852 502 88 435 181 484 589 452 666 481
318 447 427 507 173 454 359 518 400 449 651 525 1 427 79 524 667 455 875 578 87 435 181 484 650 396 852 502 588 452 666 481
311 448 417 505 172 455 360 518 401 450 651 525 1 426 79 524 667 455 875 579 87 435 182 484 650 396 852 502 589 452 666 481
172 455 360 517 310 447 418 505 401 450 652 525 1 426 79 524 667 454 875 579 87 435 182 484 650 395 852 502 589 452 667 482
172 455 360 517 308 447 418 504 401 450 653 525 1 426 79 524 667 454 875 578 649 395 853 502 87 435 182 483 589 452 666 482
173 455 359 517 307 446 419 504 401 450 653 525 1 426 79 524 667 454 875 577 649 395 853 501 87 435 181 483 588 452 667 481
173 455 358 518 305 446 419 504 402 449 651 525 1 426 79 524 667 455 875 577 649 395 853 501 88 435 180 483 589 452 667 481
173 455 358 518 402 449 650 525 303 446 420 505 1 427 79 524 667 456 875 577 650 396 852 502 88 435 180 483 589 452 667 481
173 455 358 518 403 449 649 525 300 445 421 505 1 427 79 524 667 457 876 578 649 396 851 502 88 435 179 483 589 452 667 481
402 449 650 525 298 445 422 505 173 456 358 518 1 427 79 524 667 456 875 578 649 396 852 502 88 435 180 483 588 452 667 481
402 449 650 525 296 444 422 505 173 456 357 518 1 427 79 524 667 456 875 578 649 395 852 502 88 435 180 483 588 452 667 482
401 449 650 524 293 444 421 505 173 456 357 518 1 427 79 524 667 455 874 578 649 394 853 502 88 435 180 483 588 452 667 482
401 449 650 524 291 444 420 505 173 456 356 518 1 427 79 524 667 455 874 578 650 394 853 502 88 436 180 483 588 452 667 482
400 449 651 524 290 444 419 504 174 456 355 519 1 427 79 524 667 456 874 578 650 394 852 502 88 436 180 483 589 452 666 481
400 450 652 524 288 444 419 504 174 456 355 519 1 427 79 524 667 456 874 578 650 394 852 502 88 436 180 483 589 452 666 481
398 450 653 524 286 444 419 505 174 456 355 519 1 427 79 524 667 456 875 578 650 395 852 502 88 436 180 483 589 452 666 481
397 451 653 524 174 456 356 519 285 443 418 505 1 427 79 524 667 456 875 578 650 395 852 502 88 435 180 483 589 452 666 481
396 451 654 524 174 456 357 519 1 427 79 524 667 456 874 578 650 394 852 502 285 442 418 505 88 435 180 483 589 452 666 482
396 450 655 524 172 456 359 518 1 427 79 524 667 456 874 578 650 394 853 502 88 435 179 483 286 442 416 504 589 452 666 482
395 450 655 524 170 456 361 518 1 427 79 524 667 455 874 578 651 394 853 502 87 435 179 483 287 442 415 502 589 452 666 482
395 450 655 524 169 456 363 518 1 427 79 524 667 455 874 578 651 393 853 502 87 435 179 483 288 443 414 502 590 456 667 495
395 450 655 524 168 456 364 518 1 427 79 524 667 455 874 578 651 393 853 502 87 435 179 483 281 447 390 498 590 456 667 495
396 451 655 524 168 456 365 518 1 427 79 524 667 455 874 579 651 393 853 502 87 436 179 483 588 452 666 482 280 447 389 498
396 451 654 524 182 453 366 518 1 427 79 524 667 455 875 579 651 394 852 502 87 436 179 483 589 452 667 482 279 447 386 497
397 451 654 524 182 453 365 518 1 427 79 524 667 455 875 579 651 394 852 502 87 435 179 483 589 452 667 481 279 446 383 496
397 451 654 524 182 452 365 518 1 427 79 524 667 456 875 580 651 394 852 502 87 436 178 483 589 452 666 481
396 450 655 523 182 451 366 518 1 427 79 524 667 455 874 580 651 394 852 502 87 436 178 483 589 452 666 482
396 450 654 523 184 451 364 517 1 427 79 524 667 455 874 579 651 394 852 502 87 436 179 483 591 455 667 496
396 450 654 523 185 451 362 517 1 427 79 524 667 454 874 579 651 394 852 502 87 436 179 483 591 455 667 496 788 504 869 647
186 451 361 517 397 450 654 523 1 427 79 524 668 455 874 579 651 394 851 502 88 436 178 483 788 506 870 647 589 453 667 483
185 451 361 517 399 450 653 523 1 427 79 525 668 456 876 579 652 395 852 502 88 436 179 483 788 506 870 647 589 453 667 482
184 451 362 518 400 450 653 524 1 427 80 525 669 456 877 579 653 395 852 503 89 436 180 483 589 452 668 481
183 452 363 518 400 450 654 524 1 428 80 525 669 456 878 579 90 436 181 483 653 395 852 504 590 452 668 480 789 505 870 646
183 452 363 518 400 451 655 524 1 428 80 525 669 456 878 580 90 436 181 483 653 395 851 504 590 452 669 480
183 453 363 518 399 451 655 524 1 428 80 525 669 456 879 580 652 395 851 504 90 436 181 483 590 452 669 480 414 418 433 437
184 453 362 518 399 451 655 524 1 428 80 525 669 455 881 581 652 396 852 503 90 436 181 483 590 452 669 480
185 453 361 518 399 451 655 524 0 428 81 525 668 455 882 583 652 397 852 503 91 436 181 483 591 452 669 479
185 454 360 518 399 451 655 524 0 428 81 525 668 455 883 583 653 397 852 503 92 436 181 484 591 452 670 480
184 454 361 518 399 451 655 524 0 428 81 525 669 455 882 582 91 436 182 484 655 397 853 504 592 452 671 480
183 454 362 519 400 451 656 525 0 428 81 525 670 455 882 581 91 437 182 484 656 396 854 505 592 452 672 481 790 506 873 646
183 454 362 519 400 451 656 525 0 428 81 525 90 437 182 484 671 455 882 582 656 395 856 506 592 452 674 481 791 504 873 647
183 454 362 519 401 450 655 525 0 428 81 525 672 454 883 583 90 437 182 484 656 394 856 507 592 452 674 480
184 453 363 519 402 449 654 525 0 428 81 525 672 453 884 584 91 437 183 484 657 394 857 506 592 452 675 479
184 453 363 520 402 449 656 525 0 428 81 525 92 437 183 484 673 452 885 584 658 395 858 506 592 452 676 479
185 452 365 521 402 451 657 525 0 428 81 525 93 437 184 484 674 452 886 585 660 396 859 506 593 453 677 480 800 503 881 644
185 452 366 521 403 451 658 525 0 428 82 525 93 437 183 485 674 452 886 585 661 394 860 506 594 453 676 479
186 452 368 521 404 450 656 525 0 428 82 525 690 463 898 585 93 436 183 485 664 393 864 505 802 502 885 645 597 453 674 479
188 453 370 520 406 450 656 525 0 429 82 525 689 462 901 584 94 436 183 485 667 392 866 504 611 454 676 482
189 454 373 520 408 450 655 525 0 429 83 524 688 461 904 583 95 436 184 486 671 390 869 504 808 501 895 649 610 453 677 482
188 455 375 520 409 450 656 525 0 429 83 524 688 460 907 583 96 437 184 485 672 388 868 504 610 453 679 481
187 455 379 520 417 456 683 526 0 429 84 524 688 461 911 582 98 437 183 485 674 388 870 504 611 453 682 481
187 456 380 520 419 457 684 527 0 429 85 525 688 460 916 583 100 437 182 485 675 390 872 503 612 453 686 480
190 456 381 520 421 455 684 528 0 429 86 526 689 461 922 583 101 438 183 486 677 393 876 502 613 452 690 480
191 457 382 520 422 455 685 527 0 429 87 526 691 461 928 583 102 439 184 486 678 393 878 503 614 453 693 480
423 454 687 527 193 457 383 521 0 428 87 527 696 461 934 582 106 439 196 486 825 514 917 652 615 453 697 480
425 454 689 527 193 457 384 520 0 427 88 527 700 460 937 582 107 439 197 486 683 390 909 507 830 514 921 650 616 454 699 480
426 454 691 528 194 457 385 520 0 427 89 527 703 459 940 582 686 390 910 508 109 439 197 486 834 514 925 648 618 454 700 479
429 453 694 528 195 457 385 519 0 426 90 528 690 390 912 508 705 459 941 582 111 439 199 486 836 514 927 648
432 454 699 529 198 457 384 519 696 392 910 507 0 426 92 529 708 459 943 583 114 440 200 487
436 454 701 529 198 458 402 521 700 393 909 508 713 459 944 585 0 426 93 530 115 440 203 487 640 454 710 482
440 455 704 529 199 459 405 521 731 467 961 586 705 395 908 507 0 427 112 525 117 441 203 487 174 445 291 496 642 454 715 482
443 455 704 529 202 459 407 522 731 467 965 586 708 394 908 507 0 427 112 526 118 440 204 487 173 445 292 497 641 454 719 481
446 455 706 529 207 460 407 522 733 465 973 585 712 395 909 507 0 427 113 526 119 441 204 487 174 445 292 498 865 510 962 650 642 454 722 480
449 454 708 529 212 461 408 521 736 464 982 586 715 394 912 506 0 427 115 527 121 442 206 487 174 445 292 497 870 512 968 649
451 454 709 529 214 461 409 521 739 463 992 588 0 427 118 528 719 394 915 506 123 442 209 487 174 446 293 497 651 454 737 517
463 457 734 528 215 461 411 520 0 426 119 528 743 463 997 591 722 393 919 507 124 441 211 487 174 445 294 497 657 456 738 501
466 457 737 528 0 427 122 529 230 461 422 524 748 463 1000 591 726 392 923 510 133 440 223 488 175 444 294 498 662 456 740 498
470 456 739 529 235 462 424 526 0 427 125 529 752 461 1001 590 730 392 928 512 176 443 295 498 137 440 223 488 667 457 743 496
240 463 427 527 474 455 741 530 0 419 127 534 776 465 1016 591 175 444 296 498 139 441 225 488 66 438 142 486 667 454 749 480
244 463 428 527 477 455 743 530 0 419 129 534 776 464 1023 592 741 391 950 512 175 444 296 498 140 441 227 489 66 438 144 486
481 454 745 531 248 462 429 526 0 420 130 534 776 464 1035 594 747 393 949 509 174 444 298 498 66 438 144 486 141 440 229 490 681 455 760 500
485 454 749 530 250 461 429 525 0 420 132 533 777 464 1045 593 751 394 949 509 173 443 299 498 68 438 146 486 685 455 762 499 141 440 231 490
490 454 754 529 0 420 134 532 253 460 444 526 776 462 1054 592 754 395 954 508 172 443 301 498 759 439 1056 526 690 455 768 483 70 438 149 486
