

425 270 709 507 1121 278 1215 489 892 356 954 445 824 295 877 395 996 312 1039 340 767 297 814 393 809 340 888 413 893 287 946 407 862 264 874 283 701 303 759 389 854 296 901 400 1203 330 1279 416
425 270 709 507 1121 278 1215 489 892 356 954 445 824 295 877 394 996 312 1039 340 767 297 814 393 809 341 888 413 893 287 946 408 862 264 874 283 700 303 757 388 854 296 902 400 1203 330 1279 416
426 270 708 507 1121 277 1215 488 892 356 954 445 824 295 877 394 767 297 813 393 996 312 1040 339 809 341 888 413 699 304 755 387 893 288 946 408 862 264 874 284 855 296 902 400 1203 329 1279 416
426 270 707 508 1121 277 1215 488 892 356 954 444 824 296 876 393 767 298 813 394 995 312 1040 339 810 341 888 413 700 305 752 385 894 288 946 408 862 265 874 284 856 296 902 400 1203 329 1279 416
426 270 705 508 1121 277 1215 488 892 356 954 444 767 298 813 394 824 296 876 393 995 312 1041 339 810 341 887 412 700 306 749 384 894 288 946 407 862 265 874 284 856 296 902 400 1203 329 1279 416
427 271 705 508 1121 278 1215 488 892 356 954 444 767 298 813 395 824 296 876 392 995 312 1041 339 809 342 887 412 879 282 954 427 862 265 873 284 700 306 747 383 857 296 902 400 1203 329 1279 416
428 272 704 507 1121 278 1215 488 892 355 954 444 765 295 805 396 824 297 876 391 995 312 1043 339 809 342 886 411 880 282 954 427 862 265 873 284 858 295 902 400 1203 329 1279 416 711 300 740 346 700 307 746 382
428 273 704 505 1121 278 1215 488 892 355 955 445 765 294 804 397 823 297 876 391 994 312 1044 340 809 342 886 411 880 281 954 427 709 300 739 346 862 265 873 284 859 295 902 399 1203 329 1279 416
428 273 704 505 1121 278 1215 488 892 355 955 445 765 293 804 398 994 312 1045 340 822 297 876 390 809 342 886 411 880 281 954 427 708 300 738 346 862 265 873 284 1203 329 1279 416 859 296 902 399
428 273 704 505 1121 278 1215 488 892 355 955 445 765 293 804 399 809 342 887 410 994 312 1046 340 821 297 877 390 880 281 954 427 707 301 737 347 861 265 873 284 1203 329 1279 416 859 296 903 398
428 273 705 503 1121 278 1215 488 892 355 955 445 764 293 805 399 821 297 876 390 994 312 1046 340 810 342 887 410 880 282 955 427 707 302 735 347 861 265 873 284 1203 329 1279 416 859 296 903 397 695 306 738 382
430 274 705 502 1121 279 1215 488 764 295 805 399 892 355 955 444 994 312 1046 341 821 297 876 389 810 342 886 409 880 282 955 427 861 296 903 398 861 265 873 284 1203 328 1279 416
431 274 706 501 1121 279 1214 488 764 297 805 398 892 356 955 444 994 313 1046 341 821 298 875 389 810 341 887 409 880 282 955 427 862 296 902 398 861 265 873 284 1203 329 1279 416
434 275 705 500 1122 280 1214 488 764 299 805 397 892 356 955 444 993 313 1047 342 821 298 875 389 880 282 954 427 688 327 724 378 862 295 902 398 862 265 873 284 1203 328 1279 416
436 275 705 499 1122 280 1213 488 763 298 805 398 993 312 1047 342 892 356 955 445 880 282 954 426 821 298 875 389 860 295 903 398 861 265 873 284 1203 329 1279 416
437 276 703 497 1122 280 1213 488 762 297 804 398 992 312 1047 343 892 356 955 445 880 282 954 426 820 298 875 389 687 326 723 378 859 296 904 398 1203 328 1279 416 861 265 873 284
438 276 702 496 1122 280 1213 487 762 296 803 397 992 312 1047 343 892 356 955 445 820 299 874 388 880 282 953 426 686 326 723 377 812 340 888 408 861 295 903 397 1203 329 1279 416 862 265 873 284
438 277 702 495 1122 280 1213 487 761 296 802 397 992 312 1047 343 892 356 955 445 820 299 873 388 686 325 722 377 880 281 953 426 862 296 902 397 812 340 887 408 1203 329 1279 416 862 265 873 284
438 278 702 494 1122 281 1213 487 761 296 802 397 993 312 1046 343 892 356 955 445 821 300 872 389 686 325 720 377 863 295 902 398 879 281 953 426 862 265 873 284 811 341 886 409 1203 329 1279 416
439 277 703 494 1122 281 1213 487 760 295 802 397 993 312 1045 343 892 356 955 445 821 300 870 389 686 326 718 376 863 295 902 398 879 281 953 426 862 265 873 284 1203 329 1279 415
440 277 703 494 1122 280 1214 487 759 296 802 397 993 312 1045 343 892 356 954 444 820 299 869 388 864 296 902 397 685 326 716 375 817 342 876 407 879 281 953 426 862 265 873 284 1203 330 1279 415
441 276 704 494 1122 280 1214 488 758 297 801 396 993 312 1045 344 892 356 954 444 818 299 868 388 865 297 901 396 816 343 875 406 879 281 953 427 863 265 873 284 1203 330 1279 415
442 275 705 494 1122 281 1214 488 758 297 800 395 993 312 1045 344 817 299 867 388 892 356 954 443 866 298 901 396 816 343 875 407 879 280 953 427 863 265 873 284 1203 330 1279 415
442 275 707 494 1121 281 1214 488 757 297 800 394 993 312 1045 344 816 299 868 389 892 356 954 444 865 297 900 396 816 342 875 408 878 280 953 427 863 265 873 284 1202 330 1279 415
442 275 708 493 1120 280 1213 490 757 297 801 392 993 311 1045 344 816 298 868 390 892 356 954 444 864 297 900 397 877 280 953 427 817 342 876 408 863 265 874 284 1201 330 1279 415
442 276 708 493 1120 280 1213 490 756 298 801 391 993 311 1045 345 815 298 868 390 892 356 954 444 863 296 900 398 877 280 953 426 817 342 876 408 863 265 874 284 1200 329 1279 415
443 276 708 493 1120 279 1213 489 755 300 801 391 993 311 1045 345 815 298 867 389 892 356 955 444 862 296 901 398 877 280 953 426 816 342 875 408 863 265 874 284 1199 329 1279 415
444 276 708 492 1121 278 1212 489 754 302 800 390 993 311 1045 345 814 298 867 389 892 356 955 445 862 297 900 398 877 280 953 426 817 343 874 408 863 265 874 285 1199 328 1279 416
445 276 708 491 1120 277 1211 489 993 311 1045 345 751 303 799 390 814 298 866 390 892 356 955 445 862 298 900 397 877 280 953 426 818 343 873 408 864 264 874 285 1198 327 1279 416
452 279 694 481 1120 277 1211 490 993 311 1045 345 749 305 798 389 815 298 865 389 892 357 955 445 877 280 953 426 863 299 899 396 819 344 874 407 864 264 874 285 1198 326 1279 416
452 279 695 482 1119 277 1211 490 993 311 1045 345 748 305 797 388 816 298 864 389 892 357 955 445 877 280 953 426 862 300 899 395 819 344 875 406 864 264 874 285 1197 326 1279 416
444 276 709 491 1118 277 1210 488 993 312 1045 345 747 304 796 387 892 358 955 444 817 298 863 388 877 280 952 427 861 300 899 394 818 344 875 406 863 264 874 285 1197 326 1279 416
444 275 708 491 1117 277 1209 484 994 312 1045 345 746 303 795 387 891 358 954 444 817 299 862 387 876 280 952 427 860 299 898 394 817 343 874 405 1196 327 1279 416 863 264 874 285
455 275 695 483 1115 278 1208 481 994 312 1044 346 746 302 794 386 891 358 953 443 859 299 898 395 876 281 952 426 810 302 854 387 818 343 873 404 863 264 874 285 1195 327 1279 416 1121 393 1218 490
457 275 695 484 1114 279 1207 481 994 313 1044 346 745 303 793 386 859 299 898 396 891 358 953 443 810 302 854 387 875 281 952 426 1120 393 1217 490 863 264 874 285 1194 328 1278 416
459 276 694 483 1112 281 1207 481 994 313 1044 346 744 304 793 385 858 299 897 396 890 359 953 443 808 301 854 386 1119 391 1214 491 886 290 945 410 863 265 874 285 1194 328 1278 416 673 304 696 349
461 277 694 482 1111 282 1207 479 994 313 1044 346 742 306 793 386 890 359 953 442 855 299 897 396 807 301 854 386 1119 390 1214 492 673 305 696 350 886 290 944 409 818 342 873 404 1194 327 1278 416 863 266 874 286
461 277 695 481 1109 283 1206 478 994 314 1044 345 741 307 793 386 855 299 896 396 889 360 952 442 806 302 854 386 672 305 696 351 1119 390 1214 492 885 290 944 408 819 342 874 404 1193 327 1278 416 863 266 875 286
462 278 697 481 1110 284 1204 478 994 314 1045 345 740 308 793 386 855 299 896 396 889 360 952 442 805 302 854 386 672 305 696 350 1118 390 1213 491 819 342 874 405 885 290 943 408 1192 326 1278 417 863 267 875 286
464 278 697 481 1109 283 1204 480 993 314 1045 345 855 300 895 395 805 302 852 386 741 308 792 386 883 361 962 442 671 306 696 349 819 343 874 405 1118 391 1211 490 884 291 943 408 1192 327 1277 417
465 279 696 480 1109 284 1203 479 993 314 1045 345 854 302 894 393 883 360 963 442 737 309 783 385 805 302 850 386 671 306 695 348 819 343 875 405 1117 391 1210 489 884 291 943 408
467 280 694 479 1108 283 1203 479 992 315 1046 345 737 309 782 384 886 359 949 443 853 305 893 392 671 306 695 347 805 302 849 386 808 345 881 407 883 290 943 409
469 282 693 479 1109 281 1203 477 992 315 1046 346 853 305 893 392 736 309 780 383 885 359 949 444 671 307 694 346 805 301 848 388 818 344 874 407 883 289 942 408
470 281 693 480 1109 282 1201 475 992 315 1046 346 853 304 892 393 733 309 778 381 671 308 693 346 805 300 850 389
471 280 693 480 1110 285 1200 473 992 315 1047 347 853 304 892 394 884 359 947 445 672 308 693 346 731 309 775 381 750 310 798 382 804 300 851 389
471 280 694 480 1109 288 1197 473 992 314 1048 348 879 295 952 434 752 309 799 380 672 309 693 346 729 309 772 380 852 305 891 393 805 300 852 388
471 280 694 480 1108 290 1194 474 993 314 1047 349 878 294 952 434 754 308 798 381 671 310 694 347 728 308 769 381 805 301 852 388 852 306 891 393
472 281 694 479 1106 291 1191 475 994 315 1047 349 754 308 796 380 878 295 952 433 671 311 693 346 805 301 852 389 851 306 890 394 1192 323 1279 420 791 309 812 345
472 282 694 478 1105 292 1188 474 994 315 1046 349 754 308 796 380 883 361 946 444 806 301 852 389 850 306 889 395 670 312 692 345 881 296 932 409
474 283 693 478 1103 294 1186 474 993 316 1046 349 805 301 851 390 753 307 796 380 849 307 888 394 881 295 933 410 670 312 690 345
475 282 692 477 1102 296 1183 474 993 316 1047 348 880 295 933 412 753 307 795 380 806 302 849 390 669 312 689 346 848 309 888 392
476 282 690 476 1100 298 1181 474 994 317 1047 348 880 295 932 411 805 302 849 392 753 307 794 380 847 310 887 392 668 312 687 345
477 283 690 475 1100 299 1179 475 879 297 932 409 994 317 1048 348 804 301 848 392 753 307 794 381 721 314 746 369 846 311 886 393 668 312 686 344
477 284 689 476 1099 301 1177 473 1094 395 1188 481 878 297 931 409 802 301 848 394 995 317 1050 348 753 307 794 381 879 377 958 451 720 313 745 370 844 311 885 395 668 312 685 343
478 284 690 477 1098 300 1177 473 1092 396 1188 480 878 296 931 409 802 301 848 393 753 308 795 381 996 317 1050 348 719 313 745 371 1167 321 1279 421 879 377 958 451 668 312 684 344 844 311 885 395
479 285 690 478 1097 300 1176 471 1091 395 1187 480 877 297 931 409 804 302 847 391 753 308 795 381 718 313 743 372 997 316 1050 349 1165 323 1279 422 668 313 684 344 844 310 885 394
480 286 689 477 1096 299 1175 469 805 302 847 389 1091 395 1187 480 877 297 931 408 1164 323 1279 423 993 319 1054 354 716 313 741 373 752 308 795 381 668 314 684 345 833 309 877 391
480 286 689 476 1087 296 1169 468 805 302 846 388 993 319 1053 355 1091 394 1185 480 876 297 930 407 1162 326 1279 423 714 312 739 373 750 308 794 380 835 309 875 389 669 315 684 344
480 287 689 474 1088 296 1168 466 805 301 846 388 1093 383 1182 478 994 319 1053 355 1161 325 1279 423 876 297 929 407 713 312 736 372 835 309 874 388 749 308 794 380 878 360 931 441 669 315 684 344
480 288 688 473 1087 297 1168 466 805 302 845 388 1093 383 1182 477 995 319 1053 355 875 297 928 407 712 313 734 371 1161 327 1279 423 877 360 932 443 836 309 874 388
481 289 688 472 1087 300 1167 466 874 297 927 407 805 303 845 387 1093 384 1182 477 995 319 1053 354 710 313 733 372 1161 327 1279 423 876 360 931 443 836 309 874 388 867 272 877 291
481 290 687 473 1086 301 1167 464 873 297 926 407 804 304 845 387 1092 384 1182 477 709 317 732 371 995 320 1054 354 875 361 930 443 867 271 877 291 808 355 847 402 1160 330 1279 421 836 309 873 388
482 291 687 473 1086 301 1167 462 872 297 925 408 804 305 845 387 1091 383 1182 477 708 318 732 370 996 320 1054 353 875 362 928 443 868 270 878 291 808 355 847 401 1160 331 1279 418 835 310 873 389
483 290 686 472 1084 301 1165 460 870 298 925 408 803 305 846 386 1091 383 1181 477 875 362 927 443 1001 317 1052 348 706 319 731 369 808 355 847 402 868 270 878 290 834 309 872 389 401 322 420 341
484 290 686 471 1082 301 1164 459 869 299 924 407 803 306 846 383 875 361 927 444 1092 383 1181 476 705 318 731 369 1000 320 1054 353 868 270 878 290 400 322 419 341 833 310 872 389
485 290 685 471 1080 302 1163 459 869 300 924 406 803 306 847 382 875 360 928 445 1092 383 1181 476 1000 320 1054 353 695 316 720 368 398 322 417 341
484 292 685 469 1080 302 1164 458 869 300 924 404 803 307 848 382 875 359 929 445 1092 382 1181 477 807 355 849 403 695 316 721 369 998 321 1055 353 751 319 782 368 452 320 468 339 397 321 417 342
483 294 686 467 1080 302 1164 458 870 300 924 404 874 359 930 446 803 308 848 384 1092 380 1182 478 695 316 722 369 746 317 774 367 997 322 1056 352 689 348 721 383 668 315 684 344 451 321 467 340
483 296 686 465 1080 301 1163 458 871 303 924 430 1091 379 1182 478 878 373 933 454 802 309 847 385 694 318 722 370 745 318 774 369 689 347 723 384 668 315 684 344 997 323 1056 352
483 296 686 463 1081 301 1163 458 871 302 923 430 1091 379 1181 478 745 321 774 370 694 320 722 373 801 309 847 385 691 347 722 383 449 323 465 341
483 297 686 463 1081 301 1162 457 871 301 923 430 744 325 773 371 1091 379 1180 478 694 322 722 374 801 308 847 385 878 375 932 452
484 298 685 463 1082 302 1162 459 871 302 923 429 691 346 720 382 744 325 773 372 1092 380 1178 478 802 308 847 385
485 299 685 463 1082 300 1162 462 870 304 923 428 743 325 772 372 692 322 721 373 802 308 846 385 807 357 848 401 739 351 773 380
486 300 685 463 1082 299 1161 464 870 305 923 428 742 325 771 371 692 321 720 372 802 308 845 386 689 347 719 382 807 357 847 401 1094 384 1176 475 737 351 773 380
486 300 685 463 1083 298 1160 465 870 305 923 428 692 319 720 373 800 307 845 385 741 326 770 370 690 348 718 382 877 374 932 453 807 356 848 401 1095 384 1177 475 735 351 773 381 980 319 1063 356
486 299 685 462 1085 298 1161 466 870 304 923 429 692 320 720 373 689 347 717 382 798 307 845 386 741 326 770 370 805 356 848 402 1095 385 1177 473 735 350 772 381
486 298 685 462 1085 297 1162 467 870 303 923 430 691 320 719 373 689 347 717 382 797 307 843 385 740 326 769 370 1095 386 1178 472 804 357 847 402 736 350 771 382 1024 324 1063 355
487 297 684 462 1086 297 1162 467 870 301 923 431 688 346 716 383 690 323 718 372 1094 388 1177 470 796 308 841 386 740 327 768 371 804 357 846 402 1025 325 1063 355 737 349 770 382 931 326 950 355
487 297 684 462 1086 298 1162 467 870 301 923 431 690 323 717 372 688 346 716 383 878 376 932 455 1094 389 1177 470 795 308 840 387 739 328 768 371 804 357 845 401 736 349 771 382 1025 325 1063 355 1201 351 1279 436
488 298 683 463 1086 301 1162 464 870 301 924 431 690 322 717 372 793 309 839 388 879 376 931 454 737 328 768 372 802 356 844 401 1094 389 1177 470 1027 325 1064 354 931 327 952 355
488 298 683 464 1086 300 1162 461 871 301 924 431 690 320 718 374 792 308 839 388 879 376 931 454 735 328 767 374 690 347 715 381 1094 389 1177 471 801 356 843 401 1027 326 1065 353 930 327 952 355
489 299 683 464 1085 299 1161 459 870 301 924 431 690 319 719 375 791 309 839 388 735 327 766 374 878 377 931 454 1083 385 1172 470 799 356 842 401 690 347 716 381 1028 325 1066 353 930 327 952 355
491 299 682 464 869 300 923 432 1084 302 1161 459 690 319 718 375 791 310 839 388 878 376 931 454 799 357 841 400 735 327 766 374 1094 390 1178 470 1028 325 1067 353
493 299 681 463 869 300 923 431 1084 305 1162 459 691 321 718 374 791 310 838 387 799 357 840 399 736 329 764 371 878 375 931 454 1093 390 1178 470 986 322 1069 356 933 329 953 353
493 300 681 461 869 301 923 430 691 322 718 373 1085 309 1163 458 791 310 838 386 799 356 839 399 736 330 763 370 1093 388 1177 472 878 374 932 453 935 330 954 353 1030 326 1069 354
493 301 680 461 691 323 718 373 870 301 923 429 1086 309 1164 457 791 309 837 387 736 331 763 369 799 356 838 399 1093 387 1177 473 879 374 932 453 936 330 955 353 1030 327 1070 355
493 301 681 460 870 301 924 429 691 322 718 373 1086 311 1165 457 785 305 833 393 1092 386 1178 474 736 331 764 370 800 355 837 399 879 374 932 452 937 330 955 353 1030 327 1071 356
492 301 680 459 870 300 925 429 1086 310 1166 458 691 322 718 373 784 305 833 393 1092 386 1179 475 736 330 763 369 879 374 932 451 735 348 765 382 937 330 956 353
491 302 680 457 1086 310 1167 460 870 300 926 430 785 304 832 392 691 322 718 373 1092 386 1179 475 735 329 762 368 802 355 838 397 879 375 933 450 937 330 957 352 734 349 766 383
491 303 680 455 1086 310 1166 460 871 299 926 431 786 305 831 390 691 322 718 373 1092 387 1180 474 734 327 761 368 879 375 933 450 801 355 838 396 938 330 957 352
490 303 681 455 1085 311 1166 458 871 299 925 431 786 305 830 391 691 321 718 372 1092 388 1180 474 734 327 761 368 879 375 933 449 938 329 958 353 999 326 1036 355
491 302 681 457 1085 311 1166 457 787 305 830 392 872 299 925 431 691 321 719 371 1092 387 1180 475 939 328 958 352 880 373 933 450 736 327 762 368 692 347 722 382 1000 327 1036 355 1054 328 1081 355
492 302 681 458 1085 310 1166 457 787 305 829 392 872 299 926 431 1092 386 1180 475 692 323 719 370 940 327 959 353 692 349 723 383 736 329 761 368 1056 329 1082 354 1001 328 1037 355
493 302 680 458 1084 311 1167 458 787 305 828 390 872 300 926 430 1092 386 1180 476 692 324 720 369 941 327 958 352 784 353 822 399 735 328 761 367 692 349 724 382 1002 329 1039 354
493 303 679 457 1084 309 1167 459 786 304 828 389 1092 386 1180 476 871 302 926 428 692 325 721 370 784 352 823 399 941 328 959 352 735 325 761 368 692 349 725 382 1003 328 1040 354
493 303 679 456 1085 309 1167 460 785 304 827 389 1092 387 1180 475 871 300 924 404 941 327 960 353 692 326 722 371 784 352 825 399 734 322 761 369 693 348 725 381 1004 328 1042 354
495 303 679 454 1086 307 1167 461 785 304 827 389 1092 387 1179 475 871 299 925 404 942 326 961 354 783 352 826 398 735 323 761 369 1003 327 1045 354
502 302 687 455 1087 307 1168 462 1092 387 1179 475 784 305 827 389 872 299 925 405 942 325 963 354 784 354 826 398 735 325 761 369 1002 326 1047 355
