

86 373 386 486 1 275 157 673 1049 390 1138 456 531 370 772 453
88 369 373 486 511 373 734 451 1 273 156 675 358 386 415 443 1049 388 1144 453
88 366 360 485 497 373 723 451 2 271 155 678 353 385 414 442
87 364 348 485 2 270 154 678 346 383 420 444 486 372 716 453
84 365 338 485 455 368 687 454 344 383 420 443 2 270 155 679
440 368 676 456 82 365 330 485 343 383 422 443 3 270 155 678 1022 372 1072 437
61 361 316 486 343 383 424 444 3 269 155 679 414 355 635 450 1017 371 1066 437
396 368 629 456 61 360 307 486 1 260 150 627 343 382 424 443
60 360 296 486 1 261 151 626 386 368 618 456 1107 381 1132 415 343 381 423 442
355 368 598 456 59 359 285 486 0 261 150 625 1108 381 1132 414
347 369 588 455 58 357 276 486 0 262 149 624 1107 381 1132 414
54 358 269 485 0 266 146 620 1107 381 1133 414
0 270 144 617 300 369 531 456 52 358 262 484 1107 381 1133 414
29 347 243 491 0 273 144 613 265 368 493 458 1107 381 1133 414 551 384 601 445
253 367 481 457 29 347 232 491 0 272 145 613 1108 381 1133 414 551 384 601 445
30 351 219 488 0 270 150 613 241 368 473 458 1108 381 1133 414
209 369 445 457 30 355 209 485 0 269 153 614 1107 381 1133 414
196 371 434 457 30 357 194 483 0 272 160 609 1107 381 1133 414
0 276 162 605 1107 381 1133 414 31 356 185 484 163 371 394 459
0 279 164 602 158 370 374 458 1107 381 1133 415
129 370 327 460 0 293 160 662 1107 381 1133 415 345 382 421 444 22 359 143 446
343 383 419 444 123 371 308 457 0 286 157 668 1107 381 1133 415 809 388 893 456
343 383 419 444 1 282 157 672 801 388 891 457 125 376 287 454 1107 380 1133 415 825 364 876 443 560 395 594 441
344 383 419 445 2 283 158 669 87 374 267 459 1107 380 1133 414 560 395 593 441 785 386 870 458
344 383 419 445 3 283 158 668 1107 380 1133 414 560 395 593 441 777 387 867 457
344 383 418 445 3 283 159 668 757 389 844 462 560 396 593 442 1107 381 1133 414 69 378 203 456
344 383 418 445 3 280 159 670 560 396 592 442 1107 381 1133 414 74 381 188 456
344 382 418 445 1 277 159 673 560 396 592 442 1107 381 1133 414
344 383 418 445 0 275 156 674 560 397 592 442 1107 381 1133 414 704 410 795 467
344 383 418 445 0 273 155 675 560 397 592 442 1107 381 1133 414 698 410 789 468
344 383 418 445 0 274 155 674 681 412 770 469 560 397 592 442 1107 381 1133 414 699 382 754 460
344 383 419 445 0 274 156 673 560 396 592 442 1107 381 1133 414 662 411 747 471
344 383 419 445 0 275 156 672 560 396 593 442 1107 381 1133 414 653 410 742 471
344 382 419 445 630 408 724 473 1 275 157 672 560 396 592 443 1107 381 1133 414 650 374 709 461
344 382 419 445 1 276 157 672 1107 381 1133 414 560 395 592 443 624 409 717 473 649 361 700 442
344 382 418 445 1 276 157 671 1107 381 1133 414 607 410 697 475 559 395 592 442
344 382 418 445 1 276 158 671 1107 381 1133 414 579 408 675 477
344 382 418 445 1 277 157 671 1107 381 1133 414 559 407 657 477 599 367 653 464
550 407 653 478 344 382 418 445 1 277 158 672 1107 381 1133 414
344 382 418 445 1 277 157 671 534 409 628 480 1107 381 1133 414 549 371 608 465
344 382 418 445 1 277 157 671 1107 381 1133 414 506 412 607 480 547 367 605 465
499 412 603 483 344 383 418 444 1 278 156 670 524 360 583 470 1107 381 1133 414
344 383 418 444 1 278 156 669 482 412 585 486 1107 381 1133 414 502 367 564 471
343 383 418 445 1 278 156 669 1107 382 1133 414 476 411 578 485 498 363 558 473
343 383 417 445 1 279 156 669 1106 382 1133 414 453 410 551 489 473 364 532 477
428 410 539 491 344 382 417 446 1 279 157 668 1106 382 1133 414 469 358 526 481
344 381 415 445 1 279 157 668 451 359 507 481 1107 382 1133 414 426 412 528 490
1 280 157 668 343 382 414 444 1107 382 1132 415 560 396 592 441
1 280 156 668 344 381 416 446 560 395 593 441 1108 382 1132 415 377 368 474 486
0 282 156 667 365 367 460 486 342 425 472 501 560 395 594 441
0 282 156 666 337 424 464 502 560 395 594 441 375 359 434 486
1 283 157 665 326 367 424 487 560 395 594 441 320 426 444 501
1 283 156 665 315 364 408 489 560 395 594 441 293 426 415 503
1 283 156 664 270 423 399 506 560 395 594 441 1110 378 1170 432 324 362 381 479
1 284 156 664 245 414 395 514 302 361 360 485 560 395 593 441 1099 376 1174 434
1 283 158 664 351 383 413 444 1077 375 1171 435 560 396 593 441 245 424 369 507
345 383 417 446 0 265 154 619 1069 375 1172 436 560 396 592 442 222 427 340 506
344 383 416 445 1061 374 1173 436 0 267 156 618 196 426 323 510 560 395 592 442 234 369 292 476
344 383 417 446 1057 374 1174 435 1 280 161 667 560 396 591 442 190 425 319 511 228 363 288 479 1084 309 1104 338
344 383 417 446 1056 374 1174 435 1 278 163 670 168 425 299 512 560 396 591 442 1084 309 1104 338
344 383 417 446 1031 375 1167 434 1 276 164 673 166 367 269 498 560 396 591 442
344 383 417 446 1029 375 1167 434 1 274 165 675 560 396 591 441 148 427 264 513 1085 309 1104 338
344 383 417 446 1026 374 1167 433 1 275 167 673 560 396 591 441 129 427 240 516 1085 309 1104 338
344 383 418 446 1023 374 1165 434 1 276 171 674 560 396 591 441
1022 373 1162 435 344 383 418 446 1 278 172 672 560 396 591 441
1022 372 1157 436 344 383 418 446 2 276 168 675 560 396 591 441
1024 371 1153 437 344 383 418 446 2 275 161 676 560 396 591 441
344 383 418 446 1004 371 1144 436 1 275 158 676 561 396 590 441
344 383 419 446 1002 370 1141 436 1 278 157 673 561 397 590 441
344 383 419 446 1001 371 1137 437 1 279 157 672 561 397 590 441
344 382 418 446 1 277 158 673 1003 371 1133 437 561 397 590 441 1115 376 1137 417
344 382 418 446 1 276 158 674 970 369 1122 438 561 397 591 440
344 382 418 446 1 275 158 674 978 368 1111 438 561 396 591 440
344 382 418 446 1 276 158 673 803 386 989 443 986 367 1100 439
344 382 418 446 1 275 158 674 792 386 958 443 991 366 1093 439
343 382 419 446 1 275 157 673 1109 379 1133 415 949 368 1093 441 783 386 960 443
343 382 419 446 1 276 157 672 1108 380 1132 415 746 388 900 440 950 369 1086 440
343 382 420 446 0 276 157 671 728 387 908 440 1108 380 1132 415 953 369 1081 439
703 388 898 440 343 382 420 446 1 277 157 670 1108 380 1132 414 924 383 1073 441
343 383 420 446 1 277 157 670 1108 380 1132 414 679 390 877 440 561 395 592 441 927 372 1066 439
344 382 420 446 1 276 157 671 923 382 1062 441 1107 381 1133 414 670 389 875 441 561 395 592 441 1084 309 1105 339
344 382 420 446 1 276 157 672 640 388 852 442 921 381 1058 442 1106 381 1133 414 560 395 592 441 1084 309 1105 340
344 382 420 446 1 276 157 672 629 386 821 442 920 381 1057 442 560 395 593 441 1085 309 1105 339
344 383 420 446 1 275 157 672 615 386 789 443 904 382 1049 443 1084 309 1105 339
344 383 420 445 1 274 156 673 582 387 768 443 1084 309 1105 340
344 383 420 445 1 273 157 674 547 387 751 444 1106 381 1134 414 1084 309 1105 340
521 387 732 445 344 383 420 445 1 273 157 674 1106 381 1134 414 1084 309 1105 340
344 383 420 445 0 273 157 673 506 388 701 444 1106 381 1134 414 1084 309 1105 340
343 384 420 445 0 273 157 673 477 389 679 444 1107 381 1134 414 1084 309 1105 340
343 384 420 444 0 273 156 673 454 386 653 445 1107 381 1134 414 1085 309 1105 340
343 384 422 444 0 273 156 673 432 387 633 444 1106 381 1134 414 837 378 999 445
0 274 155 672 343 384 423 443 405 384 625 454 1106 381 1134 414 836 379 997 446
1 274 155 672 343 384 424 440 1106 381 1134 414 346 385 603 452 836 379 997 446
352 384 581 455 1 274 154 672 1106 381 1134 414
1 275 155 671 341 385 563 446 1106 381 1134 414
1 275 155 670 311 384 536 456 1106 380 1134 414
0 276 155 670 292 385 530 455 818 366 989 440
264 385 483 456 0 276 155 669 817 367 989 440
