

471 333 529 380 729 316 806 359 660 327 685 350 980 265 1228 380 419 352 454 378
994 257 1238 379 415 351 453 379 727 310 809 355 659 326 686 349
1022 251 1273 377 731 308 815 354 408 350 449 379 453 332 512 383 655 316 689 348
1040 242 1276 370 731 305 818 352 444 331 507 385 655 315 689 348 405 350 443 379
1062 237 1276 370 733 300 821 350 656 313 689 346 436 327 506 385 392 349 430 379
732 297 822 347 421 326 498 387 1097 226 1279 372 655 311 688 343 389 348 429 378
414 325 494 388 733 293 826 346 1118 220 1279 373 577 319 589 341 655 309 688 340 387 348 424 378
406 325 490 388 732 290 830 343 575 317 588 339 655 307 689 337 1159 217 1274 376
745 288 840 341 574 314 587 337 387 324 484 388 655 305 690 334
743 287 845 338 382 329 481 397 572 313 586 336 655 303 692 332
743 287 850 338 572 313 585 336 371 328 478 402 654 303 692 332
741 285 859 339 572 313 585 335 655 302 693 332 353 329 463 409
656 301 694 333 572 313 584 335 739 276 867 341 290 329 470 420
300 328 451 430 753 274 887 342 656 300 697 332 571 312 584 334
282 330 445 439 753 272 898 342 571 312 584 334 658 299 701 332
572 311 584 333 660 299 704 330 777 270 915 339 236 330 422 453
574 311 585 332 774 266 928 337 669 298 714 329 225 334 411 457 413 334 449 364
797 263 945 337 155 346 385 497 575 311 586 330 669 297 716 329 412 336 447 367 361 348 400 382
799 261 953 336 97 336 384 533 575 311 586 330 671 295 717 329 352 349 398 387 413 336 446 368
675 294 720 330 339 354 389 393 817 258 973 338 413 337 447 368 20 340 317 580
336 355 389 397 679 294 724 330 814 253 1002 338 415 338 447 368 14 339 277 616
333 356 388 399 819 248 1023 336 416 339 449 369 682 287 730 329 2 331 228 662
857 245 1049 338 332 357 387 401 417 340 450 370
329 357 388 400 418 340 451 372 590 310 600 330 859 238 1069 337 696 286 746 330
899 232 1120 338 593 309 604 330 326 358 387 404 417 340 453 374
936 226 1172 342 598 311 609 331 320 360 387 414 414 345 450 378
318 362 383 417 934 222 1191 341 415 347 452 379
980 216 1237 342 315 364 382 420 415 349 453 380
416 351 455 382 1036 211 1271 343 308 372 368 424
1054 208 1278 342 303 371 376 429 733 283 808 332 614 312 626 332 416 352 456 384 938 226 1098 328
297 372 376 433 735 282 812 332 616 313 629 333 416 354 456 385 1101 204 1279 342 961 218 1143 328
620 313 632 334 737 279 819 332 289 382 371 444 415 356 459 388 1058 205 1265 337 963 216 1157 326
281 384 370 448 413 358 460 390 623 314 636 335
753 278 841 336 268 386 361 455 1038 200 1270 337 412 360 461 394
757 277 846 337 262 387 361 460 1060 198 1274 336 412 361 461 397 627 318 642 338
772 278 863 336 255 389 357 465 1110 197 1279 334 412 361 462 399 627 319 643 338 553 337 568 356
773 275 869 339 552 339 568 358 247 401 354 477 1131 201 1279 334 413 368 458 407
230 403 339 484 773 272 878 341 413 370 460 410
222 407 334 489 774 271 884 341 415 373 459 413
791 269 902 340 413 376 459 416 207 413 316 492
410 380 457 419 181 428 293 508
153 425 297 525 405 382 454 422 814 260 936 336 647 318 659 341
839 256 955 335 135 430 289 537 407 382 451 423
92 441 262 552
66 458 256 578 383 388 441 440
34 460 224 594 878 232 1038 334 382 391 441 442
16 468 214 605 888 230 1052 333 382 392 440 444
909 220 1098 334 8 477 210 605
917 215 1112 334 1 497 148 646
950 202 1166 336 3 507 110 656
960 198 1185 337 0 517 75 663 348 406 425 471
981 180 1222 329 338 406 420 475 665 327 677 349
1000 173 1227 327 663 327 675 349
1035 155 1276 333
1063 142 1273 333 883 266 967 318 851 237 896 321
1105 138 1279 328
899 244 1002 317
910 240 1029 315
917 241 1029 313

154 425 301 554
139 430 299 561
712 287 734 327
710 288 733 324
1018 163 1199 293
1038 158 1198 288 3 481 162 609
1054 149 1257 289 1 484 152 618
1067 146 1260 291 0 494 151 638
1118 116 1279 278
1159 111 1276 281










408 335 445 367
409 336 444 365
412 337 445 362


421 337 452 357
422 339 452 358
422 339 453 359
436 339 462 359
439 341 466 362
441 342 470 364
443 343 474 366
445 344 477 367 641 280 655 311
446 344 479 367 644 282 658 312 799 237 840 310
804 237 844 312 646 283 660 313 447 345 479 367
456 342 488 364
458 341 490 365
461 341 491 365 413 330 450 359
