

77 194 332 345 992 186 1279 460 391 133 539 415 401 282 515 460 0 190 87 296 694 210 801 283 537 250 566 291 533 213 573 288 880 85 1073 382
88 194 334 342 1009 184 1275 475 399 133 547 412 0 187 88 294 411 284 521 456 697 210 804 284 905 82 1100 382 539 249 567 291
97 193 339 340 1024 165 1277 501 408 133 552 411 1 187 91 293 420 288 526 452 700 210 805 284 914 81 1115 388 541 249 568 290
106 193 346 339 1042 166 1274 498 0 186 92 292 415 135 555 412 429 293 532 447 702 210 805 284 543 251 571 288 919 79 1126 394
108 194 353 337 1061 169 1272 497 0 186 94 293 710 209 831 287 423 139 577 373 435 295 535 443 954 79 1160 399
111 196 360 336 0 185 106 298 710 210 833 289 432 147 573 402 1102 169 1277 504 448 289 545 441
112 198 366 335 0 188 108 297 1121 203 1274 549 713 211 836 290 442 147 575 356 453 288 549 441
114 200 370 334 0 190 113 295 448 148 579 356 459 288 552 442 715 212 838 289 1139 225 1276 534
132 203 377 338 0 191 116 294 454 150 584 353 467 288 559 440 723 212 865 288 1166 278 1276 505
141 202 378 337 0 194 122 294 459 153 588 349 471 276 575 430 725 211 863 289
151 202 382 336 0 196 126 295 463 154 592 346 476 278 581 428 726 210 861 292
162 202 389 335 0 193 138 303 467 159 595 380 480 276 584 426 727 210 865 294 592 232 611 249
170 202 396 333 1 192 147 303 472 161 597 379 484 273 586 422 732 210 864 296 595 232 612 249
174 204 402 330 5 192 159 301 486 164 608 379 500 260 596 417 731 206 899 295 598 232 615 249 709 234 743 267
195 207 411 331 11 193 166 300 490 165 611 378 505 260 599 411 144 194 264 292 734 206 905 294 599 231 617 250 711 235 747 268
202 206 420 330 498 167 617 376 16 195 171 297 510 265 605 409 750 203 971 298 149 195 266 292 614 235 632 252
212 206 428 328 31 195 186 298 506 171 621 372 515 270 610 407 755 201 977 298 155 198 268 295 615 235 633 254 486 229 519 268
223 207 435 326 44 201 178 289 513 174 625 369 520 273 614 405 166 198 291 292 758 201 977 299 491 231 522 267
228 208 438 324 52 201 181 289 519 178 627 363 538 279 610 401 167 197 291 294 760 203 970 299 731 233 770 270
229 210 442 321 66 201 194 288 525 182 630 358 172 195 294 296 545 280 613 398 765 203 964 299 621 234 640 256 502 228 542 269 733 234 770 270
253 213 451 322 71 201 202 290 530 186 634 355 550 271 619 391 179 194 296 296 503 229 545 268 786 195 1033 306 734 235 771 270
261 214 455 322 533 190 637 354 80 201 207 291 192 192 314 295 554 272 621 388 793 193 1035 306 505 231 549 268 736 236 772 270
269 214 459 323 91 202 216 290 545 191 646 357 194 192 319 295 561 273 628 387 797 193 1035 308 507 232 551 268 736 238 773 269
278 214 467 322 99 202 220 289 549 192 646 356 564 272 631 383 197 195 323 296 738 239 774 268 512 232 551 266
289 215 473 320 568 271 633 380 553 195 649 354 108 203 222 289 206 199 345 302 802 194 1036 312 516 221 572 277
295 215 478 318 119 203 237 288 572 272 636 377 556 195 651 351 211 197 343 296 518 222 574 277 800 188 1104 313
312 216 485 318 126 202 240 288 576 272 638 377 213 198 346 298 559 195 653 349 519 222 577 277 805 187 1100 315 640 236 658 257 749 239 786 268
319 216 483 317 579 270 640 376 133 202 243 288 563 195 654 347 217 199 350 298 521 221 579 277 813 188 1099 316 750 238 789 268
325 216 484 317 582 269 640 374 138 203 242 287 567 198 654 345 522 220 582 277 219 199 354 299 820 188 1101 320 752 238 791 268
330 218 488 315 585 269 639 369 147 204 258 287 523 219 584 277 570 199 655 342 239 196 361 296 826 202 1097 332 755 237 793 268
333 219 492 313 586 271 639 366 237 195 363 298 153 206 258 286 525 216 585 277 572 201 655 341 829 200 1097 334 756 236 793 269
337 219 495 312 588 273 638 361 239 196 365 298 165 208 256 284 527 216 586 275 574 201 655 340 832 197 1100 336 755 235 794 268
348 219 496 308 244 196 366 295 588 274 637 357 174 207 254 282 528 215 586 274 836 181 1102 330 574 202 654 338 755 233 794 268 640 229 660 250
350 212 504 304 246 194 368 294 179 206 252 280 586 263 639 349 818 190 1198 346 573 200 652 336 529 216 586 273 754 232 795 266
352 212 505 303 245 192 369 293 0 9 174 654 586 262 637 348 819 190 1200 345 528 216 586 272 175 204 253 281 572 201 652 335 754 232 796 266
351 211 503 303 585 261 635 345 2 14 216 640 821 189 1202 344 525 215 584 270 240 192 368 291 753 230 797 265 576 197 642 308 172 207 252 282
349 210 502 303 6 0 230 588 584 261 633 343 825 185 1210 343 521 214 580 267 237 194 367 289 575 197 639 306 750 229 796 265
5 3 244 575 349 208 495 301 833 181 1221 344 580 260 631 342 516 213 576 266 224 197 351 289 572 196 635 304 0 318 243 719 749 228 793 264
5 10 255 560 838 176 1230 347 341 212 484 298 575 260 627 342 565 179 641 325 514 214 574 265 2 316 250 719 751 228 792 263
336 211 482 299 849 171 1234 356 15 0 289 565 0 285 265 683 559 180 638 323 569 259 622 340 505 214 565 266
331 209 476 300 858 166 1243 365 44 4 296 546 498 215 560 265 9 276 284 662 560 260 610 339 541 183 626 317
59 15 307 536 866 159 1250 375 327 205 470 299 552 260 603 340 18 281 291 641 541 181 620 320 490 213 553 267 734 229 775 263
314 211 461 297 69 21 310 536 868 156 1262 382 46 295 294 643 545 260 597 339 541 193 605 301 730 229 774 263 484 213 542 268
320 210 455 298 105 42 330 456 872 147 1268 389 479 212 539 267 541 260 587 338 729 230 774 264 539 192 600 301 64 276 300 613
329 209 448 298 540 261 585 339 120 42 335 510 877 142 1276 396 532 195 591 304 475 212 535 267 728 231 774 266 81 281 357 605
160 51 360 446 347 204 448 299 538 260 584 339 900 128 1279 401 119 277 340 585 529 194 591 306 472 212 533 268 727 231 773 267 120 181 181 275
169 61 372 441 910 123 1279 407 537 260 582 339 353 203 446 298 529 195 590 305 118 187 184 275 146 281 362 569 470 213 531 268 726 231 773 266
924 121 1277 420 165 288 367 555 533 261 580 339 177 58 375 498 360 203 445 298 118 189 185 275 527 194 588 304 469 212 531 269 727 230 772 265
942 121 1277 434 219 65 411 440 532 259 579 336 119 188 185 272 527 195 587 300 179 258 381 540 731 229 774 263 469 213 530 267 588 224 610 243
966 116 1277 451 231 67 417 482 532 258 579 335 218 294 402 533 526 195 587 299 118 190 184 270 733 228 776 263 161 183 253 281 588 224 611 243
234 275 416 526 986 106 1276 453 241 78 432 428 535 257 581 333 527 194 588 298 160 182 259 281 117 190 184 268 737 227 775 263 589 224 612 243
1028 94 1279 473 271 80 444 468 535 257 580 333 527 195 589 298 117 191 184 269 250 269 422 525 744 227 793 265 590 225 611 243 158 184 265 279
278 276 446 513 1054 88 1278 476 286 92 450 414 534 257 580 332 117 189 185 270 526 196 587 296 743 226 795 266 463 211 531 270 165 197 297 284 591 225 610 242
302 101 455 454 1101 97 1279 483 118 189 185 270 527 197 586 295 533 256 579 331 146 186 306 277 302 286 439 503 745 226 797 265 466 213 530 267 592 225 610 242
144 184 307 278 1136 149 1276 518 534 256 579 330 118 189 185 270 527 196 586 295 311 106 459 449 313 286 446 500 747 225 801 265 591 224 611 242 467 213 529 266
334 108 482 441 144 180 307 277 530 194 587 296 119 188 185 269 535 253 580 328 334 280 473 495 749 224 805 264 592 224 613 241
348 114 488 437 144 177 306 278 343 279 478 491 532 194 587 299 535 252 580 329 122 188 186 268 752 223 809 265 593 223 613 241 311 203 359 283
362 119 494 435 145 177 306 278 355 278 484 484 534 194 588 299 125 188 188 268 535 252 580 328 321 204 383 289 594 223 614 241 755 223 810 265
148 177 308 278 365 278 490 477 532 195 589 300 314 204 393 287 371 118 501 389 127 190 189 267 761 222 820 271 595 223 614 241 535 252 580 327
149 179 310 276 388 132 518 422 535 236 585 320 762 221 822 271 316 203 401 286 131 191 192 266 595 223 615 240 523 169 599 311 377 280 492 467 306 205 354 242
150 180 312 275 397 134 525 420 536 233 586 321 763 220 824 270 523 169 600 313 596 222 616 240 306 203 355 242 329 200 421 289 136 194 194 266 614 225 633 240
330 201 428 287 154 181 314 274 408 136 534 419 537 232 587 321 765 220 827 270 307 203 357 243 524 169 601 314 597 222 617 240 683 222 710 256 613 225 633 240
331 204 434 285 154 182 316 274 416 132 540 365 416 270 531 437 766 220 830 270 539 192 597 300 309 203 359 243 598 222 616 240 684 221 712 257
332 206 441 284 157 184 319 273 423 128 542 414 769 220 833 271 311 204 362 242 542 196 597 298 599 221 616 240 682 213 712 253 428 280 529 449
333 209 446 283 160 183 321 272 769 217 838 273 432 272 539 430 314 205 363 242 544 229 592 314 443 140 555 403 682 212 713 254 880 216 916 323
340 208 457 283 443 136 560 406 177 183 327 278 772 217 840 273 317 205 364 243 682 212 714 254 548 230 591 313 438 270 541 426 887 217 921 325
341 208 459 282 172 178 328 274 449 136 563 404 773 217 841 273 683 213 714 253 318 205 364 244 551 231 591 313 897 208 936 331
346 208 461 283 173 180 330 274 458 136 571 361 466 271 564 415 777 219 841 273 684 213 715 253 905 211 941 332 554 231 592 314 323 206 372 243
350 207 465 284 465 137 578 355 175 181 330 275 474 272 571 410 783 221 848 274 686 213 716 253 323 206 373 245 557 231 593 315
353 208 468 285 473 140 583 348 177 183 332 274 784 222 851 274 482 268 578 406 323 206 374 247 686 212 718 254
354 208 471 285 478 145 585 342 179 183 334 274 784 219 855 277 485 267 580 405 324 207 375 247 685 212 719 254 564 245 591 309
356 209 472 285 186 185 332 278 786 219 857 278 482 150 587 340 489 266 582 404 326 208 377 247 687 222 719 257
360 206 483 285 787 220 859 278 189 185 332 279 499 158 599 331 328 209 379 246 687 223 720 257 501 259 592 402
361 208 485 284 787 220 860 278 192 185 332 279 504 158 600 334 505 258 593 398 329 208 380 246 687 222 721 259
363 208 486 283 787 220 860 278 509 159 601 334 196 185 330 279 331 208 382 246 508 257 593 395 686 221 721 259
365 209 487 281 786 220 859 278 511 163 604 330 211 184 342 279 516 262 587 384 334 208 385 245 685 221 720 259 485 220 520 259
370 210 487 280 213 185 346 279 786 220 858 278 514 165 606 327 521 264 589 377 338 208 387 246 685 220 719 259 608 221 635 243
374 211 487 279 217 187 349 278 785 220 856 278 526 266 592 372 519 167 609 325 341 208 389 246 685 220 718 259 609 222 634 243
378 211 487 279 223 187 347 278 785 220 855 277 529 268 592 368 522 168 611 325 343 207 389 246 684 219 717 259 609 223 633 242
380 211 488 278 227 187 348 277 786 219 855 277 527 168 613 326 532 269 592 365 349 208 395 243 685 219 717 259 609 223 632 241
380 210 488 278 227 187 350 277 787 219 857 276 531 169 615 326 348 206 396 243 534 266 602 364 683 212 719 255 611 223 631 241 489 213 531 248
227 187 352 277 381 209 490 278 790 219 862 276 537 253 605 359 534 170 618 326 348 206 395 243 684 211 721 255 611 222 631 241 490 212 530 246
227 185 352 277 382 208 491 278 793 219 867 276 541 254 608 358 536 170 620 325 348 204 395 243 687 211 723 255 614 221 632 241
227 181 351 275 382 207 493 278 547 253 612 357 804 220 881 278 539 170 624 324 347 202 396 242 147 201 225 241
227 181 351 273 383 207 493 279 810 219 889 280 554 253 616 355 348 200 397 242 542 167 626 328 496 198 556 254
226 180 353 270 383 207 495 279 816 217 896 282 349 199 399 240 556 170 638 324 559 253 617 352
389 203 503 277 825 219 905 281 227 179 355 269 559 168 639 325 563 252 628 352 352 199 401 240 501 201 562 253 710 212 745 253
389 203 507 276 828 217 907 279 234 178 362 268 561 169 640 321 568 252 631 347 354 198 403 238 709 210 747 252 503 199 564 251
391 203 509 275 830 215 910 277 236 179 362 267 563 169 641 321 573 253 632 343 355 196 406 237 505 198 566 251 710 209 748 251
392 202 510 275 832 214 914 277 240 180 362 265 565 169 642 319 575 255 632 339 356 195 408 237 710 208 750 250 506 198 567 250
399 197 509 269 241 179 363 264 834 212 918 275 358 195 408 237 565 168 642 318 576 257 632 335 710 207 753 250 505 199 567 249 625 215 645 237 635 213 656 231
401 197 510 269 243 177 366 262 360 193 409 238 567 166 645 317 577 256 633 334 835 210 923 276 505 199 567 248 710 205 754 250
403 196 510 270 245 176 369 263 848 208 937 280 568 165 646 316 362 191 411 239 580 254 635 335 506 198 568 249 715 202 770 256
404 195 512 270 851 209 943 281 246 176 372 263 582 254 637 334 569 164 648 315 363 190 413 241 507 196 570 249 715 201 771 256
405 195 512 270 855 209 949 282 246 174 371 264 584 253 637 335 507 196 570 250 570 163 650 314 364 189 412 241 717 200 772 256
407 194 513 270 248 172 372 263 867 207 967 284 511 195 577 249 574 163 653 313 720 198 776 255 366 188 411 241 586 253 638 334
872 207 975 286 410 193 515 271 251 170 373 265 514 197 578 250 581 163 659 314 725 196 781 255 592 253 650 337 369 188 409 241
420 192 522 271 878 206 982 288 256 171 374 265 598 255 654 336 518 197 581 250 589 163 665 315 729 195 786 256 374 191 420 239
