

29 383 446 613 455 310 750 602 900 398 959 587 816 361 948 555 805 407 831 438
454 311 752 598 16 369 446 625 901 395 959 588 816 361 948 555 805 407 831 438
8 371 446 627 454 312 754 595 816 361 948 556 903 393 959 589 755 437 790 486 805 407 831 438
7 373 424 633 453 313 754 592 816 360 949 557 905 391 959 591 756 437 791 485 804 408 831 439
8 372 420 633 454 313 754 592 825 358 958 562 907 392 959 591 805 408 832 439
8 370 417 634 454 313 755 592 827 358 958 561 760 398 799 481 908 395 959 591 804 409 832 440
8 367 413 636 455 315 755 593 829 356 958 562 760 398 800 482 909 395 959 593 805 410 833 441
5 365 410 638 458 317 754 593 832 356 958 562 762 400 802 481 911 395 959 595 805 411 834 441
461 319 753 592 1 364 404 639 834 356 957 562 763 400 804 480 914 394 959 596 806 412 835 442
464 320 753 590 0 364 399 639 836 358 957 562 765 402 805 480 917 393 959 599 807 413 835 443
464 322 754 588 0 366 393 640 837 359 957 562 766 403 806 480 808 414 836 443
466 323 754 590 5 364 384 641 838 359 956 563 768 404 808 481 809 416 835 443
468 324 754 593 7 363 376 644 838 359 956 563 769 405 809 482
472 325 753 597 8 380 355 637 838 360 956 564 771 406 811 483
476 325 754 597 9 380 351 635 839 362 956 564 771 407 812 483
479 326 755 596 9 379 342 633 840 363 957 565 775 406 816 480 244 409 371 513
479 326 756 594 7 378 334 631 841 365 957 565 777 407 817 480 238 412 372 514
479 326 757 591 3 376 323 630 842 366 959 564 779 408 818 481 234 415 372 515
480 326 758 591 1 374 313 630 842 367 959 563 780 409 819 482 234 422 370 527 821 421 851 450
483 326 759 590 3 369 303 634 843 367 959 564 782 410 820 481 210 420 364 531 822 421 851 450
486 327 760 589 13 357 267 647 844 367 959 565 204 420 366 534 784 410 821 481 824 422 852 451
15 352 257 650 490 327 762 587 197 420 363 536 846 367 959 565 788 411 824 481 442 451 488 498
493 327 765 587 15 354 246 644 189 419 360 538 849 372 958 579 789 410 826 481 443 452 488 498
492 326 770 588 16 359 230 640 178 418 360 540 851 371 957 581 789 413 828 480 441 455 495 499
490 326 773 589 12 363 216 636 149 418 356 544 852 370 958 583 442 456 498 500 788 415 828 478
489 326 778 589 139 417 347 545 9 375 202 633 853 369 958 584 797 414 833 479 442 456 501 501
492 326 781 589 141 417 346 546 854 368 959 586 6 397 173 640 798 414 835 480 442 456 502 502
498 325 785 591 145 417 344 546 863 373 957 548 801 414 838 479 442 456 504 502
504 324 788 594 866 371 957 549 148 416 342 547 80 404 175 550 804 415 840 480 441 456 506 503 59 459 220 573
512 324 790 598 868 370 958 549 152 417 341 547 82 404 177 551 807 416 842 480 440 457 508 504 51 463 230 573
517 326 791 597 870 370 958 549 89 404 177 554 153 418 341 547 440 458 508 505 807 428 845 486 71 461 241 575
521 328 792 596 111 405 210 553 875 376 955 545 173 420 359 541 80 462 248 576 439 458 509 506 807 428 846 486
530 330 811 594 115 409 213 558 891 359 959 570 439 458 508 508 181 421 356 543 87 464 254 577 807 429 846 486
534 330 809 593 123 417 270 562 900 379 958 582 437 458 509 510 817 427 850 487 192 422 352 542 877 420 909 510
537 330 809 594 128 419 271 561 903 384 957 578 437 458 510 511 881 390 940 528 878 419 912 511
542 331 811 594 32 425 327 571 906 396 957 572 155 417 248 559 437 458 511 512 880 396 940 524 861 427 887 459
547 333 814 592 20 422 326 570 156 466 322 579 436 458 510 512 909 404 957 565 162 420 250 560 822 427 854 488 881 401 942 521 826 455 851 491 861 428 887 459
549 335 817 590 12 422 322 567 167 469 328 577 435 458 510 512 912 410 957 560 196 419 283 556 887 419 932 507 829 455 852 491 861 428 887 460
549 334 819 589 6 423 325 567 195 418 284 556 434 458 511 511 888 418 934 507 912 408 957 557 828 417 856 478 183 464 346 573
551 331 822 588 6 422 329 568 192 463 348 573 829 415 859 477 432 456 512 509 906 397 955 530 199 415 286 554 891 417 935 507
554 329 824 588 7 420 336 571 204 466 355 571 907 400 955 527 830 412 861 477 431 454 513 507 224 410 316 549 831 445 857 483 894 416 936 506
558 327 827 588 10 417 342 573 226 407 324 550 830 409 862 478 908 402 954 525 429 453 514 506 214 469 360 569 831 444 856 481
559 327 828 588 8 414 343 575 232 406 329 551 231 468 373 567 910 402 954 525 831 408 862 478 428 453 513 506
561 327 830 587 8 412 331 577 239 467 382 564 910 400 954 524 836 408 865 475 429 453 510 505 260 401 352 529 892 411 928 475 839 445 864 478
563 327 832 587 7 412 318 577 250 422 377 553 910 400 954 523 837 410 865 473 429 452 507 503 891 411 927 472 840 444 864 477 473 455 543 498
566 325 831 585 2 414 271 571 267 395 369 536 908 399 955 520 273 467 403 564 838 411 865 472 422 452 490 503 891 411 928 471 493 455 549 495
569 323 831 585 1 413 273 572 906 399 955 517 279 465 408 565 273 394 372 535 839 411 866 472 420 451 492 502 891 411 928 470 471 453 544 498
571 322 832 583 0 412 273 571 288 393 404 533 906 399 955 515 288 465 415 563 892 412 931 470 431 450 505 501
576 322 835 582 0 411 272 568 305 394 404 533 907 399 956 515 892 413 934 470 297 467 420 559 433 450 504 500
582 321 837 581 0 411 272 566 315 395 408 532 909 398 956 517 893 414 936 469 436 450 503 499 319 471 432 555 244 454 321 532
587 320 840 580 0 410 268 566 332 393 426 533 888 412 946 469 915 411 959 511 240 453 321 531 326 471 439 553 437 450 503 499
590 317 842 579 1 408 265 566 340 392 435 534 888 412 947 469 917 412 958 512 227 454 316 532 335 471 447 552 440 450 502 499
592 315 846 579 4 408 253 568 349 393 442 531 889 412 948 469 221 454 313 533 919 413 958 511 452 450 527 498
594 313 848 579 5 408 240 568 367 393 458 532 889 412 949 469 216 454 310 534 919 415 959 511 453 450 526 498 365 478 462 550
596 314 850 578 371 394 462 533 5 409 227 568 217 453 305 534 889 412 949 468 920 416 958 510 456 449 525 497 849 425 869 467 371 477 464 549
595 313 852 575 379 394 469 532 3 411 216 567 202 457 299 535 893 407 958 468 920 417 958 508
594 314 855 573 389 394 474 531 4 411 207 568 893 406 958 468 190 448 295 538 389 475 481 548
594 313 857 571 396 394 477 530 3 412 199 569 180 450 289 541 893 405 957 469
595 316 857 570 174 451 283 543 407 395 487 531 3 412 193 570 893 405 957 469
596 316 856 571 172 451 280 544 413 397 492 529 4 398 174 583 893 405 957 469
597 317 856 571 4 397 165 585 419 398 499 525 170 448 277 544 885 406 953 469 426 461 505 542
599 317 855 573 4 396 156 587 156 449 268 546 426 398 506 523 884 404 954 470 427 481 510 542 863 420 891 453
598 318 856 572 147 451 262 546 432 397 510 522 5 394 150 587 882 403 955 470
600 320 856 573 139 452 253 548 2 390 132 596 878 401 956 471 436 396 513 524 366 449 438 509
600 322 856 573 2 388 120 597 132 452 246 549 452 395 520 526 873 400 956 471 360 449 444 511
601 323 857 572 1 388 109 599 869 400 957 472 455 397 526 525 120 449 239 553 353 449 449 513
601 324 857 572 869 401 957 472 114 451 235 552 1 387 101 600 461 398 530 525 349 450 450 513
604 324 856 573 871 403 956 472 468 398 535 526 103 465 226 557 2 395 85 589 348 450 446 514
605 326 854 575 871 405 955 473 474 398 540 528 93 466 218 558 348 451 441 515 0 394 61 593
606 328 854 578 871 406 955 474 479 398 544 528 78 465 208 563 333 449 431 519 1 396 50 589
607 328 853 580 870 407 954 475 72 465 205 564 487 399 552 524 329 449 429 519
608 327 853 581 868 407 954 475 489 399 555 522 62 465 195 564 330 451 423 519 480 459 548 536
608 326 852 582 868 406 954 476 492 399 560 520 54 467 185 564 316 450 411 519 399 457 463 508
609 325 851 582 867 405 954 476 495 400 564 519 37 467 173 565 311 450 410 520 381 456 451 510 502 460 552 530
607 324 851 582 866 404 954 476 29 466 169 567 498 398 566 519 498 462 559 527 311 450 404 519 382 456 449 509
606 324 851 581 863 404 955 477 500 398 569 519 21 464 157 568 296 450 390 519 381 455 446 509 442 436 499 494
605 324 850 583 860 404 956 479 503 398 570 521 16 462 146 570 283 445 409 519 362 454 433 512 440 437 501 493
604 325 850 586 857 404 958 481 507 400 571 522 2 466 133 570 363 455 431 513 271 448 385 523 568 442 589 473
602 324 848 588 854 404 959 481 0 463 127 573 510 400 572 521 269 448 383 524 362 455 429 513 569 442 589 474
600 325 848 589 853 404 959 481 0 464 114 574 513 401 573 520 261 449 381 524 342 453 417 517 518 462 567 526
598 325 848 590 855 405 948 484 514 402 575 519 0 463 104 576 252 448 379 526 520 462 569 526 341 451 415 518
596 326 847 590 853 405 950 484 3 461 89 578 516 404 576 520 521 463 570 526 243 449 376 526 340 449 411 519
593 326 845 590 851 406 952 485 517 406 576 520 3 466 80 580 522 463 571 525 237 452 342 532 324 448 399 523
590 324 842 591 850 404 949 489 229 454 340 533 519 407 576 520 523 465 571 524 0 467 60 579 324 464 393 521
585 322 840 590 846 405 947 489 520 407 575 519 219 452 336 534 523 466 570 523 305 463 379 524 0 464 48 583
581 322 837 590 843 405 945 489 520 406 575 518 208 451 336 534 522 467 569 521 304 464 376 523
578 322 834 592 841 405 943 490 520 405 574 518 200 455 305 537 283 463 364 526 522 467 568 520 494 446 519 481
572 324 830 595 840 406 940 491 190 456 303 538 519 405 573 517 284 465 360 525 522 468 566 519
562 325 828 596 840 408 938 493 179 456 304 539 519 413 561 511 286 468 354 524
554 326 825 596 829 408 936 496 168 455 306 540 518 413 558 511 472 438 508 490 266 467 341 528 347 445 410 507
550 327 824 597 829 408 935 495 157 456 270 542 519 414 557 510 244 466 330 531 344 445 409 506
545 328 822 599 827 408 935 495 146 456 270 543 246 468 324 529 332 445 393 507
540 326 820 601 826 407 933 494 137 456 267 543 327 446 392 507 227 468 311 532
533 325 819 603 824 407 933 494 121 457 232 544 173 455 301 540 434 438 471 494
532 325 817 602 823 405 931 494 112 457 230 544 205 466 295 532 309 445 374 507
529 326 815 601 820 405 931 494 102 455 230 545 208 466 289 531 307 444 373 506
526 325 814 600 819 404 931 494 93 453 232 544 188 466 274 533 458 447 481 472 478 447 500 469 393 448 434 499
521 323 814 601 817 403 930 493 78 453 197 546 188 467 269 533 479 446 499 468 460 447 481 471 364 445 429 501
