
















655 340 1010 596 561 340 647 548 1192 313 1277 560 1071 412 1161 551 1100 197 1131 243 1067 319 1152 481 996 328 1226 427
655 339 1014 598 561 340 647 548 1192 316 1277 559 1072 413 1161 552 1100 196 1131 243 1050 329 1259 421 1068 317 1153 483
656 340 1013 595 561 340 647 547 1192 318 1278 557 1065 327 1156 525 1099 196 1131 244 1069 329 1260 417 1072 431 1161 545
656 340 1014 596 561 339 647 547 1192 318 1278 558 1064 324 1156 527 1099 195 1131 245 1128 324 1254 416 1072 432 1161 544
656 339 1014 596 561 339 647 547 1191 316 1278 561 1063 322 1156 525 1099 195 1131 245 1072 433 1161 544
655 338 1014 597 561 339 647 547 1189 313 1278 564 1063 320 1155 524 1099 195 1131 245 1198 432 1272 599 1072 433 1160 544
654 338 1014 596 561 339 647 548 1188 311 1278 567 1064 319 1155 524 1099 196 1131 245 1197 433 1272 598 1072 433 1160 544
654 337 1013 593 561 339 648 547 1188 310 1278 568 1064 320 1155 524 1099 196 1131 245 1197 433 1272 597 1072 433 1160 544
654 337 1013 592 561 339 648 544 1188 310 1278 568 1064 321 1156 523 1099 196 1131 245 1197 434 1272 596 1072 433 1160 544
654 337 1012 591 562 340 648 541 1188 311 1278 569 1063 323 1156 523 1099 196 1131 245 1197 434 1272 595 1072 433 1160 544
653 337 1011 591 562 341 648 539 1188 311 1278 568 1063 324 1156 522 1099 196 1131 245 1197 434 1272 595 1072 433 1160 544
652 337 1011 592 562 340 648 542 1188 311 1278 568 1064 325 1156 522 1099 196 1131 245 1197 434 1272 595 1072 433 1160 544
652 336 1012 595 563 340 648 545 1188 311 1279 567 1063 323 1156 522 1197 434 1273 595 1099 196 1131 244 1071 432 1160 545
652 335 1013 596 563 339 648 548 1188 310 1279 567 1063 320 1155 523 1197 434 1273 595 1071 431 1160 545 1099 196 1131 244
652 335 1014 597 563 340 648 550 1188 310 1279 568 1062 317 1154 524 1197 434 1272 596 1071 432 1160 545 1099 197 1131 244 343 400 436 580
652 335 1014 597 563 340 648 550 1188 310 1279 568 1062 315 1154 526 1072 432 1159 544 1197 433 1272 595 1099 196 1131 244 343 400 436 580
652 336 1014 597 563 339 648 551 1188 310 1279 568 1061 315 1153 526 1072 433 1159 544 1197 433 1272 595 1099 196 1131 244 343 400 436 580
652 336 1014 596 563 339 647 551 1188 310 1278 568 1061 315 1153 526 1071 419 1159 549 1197 433 1272 595 1099 196 1131 244 343 399 436 580
652 336 1014 596 563 339 647 551 1188 310 1278 568 1061 316 1153 525 1071 419 1159 549 1197 434 1272 596 1099 197 1131 244 343 399 436 580
652 336 1013 596 563 339 647 551 1188 310 1278 568 1061 317 1154 524 1071 418 1159 549 1197 434 1272 596 1099 197 1131 245 343 399 436 580
653 335 1013 596 563 340 647 549 1188 310 1278 568 1061 318 1154 523 1071 417 1159 549 1099 197 1131 245 1197 434 1272 595 343 399 435 580
654 335 1013 597 563 340 647 547 1188 310 1278 569 1061 318 1153 522 1072 416 1159 548 1197 434 1272 595 1099 196 1131 245 343 399 435 580
654 335 1014 597 563 341 647 545 1188 310 1279 569 1061 319 1153 522 1072 416 1159 548 1099 196 1131 244 1197 435 1272 595
653 335 1014 597 563 341 647 544 1188 310 1279 569 1061 319 1153 522 1099 196 1131 244 1197 435 1272 595 1072 433 1160 543
653 335 1014 597 563 341 647 543 1188 310 1279 569 1061 319 1153 522 1099 196 1131 245 1197 435 1272 595 1072 433 1160 543
652 334 1014 597 563 341 647 542 1188 310 1279 570 1061 319 1153 522 1099 196 1131 245 1197 435 1272 595 1072 432 1160 543
652 334 1014 598 563 341 647 541 1188 309 1279 570 1061 318 1153 522 1099 196 1131 245 1197 435 1272 595 1072 433 1160 543
652 334 1013 599 563 341 646 540 1188 309 1279 570 1061 318 1153 522 1072 415 1159 548 1099 196 1131 245 1197 434 1272 596
652 334 1013 599 563 341 646 541 1188 310 1278 570 1061 319 1153 522 1072 415 1159 548 1099 196 1131 245 1197 434 1272 596
653 334 1014 599 563 341 646 541 1188 309 1278 570 1061 319 1153 522 1099 196 1131 245 1197 434 1272 596 1072 432 1160 543
653 335 1014 598 563 341 647 543 1188 309 1278 571 1061 320 1153 522 1098 196 1131 245 1071 432 1160 544
654 334 1014 598 563 340 646 543 1188 309 1278 571 1060 320 1154 522 1098 196 1131 245 1197 434 1272 596 1071 432 1160 544
654 334 1014 598 563 340 646 544 1188 309 1278 570 1061 320 1154 522 1098 197 1131 245 1197 434 1272 596 1072 432 1160 544
653 334 1014 598 563 340 646 543 1188 309 1278 570 1061 321 1154 522 1098 197 1131 245 1197 434 1272 596 1072 432 1160 544
653 334 1014 598 563 340 646 543 1188 310 1278 569 1061 321 1154 521 1098 196 1131 244 1198 434 1272 596 1071 432 1160 544
653 334 1014 598 563 340 646 543 1188 310 1279 569 1061 322 1154 520 1098 196 1131 244 1198 434 1272 597 1071 431 1160 544
653 334 1014 598 563 340 646 544 1188 310 1279 569 1061 323 1153 520 1098 195 1131 244 1071 431 1160 544 1198 434 1273 597
653 334 1013 598 563 340 647 543 1188 310 1279 568 1061 323 1153 520 1098 195 1131 244 1071 431 1160 544 1198 434 1273 597
652 334 1013 599 563 340 647 543 1188 310 1279 568 1061 322 1153 520 1098 195 1131 244 1071 431 1160 544 1198 434 1273 597
652 334 1014 599 562 340 647 542 1188 310 1279 568 1061 321 1154 521 1098 196 1131 244 1071 431 1160 544 1198 434 1273 597
652 334 1014 599 563 340 647 542 1188 310 1279 568 1061 320 1154 522 1071 431 1160 544 1098 196 1131 244 1198 434 1272 597
652 335 1014 598 563 341 647 542 1188 310 1278 568 1061 319 1154 522 1071 432 1159 544 1198 434 1272 597 1098 196 1131 244
652 335 1014 598 563 341 647 542 1188 310 1278 568 1061 319 1153 522 1071 432 1159 544 1098 196 1131 244 1198 434 1272 596
653 335 1013 598 563 341 647 542 1188 309 1278 569 1061 319 1154 522 1071 431 1159 544 1098 195 1131 244 1197 434 1272 596
653 335 1013 599 563 341 647 541 1188 309 1278 569 1061 319 1154 522 1098 196 1131 244 1071 432 1159 544 1197 434 1272 596
653 335 1013 599 563 341 648 541 1188 310 1278 569 1061 320 1154 521 1098 196 1131 244 1071 432 1159 544 1197 434 1272 596
654 335 1013 598 563 341 648 540 1188 310 1278 569 1061 319 1154 522 1072 432 1159 543 1098 196 1131 244 1197 434 1272 596
654 335 1014 598 563 341 648 539 1188 309 1279 569 1062 319 1154 522 1072 433 1159 543 1198 435 1272 595 1098 196 1131 244
654 336 1014 597 563 341 648 539 1188 309 1279 569 1062 318 1155 522 1072 433 1159 543 1198 435 1272 595 1098 196 1130 243
654 336 1014 597 563 341 648 539 1188 309 1279 569 1062 318 1155 522 1072 433 1159 543 1198 435 1272 595 1097 196 1130 243
654 336 1014 597 563 341 648 539 1188 309 1279 569 1062 318 1155 522 1072 433 1159 543 1198 435 1272 595 1097 196 1130 243
654 336 1014 597 563 342 648 539 1188 309 1279 569 1062 318 1155 522 1072 433 1159 543 1198 435 1272 595 1097 196 1130 243
654 336 1015 598 563 342 648 539 1188 309 1279 569 1062 318 1155 522 1072 433 1159 543 1198 435 1272 595 1097 196 1130 243
654 336 1015 598 563 342 648 539 1188 309 1279 569 1062 318 1155 522 1198 435 1272 595 1073 433 1159 543 1097 196 1130 243
654 336 1015 598 563 342 648 539 1188 309 1279 569 1062 318 1156 522 1198 435 1272 595 1073 433 1159 543 1097 196 1130 243
654 336 1015 598 563 342 648 539 1188 309 1279 569 1062 318 1156 522 1198 434 1272 595 1073 434 1159 543 1097 196 1130 243
654 336 1015 598 563 342 648 539 1188 309 1279 569 1062 317 1156 523 1198 434 1272 595 1072 434 1159 543 1098 196 1131 243
654 336 1015 598 563 342 648 539 1188 309 1279 569 1062 317 1156 523 1198 434 1272 595 1072 434 1159 543 1098 195 1131 243
654 335 1014 598 563 342 648 539 1188 310 1279 568 1062 317 1156 523 1198 434 1272 595 1098 195 1131 243 1072 434 1160 543
655 335 1014 598 563 342 648 539 1188 310 1279 568 1062 316 1156 523 1198 434 1272 595 1098 195 1131 243 1072 433 1159 543
654 335 1015 598 563 341 648 539 1188 310 1279 567 1061 316 1156 523 1198 434 1272 595 1098 195 1131 243 1072 433 1159 543
654 335 1015 599 562 341 648 539 1188 310 1279 568 1061 316 1156 523 1098 195 1131 243 1198 434 1272 595 1072 433 1159 543
654 335 1015 598 562 341 648 540 1174 319 1277 560 1061 316 1155 523 1098 195 1131 243 1198 434 1272 595 1073 433 1159 543
654 335 1015 598 562 341 648 540 1174 319 1277 560 1061 316 1155 523 1098 196 1131 243 1198 434 1272 595 1072 433 1159 542
654 335 1015 599 562 340 648 540 1174 319 1277 560 1061 316 1155 523 1098 196 1131 243 1198 435 1272 595 1072 434 1159 542
654 335 1015 599 562 340 648 540 1188 310 1278 568 1061 317 1155 523 1098 196 1130 243 1072 434 1159 542 1198 435 1272 595
654 335 1015 599 562 340 648 539 1174 319 1276 560 1062 318 1155 522 1098 196 1130 243 1072 434 1159 542 1198 435 1272 595
654 335 1015 599 562 340 648 539 1174 319 1276 561 1062 319 1155 521 1098 196 1130 243 1073 434 1159 542 1198 434 1272 595
654 335 1016 600 562 339 648 540 1174 319 1276 560 1062 320 1155 521 1098 196 1130 243 1073 433 1159 543 1198 434 1272 595
653 335 1016 599 562 339 649 540 1188 310 1278 568 1062 320 1155 521 1098 196 1130 244 1073 433 1159 543 1198 434 1272 595
653 334 1016 599 563 339 649 541 1188 310 1278 568 1061 319 1155 521 1098 195 1130 244 1073 433 1159 543 1198 434 1272 595
653 334 1016 599 562 339 649 541 1188 310 1278 568 1061 319 1155 521 1098 195 1130 243 1073 433 1159 542 1198 434 1272 595
653 334 1016 599 562 339 649 540 1188 310 1278 567 1061 319 1155 522 1098 195 1130 243 1073 433 1159 542 1198 434 1272 595
653 334 1016 599 562 339 650 540 1188 310 1278 567 1061 319 1155 522 1098 195 1130 243 1198 434 1272 595 1073 433 1159 543
653 334 1016 600 563 340 650 540 1188 310 1278 567 1061 318 1155 523 1098 195 1130 243 1198 434 1272 595 1073 433 1159 543
653 334 1016 599 562 340 650 540 1188 310 1278 568 1061 318 1155 523 1098 195 1130 243 1198 434 1272 595 1073 433 1159 543
654 334 1016 599 562 340 650 540 1188 310 1278 568 1061 318 1156 523 1098 195 1130 243 1198 434 1272 595 1073 432 1159 543
654 334 1016 599 562 340 650 540 1188 310 1278 568 1061 318 1156 523 1098 195 1130 243 1197 434 1272 595 1073 432 1159 543
653 334 1016 599 562 340 650 540 1188 311 1278 567 1060 318 1156 523 1098 196 1130 243 1198 434 1272 595 1073 433 1159 543
653 334 1015 600 562 339 650 540 1188 311 1278 567 1060 318 1156 523 1098 196 1130 243 1198 434 1272 595 1073 433 1159 543
653 334 1015 600 562 339 650 540 1188 311 1278 567 1060 318 1156 523 1098 196 1130 243 1198 434 1272 595 1073 433 1159 543
652 334 1016 600 561 339 653 540 1188 311 1278 567 1060 318 1156 522 1098 196 1130 243 1198 434 1272 596 1073 433 1159 543
653 334 1015 599 561 340 653 540 1188 311 1278 567 1060 318 1156 522 1098 196 1130 243 1198 434 1272 595 1073 433 1159 543
