

672 365 815 441 401 408 543 546 563 16 689 54 0 371 40 408 844 340 999 598 698 283 713 304 527 363 573 393 704 310 916 421 445 330 548 516
661 365 803 440 402 403 545 543 563 16 689 54 851 337 969 549 0 371 41 409 698 282 713 304 528 363 571 393 702 310 915 420
658 365 801 440 847 342 967 544 563 16 689 54 403 400 546 539 0 371 43 410 698 282 713 304 528 363 570 393 697 310 914 420
655 364 799 440 842 343 966 541 563 16 689 54 404 398 546 537 0 370 43 410 698 282 713 303 528 363 569 393 695 310 914 420 845 460 956 600
651 363 795 439 838 346 959 536 562 16 689 54 401 358 558 522 698 282 714 304 0 369 43 410 840 452 951 598 692 309 911 420
647 362 792 439 562 16 689 54 835 349 954 534 401 357 560 521 698 281 713 304 837 447 945 596 0 368 43 410
637 362 778 439 819 346 927 534 562 16 689 54 400 361 563 521 698 282 713 305 824 444 931 595 0 367 56 409 938 384 988 447 415 349 476 437
633 363 778 440 814 344 924 535 563 16 689 54 398 366 564 521 698 282 713 305 0 367 58 409 926 384 984 444 819 444 925 591 415 350 478 436
630 362 777 440 810 342 921 535 397 371 565 521 563 17 689 54 698 282 713 305 923 384 983 441 0 367 60 409 815 443 919 588 415 351 479 435
625 363 774 439 805 343 916 532 396 373 565 520 563 17 689 54 698 283 713 305 0 368 62 408 921 384 983 440 811 445 911 585 415 351 481 435 668 294 869 408
622 362 770 439 803 347 913 526 396 375 564 518 563 17 689 54 697 283 713 305 915 384 986 442 0 367 64 408 808 447 907 583 415 350 481 436
799 351 907 520 611 361 755 438 908 385 986 440 563 17 689 54 697 283 712 305 806 462 900 573 0 367 66 408 397 376 564 515 414 349 482 440 492 350 554 440
606 360 751 438 795 352 900 517 901 385 986 439 697 284 713 305 564 17 688 54 803 459 894 570 0 367 68 408 414 347 481 443 454 396 553 533 491 349 555 441 404 405 466 497 224 353 250 403
602 358 746 438 895 384 986 440 792 353 894 517 698 284 713 306 564 17 688 54 0 367 70 408 454 396 554 532 800 456 889 568 398 353 475 492 492 350 556 442
789 354 892 516 891 384 987 441 600 356 741 438 698 284 713 306 564 17 688 54 0 366 69 408 454 396 554 533 397 353 474 492 798 447 882 561 491 351 555 441
582 357 729 435 780 353 881 514 877 385 986 441 0 366 72 408 698 283 713 306 564 17 688 54 461 351 563 516 789 446 874 556 653 310 848 418 494 351 555 442
578 356 726 434 780 352 879 513 872 385 988 441 788 446 872 554 0 365 74 408 564 17 688 54 698 283 713 305 463 351 564 516 652 309 846 419 404 404 466 497 414 346 481 446 495 348 556 444
869 386 987 441 576 354 721 433 780 352 877 513 787 446 869 552 0 365 76 408 564 17 688 54 698 283 713 305 413 345 481 447 651 308 844 421 468 349 566 516 404 403 467 498 498 346 557 446
867 386 982 441 779 352 875 511 575 353 718 433 785 446 867 551 0 365 78 408 564 17 688 54 698 283 713 304 413 346 481 449 404 403 468 498 468 417 551 525 651 309 842 420 498 346 557 447
777 352 871 508 863 386 978 440 552 350 714 438 0 365 82 408 783 445 863 549 564 17 688 54 698 283 713 304 404 403 468 498 413 346 481 450 470 418 551 524 622 314 822 419 498 346 557 447
557 353 702 434 772 352 867 508 0 365 86 408 779 445 860 546 563 17 688 54 614 313 818 419 404 405 468 499 698 283 713 303 414 346 481 450 471 419 551 524 859 386 973 440 498 347 557 447
555 353 698 433 767 353 863 509 607 311 814 419 1 365 88 408 851 385 957 438 563 17 688 54 404 405 468 499 697 283 712 303 414 346 481 451 776 444 858 544 477 347 571 509 472 419 552 523 497 347 556 446 934 388 970 414
554 352 692 433 763 354 859 509 847 385 954 438 605 310 807 419 1 365 89 408 563 17 688 54 404 405 468 499 697 283 712 303 414 346 481 451 478 349 571 509 773 445 857 542 476 421 544 524 933 388 972 417 497 346 556 447
759 356 855 508 842 385 949 438 558 350 685 433 605 312 801 417 1 365 91 408 562 16 688 54 405 405 468 499 697 283 713 304 479 350 570 509 414 345 481 452 762 443 852 538 477 420 543 523 930 388 973 419
756 356 853 507 540 350 673 432 606 314 795 415 0 364 102 409 562 16 688 54 405 405 469 499 480 349 569 509 839 384 944 437 698 283 713 304 413 345 480 453 760 444 850 536 923 388 980 434 478 419 543 521
533 347 670 433 754 356 851 506 838 382 926 438 0 364 104 408 602 315 795 414 562 16 688 54 479 351 569 507 698 283 713 304 405 405 469 499 919 389 979 434 758 444 847 534 413 346 481 453 479 419 543 519 269 367 348 413
753 356 848 506 833 379 920 435 0 365 107 408 479 351 570 507 562 16 689 54 599 315 797 414 535 345 661 434 405 405 469 499 699 283 713 304 911 388 981 437 756 443 844 534 413 346 481 453 480 419 543 519
753 358 846 504 829 380 917 434 2 365 112 407 514 346 647 434 562 16 689 54 477 354 569 506 908 388 979 436 582 316 773 415 405 404 469 499 699 283 713 304 755 442 842 534 414 345 480 454 480 420 544 520
753 359 844 503 516 345 638 435 4 366 116 407 827 380 913 433 587 314 760 416 476 354 569 506 905 387 979 436 563 16 689 54 404 404 468 499 755 441 840 534 699 283 713 305 415 344 479 455 479 419 544 520
753 359 844 502 590 313 748 417 9 362 116 402 905 387 978 435 473 354 568 503 563 16 689 54 521 344 628 436 404 404 468 498 827 381 909 433 754 441 839 533 698 283 713 305 415 345 478 454 479 419 544 521
753 359 844 501 590 312 739 417 11 361 119 402 472 352 567 500 906 387 978 435 563 16 689 54 405 405 467 498 827 380 905 433 525 344 623 436 753 440 839 532 698 283 713 305 480 418 544 521 416 346 479 453 392 356 414 394
752 359 844 500 587 313 741 416 9 364 127 408 906 387 978 435 563 16 689 54 405 405 467 498 469 352 566 498 752 440 839 531 699 283 713 304 480 419 544 522 811 373 893 436 395 355 415 389 416 348 479 449
752 359 846 500 584 315 746 416 8 363 131 409 906 387 978 435 563 16 689 54 404 405 466 498 752 441 839 531 479 419 544 522 699 283 713 304 467 354 565 499 397 354 415 385
752 359 848 501 754 424 838 532 580 317 751 415 906 387 977 435 7 363 135 410 563 16 689 54 404 404 466 497 478 420 543 522 699 283 713 303 430 347 591 439 400 354 417 381 306 347 357 410
754 360 850 501 754 424 838 532 906 387 977 435 17 363 137 411 578 319 747 416 564 16 689 54 478 421 543 522 404 403 466 497 699 283 713 304 425 346 589 439 310 378 357 415 463 357 564 502
755 360 850 501 755 424 838 532 906 387 977 435 17 364 141 410 564 16 688 54 576 320 739 416 478 421 541 522 405 405 466 496 699 284 713 306 314 377 358 414
756 360 848 500 906 387 976 435 22 359 142 404 584 317 714 415 754 444 839 530 565 17 688 54 405 407 466 496 699 284 713 307 478 420 541 522 728 389 772 421
757 361 847 501 26 359 147 404 906 387 976 435 581 315 715 415 753 445 839 530 405 407 467 496 567 17 688 54 699 284 714 306 478 419 542 521 724 387 773 421 459 362 564 511 420 346 476 450
756 363 845 502 30 358 149 404 581 314 714 416 906 387 976 435 752 446 838 530 404 406 467 496 567 17 688 54 699 284 714 306 478 415 561 519 721 386 773 421 419 344 477 453
756 364 845 503 580 314 712 416 906 387 976 435 752 446 838 530 32 358 152 404 399 404 474 497 568 17 688 54 698 284 714 305 478 415 561 518 417 342 477 455 709 381 791 427
756 364 845 503 906 387 977 435 752 447 838 530 33 359 153 405 399 405 474 497 567 17 688 54 479 416 561 518 581 316 708 415 698 284 714 305 707 381 793 427 417 342 477 454
755 364 844 504 905 387 977 435 40 358 162 404 752 447 838 530 398 405 474 498 567 17 688 54 702 381 794 429 479 417 561 518 575 319 695 414 698 284 714 305 417 342 478 453
754 364 843 504 40 358 164 404 905 387 977 434 751 447 838 530 398 405 474 497 567 17 688 54 696 381 796 429 479 417 561 519 575 319 694 413 698 283 714 304 417 342 478 453
753 364 842 503 43 357 168 403 905 387 977 434 751 446 838 530 684 384 780 428 399 405 474 497 567 17 688 54 574 316 692 414 478 416 561 518 699 284 715 304 417 344 480 453
752 364 843 503 46 357 171 403 905 387 977 434 677 383 786 428 751 446 838 529 567 17 688 54 399 405 474 496 572 316 690 414 478 416 561 518 699 284 715 303
752 364 843 502 670 382 792 427 52 358 174 403 905 387 977 434 751 446 838 530 261 330 480 422 566 17 688 54 404 405 468 497 572 315 685 414 479 416 561 518 699 284 716 303 631 377 676 416
753 364 843 503 665 381 794 427 905 387 977 434 254 329 475 422 55 358 173 402 751 445 838 530 566 17 688 54 399 404 473 496 479 416 561 519 629 377 672 415 699 284 716 303 574 318 679 412 415 345 479 454
753 364 843 503 662 381 792 426 245 329 472 422 905 387 977 435 60 359 173 402 751 444 838 531 565 17 688 54 400 404 474 496 478 415 561 519 415 346 480 453 698 284 715 303
660 380 788 426 754 364 843 503 905 387 977 435 751 444 838 531 399 404 474 496 564 16 688 54 63 359 172 402 478 353 573 506 416 349 480 450 698 284 715 303
658 380 784 426 754 364 843 503 213 329 444 427 905 387 978 435 752 443 838 532 399 405 475 496 563 16 688 54 476 353 573 508 70 357 181 404 417 351 480 447 698 284 715 303 577 317 672 411
656 380 781 427 755 363 843 502 208 329 436 427 905 387 978 434 563 16 688 54 752 442 839 532 398 406 474 496 475 353 573 508 73 357 179 404 575 318 672 412 417 351 481 446 698 284 715 304
639 378 778 428 754 363 843 502 905 387 978 434 206 330 429 427 563 16 688 54 752 441 838 533 399 405 474 497 474 352 575 509 417 351 480 445 574 319 671 411 76 357 177 403 698 284 715 303
635 377 777 428 754 362 843 502 905 386 978 434 563 16 688 54 475 352 577 510 751 440 838 533 399 405 474 497 418 350 481 446 574 320 670 409 698 284 715 303 80 357 175 402
631 376 774 429 754 362 843 502 905 386 978 435 563 16 688 54 475 350 578 510 115 330 409 435 751 439 838 534 399 404 474 498 418 349 480 447 698 284 715 303
628 375 771 428 754 362 843 503 905 386 978 435 119 328 404 436 562 16 688 54 475 350 577 511 751 440 838 533 399 404 474 498 418 349 480 448 698 284 715 303
626 375 768 428 754 361 843 503 904 387 977 435 120 325 400 436 562 16 689 54 474 349 575 512 751 440 838 533 399 403 474 498 417 349 479 448 698 285 715 303
626 374 764 429 754 362 843 502 904 387 977 434 126 323 391 436 561 16 689 54 473 348 573 512 752 441 839 533 404 404 468 498 416 349 478 448 564 319 655 407 698 285 715 303
627 374 760 429 755 362 843 502 904 387 977 435 105 320 368 435 561 16 689 54 473 348 573 512 752 441 839 533 404 404 468 498 416 349 479 447 698 285 715 304
615 373 751 428 755 362 843 502 110 317 360 438 904 386 978 435 561 16 689 54 473 347 573 512 752 441 839 533 404 404 467 498 417 350 480 446 698 285 715 304
612 373 747 428 755 362 843 502 104 315 357 439 904 386 978 435 562 16 689 54 474 347 572 511 751 441 839 533 404 405 467 498 418 350 480 446 698 285 715 303
608 371 743 428 754 362 844 502 96 314 349 439 904 387 978 435 563 16 688 54 473 349 572 510 751 440 839 533 404 405 466 498 419 351 480 446 699 285 715 303
605 370 738 427 754 362 844 502 84 313 340 438 904 387 978 435 564 16 688 54 472 351 572 510 751 440 839 533 400 407 474 497 419 352 480 445 699 285 715 303
605 368 736 427 754 362 845 502 78 314 333 438 904 387 978 435 565 17 687 54 472 352 572 510 751 440 839 533 404 406 467 496 418 352 481 444 699 284 715 303 729 385 765 409
592 368 724 425 59 309 307 442 754 362 845 502 904 387 977 435 565 17 687 54 475 352 571 508 751 442 839 533 404 405 468 497 418 353 481 445 699 284 715 303 724 384 767 409
588 369 722 425 50 307 301 442 754 362 844 503 904 387 977 435 404 404 468 498 478 352 571 506 566 17 687 54 750 442 839 532 699 284 715 303 418 353 480 446
584 369 719 425 37 306 295 441 753 363 843 503 904 387 977 434 405 403 468 499 480 352 571 503 566 17 688 54 750 443 839 532 411 353 466 443 466 360 489 395 699 284 715 302 477 420 544 518
583 369 715 425 26 306 294 441 752 363 843 504 904 387 977 434 405 404 467 499 566 17 688 54 750 443 839 532 480 353 571 504 410 353 468 443 699 284 715 302 467 359 491 396 477 420 544 517
752 362 843 503 583 369 709 425 9 300 267 445 904 387 977 434 405 404 468 499 566 17 688 54 750 443 839 532 480 354 571 503 415 350 480 447 699 284 715 302 478 419 544 518
566 371 698 422 752 362 843 503 904 387 977 434 4 299 264 446 405 403 468 499 565 17 688 54 750 443 839 532 481 353 571 503 414 349 480 447 699 284 715 302
562 371 694 422 752 361 843 502 905 387 977 434 4 299 260 447 565 17 688 54 404 404 469 499 481 353 570 502 750 443 838 532 699 284 715 302 413 349 481 447
562 370 689 421 752 361 844 502 905 387 977 434 565 17 688 54 404 404 470 499 480 354 570 503 7 300 261 447 750 444 838 532 700 284 715 302 408 349 489 440
562 369 682 421 753 361 844 502 905 387 976 434 564 17 689 54 480 353 570 504 402 404 474 499 750 444 839 532 10 301 262 449 413 348 482 449 700 284 715 302
562 368 677 421 754 361 844 502 905 387 976 434 564 17 689 54 481 352 570 504 405 405 470 498 751 444 838 532 413 346 482 451 700 284 715 303
554 370 666 423 754 361 844 502 905 387 976 434 563 17 689 54 481 351 569 503 406 405 470 497 751 444 838 532 413 344 481 453 700 284 715 303 478 419 544 518
555 370 663 422 753 361 844 502 905 387 976 434 481 351 569 503 563 16 689 54 406 405 469 497 413 343 481 453 752 444 838 532 699 284 715 303 478 419 543 518
554 369 656 421 753 361 844 502 905 387 976 434 480 351 569 504 563 16 688 54 406 405 469 496 413 344 481 453 752 444 838 532 699 284 715 303 478 419 543 518
553 369 650 420 752 360 844 502 905 387 976 434 480 350 569 504 562 16 689 54 406 405 469 496 413 346 481 452 752 445 838 532 699 284 715 303 478 419 543 519
552 368 644 421 752 360 844 502 905 387 977 434 480 350 569 504 562 16 689 54 406 406 469 496 413 347 481 452 752 445 838 532 2 260 117 444 699 285 715 303 478 420 544 520
752 360 843 502 553 368 639 420 905 387 976 434 561 16 689 54 479 352 569 506 406 406 469 496 413 348 482 450 751 445 838 532 4 278 115 460 699 284 715 303 478 419 544 520
752 361 842 502 905 387 976 434 561 16 689 54 479 353 569 507 405 405 469 496 413 350 483 448 751 444 838 532 545 366 625 420 699 284 715 303 478 419 544 521 186 353 333 407
751 362 841 502 905 388 976 434 561 16 689 54 405 404 468 497 477 354 570 509 750 443 838 532 414 351 483 447 700 284 715 303 187 354 335 406 478 419 544 520
751 362 841 503 905 388 976 434 405 403 468 498 561 16 689 54 478 354 572 509 750 443 838 532 414 350 482 447 212 353 346 406 700 284 715 302 464 359 488 392 598 333 652 400
751 362 841 503 905 387 976 434 405 403 468 498 561 16 689 54 478 355 573 508 749 443 838 531 413 348 481 450 212 354 350 407 599 334 652 400 466 359 489 390 700 284 716 302
751 362 840 504 905 387 976 434 405 402 468 498 478 356 572 508 562 16 689 54 749 444 838 531 413 345 480 452 211 355 355 406 600 335 652 400 700 284 716 302 470 359 492 387
750 362 840 504 905 387 977 435 405 402 468 498 478 356 570 507 563 16 689 54 749 444 838 530 213 357 358 405 412 343 480 454 584 378 620 418 699 284 715 303 478 418 543 520 600 336 652 400
750 362 840 504 905 387 977 435 405 402 468 499 478 354 569 505 213 359 360 404 565 17 689 54 750 445 838 530 412 341 480 456 583 378 624 418 478 418 543 519 699 285 715 303
750 361 839 504 905 387 977 435 405 402 468 499 215 359 359 403 480 354 569 504 750 445 838 530 566 17 688 53 412 341 480 457 583 378 627 418 479 418 543 519 699 285 715 303
750 361 839 504 905 387 977 435 405 403 467 498 215 360 358 402 479 354 569 504 750 444 838 530 566 17 688 53 412 342 480 455 479 418 542 518 699 285 715 303 604 381 643 418
751 361 839 503 905 387 977 435 405 405 467 496 750 443 837 530 217 360 357 402 479 353 570 504 566 17 688 53 591 372 653 425 407 352 471 446 0 365 60 409 699 285 715 303 479 419 542 518
751 360 839 503 905 387 977 435 750 443 838 530 219 360 357 402 404 406 467 496 597 372 657 424 566 17 688 53 478 353 570 503 0 365 63 409 699 285 716 303 405 350 494 439 479 419 543 518
751 360 839 503 905 387 977 435 750 444 838 530 391 353 478 484 221 359 357 402 607 378 652 419 0 363 66 409 566 17 688 53 478 353 570 503 699 285 716 303 693 382 705 404 479 420 543 518
752 360 839 503 905 387 977 435 750 445 838 530 391 355 479 484 0 363 72 410 566 17 688 53 228 361 371 402 479 354 569 502 610 379 649 415 693 383 706 404 700 285 715 303 478 419 543 518
752 361 839 503 905 387 977 435 751 445 838 530 391 356 480 484 565 17 688 54 0 363 79 410 230 361 371 401 479 355 569 503 610 379 644 411 629 381 669 419 693 383 706 404 700 285 715 303 478 419 543 519
752 361 840 503 906 387 977 435 751 446 838 529 565 17 688 54 405 406 469 496 0 362 87 410 236 362 373 401 632 381 673 418 477 355 568 502 610 380 640 408 693 383 706 404 415 347 481 455 700 285 715 303 478 419 544 519 641 396 675 428
752 361 840 503 906 387 977 435 751 446 838 529 564 17 688 54 405 406 470 496 0 362 90 410 241 364 380 410 611 379 640 407 479 417 560 518 632 379 674 417 693 384 707 404 415 347 481 454 700 285 715 303
752 361 840 503 906 387 977 435 248 361 412 412 564 17 689 54 751 446 838 529 613 379 639 407 406 407 470 495 0 362 92 411 478 418 560 518 658 382 686 417 415 348 481 453 693 384 706 405 700 285 716 302 658 399 685 427
752 361 839 502 905 387 977 435 614 380 637 405 751 446 838 529 255 361 415 412 564 16 689 54 660 380 688 417 406 408 469 495 479 418 560 518 0 361 106 411 415 348 480 452 691 383 706 406 700 285 716 302 664 399 688 426
752 360 839 502 664 379 692 416 905 387 977 435 615 380 637 404 1 360 106 404 751 445 838 530 563 16 689 54 261 361 437 413 479 355 570 507 406 408 469 495 415 347 480 452 689 382 706 408 700 285 716 302
