

287 364 418 438 530 357 782 522 1 370 88 423 852 336 1063 414 101 369 182 410 504 356 562 416 400 360 458 400 990 350 1041 425 1227 332 1269 419
288 363 419 438 529 356 781 523 0 370 87 423 856 336 1067 415 102 370 182 411 504 357 562 415 401 361 459 401 992 350 1044 427
288 363 420 438 0 370 87 424 529 356 780 523 860 337 1069 417 103 370 183 412 505 357 562 415 403 362 460 401 995 350 1046 428
288 364 421 439 862 338 1071 419 0 370 87 424 529 356 780 524 102 371 183 412 506 358 563 415 404 364 464 407 999 350 1048 429
288 364 421 438 531 355 775 525 862 338 1074 421 0 371 86 424 101 371 182 412 507 358 564 415 405 364 464 407 1003 350 1051 430
288 365 422 439 534 354 770 526 858 337 1078 421 0 373 85 425 100 372 181 412 507 359 564 415 406 359 461 403 516 281 536 295 1005 349 1053 431
288 365 423 439 536 354 766 526 857 334 1083 421 0 374 84 426 100 373 181 412 406 359 461 403 507 359 565 416 516 281 535 295 1012 348 1069 431
288 364 425 440 537 353 767 526 857 331 1088 422 0 375 83 426 100 373 181 412 407 359 462 404 507 359 565 417 516 281 534 295 1016 349 1071 431
289 363 426 440 535 354 769 525 883 329 1101 419 0 375 83 426 100 373 180 413 508 359 566 417 407 358 464 404 517 281 533 295 1020 350 1074 433
289 363 427 440 535 355 771 524 886 329 1105 420 0 375 83 427 99 373 180 413 508 359 566 417 407 358 465 404 1025 349 1078 434 517 281 534 295
290 363 426 440 534 356 772 523 891 331 1108 421 99 373 180 413 0 375 83 427 508 360 566 416 404 364 468 408 1035 346 1094 435 518 282 534 295
291 363 426 440 535 357 772 522 897 332 1113 422 99 374 180 414 1039 346 1097 437 509 359 566 417 0 376 83 427 404 363 468 408 519 282 535 295
292 365 427 440 536 358 771 522 902 330 1118 424 98 375 180 415 1044 348 1100 437 510 359 566 418 0 376 82 428 405 363 469 409 520 282 536 295
293 366 428 440 536 358 770 523 903 328 1123 426 98 375 180 417 0 377 81 429 511 359 567 419 405 363 470 409 1051 349 1102 435 522 282 537 294
294 372 432 450 537 358 769 527 903 329 1128 428 96 376 180 418 0 376 77 431 511 359 567 420 405 363 470 410 1063 342 1119 440 522 282 537 294
294 373 432 450 539 357 767 530 904 330 1132 429 95 376 179 418 0 375 74 432 511 359 567 420 1067 341 1122 441 406 363 471 411
294 375 432 449 541 357 766 532 94 377 179 418 0 374 71 433 910 331 1132 430 511 359 567 420 407 362 472 412 1073 342 1122 440 873 355 968 421
295 375 432 449 542 357 767 531 933 328 1158 428 93 377 179 418 0 374 70 433 511 359 568 421 411 365 468 410 1090 339 1144 446 875 355 970 424
296 375 432 450 542 358 768 531 934 330 1162 429 93 377 179 418 0 375 63 432 1093 340 1148 447 511 358 568 422 411 365 469 410 877 354 972 425
296 373 432 450 542 358 768 530 939 329 1168 430 0 374 61 432 92 377 179 418 515 356 571 424 1097 342 1148 445 410 366 470 412 803 339 945 413 877 354 974 426
297 373 432 450 542 358 766 531 947 327 1171 432 91 377 178 418 0 374 61 432 515 354 572 425 894 355 992 424 419 367 475 411 805 339 943 415 1112 340 1166 449
297 372 434 451 541 358 765 531 954 323 1176 434 90 377 177 419 0 374 60 432 515 354 572 426 895 356 994 425 418 368 477 411 1115 339 1170 449 806 339 943 415
296 372 435 451 541 360 765 532 957 320 1178 435 90 377 177 419 515 353 573 425 0 374 59 432 896 356 995 427 418 368 478 411 1118 339 1173 450
541 360 766 531 296 371 436 452 88 378 178 419 958 323 1181 436 515 355 573 425 0 373 57 433 896 356 998 428 402 365 475 413
542 360 767 530 296 371 436 452 88 379 179 420 960 324 1182 437 516 356 572 425 896 356 1000 428 0 374 56 433 401 364 475 414 1137 339 1195 452
543 360 767 530 302 368 441 454 87 379 180 421 981 325 1210 435 517 359 571 424 913 355 1022 427 401 363 476 414 0 374 55 434 1140 340 1198 452 778 372 827 407
544 360 767 530 302 369 441 454 87 380 179 421 985 323 1213 437 517 360 571 424 914 355 1022 428 400 362 476 414 0 374 55 434 1145 340 1196 450
545 360 768 530 302 369 441 454 87 381 178 421 988 323 1220 440 517 359 571 423 916 356 1021 429 411 363 479 412 0 374 55 434
545 360 769 531 302 369 442 453 86 382 178 422 992 322 1223 442 411 364 480 413 518 359 572 424 920 356 1021 430 814 347 1003 430
546 361 770 531 302 369 442 453 85 383 178 423 995 322 1230 442 411 363 480 415 519 360 572 426 924 356 1024 431 541 282 559 294
545 361 771 530 303 369 442 454 85 383 177 423 1001 323 1230 442 411 363 481 415 520 360 573 429 926 356 1027 431 818 346 1007 432 541 282 558 294
545 361 771 530 304 368 442 455 84 383 175 423 1008 324 1229 443 411 362 482 416 521 361 574 431 939 353 1046 432 820 346 1008 431 179 374 227 398 802 369 845 412 541 282 558 294
304 368 442 455 545 361 772 529 82 383 173 424 1023 324 1268 448 411 363 483 416 941 354 1050 433 521 362 574 433 181 374 231 398 822 344 1006 430 800 369 848 412 731 365 804 416
305 368 442 456 545 361 772 530 1030 326 1259 450 81 383 172 424 412 363 483 417 942 354 1055 434 184 375 237 398 521 363 575 432 731 367 804 418 800 370 851 412 61 391 1191 719
305 368 442 456 545 361 772 530 1035 328 1252 453 80 383 170 425 413 364 484 417 956 354 1072 433 187 375 242 398 521 363 576 431 732 367 805 420 801 372 851 412 54 394 1195 719
305 369 443 455 545 362 772 530 1043 327 1249 453 80 383 170 425 958 355 1073 434 414 364 485 418 522 364 576 432 733 367 806 421 187 376 247 398 50 398 1201 719 804 373 850 411
305 370 444 455 545 363 772 530 1049 327 1254 454 72 384 168 428 960 355 1075 435 412 365 486 419 522 364 577 433 734 368 807 422 199 374 251 397 46 402 1211 719 805 373 851 411
305 371 444 455 546 364 772 529 1055 327 1259 454 71 384 168 428 411 365 487 419 961 355 1078 436 522 365 577 434 735 368 808 423 202 374 256 398 848 348 1054 440 44 405 1217 719 819 370 864 415
306 371 444 455 547 364 772 529 1062 328 1263 454 72 384 167 428 411 365 487 419 961 355 1081 437 523 365 577 435 735 368 809 424 208 375 260 398 851 348 1051 441 45 407 1221 719 820 370 866 415
306 372 444 456 547 364 772 528 1069 329 1266 455 72 384 167 428 412 366 488 421 523 367 577 435 736 368 812 424 964 356 1082 437 851 347 1050 442 211 376 266 398 52 405 1216 719 821 371 868 414
304 373 445 456 547 364 772 528 1077 328 1268 456 72 384 166 429 524 368 577 435 414 367 488 422 736 368 816 424 981 355 1104 438 851 347 1050 442 225 377 276 400 60 401 1213 719 823 370 870 414
303 373 446 456 547 364 773 529 1081 328 1268 457 72 384 165 429 524 369 578 436 223 377 285 401 982 355 1109 439 736 367 819 424 415 368 488 423 849 347 1052 440 67 396 1212 719 825 369 871 414
302 373 447 456 547 364 774 529 1082 327 1279 458 72 383 164 429 525 369 578 436 736 367 820 424 229 377 288 400 415 368 488 423 984 354 1111 439 850 347 1053 439 68 397 1215 719 826 369 872 413
302 373 448 457 547 365 774 529 1091 325 1279 461 72 383 163 430 526 369 578 437 738 367 819 424 415 368 489 423 987 355 1112 442 855 347 1055 438 236 378 289 399 828 371 874 412 67 397 1212 719
302 373 448 457 548 365 774 529 1101 323 1279 464 527 369 578 436 72 384 162 430 740 367 820 425 415 368 490 424 1001 355 1128 443 828 372 875 413 255 379 300 400 63 399 1208 719
302 373 448 458 549 366 774 529 1112 321 1279 466 527 369 578 436 741 367 820 426 72 384 161 430 1003 356 1133 444 416 368 491 425 253 378 310 402 828 372 878 412 867 347 1058 441 58 399 1205 719
302 372 447 459 550 366 775 528 1119 320 1279 467 71 384 161 430 739 368 823 426 528 369 578 437 1005 356 1139 444 416 368 491 425 259 379 314 403 870 347 1061 442 52 404 1211 719 827 372 880 412 187 383 224 402
303 372 446 460 550 367 777 527 1126 319 1279 469 738 368 826 427 69 384 160 430 530 368 578 438 417 368 492 425 1009 356 1141 445 44 405 1219 719 264 380 317 403 872 347 1063 441 188 383 226 404 826 372 879 412 559 281 594 295
302 373 446 460 549 368 779 525 64 389 158 432 738 368 829 427 1132 316 1279 470 531 368 579 438 1022 356 1158 446 418 370 492 425 41 408 1227 719 187 381 228 407 271 378 324 407 561 281 592 295
302 373 448 460 548 368 780 525 63 389 158 433 744 370 838 429 1137 315 1279 470 532 369 579 439 1012 353 1188 450 417 370 493 425 183 380 232 408 277 378 325 406 43 408 1229 719 842 367 895 417
302 374 448 461 547 369 781 526 743 370 840 430 62 389 159 433 1148 303 1279 477 1013 353 1189 451 533 371 580 439 416 370 494 425 177 379 238 409 284 378 326 407 46 410 1228 719 843 368 897 417
303 375 448 463 743 370 842 431 548 369 781 526 60 389 161 433 1152 306 1279 477 1015 354 1197 451 415 370 495 425 534 372 580 439 175 378 245 409 46 412 1230 719 292 380 329 408 849 373 895 416 562 282 584 296
303 375 448 464 743 370 844 433 550 369 780 527 57 390 164 433 1158 311 1279 475 1017 355 1205 451 415 370 497 425 535 372 582 439 49 414 1236 719 180 378 247 409 849 374 897 415 562 283 583 296 496 379 520 402
303 375 449 465 743 370 846 435 552 368 779 528 55 390 166 434 417 369 499 426 1165 320 1279 474 1019 356 1215 451 534 372 583 439 54 414 1241 719 198 380 259 410 849 374 899 415 563 283 582 296
303 376 450 465 552 367 779 529 742 370 847 435 54 391 165 434 419 369 499 427 195 379 266 410 1184 323 1279 476 1018 356 1220 451 534 372 584 439 60 414 1236 719 562 283 582 297 849 374 901 414
304 375 449 467 552 366 780 529 744 370 849 436 54 390 164 434 419 370 501 427 1191 324 1279 477 1053 350 1245 458 536 373 579 449 61 415 1233 719 202 379 270 410 563 283 581 297
304 376 450 468 552 366 780 529 746 370 849 435 53 390 165 435 418 370 501 427 1057 350 1243 458 1197 324 1279 478 537 374 580 449 62 415 1228 719 563 283 581 297 224 380 284 409 857 370 932 423
304 376 450 469 552 367 779 528 748 370 852 435 52 389 166 435 417 369 502 427 1062 350 1243 460 1202 322 1279 478 217 378 291 410 538 374 581 449 858 370 931 423 563 283 581 297 60 411 1228 719
304 377 449 469 551 366 778 527 748 370 853 434 50 389 169 435 417 370 501 428 1066 350 1245 460 222 378 291 411 538 374 581 450 1206 321 1279 478 858 370 931 423 562 283 582 297 59 406 1227 719
304 377 449 470 552 366 778 528 48 390 167 435 748 370 857 434 418 370 500 429 1070 349 1253 461 537 374 581 450 857 370 933 423 563 283 582 296 231 379 289 410 53 400 1227 719 260 383 306 411
303 377 450 470 553 366 778 529 47 391 165 436 749 370 861 435 419 371 499 430 1067 354 1264 469 537 374 582 451 252 381 311 412 858 370 935 423 564 283 583 296 1219 348 1279 487 49 393 1228 719
302 376 451 470 555 366 778 530 47 391 162 436 766 372 868 435 419 371 500 430 1067 352 1272 472 538 375 584 450 245 379 314 413 858 371 936 423 566 283 583 296 1222 344 1279 492 45 390 1223 719
302 377 450 470 47 391 160 436 765 372 869 436 555 366 779 531 418 373 501 430 1070 352 1272 472 539 375 585 451 253 379 317 412 566 283 583 296 860 372 936 423
302 378 451 468 765 371 869 437 555 366 781 532 46 391 160 436 419 375 500 430 1101 355 1274 470 539 375 586 451 567 284 584 296 263 380 315 411 43 395 1214 719 861 372 937 422
303 379 453 467 764 369 870 439 554 365 785 533 45 392 162 436 1102 346 1276 464 420 377 500 430 539 376 586 452 271 379 330 413 568 284 584 296 44 397 1216 718 874 379 924 417
302 380 454 467 555 365 786 533 764 369 871 440 44 393 165 436 1106 345 1277 465 421 378 499 430 539 376 587 452 278 379 330 413 569 284 586 296 934 339 1189 454 44 397 1223 718 880 374 958 426
301 380 455 468 554 366 786 532 766 369 872 440 44 393 166 436 422 379 499 431 1108 345 1279 464 539 376 588 452 932 340 1193 455 286 381 330 414 570 284 586 296 879 374 958 427 44 397 1226 719
301 381 455 468 555 367 786 532 769 369 874 440 42 393 168 438 421 379 501 432 1114 346 1279 464 539 373 596 454 930 342 1190 455 880 373 958 427 571 284 587 295 43 399 1228 717 575 337 582 345
295 381 462 473 554 368 787 530 769 369 877 442 421 380 502 433 39 392 171 439 1122 350 1279 474 540 373 596 454 937 344 1179 454 880 373 958 427 572 284 589 295 576 336 583 345 870 378 925 416 41 397 1228 717 511 380 541 404
296 381 462 475 554 369 788 528 769 375 885 446 420 379 504 434 37 391 173 441 1129 350 1279 475 542 373 595 455 881 374 959 428 944 345 1167 452 576 336 584 345 574 284 590 295 872 378 926 416 511 381 542 404 38 397 1232 716
295 382 463 475 765 374 888 447 553 369 789 526 419 378 503 435 32 392 148 442 1134 350 1279 475 543 374 595 454 882 375 961 428 576 336 584 345 951 346 1159 451 875 378 927 415 574 284 591 295 35 397 1235 716
295 382 464 476 764 374 892 448 554 370 789 526 31 392 149 443 1140 351 1279 477 423 381 501 439 543 375 595 454 952 345 1161 453 577 336 584 345 883 376 963 427 575 284 592 295 876 379 928 416 35 398 1240 716
294 382 464 476 765 374 895 448 554 371 790 525 28 392 152 444 422 382 501 440 1144 352 1279 479 954 344 1162 455 544 375 595 453 902 377 980 433 577 336 584 345 575 284 593 295 37 397 1241 717
293 383 465 477 766 373 898 449 554 373 790 526 26 393 155 444 421 382 501 440 1161 349 1279 488 954 343 1166 457 544 376 595 453 902 377 981 432 577 336 584 345 577 283 594 296 38 392 1243 717
292 383 466 476 766 372 899 450 25 393 156 444 554 372 792 525 421 381 501 441 955 342 1163 457 1164 349 1278 487 544 376 595 454 902 376 982 431 577 336 584 345 577 283 595 296 512 382 543 408 38 386 1240 718
291 383 468 476 783 372 899 449 25 393 156 444 555 370 793 527 418 381 502 441 960 342 1157 458 545 376 595 455 1169 349 1277 487 903 376 985 431 513 383 543 408 578 336 585 345 577 284 595 297 40 384 1233 718
290 384 469 476 783 374 901 448 24 394 153 444 555 368 795 528 416 382 503 441 968 341 1150 459 902 376 988 431 545 377 596 456 1191 348 1279 490 514 384 543 410 41 384 1230 719
290 384 470 475 783 375 904 448 24 394 149 445 555 367 796 528 414 382 505 441 903 376 992 432 975 342 1149 459 546 377 596 458 1193 347 1278 493 515 386 543 411 43 388 1231 719
289 385 470 477 783 374 906 449 23 394 146 445 553 367 798 526 415 381 506 441 546 378 597 460 978 343 1152 458 902 376 995 432 1193 349 1277 495 37 390 1240 719 515 387 543 411 586 282 608 296
288 384 470 479 783 374 910 450 21 395 147 445 416 380 505 442 552 366 801 525 923 383 1009 440 999 341 1220 461 547 378 597 462 32 391 1243 719 585 282 606 296
287 384 470 480 784 374 914 451 20 394 150 445 417 380 504 443 551 365 803 525 998 342 1218 462 923 377 1007 434 548 378 597 463 585 282 605 296 30 393 1241 719 489 386 520 419 596 338 603 346
286 383 470 480 787 375 916 453 18 394 153 445 417 380 504 443 551 365 806 526 996 341 1208 463 926 383 1013 439 549 378 598 464 586 282 605 296 32 394 1242 718 488 385 522 419 596 338 603 346 515 388 541 411
285 384 471 479 790 375 917 453 17 394 155 445 415 380 504 443 551 365 807 525 998 340 1193 464 928 383 1015 440 549 378 598 465 586 282 605 296 596 338 603 346 32 394 1247 719 514 387 543 412 485 384 524 418
284 383 472 479 793 375 917 454 15 394 156 445 1001 340 1189 464 415 380 505 443 551 366 807 525 932 382 1018 441 550 378 599 465 510 385 545 413 596 338 603 346 34 394 1253 719 586 282 605 296 484 383 525 418
283 383 474 480 793 376 919 454 12 394 157 446 1002 340 1197 464 414 380 504 444 551 365 808 524 935 382 1020 441 550 378 599 464 507 383 548 414 33 395 1257 719 596 337 603 346 484 383 524 420
283 383 475 481 792 376 921 454 10 395 158 446 1002 341 1206 464 414 380 504 444 550 365 809 524 506 381 550 415 551 379 599 465 932 373 1019 435 596 338 603 346 35 394 1256 719 486 384 521 421
284 383 474 481 791 375 923 453 8 395 160 446 1004 340 1212 465 414 380 503 444 560 375 828 553 510 382 551 416 950 379 1031 445 596 338 603 347 551 379 599 465 35 391 1258 718 486 384 519 422
284 383 474 481 799 374 933 453 7 395 159 446 1008 340 1215 465 414 380 502 445 560 376 830 553 949 379 1034 444 596 337 604 347 550 380 600 465 512 384 545 416 39 388 1253 717 487 385 521 421
283 383 474 482 800 374 934 454 1013 339 1217 466 5 395 159 446 412 379 501 446 560 376 832 553 949 379 1036 443 596 337 604 347 549 380 600 464 514 386 543 415 487 386 521 421 41 389 1251 716
282 383 474 483 799 374 935 456 1015 338 1221 465 4 395 157 447 411 379 501 446 560 376 833 553 948 380 1039 442 596 337 605 347 548 379 600 464 488 386 521 421 40 389 1246 716 513 388 539 415 920 379 970 419
281 383 473 483 800 374 937 456 1016 339 1224 465 410 379 501 447 2 395 158 447 541 371 856 549 949 381 1039 441 596 337 605 347 548 379 601 465 39 389 1245 715 488 386 520 422 513 388 540 415 922 379 970 418
279 383 473 483 805 374 939 456 411 378 502 447 1016 339 1228 464 544 370 853 553 950 381 1041 441 2 394 130 449 597 337 605 347 548 379 601 467 35 385 1245 715 488 385 521 422 923 379 972 417 515 388 541 415
277 383 472 483 810 374 942 456 1037 335 1246 470 411 378 504 447 951 381 1043 442 2 393 125 449 545 371 852 556 597 336 605 346 31 382 1250 713 548 379 600 468 487 384 521 421 923 378 974 415 516 389 542 414
813 373 943 457 276 382 471 483 1 392 120 450 1040 334 1249 470 412 378 505 448 544 369 852 559 951 381 1046 443 597 335 605 346 26 380 1254 712 548 379 599 470 487 384 521 421 923 377 976 414 533 387 561 410 518 389 544 414
275 383 470 484 815 372 943 458 0 391 120 450 1041 333 1251 471 412 377 505 448 544 368 853 561 951 380 1047 443 597 335 605 346 24 380 1255 713 547 379 599 470 487 384 521 421 924 377 976 412 532 386 562 411
274 383 470 484 817 372 944 458 0 391 119 450 1044 332 1253 470 413 378 505 448 543 367 855 559 952 379 1047 445 596 335 605 346 24 378 1252 714 925 377 977 412 547 379 599 471 486 383 521 421 517 389 544 413 551 339 559 352
273 384 469 484 817 372 945 459 0 391 118 450 544 366 854 560 1045 331 1254 471 413 378 505 448 954 379 1046 445 596 335 606 346 24 376 1251 718 926 376 978 413 547 380 600 471 516 388 544 412 551 339 559 353 486 383 521 420
273 384 469 484 825 372 952 459 0 392 112 451 544 367 853 561 1047 332 1254 471 414 378 504 448 955 379 1047 445 596 335 606 346 153 363 265 424 24 373 1248 719 927 376 979 414 548 380 599 470 516 388 544 412 551 339 559 353 485 383 521 421
