

666 378 738 431 1164 389 1209 423
666 379 737 432 1164 391 1207 429
667 380 737 440 1165 392 1209 429 502 385 519 421
1166 393 1210 429 668 381 737 440 499 386 517 422
1166 394 1211 430 667 381 737 441 497 385 515 425
1166 395 1212 430 667 381 737 441 495 385 513 426
667 381 738 442 1167 396 1213 429 493 383 511 427
668 380 738 443 1168 396 1215 429 491 383 509 427
668 381 738 443 1170 397 1216 428 595 388 611 412 488 383 507 426
668 381 738 442 1172 396 1217 427 487 384 505 424
667 381 737 442 1173 396 1218 426 591 388 608 412
667 381 737 441 1175 395 1219 426 588 387 606 413
668 380 737 441 1176 392 1220 421 0 577 1279 714
668 380 738 441 1177 391 1220 422 468 382 486 427 578 387 596 415
668 379 738 441 1178 391 1221 422 576 388 594 416 464 383 484 426
668 380 738 441 1178 394 1223 427 571 387 590 418
668 380 738 442 1179 394 1225 427 566 385 586 419
667 381 738 442 1179 395 1226 428 562 383 584 420
667 381 738 443 1180 395 1227 428 443 397 464 439 561 398 582 429
667 381 738 443 1180 396 1227 427 439 394 461 441 560 399 579 428
667 381 739 443 1181 396 1227 427 549 401 569 428
667 381 739 443 543 398 565 431 1188 395 1228 427
667 380 739 443 539 398 562 432 1189 394 1228 426
667 380 739 442 1188 392 1232 422 536 401 556 430
666 376 740 435 1189 391 1233 422 519 399 543 433
667 376 741 434 1189 390 1234 423 511 398 538 437 393 358 425 447
666 376 741 434 1188 391 1235 422 387 355 420 448 509 399 533 438
667 381 740 441 1191 394 1231 426 492 400 520 442 381 354 418 446
666 381 741 442 1190 395 1231 427 365 348 397 451
666 382 741 443 1191 397 1232 428 631 384 642 404 454 390 499 458 358 346 391 455
665 383 741 444 1191 399 1233 430 630 386 642 407 435 406 484 469 347 347 378 457
664 385 740 445 1192 400 1234 430 629 386 642 409 430 406 477 474 338 367 373 468
663 387 740 445 1193 401 1234 431 627 386 641 410 379 407 435 485 318 363 354 470
663 387 740 445 1194 401 1235 431 373 406 432 492 626 385 640 411 315 358 349 473
663 386 740 445 1194 400 1235 430 625 385 639 411 355 404 415 496 308 355 346 475
663 384 740 444 1195 399 1235 429 624 383 638 409
663 382 740 443 1195 398 1236 427 623 383 637 408
663 383 740 442 1196 398 1236 426 622 383 636 407
662 384 739 441 620 383 635 407 1196 397 1236 425
661 384 739 441 618 384 633 408 1196 397 1236 425 190 350 269 511
661 383 739 442 1195 397 1236 425 615 382 631 409
661 382 739 442 1195 397 1236 426 612 383 630 410
660 382 739 442 1196 398 1236 426 155 341 216 507
659 382 739 442 1198 398 1237 425 602 384 620 409 140 339 202 511
659 381 739 441 601 382 620 411 1200 398 1238 425 100 338 157 516
659 381 739 441 599 381 619 411 1201 398 1239 425 86 340 141 522
659 380 739 441 597 381 617 410
659 380 738 441 595 381 615 410
659 380 738 441 592 382 612 412
658 381 736 441 588 382 609 414
657 382 736 441 586 382 606 415 470 269 496 312
656 383 735 441 584 384 604 416 465 266 492 313
656 383 736 442 460 264 489 314
657 382 736 444 573 386 596 422 455 262 484 315
658 382 736 444 570 385 593 422 451 262 477 315
658 382 736 445 564 384 588 424 445 260 472 305
658 381 735 445 438 258 467 305 559 394 584 434 801 384 909 444
658 380 735 445 432 253 461 304 550 396 574 432 804 381 912 445
658 380 734 444 545 393 571 435 426 252 452 301 808 382 923 446
658 380 735 443 419 245 447 297 537 393 565 438 809 382 930 446
658 380 735 443 412 240 442 294 523 397 550 439
658 380 734 443 517 394 547 443
658 380 733 443 510 395 542 446 395 232 426 284 502 158 605 194
658 380 732 444 500 155 604 190 389 230 419 282
657 380 732 445 459 408 511 472 373 228 401 283
658 380 731 446 453 407 506 477 365 224 397 283
658 381 731 446 432 411 485 485 361 221 390 279 528 140 587 171
658 381 731 446 345 215 377 276 525 133 586 168
658 381 730 446 336 207 374 280 523 128 585 163
658 380 730 446 330 202 370 281
658 379 730 446 314 193 354 269 473 110 586 149
658 378 730 446 308 185 348 266
658 377 730 446 474 80 578 127
658 377 730 446 264 168 307 247 480 73 570 121
657 378 730 446 257 159 302 248 445 58 566 104
656 378 730 445 451 47 560 101
656 379 730 445
656 379 730 445 414 5 546 61 186 127 235 225
655 379 730 445 423 3 538 53 184 123 230 222 164 108 211 208
655 379 730 445 422 0 535 47 159 117 206 219
655 379 730 445
655 379 730 446
654 378 730 447
653 378 730 447
653 377 730 447 1 18 72 165
652 377 730 447
652 378 731 447 1218 397 1253 413
652 378 731 448
652 379 732 449
652 379 733 449
653 381 733 450
653 383 733 450
654 385 733 450
654 387 734 450
654 389 734 451
654 390 734 452
653 392 735 453
653 392 735 455
