

453 180 546 264 0 138 197 306 221 179 313 250 538 233 599 322 715 208 773 251 617 210 636 226 689 214 712 232 539 180 602 276
454 181 547 264 0 137 198 307 223 179 313 250 539 233 599 322 716 209 773 252 618 211 636 227 540 179 602 276 689 215 711 232 593 211 611 233
456 182 550 266 225 182 321 248 0 143 211 308 539 234 599 323 540 167 613 311 715 210 774 252 618 212 636 227 688 217 711 234
457 182 551 265 227 183 323 248 0 144 212 308 541 236 599 320 715 211 773 253 688 217 712 235 542 169 614 307 616 211 636 228
459 182 551 264 229 183 324 248 0 145 213 307 543 236 599 318 716 211 773 254 688 218 712 236 544 184 602 271 617 212 637 229
461 184 550 263 0 147 213 307 232 184 326 248 544 237 599 317 717 211 773 254 545 186 602 269 689 219 712 236 617 213 637 230
462 186 551 264 0 147 214 305 235 184 329 249 546 237 599 318 717 212 775 255 546 187 604 269 617 214 637 231 688 219 712 236
0 148 217 306 463 188 552 265 239 184 331 250 546 237 600 318 718 213 775 254 546 187 603 269 688 220 713 237 616 214 638 232
0 149 223 305 465 188 553 267 243 185 333 250 548 237 601 317 719 213 776 254 547 188 603 270 615 214 638 233 688 220 712 238
0 151 225 306 243 186 333 251 465 189 552 268 548 237 601 317 720 214 777 253 548 188 603 269 616 215 638 233 688 221 711 238
464 189 551 268 244 186 333 251 0 152 226 305 548 237 600 316 547 189 603 269 719 214 777 253 617 216 636 233 688 221 710 239
463 189 550 269 244 187 334 252 0 153 226 305 548 237 599 316 546 189 603 269 617 216 636 234 687 221 712 241 718 211 776 258
464 190 551 269 0 153 227 305 243 187 335 254 549 237 599 315 617 216 636 234 687 221 713 242 546 189 601 269 718 215 775 261
465 190 551 269 244 187 336 255 0 154 227 306 548 238 599 316 686 221 714 242 617 216 637 235 718 216 777 262 546 190 601 268
466 190 551 269 246 187 336 256 0 153 228 307 549 239 599 316 617 217 637 235 718 217 780 262 685 223 713 242 547 190 601 268 593 215 613 237
466 191 551 269 248 187 335 257 0 154 229 307 547 240 597 316 718 218 781 263 617 218 636 236 548 191 602 267 685 224 711 242
465 192 550 270 249 187 335 257 0 155 231 307 546 240 595 316 719 218 781 263 619 220 635 237 547 191 602 268 685 225 710 242
248 188 334 258 465 192 550 271 0 155 229 309 546 240 595 316 547 192 602 269
248 189 334 259 467 192 551 273 0 154 228 312 548 239 596 315 727 216 787 264 621 221 635 239 548 191 602 270
249 189 335 261 0 153 228 316 470 192 553 273 551 238 599 315 730 214 801 267 620 221 637 240
248 188 335 263 0 153 229 317 472 192 555 273 554 237 602 315 734 214 806 269 620 222 638 240
248 188 336 264 0 153 229 318 737 214 813 270 475 193 563 271 555 237 604 316 619 222 640 241 638 224 654 238
0 153 231 317 247 189 337 264 742 215 819 271 476 194 565 271 557 237 605 316 619 222 641 241 637 224 655 239 712 230 740 250
2 152 233 317 252 193 344 261 478 194 567 272 559 238 606 316 749 214 831 272 638 224 656 240 617 221 641 241 715 230 742 249
256 191 347 261 8 152 236 317 482 194 568 272 754 215 831 273 562 239 608 315 639 223 658 240 715 231 743 249
261 190 351 261 485 194 571 271 12 153 240 317 759 215 834 273 564 240 610 314 639 222 659 241 567 203 622 289
264 189 354 262 487 195 573 271 15 155 243 316 763 216 839 274 567 201 623 291 641 221 660 241 565 240 610 314
268 189 357 264 16 157 249 317 766 217 843 275 489 202 575 276 571 239 620 316 642 221 663 242
271 189 360 265 17 158 255 317 768 218 845 276 491 202 578 277 575 237 622 316
273 190 362 265 19 160 260 317 494 202 581 277 770 219 847 277 575 200 627 294
278 195 365 261 21 160 263 316 774 217 858 278 496 203 581 277 576 200 628 295 738 230 769 255
282 193 368 261 777 218 863 279 498 201 590 279 36 158 269 314 580 237 628 314
286 191 371 262 36 156 271 312 780 218 869 279 500 201 592 279 582 238 629 314 739 229 772 253
291 190 376 263 41 155 272 311 784 219 874 279 503 202 596 277 586 238 631 313 642 222 663 239
48 156 275 310 294 191 379 264 787 218 876 279 508 203 599 276 588 241 633 312 750 227 791 257 591 197 645 294
57 157 280 309 296 192 384 264 796 217 886 281 514 204 602 275 754 228 792 257 594 199 646 292 0 208 57 270 590 241 634 309
66 159 289 309 800 216 889 282 305 195 392 259 519 198 602 266 598 201 648 291 0 209 61 269 757 228 793 257 602 250 640 302
73 160 299 308 308 195 397 259 804 216 893 282 523 199 603 266 0 208 73 271 606 249 644 301 604 203 650 290 760 229 794 255
76 163 305 307 312 193 402 258 808 216 896 282 528 204 612 273 0 208 76 271 609 250 647 301 607 204 653 290 762 228 797 255
94 164 315 304 811 216 899 282 532 205 617 273 317 194 406 259 0 208 81 270 613 250 652 300 611 206 655 290
101 166 318 302 536 206 620 272 814 217 903 282 332 202 415 257 0 209 84 269 616 251 654 300
818 216 913 284 111 170 322 301 336 203 419 258 540 206 624 272 0 209 86 269 624 248 660 299 620 208 667 287
819 214 916 284 338 201 423 259 119 173 326 301 543 207 624 272 625 248 661 299 621 207 668 287 2 214 115 268
820 213 920 287 128 175 333 301 335 196 428 261 546 207 626 273 627 249 662 300 623 209 669 287 774 226 815 259
822 213 925 289 133 176 339 300 335 193 432 262 549 207 626 273 628 250 663 300 625 209 671 286 0 208 64 387
823 215 928 291 152 175 351 301 550 207 627 273 338 192 434 262 0 209 80 387 630 252 665 301 628 209 672 287
823 216 929 293 156 174 350 302 358 203 436 259 550 207 627 273 631 252 666 302 629 209 673 287 0 205 111 384
824 216 931 295 162 174 349 301 360 204 437 259 551 206 632 274 0 189 123 383 632 251 666 302 630 210 674 287
825 216 934 298 170 176 350 299 361 205 440 259 552 207 632 274 633 251 666 301 1 177 135 378 631 210 673 288
825 216 937 299 363 205 440 260 175 180 352 297 553 208 632 274 0 150 166 397 634 252 666 300 631 210 672 288
826 216 938 300 0 176 180 377 363 205 440 261 175 184 353 297 551 210 626 273 634 253 665 299 630 211 670 288 774 236 812 265
837 215 942 303 364 204 438 261 173 185 351 298 552 211 625 274 0 181 187 377 632 254 664 299 628 212 671 288 765 239 799 262
831 222 950 304 552 211 624 275 364 204 438 262 171 187 351 297 0 180 209 373 630 253 664 300 627 213 670 287
830 220 954 307 551 211 624 275 366 204 438 262 173 189 350 297 0 181 220 368 628 252 663 300 625 214 670 287 765 238 800 262
830 219 956 308 550 212 624 276 365 205 437 262 176 192 350 297 0 180 227 365 628 253 662 300 2 259 141 706 666 231 685 249 625 215 668 287 763 237 802 264
831 218 960 309 547 212 621 276 364 206 434 262 183 190 348 299 0 261 168 707 627 252 660 300 665 230 685 249 6 186 231 362 761 235 804 266 624 215 665 288
831 217 963 310 543 211 616 275 361 206 432 261 186 187 346 299 1 272 211 693 758 233 806 267 622 255 652 298
830 217 967 309 539 208 611 274 351 202 429 263 188 184 344 299 0 0 236 671 619 253 653 300 756 232 804 266 617 212 655 292
0 0 268 605 829 209 973 309 536 206 607 273 349 202 427 262 617 253 651 298 185 181 344 298 616 210 654 289 756 230 805 265
2 0 285 595 343 202 419 260 835 210 968 318 612 252 646 296 611 212 650 288 754 230 800 264 529 208 611 272
4 0 297 579 829 202 970 315 519 206 593 273 607 250 639 295 748 228 799 263 320 200 404 262 605 213 644 287 0 278 267 691
12 0 312 564 828 209 972 318 510 206 588 272 316 203 398 260 0 271 302 698 635 221 661 241 597 253 626 293 593 209 629 287
26 0 324 557 821 201 973 317 591 249 622 294 504 197 587 267 589 207 626 288 7 272 309 697 311 204 390 258 726 227 785 262 620 220 641 242 635 222 658 240
817 199 978 319 55 0 354 561 493 200 570 266 616 221 639 241 23 276 320 680 722 229 781 263 584 249 615 291 1 178 62 386 580 209 621 285
813 198 982 320 486 200 563 265 63 4 359 556 39 271 326 676 0 190 77 374 611 221 636 240 570 251 601 288
811 195 988 322 105 32 355 524 98 293 340 660 473 199 553 264 0 184 118 375 565 247 598 290 564 206 602 286 597 220 617 240
808 192 991 324 469 198 550 266 112 301 345 650 0 184 132 380 97 11 380 565 560 247 592 291 594 219 617 239 558 207 596 286
150 31 380 528 809 197 1005 333 462 197 543 267 0 186 160 376 142 302 370 635 589 219 614 240 556 248 586 291 552 208 592 286
164 35 386 524 811 196 1016 334 0 186 174 372 457 198 536 266 688 211 767 268 585 219 611 240 159 308 372 622 546 251 577 290 386 210 418 239
176 40 391 522 814 195 1029 336 0 186 188 371 448 200 528 263 542 248 575 291 387 212 427 241 684 212 765 268 540 207 579 285 584 220 609 240 573 219 596 241 197 282 408 587
0 185 224 371 813 193 1042 338 198 51 408 509 447 202 526 263 188 292 386 582 540 246 572 291 684 200 769 267 538 208 577 284 573 219 597 240 393 213 429 241 584 220 608 239
0 186 232 369 212 61 416 505 827 191 1060 345 213 295 408 575 445 207 523 272 682 211 767 269 537 246 569 291 571 218 595 240 535 209 575 285 411 212 446 239
0 187 244 365 836 188 1071 349 229 68 423 506 228 294 411 573 442 206 520 272 534 247 567 291 682 210 768 270 569 218 593 240 532 210 573 285 418 213 450 241
3 188 252 361 843 186 1088 355 243 73 429 501 244 295 415 563 438 207 517 272 681 211 768 271 532 248 565 291 567 219 591 240 529 211 571 285
3 188 258 358 263 73 444 487 827 191 1115 367 253 295 419 550 438 209 515 271 680 212 769 272 530 248 563 291 566 220 590 240 528 211 568 285
5 187 264 356 272 82 452 473 859 185 1137 364 680 215 771 272 276 297 439 536 529 249 561 290 566 221 588 241 527 210 566 285
6 188 269 353 855 195 1167 375 286 91 460 462 680 216 772 272 528 249 560 290 527 209 564 285 567 222 587 241 290 296 450 534
868 194 1191 380 7 190 274 353 301 93 465 408 680 216 772 273 302 268 464 521 528 249 559 290 569 223 585 241 527 208 564 285 536 225 559 272
880 191 1213 384 8 193 277 350 319 97 481 402 680 216 772 273 528 249 559 289 308 286 468 503 568 224 586 241 526 209 564 285 241 198 317 257 536 226 560 272 834 126 961 337
21 196 291 353 883 189 1242 390 329 110 487 391 680 217 773 274 336 290 474 498 243 198 321 259 529 250 558 288 566 224 587 242 830 100 990 366 536 225 560 273
28 197 297 352 913 184 1272 400 338 118 498 386 346 290 479 493 680 219 775 275 243 199 323 260 529 250 558 288 835 102 1004 369 0 184 59 303 525 209 564 285
915 186 1279 407 38 195 308 351 352 117 506 431 360 288 488 487 682 219 776 275 0 187 63 298 247 200 326 260 531 250 560 288 839 99 1016 373 526 209 565 285
45 193 318 349 927 185 1279 412 358 118 513 431 369 286 494 482 685 218 775 276 0 190 66 298 532 249 562 289 860 95 1031 369 526 211 566 285 566 224 591 243 248 200 326 259
55 193 323 344 953 178 1279 423 375 127 532 384 691 211 803 280 0 194 82 295 388 278 511 472 870 87 1047 376 534 249 564 289 528 213 570 285 567 223 592 244
75 195 334 345 986 186 1277 459 386 129 538 416 0 190 85 295 398 282 514 463 694 212 805 282 536 248 566 290 876 86 1064 381
90 195 334 341 1010 184 1275 475 398 134 547 412 0 187 88 295 411 284 520 455 697 211 806 285 906 82 1098 385 539 249 567 290
98 194 340 339 1024 164 1276 500 408 134 552 411 1 186 90 294 420 289 526 451 700 212 806 285 915 82 1113 392 541 249 568 290
106 194 349 337 1048 170 1274 498 0 186 92 293 430 292 531 447 709 210 832 286 414 138 556 410 543 252 571 289 949 82 1151 397
109 195 358 336 0 186 94 294 710 211 834 288 431 146 573 402 438 294 534 444 1063 202 1272 552
113 198 366 335 0 187 107 298 1120 205 1275 549 713 211 836 290 443 147 575 356 453 289 548 440 586 231 608 249
114 200 370 334 0 189 112 297 448 148 579 356 459 288 552 441 716 212 838 289 1139 225 1276 533
136 203 379 338 0 192 118 296 455 152 585 349 469 289 562 440 724 212 863 289
148 202 383 337 0 196 125 296 462 156 589 384 474 276 579 429 726 211 863 291
159 202 387 336 0 193 136 302 468 158 593 384 479 275 584 426 727 211 864 293
166 202 391 335 0 192 143 303 470 161 595 380 482 274 585 424 728 211 867 296 593 232 610 248
170 203 398 332 4 192 154 301 473 165 597 378 729 206 901 294 596 232 613 248 484 268 587 421
194 207 411 331 10 194 163 300 490 166 611 376 503 260 599 416 733 206 905 294 143 194 265 291 599 231 616 249
200 207 418 330 16 196 171 298 508 262 603 410 496 167 616 377 148 193 265 293 745 203 967 297 612 234 631 250
