

1 269 76 403 0 496 1178 671 732 224 755 270 463 254 483 292
0 289 61 395 0 496 1179 671 732 225 754 270 463 254 483 292
0 497 1180 672 732 225 754 270 463 254 483 292 0 288 38 397
0 497 1179 672 732 226 754 270 462 254 483 292
0 497 1178 671 732 226 754 270 462 254 483 293
0 497 1177 671 732 226 754 270 462 254 483 293
0 497 1177 671 732 225 754 270 462 254 483 293
0 497 1176 671 732 225 754 270 462 254 483 293
0 497 1176 671 732 225 754 270 462 254 483 292
0 497 1176 671 732 225 754 270 462 254 483 292
0 497 1176 670 732 225 754 270 462 255 483 292
732 225 754 270 0 498 1175 670 462 255 483 292
732 225 755 270 0 499 1174 669 462 256 483 292
732 225 755 270 0 499 1173 669 462 256 483 292
732 225 755 270 0 491 1258 681 462 256 483 292
732 225 755 270 0 492 1258 680 462 256 483 292
732 226 755 270 0 492 1257 681 462 256 483 292
733 226 755 270 0 499 1168 669 462 256 483 293
732 225 755 270 0 499 1168 669 462 256 484 293
733 226 755 270 0 498 1167 669 462 256 484 293
733 227 754 270 0 490 1258 680 462 256 484 293
734 227 754 270 0 490 1260 681 462 256 483 293
733 227 754 270 0 490 1258 681 463 255 483 293
733 227 754 270 0 490 1257 680 463 255 484 292
0 490 1254 681 733 226 754 270 462 255 484 292
0 489 1251 681 733 225 754 270 462 255 483 292
0 489 1250 681 732 224 754 270 462 256 483 292
0 489 1249 681 732 224 754 270 462 256 483 293
0 489 1255 681 732 224 754 270 462 256 483 292
0 488 1254 682 732 226 754 270 463 255 483 293
0 489 1256 682 732 226 754 271 463 256 483 293
0 495 1168 669 732 227 754 271 463 255 483 293
0 490 1251 681 733 227 754 271 463 255 483 292
0 497 1165 669 733 227 754 271 463 255 483 292
0 496 1163 669 732 226 754 271 463 255 483 292
0 495 1162 669 732 226 754 271 463 255 483 292
732 226 754 271 0 494 1164 669 463 255 483 292
733 227 754 270 0 488 1256 681 463 254 483 292
0 488 1256 682 732 226 754 271 463 254 483 292
0 486 1264 681 463 255 483 292 733 229 752 270
0 484 1262 682 733 228 752 270 462 256 484 293
0 481 1260 681 462 256 484 292 733 230 751 269
0 483 1254 683 733 230 752 268 463 255 483 292
0 482 1255 683 734 232 752 267 464 255 483 292
0 484 1262 685 734 233 752 267 464 256 483 293
0 484 1263 684 463 255 483 293 734 233 751 269
0 485 1266 683 463 255 483 293 734 234 750 270
0 486 1258 682 463 254 483 293 735 234 751 271
0 486 1257 684 463 254 483 293 735 235 751 272
0 486 1258 684 463 254 483 293 734 233 752 271
0 486 1264 685 463 254 483 293 734 233 752 271
0 486 1267 684 463 253 483 293 734 233 752 271
0 485 1263 684 734 232 752 271 463 252 483 293
0 484 1263 683 734 231 752 271 463 253 483 292
0 483 1260 683 733 230 752 270 462 254 483 292
0 483 1261 683 734 232 753 270 463 254 482 292
0 483 1258 682 734 232 753 270 463 255 482 292
0 482 1259 682 734 233 753 270 463 254 482 292
0 483 1255 681 733 231 753 270 463 254 483 292
0 484 1257 682 733 230 753 270 463 254 483 293
0 486 1253 682 732 227 754 270 463 255 484 293
0 486 1256 683 732 227 754 270 463 255 483 293
0 487 1251 683 733 227 754 270 463 255 483 293
0 486 1253 682 733 228 754 270 463 256 483 293
0 486 1252 682 733 228 754 270 463 256 483 293
0 485 1256 682 733 229 754 270 463 256 483 293
0 486 1256 682 733 229 754 270 463 256 483 293
0 488 1256 682 733 229 754 270 0 339 59 556 463 256 483 293
0 343 68 554 0 489 1254 683 733 229 754 270 463 256 483 293
0 345 76 554 0 490 1254 683 733 229 754 270 463 255 483 293
0 345 84 556 0 490 1253 683 733 228 753 270 463 255 483 293
0 338 109 564 0 490 1254 683 733 228 753 270 463 255 483 293
0 358 112 572 0 490 1251 682 733 227 753 270 463 255 483 293
0 334 124 566 0 490 1250 683 733 227 753 270 463 254 483 293
0 332 130 562 0 490 1250 683 733 227 753 270 463 254 483 293
0 303 151 573 0 488 1252 683 733 226 753 270 463 254 483 293
2 298 162 575 0 487 1252 683 732 226 753 270 463 254 484 293
2 291 174 578 0 487 1249 683 732 225 754 270 463 254 484 293
3 282 180 580 0 487 1248 684 733 225 754 270 463 254 484 293
4 282 204 575 0 486 1247 684 733 226 753 270 463 254 484 293
2 276 210 575 0 485 1248 684 733 226 753 270 463 254 484 293
2 270 217 579 0 484 1248 684 733 225 753 271 463 254 484 293
3 264 221 585 0 484 1248 684 733 225 753 271 463 254 484 293
4 257 231 588 0 483 1245 684 733 225 753 271 463 254 484 293
3 256 240 584 0 483 1243 683 733 225 753 271 462 254 484 293
0 238 250 560 0 484 1243 683 733 225 754 270 462 254 484 293
0 263 250 538 0 484 1245 683 733 224 754 270 462 254 484 294
0 260 256 540 0 485 1246 683 733 223 754 270 463 253 484 294
0 255 266 542 733 224 754 270 0 486 1247 683 463 253 484 294
2 255 278 540 0 487 1245 683 733 223 754 270 463 253 484 294
4 258 286 540 0 486 1245 683 733 224 754 270 463 253 484 294
5 261 296 538 0 485 1246 683 733 224 754 270 463 253 484 294
6 262 304 537 733 225 754 270 0 485 1247 683 462 253 484 294
5 263 315 533 733 225 754 270 0 483 1242 683 462 253 484 294
3 263 319 532 733 225 754 270 0 483 1236 683 462 252 484 294
3 263 325 527 733 225 754 270 0 483 1229 683 462 252 484 294
6 263 332 522 733 225 754 270 0 485 1224 682 462 251 484 294
6 263 339 516 733 226 754 270 0 485 1222 682 462 251 484 294
