

96 397 313 513 501 369 805 578 270 395 387 474 783 378 870 434 382 394 397 442 956 380 1143 495
96 397 313 513 501 369 805 578 270 395 387 474 783 378 871 434 382 394 397 442 956 380 1143 495
96 397 313 513 501 369 805 578 270 395 387 474 783 379 871 434 382 394 397 442 956 379 1143 495
96 397 313 513 501 369 805 579 270 395 387 474 783 378 871 434 382 394 397 442 956 379 1143 495
96 397 313 513 502 369 804 579 270 395 387 474 783 378 871 434 382 394 397 442 956 379 1143 495
96 397 313 513 502 368 804 579 270 395 387 474 783 379 871 434 382 394 397 442 417 398 438 441 956 379 1143 495 860 378 917 455
96 397 313 513 502 368 804 578 270 395 387 474 783 379 871 434 382 394 397 442 417 398 438 441 956 379 1143 495 860 378 917 455
96 397 313 513 502 368 804 579 270 395 387 474 783 379 871 434 382 394 397 442 417 398 438 441 956 379 1143 495 860 378 917 455
96 397 313 513 502 368 804 579 270 395 387 474 783 379 871 434 382 394 397 442 417 398 438 441 955 379 1143 494 860 378 917 455
96 397 313 513 502 368 804 579 270 395 387 474 783 379 871 434 382 394 397 442 417 398 438 441 867 359 910 449 955 379 1143 495
96 397 313 513 502 367 804 579 270 395 387 474 783 379 871 434 382 394 397 442 867 359 910 449 417 398 438 441 955 379 1143 494
96 397 313 513 502 367 804 578 270 395 387 474 783 379 871 434 382 394 397 442 866 358 910 449 955 379 1144 494
96 397 313 513 502 367 804 578 270 395 387 474 783 378 871 434 382 394 397 442 866 359 910 449 955 379 1144 494
96 397 313 513 502 367 805 578 270 395 387 474 783 378 871 434 382 394 397 442 866 359 910 449 955 379 1144 494
96 397 313 513 502 367 805 578 270 395 386 474 782 378 871 434 382 394 397 442 866 360 910 448 955 379 1143 494
96 397 313 513 502 367 805 578 270 395 386 474 782 378 871 434 382 394 397 442 860 378 917 455 955 379 1144 493
96 397 313 513 502 367 805 578 270 395 386 474 782 378 871 434 382 394 397 442 955 379 1144 493
96 397 313 513 501 367 805 578 270 395 386 475 782 378 871 434 382 394 397 442 955 379 1145 494
96 397 313 513 501 367 805 578 270 395 386 475 783 378 871 434 382 394 397 442 955 380 1145 494
96 397 313 513 501 367 805 578 270 395 386 475 783 378 871 434 382 394 397 442 955 381 1145 494
96 397 313 513 501 367 805 579 270 395 386 475 783 378 871 434 382 394 397 442 956 380 1145 494
95 397 313 513 501 367 805 578 270 395 387 475 783 378 871 435 382 394 397 442
95 397 313 513 501 367 805 578 270 395 387 474 783 378 871 435 382 394 397 442 955 378 1146 495
95 397 313 513 502 367 805 578 270 395 387 474 783 378 871 435 382 394 397 442
95 397 313 513 502 367 805 578 270 395 387 474 783 378 871 435 861 361 904 447 382 394 397 442
95 397 313 513 502 367 804 578 270 395 387 474 783 378 871 435 861 361 904 447 382 394 397 442
96 397 313 513 502 367 804 579 270 395 387 474 783 378 871 435 861 361 904 447 382 394 397 442
96 397 313 513 502 367 804 579 269 395 387 474 783 378 871 435 861 361 904 447 382 394 397 442
95 397 313 513 502 367 804 579 269 395 387 474 783 378 871 435 861 361 904 447 382 394 397 442
95 397 313 513 502 367 804 579 269 395 387 474 783 378 871 435 862 360 904 447 382 394 397 442
95 397 313 513 503 367 804 578 269 395 387 474 783 378 871 435 861 360 904 447 382 394 397 442
95 397 313 513 503 367 804 578 269 395 387 474 783 378 871 435 861 360 904 447 382 393 397 442
95 397 313 513 503 367 804 578 269 395 387 474 783 377 871 435 861 360 904 448 382 393 397 442 955 402 1051 485
95 397 313 513 503 367 804 578 269 395 387 474 783 377 871 435 861 360 904 447 382 393 397 442 955 402 1051 485
95 397 313 513 503 367 804 577 269 395 387 474 783 377 871 435 861 360 904 447 382 393 397 442 954 401 1051 485 976 349 1025 439
95 397 313 513 503 366 804 577 269 395 387 474 783 377 871 435 861 360 904 447 382 393 397 442 954 401 1051 485 975 350 1023 438
95 397 313 513 503 366 803 577 269 395 387 474 783 377 871 435 861 359 904 447 382 393 397 442 955 400 1051 485 974 352 1022 437
96 397 313 513 503 367 803 578 269 395 387 474 783 377 871 435 861 359 903 447 382 393 397 442 974 354 1019 435 955 400 1051 485
96 397 313 513 503 367 803 578 270 395 387 474 783 377 871 436 861 359 903 447 382 393 397 442 972 355 1017 435 955 400 1051 485
96 397 313 513 503 367 803 578 270 395 387 474 783 377 871 436 861 359 903 447 382 393 397 442 971 355 1015 436 955 400 1051 485
95 397 313 513 503 367 803 578 270 395 387 474 783 377 871 436 861 360 903 446 382 393 397 442 969 356 1014 436 955 400 1050 485
95 397 313 513 503 367 803 578 270 395 387 474 784 377 871 435 860 360 903 446 382 393 397 442 967 356 1013 437 955 401 1050 485
95 397 313 513 503 367 803 577 270 395 387 474 783 377 871 435 860 360 903 446 382 393 397 442 966 355 1011 438 955 384 1146 497
95 397 313 513 503 367 803 578 270 395 387 474 783 377 871 435 860 360 904 446 382 393 397 442 965 355 1011 439 956 384 1145 498 954 400 1050 485
95 397 312 513 503 367 804 578 270 395 387 474 783 377 871 435 860 360 904 446 382 393 397 441 957 384 1145 497
95 397 312 513 503 367 804 578 270 395 387 474 783 377 871 435 860 360 904 445 382 393 397 441 959 354 997 437 958 384 1145 497
95 397 312 513 503 366 804 578 270 395 387 474 783 377 871 435 861 360 904 445 382 393 397 442 956 354 996 437 959 385 1145 497
95 397 312 513 503 366 804 578 270 395 387 474 784 377 871 435 861 360 904 445 382 393 397 442 952 355 993 438 950 402 1050 484 959 385 1145 497
95 397 313 513 503 366 804 578 270 395 387 474 785 378 871 435 862 360 904 446 382 393 397 442 949 356 989 438 949 403 1051 484
95 397 313 514 503 365 804 578 270 395 387 474 786 378 871 434 862 360 904 446 381 393 397 442 945 357 985 439
95 397 313 514 503 365 804 577 270 395 387 474 786 378 871 434 944 357 983 441 381 393 397 442 867 360 911 448
95 397 313 514 503 365 804 577 270 395 387 474 785 378 871 434 942 357 983 444 381 393 397 443 868 360 911 448 962 383 1144 497
95 397 313 514 503 366 804 576 270 395 387 474 785 378 871 435 936 357 977 448 381 393 397 443 868 360 912 448 961 383 1144 497
96 397 313 514 503 366 803 576 270 395 387 474 786 377 870 435 935 358 976 447 381 393 397 443 868 360 912 448 960 383 1144 497
96 397 313 514 503 365 804 576 270 395 387 474 785 378 870 435 933 357 974 447 381 393 397 443 863 360 903 447 959 383 1143 497
96 397 313 514 503 365 804 576 270 395 387 474 785 378 871 435 930 357 971 450 381 393 397 443 862 360 903 447 957 382 1143 497
96 397 313 514 503 365 804 577 270 395 387 474 785 377 871 435 927 356 969 453 381 393 397 443 862 360 904 447 957 383 1144 497
96 397 313 514 504 365 804 577 270 395 387 474 785 377 871 435 924 362 968 464 381 393 397 443 862 360 904 447 957 382 1144 497
96 397 313 514 504 365 804 577 270 395 387 474 785 377 871 435 921 360 967 464 867 360 911 446 381 393 397 442 958 383 1144 498
96 397 313 514 503 366 804 578 270 395 387 474 784 377 871 435 920 359 967 465 866 359 911 447 381 393 397 442 958 383 1144 498
95 397 313 514 504 365 803 578 271 395 387 474 784 378 871 434 919 359 967 465 865 358 911 446 381 393 397 442 958 383 1144 498
95 397 313 514 504 365 803 579 270 395 387 474 784 378 871 434 919 359 966 466 860 358 907 446 381 393 397 442 958 383 1144 498
95 397 313 514 505 365 803 579 270 395 387 474 784 378 871 434 918 359 966 466 860 358 907 445 381 393 397 442 959 383 1144 498
95 397 313 514 505 365 804 578 270 395 387 474 783 378 871 434 916 358 965 467 860 358 907 444 381 393 397 443 959 383 1144 497
95 397 313 514 504 365 804 578 270 395 387 474 783 378 871 434 914 357 965 469 860 358 906 443 959 383 1145 497 381 393 397 443
95 397 313 514 270 395 387 474 504 365 804 578 783 378 871 435 912 356 965 470 958 382 1145 498 860 359 906 442 381 394 397 443
95 397 313 514 504 365 804 578 270 395 387 474 783 378 871 435 910 356 964 471 958 382 1145 498 861 359 906 443 381 393 397 443
95 397 313 514 504 365 804 578 270 395 387 474 783 378 871 435 908 357 957 468 958 381 1145 498 861 359 905 443 381 393 397 443
95 397 313 514 504 364 804 579 270 395 387 474 907 358 957 469 783 377 871 435 861 359 905 444 959 381 1145 497 381 393 397 443
95 397 313 514 504 364 805 579 270 395 387 474 906 358 958 469 783 377 871 435 861 360 904 445 381 393 397 443 960 381 1145 497
95 397 313 514 504 365 804 579 270 395 387 474 905 358 958 469 783 377 871 435 861 360 904 445 381 393 397 443 960 381 1144 497
95 396 313 514 504 364 804 579 270 395 387 474 905 359 957 470 783 377 871 435 861 360 904 445 381 393 397 443 960 382 1144 497
95 396 313 514 505 364 804 579 270 395 387 474 904 360 955 469 783 377 871 435 861 361 904 445 381 393 397 443 960 382 1145 497
95 396 313 514 506 364 803 579 271 395 387 474 903 361 954 470 783 377 870 435 861 363 904 445 381 393 397 443 960 381 1145 497
96 396 313 514 505 364 803 579 271 395 387 474 902 361 953 471 783 377 870 435 861 363 904 445 959 381 1145 497 381 393 397 443
96 396 313 514 901 360 951 471 505 365 803 580 270 395 387 474 783 378 870 435 861 363 904 445 958 381 1145 496 381 393 397 443
96 396 313 514 899 360 950 472 505 365 804 579 270 395 387 474 783 378 870 435 956 381 1146 496 381 393 397 443 860 364 903 445
96 396 313 514 897 360 949 471 504 365 804 579 270 395 387 474 783 378 869 435 955 381 1146 496 381 393 397 443 860 364 902 445
96 396 313 514 895 360 948 471 504 365 804 578 270 395 387 474 783 378 869 435 955 382 1146 496 860 364 901 446 381 393 397 443
96 396 313 514 894 360 947 472 504 365 804 578 270 395 387 474 783 378 869 435 861 364 900 446 956 382 1146 496 381 393 397 443
96 396 313 514 894 360 946 473 504 365 804 578 270 395 387 474 783 377 869 435 861 364 900 446 956 382 1145 496 381 393 397 443
96 396 313 514 893 360 945 474 504 365 804 578 270 395 387 474 783 377 869 435 862 364 900 446 956 382 1145 496 381 393 397 443
893 360 944 475 96 396 313 514 504 365 803 579 270 395 387 474 783 378 869 435 955 382 1145 497 861 365 899 446 381 393 397 443
893 360 943 476 96 396 313 514 504 366 803 579 270 395 387 474 783 377 870 435 954 382 1146 497 861 365 898 445 381 393 397 442
893 360 942 478 96 396 313 514 504 365 803 579 270 395 387 474 783 377 870 435 954 382 1146 497 860 366 897 445 381 393 397 443
892 359 942 479 96 396 313 514 505 366 803 580 270 395 387 474 784 377 871 435 860 365 897 445 954 382 1146 496 381 393 397 443
892 358 942 479 96 396 313 514 505 366 802 580 270 395 387 474 784 377 871 435 860 366 897 446 954 382 1146 496 381 393 397 443
892 357 943 480 96 396 313 514 505 366 802 580 270 395 387 474 783 377 872 435 860 366 897 446 954 382 1146 496 381 393 397 443
891 356 943 480 96 396 313 514 506 366 801 581 270 395 387 474 783 377 872 435 954 381 1146 497 860 366 897 445 381 393 397 443
890 355 944 479 96 396 313 514 506 365 801 581 270 395 387 474 782 377 872 435 953 381 1147 497 859 366 896 446 381 393 397 443
890 355 944 479 96 396 313 514 506 365 800 581 270 395 387 474 782 377 872 435 953 381 1147 497 859 367 896 445 381 393 397 443
889 355 943 480 96 396 313 514 506 365 800 581 270 395 387 474 782 377 872 435 953 381 1147 497 858 367 895 445 381 393 397 442
889 356 943 481 96 396 313 514 506 365 800 581 270 395 387 474 782 377 871 435 858 367 895 445 953 381 1147 497 381 393 397 442
888 356 944 482 96 396 313 514 506 365 800 582 270 395 387 474 782 377 871 435 953 381 1147 496 856 367 894 445 381 393 397 442
888 357 944 482 96 396 313 514 506 365 801 582 270 395 387 474 782 376 871 435 953 381 1147 496 855 367 894 444 381 393 397 442
888 357 944 483 96 396 313 514 506 366 801 582 270 395 387 474 782 377 870 435 954 381 1147 496 381 393 397 442 854 368 893 443
888 357 944 486 96 396 313 514 505 366 801 582 270 395 387 474 782 377 869 435 953 381 1147 496 381 393 397 442 853 368 893 442
887 357 943 489 96 396 313 514 505 366 801 582 270 395 387 474 782 377 868 435 953 381 1147 496 381 393 397 442
