

742 385 1264 695 639 360 732 545 445 360 527 507 410 376 437 420 655 467 734 574
743 385 1263 695 639 360 732 545 445 360 527 506 655 467 734 574 409 375 436 421 543 315 558 335
746 385 1261 695 639 360 732 545 445 360 527 506 655 467 734 573 408 375 436 421 543 315 558 335
747 385 1260 695 639 360 732 545 446 360 527 506 655 467 734 572 543 315 558 335
748 385 1259 696 639 360 732 546 446 361 527 506 655 467 734 572 542 315 557 335
748 385 1259 696 639 360 732 546 446 361 527 506 655 467 734 572 542 315 557 335
748 385 1260 696 639 360 732 545 446 362 527 507 655 450 737 584 401 395 428 430 542 315 557 336
748 385 1260 695 639 360 732 546 446 361 527 507 655 450 737 584 398 379 427 420 542 315 558 336
749 385 1259 695 639 360 732 546 446 361 527 508 397 378 426 422 667 465 729 575
751 385 1259 694 639 360 732 546 446 361 527 507 396 377 426 422 655 468 733 572
753 385 1258 694 639 360 732 546 446 361 527 506 394 377 424 422 655 467 733 572
754 385 1258 693 639 360 732 546 446 361 527 505 394 397 422 434 655 467 733 572
755 385 1257 693 639 360 732 546 447 361 526 505 392 397 421 434 655 467 734 572
757 385 1257 693 639 360 732 547 447 361 526 504 388 375 416 425 655 467 734 572
758 385 1256 692 638 359 732 547 447 361 526 504 389 397 418 436 655 468 734 571
753 385 1257 691 638 359 732 547 447 361 526 504 387 397 416 437 655 468 734 571
746 384 1260 691 639 359 732 547 447 360 526 504 384 397 414 439 655 468 734 572
740 385 1262 691 639 360 732 546 447 360 526 504 381 397 413 440 655 468 734 572 453 428 518 520
738 385 1263 691 639 360 732 546 447 360 526 504 380 396 411 441 654 468 734 571
739 385 1263 690 639 361 731 545 447 360 526 503 654 468 734 571 380 396 410 442
740 386 1263 690 639 361 731 544 447 360 526 503 372 400 404 444 654 468 734 571 373 376 400 417
744 386 1261 690 639 361 732 544 447 360 527 502 369 401 403 446 453 426 518 521 654 468 733 571 371 375 399 417
745 386 1260 691 639 360 732 545 447 360 527 502 367 401 402 447 453 426 518 521 654 468 733 572 368 373 398 419
747 386 1259 691 648 361 737 538 447 360 526 502 364 401 398 448 453 426 518 520 654 468 733 572 365 374 395 418
748 386 1258 691 649 361 737 538 447 360 526 502 361 400 394 448 453 426 518 521 654 468 733 572 362 375 393 417
750 387 1258 691 649 361 737 537 447 360 526 502 359 398 391 449 654 468 733 572 453 426 518 521 360 375 391 416 564 373 590 388
753 387 1257 691 648 361 737 537 447 359 526 502 357 398 390 450 654 451 737 589 453 426 518 521 359 375 390 417 564 373 590 388
752 386 1258 692 648 362 737 536 447 359 526 502 653 451 737 587 453 426 518 520 350 384 392 455 541 372 569 388 564 374 590 388
750 385 1259 692 639 361 732 543 447 359 526 502 653 451 737 585 453 426 518 520 345 385 388 454 541 372 569 388
746 384 1260 693 639 360 732 543 447 359 526 501 344 386 386 457 653 451 738 585 453 426 518 520 541 371 569 388
744 384 1260 693 639 360 732 543 447 359 526 501 341 386 383 458 653 451 739 585 453 425 518 520 541 371 568 388
745 384 1259 693 639 360 732 543 447 359 526 501 337 385 379 459 653 450 739 584 453 426 518 520 540 372 568 388
748 385 1258 693 639 361 731 542 447 359 527 502 331 382 374 460 653 450 739 585 453 427 518 520 540 372 568 389
750 386 1258 693 640 362 731 541 447 358 527 502 326 379 371 462 653 449 739 585 453 428 518 520 411 370 448 392 540 372 568 389
751 386 1257 693 640 362 731 541 447 358 527 502 653 449 740 585 323 378 370 463 453 428 518 520 411 370 448 392 540 372 568 389
750 386 1257 693 639 362 732 542 447 359 526 502 319 377 361 465 653 448 739 586 453 428 518 520 539 372 568 389 411 370 448 392
750 386 1257 693 639 361 732 543 448 359 526 502 315 375 358 465 653 447 739 586 453 428 518 520 540 372 568 389
749 386 1257 694 639 360 732 545 448 359 526 502 310 404 354 479 309 364 354 442 653 446 739 587 453 428 518 520 539 372 568 389
748 385 1258 694 639 360 731 544 305 370 350 466 448 359 526 503 652 446 739 587 453 429 518 519 540 372 568 389
748 386 1258 694 639 360 731 544 447 359 526 503 300 366 348 468 652 445 739 587 453 428 518 520 540 372 568 388
749 386 1259 694 640 360 731 544 447 359 526 503 652 444 738 587 453 428 518 520 292 407 338 483 290 366 339 440 541 372 568 388
751 387 1259 694 286 366 336 470 640 359 731 545 447 359 526 504 453 428 518 520 653 443 739 588 541 372 568 388
753 388 1259 693 282 365 331 470 640 359 731 546 447 360 526 504 453 428 518 520 653 443 739 589
754 388 1261 693 640 359 731 546 447 360 526 504 277 364 326 471 453 428 518 520 655 442 740 590
755 389 1260 693 639 359 731 546 447 360 526 504 453 429 518 520 265 407 316 493 656 442 741 591 276 362 321 473
753 389 1260 693 258 363 313 478 639 359 731 546 446 360 526 503 453 429 518 520 657 443 741 591
751 388 1259 692 639 359 731 546 251 399 310 500 446 360 526 503 453 429 518 520 657 442 740 591
749 388 1259 692 639 360 731 545 447 360 526 503 453 428 518 520 251 363 303 482 667 466 725 572
749 388 1259 692 639 360 731 545 447 361 526 502 453 428 518 520 234 359 291 484 667 467 724 571 223 418 298 513
748 388 1259 692 639 360 731 545 447 361 526 502 224 416 286 518 453 428 518 520 667 467 723 570 228 362 286 441
747 387 1259 692 639 360 731 545 447 361 526 502 222 356 283 490 452 428 518 519 667 467 723 570 212 421 287 517
746 387 1260 693 638 360 731 545 447 362 525 502 197 363 275 510 452 428 518 519 667 467 723 571 543 315 557 335
744 387 1261 692 638 360 731 546 447 362 525 502 188 362 268 509 667 467 724 571 543 315 557 334
743 387 1262 691 638 360 731 547 447 362 525 503 175 360 258 511 181 417 241 538 667 467 725 572 542 315 556 334
742 387 1262 691 638 359 732 547 447 361 525 503 165 413 250 541 667 467 725 572 542 315 556 334
744 387 1260 691 638 360 732 547 447 361 526 503 147 358 231 521 667 467 725 571 543 315 556 334
746 387 1259 692 637 359 733 548 447 361 526 504 135 419 225 561 543 315 556 335
748 386 1257 693 637 359 733 548 122 351 214 518 447 362 526 504 543 316 556 335
747 386 1257 693 637 359 733 549 447 362 526 504 111 349 204 515 667 468 725 572 543 316 556 335 108 434 209 586
746 386 1257 692 637 359 732 548 446 362 526 504 86 350 182 521 667 468 725 572 543 316 556 335 81 432 186 592
746 386 1257 692 637 360 732 547 446 362 526 504 71 346 169 526 66 437 176 591 667 469 725 571 543 316 556 335
747 387 1257 692 637 360 732 547 446 362 526 504 453 429 518 519 722 355 876 634 39 344 138 534 543 316 556 335
750 387 1256 692 638 359 732 548 446 361 526 504 27 343 130 542 722 353 875 634 452 430 518 518 543 316 556 335
751 388 1257 691 638 359 732 549 446 362 526 504 722 352 874 635 13 345 116 540 452 430 518 518 543 316 556 335
753 388 1257 691 637 359 732 549 446 362 526 504 724 351 874 635 543 315 556 335 2 339 74 534
754 387 1259 689 637 359 732 548 446 362 526 504 726 351 874 635 453 430 518 518 543 315 556 335 0 344 63 531
753 387 1260 689 638 360 732 547 446 361 526 504 728 351 875 635 453 429 518 518 543 315 556 335
753 387 1263 689 638 360 732 546 447 361 526 504 731 350 875 635 453 428 518 519 543 315 556 335
753 386 1265 690 638 360 732 545 446 361 527 503 733 348 876 636 453 427 518 519 654 469 733 568
752 385 1266 691 639 361 731 544 446 360 527 503 453 426 518 520 736 347 876 634 654 468 733 569
750 383 1267 691 639 361 732 543 446 360 527 502 654 467 733 571 453 426 518 520
750 381 1268 692 647 360 739 539 446 360 526 502 654 450 737 584 453 427 518 520
751 381 1270 692 647 360 739 539 446 360 526 502 654 450 737 583 453 427 518 520
754 382 1270 691 647 359 739 539 446 360 526 503 654 450 737 582 453 427 518 520
757 383 1271 689 647 359 739 539 447 360 526 503 654 450 737 582
760 385 1273 689 647 359 738 538 447 360 526 504 654 451 737 582
762 386 1274 689 647 359 738 538 447 361 526 504 654 450 736 583 542 315 556 336
766 387 1275 689 647 358 738 538 447 361 526 504 654 451 736 583 542 316 556 336
772 388 1273 690 647 358 739 539 447 361 526 505 654 451 737 583 542 316 556 336
778 389 1273 690 647 357 738 537 447 361 526 505 654 450 736 584 542 315 556 336
781 390 1273 691 647 358 738 535 447 361 526 505 654 450 736 583
779 391 1273 692 648 358 738 533 447 361 526 504 654 450 736 583
774 391 1273 693 648 358 738 533 447 361 526 504 654 451 736 583
774 391 1273 694 648 359 737 534 447 361 526 504 654 451 737 582
774 391 1274 693 648 359 737 534 447 361 526 504 654 451 737 582
648 359 737 533 772 392 1274 692 447 361 526 504 654 451 736 582
648 358 737 533 767 393 1275 691 447 361 526 504 654 451 736 582
760 391 1277 691 648 358 737 532 447 361 526 505 654 450 737 582
755 390 1277 692 648 359 737 532 447 361 526 505 654 450 736 582
751 388 1278 693 648 359 737 532 654 450 736 582 447 362 526 505
752 388 1277 693 648 360 737 531 654 450 736 582 447 362 526 504
751 387 1277 692 648 360 737 531 654 450 736 581 447 362 526 504
750 388 1277 692 648 360 737 530 654 450 736 581 447 362 526 504
747 389 1279 692 648 360 736 530 447 361 526 504 654 451 736 581 845 332 948 478
747 389 1278 691 648 360 737 530 447 361 525 505 654 451 736 581 846 332 949 478
745 387 1276 691 648 360 737 530 447 361 525 505 654 451 736 581 849 332 949 477
745 386 1273 690 648 360 737 531 447 361 525 505 654 451 736 581
744 386 1273 690 648 360 737 531 447 361 525 505 654 451 736 581
