

568 323 829 597 840 407 939 492 184 456 300 538 518 414 563 509 286 466 357 523 364 444 429 503
560 324 826 597 840 408 937 493 176 456 299 539 517 441 564 516 264 466 347 528
554 326 824 597 829 408 936 495 168 456 300 540 518 414 558 511 265 467 342 528 472 440 508 490 347 445 410 507
552 328 822 597 830 408 935 495 157 457 271 542 519 414 556 510 244 466 331 531 344 444 410 506
550 330 821 597 829 408 934 495 148 455 271 543 519 415 556 508 247 467 327 529 333 445 393 507 455 440 492 491
545 329 820 599 828 408 934 495 139 454 270 543 329 444 393 506 453 439 488 491 249 469 322 527
538 327 818 600 825 408 934 495 132 454 269 544 326 445 393 507 224 469 313 532
535 325 816 602 823 407 933 494 121 456 234 543 173 456 301 539 433 438 471 494 324 445 393 506
533 326 814 600 822 406 932 494 113 457 232 544 205 466 296 532 309 444 375 507
532 327 812 600 821 406 932 494 104 455 229 545 208 467 291 531 305 444 374 506 416 437 456 494
530 328 812 600 820 406 932 494 95 454 230 546 210 469 285 531 294 445 358 508 479 448 502 470 457 448 481 474
527 326 811 601 818 405 931 493 85 452 238 546 289 445 358 507 479 448 500 469
526 321 790 604 815 405 930 495 70 451 197 547 135 453 261 542 480 448 499 469 460 448 481 472 286 445 357 507
526 319 786 607 810 405 930 498 59 450 196 549 270 445 340 510 480 448 498 469 344 447 413 504 461 448 481 472 137 453 254 543 440 449 465 475
526 319 781 608 806 405 931 501 54 450 198 551 266 446 341 512 345 447 407 506 461 449 481 472 480 448 498 470 496 448 511 472 441 450 465 475 421 448 445 477
524 321 778 606 801 405 931 503 35 467 160 554 263 449 342 513 461 449 481 472 479 448 498 471 326 449 395 509 441 450 464 476 98 456 234 547 421 449 446 477
521 323 776 605 797 404 932 504 25 467 151 555 250 450 327 512 479 447 498 472 102 456 229 546 441 449 464 475 461 448 480 471 421 450 446 478 326 449 389 509 403 448 429 479
517 324 774 602 794 405 932 505 18 467 144 555 477 446 499 475 310 452 374 513 246 451 324 513 105 458 222 546 441 449 463 474 422 451 447 477 460 448 480 471 403 449 428 478
512 324 773 601 792 404 932 505 4 469 129 556 474 446 498 476 317 449 364 515 103 457 215 545 441 448 463 472 422 450 445 476 403 449 427 478 234 450 307 513 460 447 478 470
507 326 768 599 787 405 932 507 3 467 117 559 228 450 307 515 403 449 428 478 441 447 462 472 422 449 445 475 290 449 357 516 459 446 481 472 472 446 497 476 109 475 204 543
503 326 764 598 781 404 932 509 4 466 107 561 223 450 307 515 70 459 191 546 403 449 429 479 422 448 446 475 440 447 460 472 384 447 410 481 301 448 345 515
502 327 759 597 776 403 933 510 454 445 487 476 69 471 184 549 211 450 288 515 403 449 429 478 422 447 446 474 5 463 89 568 383 447 409 480 439 447 458 471 271 449 338 519
499 326 757 596 773 401 935 510 451 445 487 475 3 465 83 566 249 451 322 518 422 446 444 472 383 447 408 478 65 472 178 549 208 450 288 513 403 448 428 476
496 326 752 592 770 399 938 510 25 468 164 553 208 451 287 515 384 447 408 476 404 446 427 473 422 445 442 470 3 462 63 572 365 447 392 480 253 449 319 515
493 327 749 590 766 397 940 511 27 468 153 552 2 461 57 569 210 450 287 518 404 444 427 471 365 445 391 478 384 446 408 474
490 328 747 588 762 395 944 511 26 459 147 546 430 433 477 477 213 448 284 522 0 467 44 563 403 443 426 470 365 444 391 476 384 444 408 473
488 327 746 585 759 394 947 510 427 420 475 474 20 456 141 546 211 446 283 520 365 443 390 474 303 441 343 485
486 325 743 584 752 395 938 507 3 457 126 544 418 420 476 473 302 439 342 482 215 443 284 514
483 321 738 582 749 394 940 507 2 456 119 544 414 419 476 471 160 441 230 521 234 436 296 495
479 319 734 583 746 393 942 508 403 420 471 470 0 457 110 545 158 431 231 528 219 436 284 498
477 318 731 583 745 392 943 508 399 419 470 471 0 457 105 546 215 437 282 497 143 434 212 532
476 319 727 581 742 391 945 508 393 417 467 473 5 465 89 543 131 434 203 536 196 436 268 500 235 438 300 491
739 390 949 508 475 321 724 576 390 415 465 473 4 465 81 544 193 435 266 500 101 434 172 542 254 436 315 486
737 390 952 508 472 324 721 575 376 413 458 474 93 436 169 543 193 435 264 499 2 464 65 545 234 437 300 490 726 423 764 488
470 325 720 575 736 390 953 509 371 413 455 476 0 474 63 547 83 436 161 547 233 437 299 491 195 435 262 499 724 424 763 487 157 441 227 507
465 319 705 583 735 389 954 510 366 413 453 478 233 438 298 490 139 442 210 510 196 436 262 499 0 474 61 551 722 423 763 487 60 440 135 551
465 317 702 585 734 387 953 511 357 413 446 480 213 438 283 494 138 442 209 512 6 433 89 558 177 441 246 506
463 318 700 585 748 382 957 517 353 414 445 482 8 460 89 568 197 437 265 498 120 444 194 513
463 320 698 583 750 382 956 518 349 413 441 484 195 437 266 498 4 461 80 570 120 445 192 514
461 320 696 582 752 382 955 519 347 412 436 485 193 437 267 499 427 428 450 451 98 446 178 515 704 427 762 487
460 321 694 582 753 382 955 521 334 413 428 485 426 428 448 449 192 437 267 499 702 426 763 488 98 447 177 517 157 443 229 509
458 321 692 584 755 384 955 524 326 419 430 490 424 429 447 449 699 427 764 491 99 447 176 519 157 444 228 510 194 443 264 502 7 427 49 501 64 446 140 521
458 322 690 584 754 385 957 526 322 418 428 492 422 430 446 450 698 427 764 493 136 444 216 515 80 447 160 521 175 445 248 506 4 427 43 503
458 325 687 580 757 386 957 529 420 431 444 450 316 414 430 492 697 428 765 494 136 445 214 515 80 448 160 522 175 445 247 505
458 327 685 576 759 386 956 531 303 417 422 494 419 430 444 450 709 423 780 501 137 445 212 514 175 444 247 505 59 447 141 522
457 329 682 571 763 387 955 533 302 417 418 496 418 430 443 450 710 425 780 501 116 445 199 518 408 434 431 450 175 444 246 504 692 432 730 490 60 446 141 522 266 439 307 484
456 329 680 569 765 387 954 534 299 416 415 497 418 429 443 449 407 432 433 450 116 445 197 518 711 425 780 501 692 432 730 491 176 445 246 504 35 438 148 526
454 329 678 566 293 418 410 500 770 386 952 537 405 432 434 451 418 429 443 450 711 427 782 500 691 432 731 492 117 445 194 518 155 445 231 510 30 439 149 528
452 332 677 565 285 421 407 502 775 385 951 540 402 432 435 452 709 428 783 500 420 429 444 450 690 432 731 492 155 446 230 510 119 446 192 519 27 440 152 530
451 335 676 564 277 423 404 505 780 385 952 542 399 434 435 454 156 447 231 510 708 428 784 500 97 446 180 522 690 431 731 494 12 444 115 533
452 339 676 565 783 385 953 543 272 422 403 506 397 435 434 455 98 446 178 523 9 444 115 534 157 448 231 510 708 427 784 501 689 430 731 494
452 341 676 568 252 425 398 508 787 385 956 544 395 435 434 457 6 445 114 536 689 428 731 496 156 449 231 510 100 448 175 522 709 426 783 502
453 343 675 569 247 424 396 510 797 378 957 554 393 435 433 456 7 446 114 537 689 428 732 497 137 449 212 515
238 426 393 519 453 344 674 569 801 378 959 555 393 434 431 457 690 428 732 497 7 448 114 540 137 450 213 514
230 426 391 521 454 344 674 569 801 378 959 556 392 434 431 456 7 449 114 541 690 429 731 497 136 449 214 515
219 424 390 525 453 345 674 566 804 378 959 573 383 436 419 461 6 448 115 543 695 427 764 501 133 449 216 515
453 347 672 563 212 423 389 528 816 370 959 581 379 437 420 461 21 441 155 540 102 444 223 527
196 422 371 531 452 347 670 560 819 369 959 584 376 438 420 461 18 442 157 543 99 444 216 528
188 423 367 534 452 347 669 561 822 368 959 586 375 438 420 461 19 444 157 543 695 427 764 501
452 346 668 563 170 423 366 539 829 369 959 587 376 438 418 461 18 445 158 544 695 427 764 503 757 429 826 521
451 347 669 563 147 415 362 554 837 370 959 587 18 446 158 544 376 438 416 460 695 426 764 504 757 429 827 522 674 432 711 491 768 409 889 522
125 414 355 557 450 347 670 563 845 373 959 585 3 447 124 550 671 431 710 494 756 428 826 522 696 427 763 504 377 439 413 460 363 442 397 465
108 413 354 562 448 348 671 561 850 377 959 582 2 446 123 551 670 431 710 494 757 428 825 522 697 426 763 504 773 421 888 529 376 438 411 460 361 441 399 466 727 429 792 517
447 348 670 560 72 412 336 564 863 413 957 570 2 446 116 553 669 430 711 495 753 414 827 518 698 425 763 504 427 439 437 458 356 441 400 466 719 415 789 516
50 411 327 569 444 348 671 559 870 416 956 569 670 430 712 496 351 437 407 463 754 413 828 518 719 414 790 516 427 440 437 458 704 426 750 503 789 423 863 530 3 444 110 552
26 410 316 576 443 348 670 559 672 430 713 496 891 417 959 578 759 427 828 522 348 437 405 463 808 415 926 538 719 414 790 516 791 424 863 530 704 426 750 502
12 407 310 584 441 347 668 557 897 420 959 577 808 418 925 538 759 428 828 522 354 437 402 462 672 429 713 496 719 413 790 516 790 424 863 530 690 427 731 499
8 408 303 596 440 347 667 554 758 428 828 522 810 419 927 537 344 437 402 463 672 428 713 497 718 414 791 516 790 425 863 529 689 426 732 500
2 407 275 609 438 346 665 553 757 428 828 522 343 435 400 463 810 420 930 537 718 413 791 515 791 425 865 529 676 423 741 500 0 199 48 330
3 407 262 621 437 346 666 552 756 428 828 522 837 414 954 544 335 433 395 464 718 413 791 515 0 190 41 333 792 425 867 529 677 422 741 500
4 406 250 627 436 347 666 552 839 416 954 545 756 428 829 522 334 432 393 464 718 412 791 514 792 425 868 530 677 422 742 500 0 184 37 338 310 450 337 477
3 406 231 627 434 347 666 550 842 417 955 546 756 428 829 523 684 422 732 500 791 425 868 530 719 412 792 514 324 446 352 476 338 433 388 459 310 449 338 476 233 446 269 511
432 348 665 550 2 404 210 624 842 417 956 548 677 422 743 501 323 446 351 477 337 433 386 459 755 427 829 524 790 425 869 531 719 412 793 514 310 449 339 477 291 448 318 478
431 350 664 549 0 402 190 619 842 416 958 550 321 445 350 478 179 429 240 529 677 422 744 503 337 434 383 458 789 424 869 533 748 412 831 518 291 448 318 479 720 411 793 513
429 351 662 550 0 395 175 632 841 419 958 550 167 430 233 531 677 421 745 504 788 424 870 534 748 412 831 518 408 438 421 457 336 434 380 458 720 411 794 513 291 449 318 479
428 352 660 550 839 420 957 552 677 421 745 505 310 448 341 477 0 380 132 622 773 426 889 533 409 438 421 458 749 412 829 518 162 432 231 532 720 411 793 513
426 352 657 550 837 420 957 553 133 433 201 542 677 421 744 505 0 398 112 633 310 448 340 477 750 411 829 517 408 438 421 458 721 411 793 512 772 426 889 532
425 352 655 550 835 419 957 556 676 421 744 505 309 448 338 477 183 455 245 503 757 427 830 526 408 438 420 458 319 435 372 459 720 411 791 512
423 351 654 549 835 417 957 558 179 455 245 504 675 421 745 505 99 435 172 547 312 432 371 464 758 427 830 526 720 411 790 512 409 438 420 459 789 425 869 537
423 352 650 550 862 417 958 565 758 427 831 526 822 421 909 551 310 434 369 464 790 425 870 538 179 455 244 506 719 412 790 513 682 412 755 511 409 439 421 459 391 440 404 459 658 423 726 501
424 354 649 551 862 419 954 566 178 455 244 507 760 426 831 527 791 426 870 539 822 422 908 552 718 414 790 514 655 424 725 503 390 440 402 459
425 354 647 552 863 422 952 566 645 428 711 502 761 427 832 526 822 424 908 552 791 427 870 539 179 455 243 508 717 415 790 515 7 462 114 576 389 440 401 460
426 353 646 551 864 423 954 566 11 460 95 583 822 426 908 553 160 453 231 514 763 427 833 527 791 428 869 539 645 428 711 502 717 415 790 516
426 352 644 551 864 423 955 567 292 441 353 478 160 454 230 515 821 426 908 553 792 428 869 539 645 430 710 502 7 463 88 583 712 434 782 522 763 427 834 527
426 353 644 551 864 422 956 567 159 455 229 515 792 426 870 539 822 426 908 553 651 428 729 505 717 415 793 515
426 354 643 551 864 420 956 568 157 455 228 515 822 424 909 555 650 429 731 505 793 424 873 540 200 454 262 503 728 435 802 526
426 354 644 551 864 418 959 568 157 455 227 515 650 430 732 504 821 422 909 555 201 454 262 502 735 427 847 524 717 416 794 516
427 354 643 551 863 416 959 569 735 425 848 526 157 455 226 514 651 430 730 504 819 420 908 553 201 455 262 503
427 354 642 551 863 415 959 570 736 424 849 526 140 453 211 519 651 430 729 504 201 455 262 503
426 354 641 550 863 416 959 570 735 425 852 526 138 454 209 519 650 430 729 504 681 401 701 438 85 463 152 529
425 355 641 549 864 419 959 569 735 426 857 527 138 454 209 518 649 430 731 503 85 463 150 529 682 401 701 438
424 355 643 549 863 421 959 566 760 425 889 533 67 463 136 534 138 453 209 518 682 401 702 438 182 454 244 507
424 354 644 550 763 425 892 534 864 421 959 563 66 463 134 534 411 445 425 464 121 451 191 520 390 446 405 465 372 446 385 464 682 401 703 438 182 454 244 508 245 452 287 495
423 353 645 551 768 426 895 535 865 420 958 561 411 445 425 465 121 463 190 520 390 446 405 465 65 464 132 534 672 440 746 513 370 446 384 464 243 452 286 495 729 437 800 528 180 454 244 508 683 401 704 438
423 354 644 551 771 423 900 537 869 418 959 560 412 445 425 465 391 446 405 465 46 462 122 539 120 463 190 520 733 436 801 529 662 431 780 519 180 454 244 508
423 354 642 549 793 417 937 549 391 447 404 466 412 445 424 465 102 463 175 524 46 463 119 539 661 431 780 520 903 413 959 570 178 454 243 509 748 425 824 530
424 354 641 548 798 413 938 551 101 463 174 524 390 447 403 466 411 445 424 466 661 430 780 520 909 407 959 575 748 425 827 531 160 452 228 513 231 454 271 499 47 464 116 538
424 353 642 549 801 410 943 553 390 447 402 467 411 445 423 466 750 426 832 533 101 463 173 524 661 430 778 521 229 455 270 499 159 452 229 513
