

473 469 700 621 378 470 436 567
473 468 699 619 381 471 439 567
474 467 698 619 383 471 441 566
471 466 697 622 383 472 438 566
469 467 696 624 384 473 438 566
463 468 694 625 383 511 442 575
461 468 689 625 384 512 444 574
457 468 685 626 384 511 443 574
456 468 682 628 386 510 442 575
455 467 679 627 387 509 442 573
452 467 677 626 390 479 439 564
450 466 672 622 390 479 440 562
447 466 669 625 397 484 446 563
444 465 664 626 398 485 446 563
439 465 660 629 391 483 438 564
435 467 658 627 392 483 437 563
423 468 652 621 392 483 438 563
423 465 648 620 392 481 437 561
421 465 646 620
419 462 640 618
417 462 636 617
416 456 631 613 614 479 640 510
413 456 630 610 613 480 640 511
410 457 629 609 614 481 640 512
408 461 630 610 614 485 640 514
409 462 630 611 615 485 640 514
411 458 630 609 615 482 640 511
412 453 628 611 613 479 639 509
414 448 626 613 611 476 639 508
415 448 624 617 611 478 639 509
416 448 624 617 612 478 639 509
417 449 625 617 613 479 640 510
417 449 625 617 613 480 640 510
417 450 626 616 614 481 641 511
416 451 626 615 614 482 642 512
416 448 629 611 615 481 643 510
417 445 632 608 616 479 645 507
419 439 637 604
420 437 638 604
422 437 642 605
423 438 645 607
424 441 647 608 633 482 662 510
432 437 659 605 635 479 663 507
434 434 660 602
435 429 660 601
437 430 660 602
440 432 659 609
443 433 659 606
445 431 659 603
448 434 661 599
453 438 665 615
456 450 668 628
457 457 672 636 806 479 844 576
461 459 671 629 809 478 848 575
466 454 671 621 812 476 851 570
475 447 674 613 824 468 866 568
478 445 677 611 830 467 872 569
481 444 683 611 842 459 890 568
481 450 685 610 848 462 897 569
481 454 688 610 850 469 899 566
481 457 689 610 872 461 925 572
482 457 691 613 890 455 942 578
480 461 690 614 895 458 950 581
481 462 690 617
482 461 690 616 920 448 995 609
484 455 690 617 933 442 1008 622
494 452 697 613 969 436 1050 626 930 443 1011 618
496 451 699 612 968 438 1048 631
500 453 699 613 1025 420 1108 661
501 453 701 613 1067 412 1145 664 1035 424 1109 658
502 455 704 613
507 453 710 611 496 479 546 518
512 452 715 611 497 477 548 515
518 449 719 610 499 474 551 511
521 451 722 613 497 475 551 511
526 452 730 613 498 475 549 509
529 452 737 612 498 473 546 507
549 450 742 608 500 471 543 505 554 474 587 510
548 457 743 612 639 363 652 387
554 458 753 615
559 460 762 618 557 478 594 507
569 452 770 620 558 472 602 503
573 449 770 622 560 465 598 491
576 450 775 629 562 465 599 491
576 454 781 634 564 473 606 505
576 456 788 639 563 473 607 505
577 453 791 636 565 471 606 502
607 455 804 630 563 465 603 493 582 472 614 500
617 458 816 630 582 472 616 499
626 461 829 630 584 472 622 499 518 472 548 507
630 463 832 630 585 471 627 500
654 462 861 636 586 472 633 501 533 472 561 507
665 465 873 635 584 473 635 504 534 474 562 508
674 466 883 635 600 475 640 504 534 474 562 508 703 446 714 463
675 466 884 634 584 474 633 504 534 474 562 507 702 445 714 463
682 479 910 655 581 479 628 508 819 407 833 440
689 483 913 657 821 409 835 441 578 485 623 513 519 479 546 514 515 499 543 527 703 456 715 474 763 454 778 474
701 482 920 659 517 482 544 517 519 498 545 526 575 487 620 515 702 457 714 475 824 409 838 441 766 454 781 474
