

506 170 547 201 478 154 501 183 441 157 460 177 56 144 906 602 464 154 483 179
506 171 547 202 478 156 501 183 441 159 461 178 38 194 922 638 464 156 483 180
506 172 548 203 478 157 501 183 441 159 461 179 39 197 915 637
507 172 549 204 479 158 501 183 441 160 461 179 40 205 908 633
507 172 550 204 479 158 502 183 440 160 461 179
507 171 550 204 479 157 502 183 440 159 461 179
508 170 550 202 479 156 502 183 441 159 460 178 42 202 916 638
509 169 551 201 479 156 502 182 441 159 460 177 41 198 924 642 464 157 483 179
509 169 551 201 35 196 931 643 479 156 503 182 441 159 460 176 464 156 483 179
509 169 552 203 32 196 933 645 478 156 502 182 441 159 460 177 464 156 483 179
508 171 553 205 29 201 933 642 478 156 502 183 440 159 460 178
512 172 553 206 32 200 926 641 440 160 459 180
512 173 554 207 31 202 923 635 482 170 501 187
512 173 555 208 35 200 917 635 481 170 500 188
512 173 556 209 482 171 499 188 33 203 912 632
513 173 557 208 482 170 499 187 497 173 512 189
513 172 557 208 497 172 513 188
514 171 557 206 497 171 513 187 32 200 903 640 439 161 459 180
515 170 559 206 497 170 513 186 30 197 910 644 440 162 459 180
516 170 559 206 28 196 917 645 497 170 514 186 441 162 459 179
516 171 560 207 26 199 922 642 497 170 514 187 441 162 459 179
516 172 560 209 498 170 515 188 27 205 924 637 441 162 459 179
516 172 561 209 28 204 926 636 497 171 515 189
516 172 561 210 27 201 928 637 497 172 515 189 481 172 497 188
516 171 562 210 28 194 924 642 497 173 515 190 481 172 497 188
517 171 563 210 27 191 920 645 497 172 515 189 482 172 498 187
518 172 564 210 31 188 915 648 497 171 515 189 440 161 460 180 482 171 498 187
519 172 565 209 32 189 910 647 498 171 515 188 439 161 461 180 481 170 498 186
520 172 566 209 34 188 909 647 498 171 515 187 439 161 460 180 481 170 498 186
521 172 567 208 33 190 910 646 498 171 515 187 480 170 497 185
522 172 568 209 33 189 916 649 498 171 516 187 480 170 497 186
523 172 568 209 31 189 924 652 497 170 516 187 480 170 497 186
523 172 569 209 29 186 929 656 497 170 516 187
523 172 569 210 27 187 930 657 497 170 516 187
523 171 569 211 27 188 930 655 497 170 517 188
523 170 570 212 29 189 929 653 497 170 517 188
520 168 573 213 31 188 928 651 498 170 517 188
521 168 574 213 33 192 925 647 498 171 516 189 478 170 496 188
523 174 576 215 33 194 921 643 498 171 516 189 479 171 496 188
524 174 577 215 31 193 922 643 498 171 516 189 479 171 496 188
525 175 578 215 45 138 909 612 498 171 516 189 479 171 496 188
526 174 578 215 43 130 915 618 498 171 516 189 479 170 496 188
526 174 579 215 45 137 915 614 497 170 516 189 479 170 496 188
526 174 580 215 27 195 934 642 497 170 516 189 479 170 496 188
526 174 580 216 25 197 935 642 478 169 496 188 497 169 516 189
528 177 583 217 23 200 935 641 477 169 496 188
528 178 583 217 24 197 935 643 477 169 496 188
529 177 584 216 29 193 931 645 521 174 535 196 425 159 447 179 477 169 496 187
529 176 585 217 33 192 927 646 521 175 536 195 425 159 447 178 478 169 496 186
530 175 586 217 521 175 537 195 33 196 922 641 425 160 447 178 479 170 496 186
530 175 587 218 522 175 538 195 32 204 923 638 479 170 496 187 425 160 447 178
531 175 588 219 522 175 540 195 479 170 496 187 32 207 924 637
531 175 590 220 522 175 540 195 479 169 496 188 32 209 930 638
531 175 591 220 522 175 540 195 30 209 933 639 479 169 497 187
532 174 591 219 522 174 540 194 28 212 934 638 479 169 497 187
533 174 592 218 523 174 540 193 30 208 932 642
533 173 593 218 523 173 539 193 30 205 932 644
534 173 594 218 30 200 931 648 523 173 539 193
534 173 595 219 30 199 926 647 522 173 539 193
535 174 597 221 33 198 922 645 522 174 539 195
537 175 598 222 521 175 539 196 36 198 915 642 478 168 496 189
538 176 599 222 520 175 539 197 38 200 910 641 477 168 496 190
538 177 600 223 520 175 539 198 37 198 906 643 477 168 496 191
538 177 601 223 36 201 906 644 520 175 540 197 477 168 496 191
539 176 602 223 35 202 907 645 521 174 540 196 477 168 496 189
539 175 602 222 31 202 910 645 522 173 540 195 478 168 496 188
543 176 606 221 26 199 914 647 522 173 540 194 495 168 514 187
543 176 607 221 522 173 540 193 23 199 922 648 495 169 513 187
543 175 608 221 24 195 928 651 521 172 540 191 495 169 514 186
543 174 609 221 24 195 927 651 521 171 540 190 477 157 499 183
543 174 610 221 25 189 923 653 521 170 541 190 477 157 499 183
543 174 612 221 521 170 541 190 26 192 915 650
543 173 613 222 521 170 541 191 29 195 906 644
542 174 614 223 520 169 541 192 30 198 904 640
542 174 614 223 520 168 542 193 29 195 906 641
543 174 615 223 519 168 542 193 29 198 916 643
543 175 615 223 28 201 925 644 520 167 543 193
544 174 616 223 26 203 934 644
544 174 616 223 22 204 937 644
545 174 618 224 22 200 937 647
545 174 620 224 24 199 932 649
545 174 621 224 26 192 928 652
545 174 622 224 28 194 928 649
546 173 622 224 29 195 926 645 521 166 543 191
548 172 623 224 32 195 922 644 521 168 543 191 476 156 499 184
549 171 624 224 35 195 916 643 521 169 542 190 477 157 499 183
549 171 625 224 36 189 917 648 521 170 542 190
549 171 626 225 32 192 924 647 497 169 516 186
558 174 630 228 28 191 930 650 497 169 516 187
559 177 631 229 24 195 935 649 497 169 517 188
560 178 632 230 27 193 935 654 549 182 571 221 497 169 517 189
561 179 632 230 27 194 935 654 550 183 572 221 525 167 553 197 497 169 517 189
562 179 633 231 29 193 930 652 551 184 572 221 525 167 554 196
564 178 635 231 526 167 554 195 28 192 925 648
564 177 637 230 526 168 554 195
565 177 639 230 527 169 554 194 555 185 575 222
565 176 641 230 528 169 555 194 557 185 577 222
564 176 643 229 528 169 555 194 558 186 579 222
