

359 446 505 556 515 479 590 526 606 483 639 508 468 166 550 200 754 464 830 527 694 486 714 498 590 484 622 510 882 472 917 555 710 487 729 499 570 480 599 516
360 455 488 565 515 479 589 526 606 484 639 508 466 164 550 199 754 464 830 527 589 484 624 510 693 486 713 498 711 488 729 500 882 472 916 555
359 455 489 565 513 481 589 526 606 484 639 509 463 163 549 197 755 462 831 527 589 484 625 511 692 486 713 499 711 489 730 500 883 472 916 554
357 454 488 566 513 481 591 526 606 484 638 509 590 483 625 511 461 161 548 195 755 462 830 527 692 486 713 499 710 489 730 501 670 485 690 499
351 446 494 563 513 480 590 527 607 483 638 509 589 482 625 511 459 160 548 194 754 463 830 528 692 486 713 499 709 490 729 501 670 486 689 499 886 482 909 549
350 454 486 565 512 480 589 527 607 483 638 509 458 160 547 193 589 482 625 512 754 464 830 529 692 487 713 499 709 490 729 501 669 486 688 499
349 454 485 566 512 481 587 527 457 159 545 192 607 484 638 510 589 483 626 514 753 466 831 529 693 488 714 500 570 482 597 517 709 490 728 501
347 454 483 567 510 482 587 527 456 158 544 191 589 485 625 513 753 467 832 530 607 486 637 510 693 488 715 501
345 453 483 568 508 482 589 528 455 158 543 191 753 466 832 530 590 486 624 513 608 488 638 511 694 490 714 502
341 453 481 570 506 483 590 527 454 157 542 190 591 487 624 513 753 466 832 531 608 489 638 512 694 490 714 502 568 486 598 518
338 454 479 570 507 484 589 533 453 157 542 189 591 488 624 515 608 490 638 512 692 491 714 503
336 454 478 571 508 484 588 533 452 155 541 188 591 489 625 516 609 491 637 513 691 491 714 504
334 455 478 571 508 485 588 534 451 153 540 186 591 490 626 516 608 492 637 514 689 493 715 506
334 455 478 573 507 486 587 534 451 152 539 186 591 490 627 517 690 493 715 507 607 492 637 515 567 491 597 530
332 456 477 575 506 487 586 535 450 151 538 185 591 491 627 517 691 494 715 509 567 492 597 530
331 458 477 579 505 489 586 538 445 152 533 185 567 493 597 533 592 494 624 524 691 495 716 511
328 461 477 581 503 491 587 541 444 154 533 186 591 496 626 526 566 495 597 534 753 480 834 541 606 499 635 520
327 462 477 583 503 492 588 543 445 155 533 187 590 497 627 528 753 479 836 543 564 497 596 535 606 500 636 522 691 503 712 515
328 464 476 585 504 494 588 544 445 156 533 189 587 499 628 529 753 479 836 545 691 504 712 516 607 501 636 523 563 500 596 535
329 465 476 588 505 496 589 546 445 156 534 190 754 478 836 546 588 501 628 531 693 505 712 517 606 503 636 525 563 501 596 536
328 467 477 591 505 499 589 547 445 156 534 190 756 478 836 548 588 503 626 532 607 505 636 527 693 506 713 518 564 503 597 537
327 469 479 593 506 501 589 549 445 155 534 190 590 505 626 533 605 506 636 530 565 504 597 540 693 507 712 519 903 482 940 576
324 471 481 594 506 503 589 551 444 155 534 190 605 506 636 531 693 508 712 520 567 505 597 540 902 490 940 581
324 472 484 595 507 504 590 552 450 153 539 188 604 506 637 532 693 509 712 520 568 506 598 540 710 510 727 521 904 490 941 581
325 473 487 595 509 504 593 553 451 152 540 187 604 506 639 533 710 510 729 521 693 509 712 521 589 509 623 537 569 505 600 540
327 473 491 595 509 504 598 554 452 151 542 185 606 507 641 534 712 510 731 521 693 509 712 521 588 510 618 538
329 473 495 595 509 502 601 555 455 150 546 185 608 508 642 534 714 510 733 522 588 510 616 539 692 509 712 522
334 473 499 595 510 502 604 557 459 149 551 185 611 509 645 535 715 511 736 523 589 510 617 540
340 472 504 596 513 502 605 558 464 148 555 185 613 510 647 538 717 511 737 524 591 510 619 542 635 511 660 532
346 472 508 597 530 506 614 553 468 147 558 185 632 511 662 535 718 513 739 525 615 511 647 539 593 509 623 544 732 514 752 525
350 472 511 600 533 506 615 561 632 512 664 537 476 146 563 185 719 514 740 527 733 514 753 526 615 512 644 540
352 475 517 603 535 507 621 562 633 513 670 540 480 146 569 185 736 514 757 527 718 514 740 527
350 479 524 605 485 146 576 185 540 507 625 564 636 514 673 541 740 514 761 528 718 514 740 528 659 516 685 536
366 481 538 603 556 508 641 563 656 515 689 540 491 146 583 185 743 516 764 529 638 514 673 541 758 516 777 528 976 493 1010 590
375 480 543 604 560 509 645 565 658 514 693 542 502 145 594 184 759 517 781 530 980 493 1012 589 743 518 765 531
387 480 552 607 507 145 602 184 762 519 785 532 563 510 650 567 662 514 694 541 741 520 764 533
397 481 562 609 582 512 669 565 684 515 715 541 763 519 789 535 526 140 616 180
401 483 571 611 587 513 676 568 532 142 622 180 685 515 721 543 786 520 812 536 662 519 691 556 764 519 791 537
420 485 584 609 605 515 690 566 686 519 719 551 537 143 629 179 788 520 815 537 705 521 735 545
433 485 596 612 704 520 737 550 611 516 695 568 555 141 644 180 688 519 721 555 808 521 834 536
445 485 609 614 706 520 739 555 633 515 718 568 736 523 764 545 575 140 667 178
468 486 627 614 639 517 722 571 581 141 673 179 735 522 766 550 909 506 993 569 711 520 742 560
474 487 637 616 656 518 741 572 923 508 1012 572 757 525 786 548 737 525 766 554 582 141 684 179 840 528 861 541
484 496 651 625 760 529 790 556 660 523 749 573 861 530 881 544 599 141 703 180
494 499 665 629 702 533 793 586 786 533 811 556 865 534 884 547 630 145 723 186 765 532 793 558 811 535 834 552 887 535 906 547
533 497 691 630 708 531 793 587 807 537 837 560 911 539 930 551 650 146 743 187 889 539 909 551 789 535 817 561
546 500 705 632 810 537 840 563 913 540 935 554 728 533 813 588 652 146 754 188 833 539 858 560
576 500 730 632 832 538 863 563 735 536 819 591 934 543 956 556 670 145 779 188
589 503 747 634 781 536 868 588 714 138 829 180 883 540 911 561
623 503 777 632 786 538 869 593 723 138 829 182 881 539 913 565
636 504 793 638 806 539 894 593 749 137 849 181 906 540 935 565

687 509 846 648 879 541 967 594 808 132 933 178
720 510 882 645 883 542 969 601 823 131 928 180 981 550 1008 576
733 513 898 651 906 543 992 602 1004 551 1031 578 982 549 1014 581 844 128 955 180
772 514 936 649 923 540 1017 601 1002 550 1041 583 865 123 980 176
780 516 956 654 1081 551 1109 575 997 543 1087 595
827 511 997 654 1000 541 1094 601 1080 549 1110 580
860 508 1039 651 1050 540 1140 597 1133 551 1157 573
1047 537 1140 603

965 508 1151 662

5 493 328 690
6 491 312 695
7 496 313 698
9 498 324 700
8 508 350 719
8 508 447 718
2 507 458 717
0 506 496 717
0 504 533 717
0 506 682 714
0 494 679 700
0 494 688 703
32 495 820 697
65 494 808 703 4 507 162 665
98 494 810 706 1 503 185 666
1 502 229 672 139 493 902 701
177 492 896 704 4 502 254 666
203 490 917 704 6 488 306 670
256 488 1005 704 14 487 342 667
279 486 1029 706 41 488 380 668
65 490 411 670 304 486 1159 703
337 485 1170 707 88 490 445 669 0 498 160 622
367 483 1279 709 139 487 499 669 0 497 184 622
388 482 1279 710 162 486 526 672 12 490 223 614
422 479 1279 712 176 486 558 668 22 484 232 608
460 474 1279 715 241 481 607 672 68 487 285 612
262 480 636 673 523 465 1279 716 108 487 325 614 0 472 83 565
544 462 1269 719 284 478 656 675 122 486 339 612 2 469 112 568
578 458 1273 719 160 484 374 612 328 474 705 677 5 463 145 573
620 449 1273 719 350 474 735 679 201 481 426 612 33 465 197 568 10 473 111 553
666 441 1269 719 215 483 436 615 373 475 771 681 49 465 200 566
738 434 1256 719 411 473 811 683 248 481 467 616 57 464 216 565
430 472 849 686 764 427 1261 719 91 464 249 566 263 482 478 614
804 420 1265 719 447 471 885 688 306 480 528 616 129 465 299 567 113 476 209 553
487 465 943 700 847 424 1273 719 317 480 543 617 147 466 303 566
