

478 418 526 439 1031 331 1187 615 621 410 641 450 445 419 472 439
477 418 527 439 1030 331 1188 615 623 409 644 451 444 419 471 439
477 418 527 439 1029 330 1188 616 443 419 471 439 624 409 646 449
477 417 527 439 1030 330 1188 616 631 409 654 450 443 418 470 439
476 417 527 439 634 421 656 456 1030 330 1188 616 443 418 470 439 593 408 611 441
476 417 527 439 635 408 658 452 1030 330 1188 617 443 418 470 439 593 407 611 441
476 417 528 439 637 407 661 452 1030 330 1188 617 443 418 470 439 593 407 612 442
475 417 528 439 639 407 664 451 1029 330 1188 616 592 406 612 442 443 418 470 438
475 417 528 439 642 406 668 451 1029 329 1187 615 592 406 612 442 443 418 470 438
475 417 528 439 645 422 670 456 1029 328 1187 614 591 406 612 442
475 417 528 440 647 423 673 455 1030 328 1187 614 591 407 612 442
475 417 528 439 1030 328 1188 614 591 407 611 441
476 417 527 439 659 421 683 457 1030 328 1189 614
477 417 527 439 664 421 688 457 1030 327 1189 614 57 357 72 376
477 417 527 439 667 422 692 458 1031 327 1189 614 446 418 471 439 57 357 72 377
476 417 527 439 670 423 697 458 1032 327 1189 615 446 418 470 438 57 357 72 377
476 417 527 439 1033 328 1188 615 681 421 706 461 445 417 470 438 57 357 72 377
477 416 527 439 683 421 711 462 1034 328 1187 615 445 417 470 438
477 417 527 439 686 422 716 462 1034 329 1187 614 445 417 470 438 57 357 72 377
477 416 527 439 1034 329 1187 614 692 424 720 462 445 417 470 438 57 357 72 377
476 417 526 439 1033 329 1187 614 445 416 469 438 57 357 72 376
476 417 526 439 707 420 737 465 1033 329 1188 614 444 416 468 438 371 405 385 434
477 417 526 439 1033 329 1187 614 712 421 742 465 444 416 469 438 371 404 384 433
477 417 526 439 1033 329 1187 615 444 416 469 438
476 417 526 439 1033 329 1186 615 443 416 468 438
476 416 526 439 733 425 769 471 1033 329 1186 616 443 416 468 438
476 416 526 439 1033 330 1186 616 737 425 774 471 443 416 467 438 367 404 380 435
476 416 526 439 1033 329 1186 616 443 416 467 438 366 404 380 435
476 416 526 439 443 416 467 438 1032 329 1186 617 365 405 379 435
476 416 526 439 443 417 467 438 1031 328 1186 618 767 407 814 474 365 405 379 435
476 416 526 439 770 405 820 474 443 417 467 438 1031 328 1186 619 365 404 378 435 541 418 564 432
476 416 526 440 443 417 467 438 1031 329 1186 618 776 407 828 476 541 418 564 432
476 416 526 440 443 416 467 438 1032 329 1186 618 796 408 846 477 365 403 377 434
476 416 526 440 802 408 854 479 1032 329 1185 617
476 416 526 439 1033 329 1185 616 815 407 868 479
476 416 526 439 1034 329 1184 616 820 407 877 481
476 416 526 439 1035 330 1184 616 844 401 895 482
476 416 526 439 1035 330 1184 617 848 399 904 484
476 416 526 439 1035 330 1184 617 867 396 919 486
476 416 526 439 1035 331 1185 618 874 399 925 484
476 416 527 439 1036 331 1184 617 896 397 951 486
477 415 527 439 1036 330 1184 617 916 397 970 485
477 415 527 439 1036 331 1183 617 920 395 979 486
477 415 527 439 1036 331 1183 616
477 415 526 439 1036 332 1183 615 499 364 515 375
478 415 526 438 1034 331 1184 615 443 418 467 438 499 364 515 375
478 415 526 438 1033 332 1184 614 443 418 467 438 500 364 515 374
478 415 526 438 1032 332 1185 613 499 363 515 374
478 416 526 438 1032 334 1184 611 500 363 515 374
478 416 526 438 1034 334 1186 612 500 363 515 374
478 416 526 438 500 363 515 374
478 416 526 438 499 363 515 374
477 416 526 438 1036 332 1186 615
477 416 526 438 1036 332 1186 614
476 416 526 438 1035 332 1185 615
476 416 525 438 1035 332 1183 615
477 416 525 438 1035 333 1182 615
476 416 525 438 1035 333 1181 615
476 416 525 438 1035 334 1181 615
476 416 526 439 1036 334 1181 616
475 416 527 439 1035 334 1182 615
475 416 527 439 1036 333 1182 615 326 402 346 438
474 416 527 439 1036 333 1182 615 325 402 345 437
474 416 527 439 1036 334 1181 615 324 402 345 437
474 416 526 439 1036 334 1181 615 323 402 344 438
474 416 527 439 1035 334 1182 614 322 401 344 438
474 416 527 439 1034 334 1182 614 321 403 344 438
474 417 527 439 1034 334 1183 614 319 404 342 438
474 416 526 439 1034 334 1183 614 317 404 339 439
475 416 526 439 1035 334 1183 614 315 404 338 440
476 416 525 439 1035 334 1183 614 313 403 337 441
476 416 525 439 1035 333 1183 614 312 402 337 441
476 417 525 439 1035 333 1183 614 304 401 328 441 442 417 469 438
476 417 525 438 302 399 327 441 1035 333 1182 613
302 399 325 441 476 417 525 438 1035 334 1182 614
300 398 323 441 476 417 525 439 1036 334 1182 614
298 398 321 441 475 417 525 439 1036 334 1182 615
297 399 319 441 475 416 525 439 1036 334 1182 615
296 400 318 442 475 416 525 439 1036 333 1182 615
475 416 525 439 295 401 317 441 1035 333 1182 615
475 416 524 439 293 401 316 442 1035 333 1183 614
475 416 524 439 291 401 314 442 1035 334 1183 615
475 416 524 439 289 401 312 443 1035 334 1183 615
475 416 524 439 1035 334 1183 615 287 400 311 443
475 416 524 439 1035 334 1183 614 285 401 311 444
475 416 524 439 279 404 304 447 1035 334 1183 613
475 416 524 439 278 404 303 448 1036 334 1183 613
475 416 524 439 275 402 301 448 1036 334 1183 613
475 416 524 439 273 401 298 447 1036 334 1184 614 590 408 613 440
271 401 295 446 476 416 523 439 1037 334 1185 614 590 408 613 440
270 401 294 445 476 416 523 439 1037 334 1185 614 590 408 613 440
267 401 292 445 475 416 524 439 1036 334 1186 614 590 408 614 440
475 415 524 439 263 399 290 447 1036 333 1186 614 590 407 614 441
474 415 524 439 1036 332 1185 614 260 398 288 448 590 407 614 441
475 416 524 439 1037 332 1185 614 255 400 281 448 591 408 614 441
475 416 524 439 1037 331 1185 615 252 401 279 448 591 408 614 441
475 416 524 439 1037 332 1184 615 250 401 276 447
475 415 524 439 1038 332 1183 616 247 402 273 447
