

576 378 657 447 529 377 575 414
577 378 658 445 529 376 576 413 0 544 1279 704
578 378 659 444 529 376 577 413 0 543 1279 704
579 378 660 443 529 376 577 413 6 543 1279 705
581 379 662 442 529 377 577 413 6 545 1277 703
582 379 664 442 529 377 576 413
584 380 665 442 529 377 576 413
586 380 667 442 529 377 576 413 0 551 1279 696
588 379 668 443 529 376 577 413 0 553 1279 695
590 378 669 443 530 376 577 413 0 552 1279 698
593 378 671 444 530 377 577 413 0 553 1279 699
596 377 672 444 531 378 576 412 0 553 1279 698
599 377 673 445 531 378 577 413 0 554 1279 696
600 376 675 445 532 378 578 413
600 375 676 438 532 377 579 413
604 378 678 434 532 376 580 413 0 552 1279 696
605 378 680 434 532 376 580 412 0 551 1279 696
606 377 682 434 532 375 580 412 0 548 1277 696
608 377 685 435 0 548 1279 696 295 331 380 405
610 376 688 435 290 329 380 405 0 547 1276 696
612 377 689 435 534 364 587 421 286 328 379 405
613 377 691 435 535 364 588 420 282 328 380 407
615 376 692 436 535 374 581 412 280 329 381 407
617 376 693 436 277 330 382 408 536 374 581 412
618 379 694 442 274 331 380 408 536 374 580 411 0 553 1279 697
621 379 695 442 271 332 379 409 537 374 579 411 0 551 1279 701
623 379 697 442 260 328 363 409 536 364 590 421 557 374 588 409 0 550 1279 702
624 380 698 441 259 328 361 411 539 375 578 410 0 552 1278 701
625 381 700 440 258 327 360 413 552 375 590 411 0 553 1274 699
628 380 703 440 256 327 360 415 552 375 590 411 541 378 574 406 0 553 1274 698
629 380 702 440 254 327 361 416 552 375 590 411 0 551 1279 698 542 377 572 405
630 379 702 434 249 327 363 417 551 375 591 412 0 548 1279 697
630 379 703 434 245 327 364 418 550 374 592 413 0 544 1279 700
631 379 705 434 239 327 364 419 550 373 593 413 0 545 1275 700
632 380 706 439 231 324 345 419 0 547 1276 700
634 381 707 441 225 325 345 422 0 553 1279 697
636 382 708 442 220 326 344 424 0 554 1279 698
638 383 710 444 213 327 344 424
639 382 711 444 544 371 596 428 209 327 343 423
639 383 713 443 544 370 596 427 201 323 328 420
639 382 714 443 544 369 596 425 196 322 326 419
639 382 715 442 190 321 323 418 117 362 163 397
639 382 716 441 111 361 158 397 177 317 336 417
640 379 717 433 152 316 318 412
640 378 718 431 151 313 315 413 88 356 134 392
641 375 718 428 549 372 599 409 146 313 313 413 82 352 130 391
641 371 718 425 548 372 599 407 138 313 313 412 69 351 116 389
641 367 717 423 547 372 598 406 132 296 302 408 62 347 111 388
640 365 716 423 123 290 297 409 0 544 1279 701
640 365 716 423 549 351 599 408 37 344 89 388 115 286 295 413 0 547 1279 700
640 366 716 423 547 370 600 407 87 291 278 411 0 551 1279 697
640 369 716 424 548 371 600 408 83 290 273 415 0 555 1279 694
641 371 716 426 550 374 600 410 0 557 1279 692
641 373 716 428 550 375 599 411 62 305 272 428
643 375 717 429 546 365 600 422
643 376 717 430 545 366 600 422
644 377 717 431 546 366 600 422 0 560 1278 690
644 378 716 433 547 368 600 423 0 558 1278 691
644 379 716 434 546 370 601 424
644 379 716 433 546 370 600 424
643 378 716 433 546 370 600 423
643 377 715 433 545 369 600 423
642 377 715 433 545 368 600 422
642 377 715 433 551 378 597 412
642 378 715 432 551 378 597 413
642 379 715 431 552 378 596 413
641 379 714 430 545 370 598 425
641 380 713 430 544 369 598 425
641 380 712 430 543 369 597 424
641 379 711 430 543 368 597 424
641 378 710 429 543 367 597 423
640 378 709 429 543 367 597 423
640 378 708 429 542 367 597 423
640 378 707 430 542 367 596 423
640 378 706 431 542 368 596 423
642 379 706 431 542 368 595 424
642 379 705 433 543 369 594 426
642 379 705 434 543 370 594 428
642 378 705 434 542 372 593 430
638 379 707 432 542 373 593 430
638 383 703 438 536 371 593 431
637 383 702 438 536 371 592 431
637 384 702 437 536 371 592 431 555 381 589 413
640 381 701 431 536 370 592 429
639 382 699 430 535 370 593 427
638 382 698 429 534 369 593 426
637 382 698 429 534 370 593 426
636 382 698 429 534 369 592 426
637 382 698 430 534 369 593 425
637 382 698 431 534 370 593 426
638 382 699 432 535 372 592 428
535 373 592 430 638 381 698 433
535 373 592 430 637 381 698 433
534 372 592 429 637 381 698 433
534 372 591 428 636 382 698 432
533 371 591 427 637 382 698 432
533 370 591 427 637 381 697 432
533 370 592 427 637 380 697 432 0 554 1279 690
