

577 314 691 362 783 319 822 343 433 321 469 342 822 319 873 347 33 328 106 356 742 251 761 267 488 321 518 333
590 316 709 363 783 319 822 343 432 321 469 342 32 328 108 356 823 319 873 347 743 251 761 267 565 319 595 336 489 321 518 333
598 315 715 364 783 319 822 343 433 321 469 342 823 319 873 347 31 328 109 356 743 251 760 267 565 319 597 337 489 320 518 333
783 319 822 343 612 316 728 364 433 321 469 342 565 319 598 337 823 319 873 347 743 251 760 267 32 328 109 356 489 320 518 333
617 314 735 365 783 319 822 343 432 320 469 342 565 319 598 337 823 319 873 347 743 251 760 267 32 328 109 356 489 320 518 332 0 578 1246 717
626 313 739 366 783 319 823 343 432 320 469 342 565 318 598 337 823 318 873 347 743 251 761 267 32 329 109 356 489 320 517 332 0 579 1243 719
638 315 754 365 784 319 823 344 432 320 469 342 565 318 598 337 823 318 873 347 743 251 761 267 490 320 517 332 48 330 108 354 0 579 1243 719
644 314 760 365 783 319 824 344 433 320 469 342 565 317 597 337 823 319 873 347 743 251 761 267 490 320 516 332 49 331 109 353 0 578 1242 719
652 313 764 365 783 319 824 344 566 317 597 336 433 320 468 342 823 319 873 347 743 251 761 267 490 320 516 332 0 578 1242 719 54 332 109 353
664 315 781 365 783 320 824 344 566 316 597 336 433 320 468 342 824 319 872 347 743 251 761 267 490 320 516 332 0 578 1240 719 57 333 109 354
670 314 786 365 567 316 597 336 433 320 468 342 785 320 823 344 824 319 872 346 744 251 761 267 490 320 515 332 0 578 1238 719 60 333 111 354
567 316 597 336 433 320 468 342 689 316 805 364 823 319 873 346 744 251 762 267 786 320 823 343 490 320 515 331 0 578 1234 719 60 333 112 354
695 315 811 365 433 320 468 342 567 316 596 336 823 319 875 346 744 251 762 267 60 332 115 355 491 320 515 331 0 578 1233 719
712 316 830 365 433 320 468 341 567 316 596 336 745 251 762 267 825 318 876 345 60 331 116 356 491 319 515 331 0 578 1229 719
717 315 837 365 433 320 468 341 568 316 596 336 745 251 761 267 689 317 719 336 61 330 118 356 491 319 515 331 0 577 1229 718 830 318 875 344
434 320 468 341 568 316 595 335 688 318 722 338 737 315 854 364 745 251 761 267 491 319 515 331 0 577 1230 718 62 330 119 357
742 314 861 365 434 320 468 341 568 316 594 335 688 319 721 339 744 251 761 268 490 319 515 331 0 578 1228 718
758 315 881 365 434 320 468 341 569 317 594 335 687 319 721 340 744 251 762 268 490 319 514 331 0 580 1226 718
765 314 887 366 434 320 468 341 569 317 593 335 687 320 720 340 744 250 762 268 490 319 514 331 0 581 1223 717
434 320 468 341 569 317 593 335 687 320 720 340 743 250 762 268 784 316 905 364 0 581 1224 717 490 319 514 331
788 314 912 364 434 320 468 341 569 317 593 335 743 250 762 268 687 320 720 340 0 579 1223 717 490 319 514 331
806 315 933 365 434 320 468 341 568 317 593 335 743 250 761 268 687 320 720 340 0 578 1222 717 784 317 821 339 490 319 515 331
813 314 937 366 434 320 468 341 784 317 824 340 568 317 593 335 743 250 761 268 687 320 720 340 1 578 1223 717
434 320 468 341 785 318 825 342 834 315 955 364 568 317 593 335 743 250 761 268 687 320 720 340 0 578 1225 717
842 313 959 366 433 320 468 341 785 318 824 342 568 318 593 335 742 250 761 268 686 320 720 340 0 578 1228 717
857 315 982 365 433 320 468 341 786 318 824 342 568 318 593 335 742 250 761 267 686 319 720 340 0 577 1229 718 89 332 128 358
865 313 987 366 433 320 468 341 785 319 824 343 568 318 593 335 742 250 761 268 686 319 720 340 90 332 129 358 0 578 1230 718
883 313 1005 365 433 320 468 341 785 319 824 343 568 318 593 335 742 250 761 268 686 319 720 340 91 332 130 358 0 578 1234 718 819 317 877 346
891 311 1010 366 434 320 468 341 785 319 824 343 568 318 593 335 741 250 761 268 91 332 131 358 686 319 719 340 819 318 879 346 0 578 1235 718
906 312 1032 366 434 320 468 341 786 319 823 343 568 318 593 335 818 318 878 347 741 250 761 268 91 333 132 358 0 579 1234 718 687 320 719 339
913 311 1037 366 434 320 468 341 786 319 823 343 817 317 878 347 568 317 593 334 91 333 134 359 741 250 761 268 0 580 1230 718 687 320 718 339
931 311 1055 366 433 320 468 341 818 317 878 347 786 319 823 342 568 317 593 334 92 333 136 358 741 250 762 268 0 581 1227 718 687 320 718 339
941 310 1059 367 433 320 468 341 92 332 137 358 568 318 593 334 786 319 823 342 741 249 762 268 820 318 876 346 0 581 1226 717
955 310 1082 366 433 320 468 341 92 332 139 358 568 318 593 334 786 319 824 342 741 249 762 268 822 318 876 346 0 581 1226 717
964 309 1086 367 433 320 468 341 92 332 140 357 568 318 593 334 741 249 762 268 786 320 824 342 823 318 876 345 0 581 1228 717 687 320 718 339
982 309 1103 365 433 320 468 341 92 332 140 357 567 317 593 334 741 249 762 268 786 319 825 342 823 318 877 346 0 581 1229 717 687 320 719 339 490 320 515 331
995 307 1102 360 433 320 468 341 93 332 141 357 567 318 592 334 786 319 825 342 740 249 762 268 823 318 878 346 0 581 1230 717 490 320 514 331 687 320 719 339
1007 309 1130 365 433 320 468 341 93 332 141 358 567 318 592 334 786 319 825 342 823 318 878 346 740 250 762 267 0 581 1230 717 1137 312 1159 349
1016 308 1134 366 433 320 468 341 93 331 141 358 824 318 878 346 786 319 825 342 568 318 592 334 741 250 762 267 0 581 1228 716 687 320 719 339
1033 308 1150 366 433 320 469 341 93 331 141 358 825 318 878 346 785 319 825 342 741 250 762 268 568 318 592 334 687 320 718 339 0 582 1227 716
1043 306 1153 360 93 331 141 359 433 320 468 341 825 318 879 346 785 319 824 342 742 250 762 268 568 318 592 334 687 320 718 339 0 582 1229 715
1058 308 1177 365 93 331 142 360 433 320 468 341 824 318 879 346 785 319 824 342 742 250 762 268 568 318 592 334 686 320 718 339
1068 307 1179 359 93 331 143 361 433 320 468 341 824 318 879 346 786 319 824 342 742 250 762 268 568 318 592 335 686 320 719 340
1081 308 1200 358 93 331 143 361 433 320 468 341 823 318 878 346 785 319 824 342 742 250 762 268 568 318 592 335 686 320 719 339
1091 308 1203 358 93 331 143 361 433 320 468 341 823 318 878 345 785 319 824 342 568 318 591 335 742 250 761 268 686 320 719 340
1107 309 1227 357 94 331 143 360 433 320 468 341 785 319 824 342 822 318 877 345 743 250 761 268 568 319 591 335 686 319 719 340
1115 308 1231 357 94 330 143 360 433 320 468 341 785 319 824 342 568 319 591 335 743 250 761 268 823 318 877 345 686 319 719 340
1127 309 1251 357 94 330 144 360 434 320 468 341 785 319 824 342 568 319 590 335 743 250 761 268 823 318 876 344 686 319 719 340
1135 308 1255 357 94 329 144 360 434 320 468 341 785 319 824 342 568 319 590 335 823 318 877 344 743 250 761 268 686 319 719 340
1152 305 1269 358 94 329 144 360 434 320 468 341 823 318 877 345 785 319 825 342 568 319 590 335 743 250 762 268 686 319 720 340 1 322 17 359
1160 304 1271 359 94 329 145 361 434 320 468 341 823 318 879 345 785 319 825 342 567 319 590 335 743 250 762 268 686 319 720 340 1 322 17 359
1171 302 1272 358 94 329 145 361 434 320 468 341 823 318 879 345 785 319 825 342 567 319 590 336 743 250 761 268 686 319 720 340 1 322 17 359
1191 303 1278 357 94 329 145 362 435 320 468 341 823 318 880 346 566 318 590 335 785 319 825 342 743 250 761 268 686 319 720 340 1 322 16 358
1198 303 1278 357 94 330 144 362 435 320 468 341 822 318 880 346 566 318 590 335 785 319 825 342 743 250 761 268 686 319 720 340 1 322 16 358
1204 303 1279 357 94 330 143 362 435 320 468 341 566 318 590 335 822 318 880 346 784 320 825 342 743 250 761 268 686 319 720 340 1 322 16 357
95 330 142 362 434 320 468 341 1218 299 1277 357 566 318 590 335 822 318 880 345 785 320 825 342 743 250 761 268 687 319 720 340
95 330 142 362 434 320 468 341 822 318 880 345 566 318 589 335 785 319 825 342 743 250 761 268 687 319 719 340
94 330 141 362 434 320 468 341 1247 303 1278 354 822 318 880 345 785 319 825 342 743 250 761 268 567 318 589 335 687 319 719 340
94 330 141 363 434 320 468 341 1254 305 1278 352 822 318 881 345 785 319 825 342 743 250 761 268 567 318 589 335 687 319 719 340
94 330 140 363 435 320 467 341 822 317 881 346 785 319 826 342 743 250 761 268 687 319 719 340
94 330 139 363 435 320 467 341 823 317 881 346 785 319 825 342 743 250 761 268 687 319 719 340
93 330 139 364 435 320 467 341 823 318 881 346 785 319 825 342 743 250 761 268 687 319 719 340
92 330 139 364 435 320 467 341 823 318 881 346 785 319 825 342 743 250 761 268 687 319 719 340
92 330 138 364 435 320 467 341 823 318 880 346 785 319 825 342 743 250 761 268 687 319 719 340
91 330 137 364 435 320 467 341 824 318 881 346 786 319 825 342 743 250 761 268 687 319 719 340
89 330 136 364 435 320 467 341 824 318 881 346 786 319 825 342 687 319 719 340 743 250 761 268
88 330 135 364 435 320 467 341 824 317 881 346 787 319 825 342 687 319 719 340 743 250 761 268
87 330 135 365 435 320 467 341 824 317 881 346 787 319 825 342 687 319 719 340 743 250 761 268
86 331 134 365 435 320 467 341 824 317 881 346 787 319 825 342 687 319 719 340 743 250 761 268
84 332 134 366 435 320 467 341 824 317 881 346 786 319 825 342 687 319 719 340 743 250 761 268
83 332 133 366 435 320 467 341 824 317 881 346 786 319 825 342 687 319 719 340 743 250 761 268
82 332 133 366 435 320 468 341 824 317 881 346 786 319 825 342 687 319 719 340 744 250 761 268
81 332 132 367 435 320 468 341 825 317 881 346 786 319 825 342 687 319 720 340 744 250 761 268
80 331 132 367 786 319 825 342 825 317 881 346 435 320 468 341 687 319 720 340 744 251 761 267
79 331 131 367 824 317 881 346 786 319 825 343 435 320 468 341 687 319 720 340 744 251 761 267
77 330 131 368 824 318 880 346 786 319 824 343 434 320 468 341 687 319 720 340 744 250 761 268
75 330 131 369 824 318 880 346 786 319 824 342 687 319 720 341 434 320 468 341 744 250 761 268
72 330 130 369 687 319 720 341 787 319 824 342 824 318 880 346 434 320 468 341 744 250 761 268
72 330 129 369 686 319 720 341 787 319 824 342 434 320 467 341 824 317 880 346 744 250 762 268
69 332 121 368 787 319 824 342 686 319 719 340 434 320 467 341 825 318 879 345 744 250 762 268
66 333 122 369 787 319 824 342 434 320 467 341 686 320 718 340 825 318 879 345 744 250 762 268
63 333 122 370 434 320 467 341 787 319 824 342 686 320 717 340 825 318 878 345 744 250 762 268
62 334 120 370 434 321 467 341 787 319 824 342 825 318 878 345 686 320 717 340 744 250 762 268
59 334 119 370 434 321 467 341 787 319 824 342 744 250 762 268 686 321 716 340 825 318 878 345 491 321 516 333
57 333 116 370 434 321 468 341 787 320 824 342 743 250 762 268 686 321 716 340 825 319 877 345 491 321 516 333
56 333 115 370 434 321 468 341 786 320 824 342 743 250 762 268 686 321 716 340 825 319 877 344 491 321 516 333
55 333 114 371 434 321 468 341 786 320 824 342 743 250 761 268 686 321 717 340 825 319 877 344 491 321 516 333
54 333 113 371 434 321 468 341 786 320 824 342 743 250 761 268 686 321 717 340 825 319 877 344 491 321 516 332
52 332 113 371 434 321 468 341 786 320 824 342 743 250 761 268 686 321 717 340 825 319 878 344 491 321 516 332
50 331 113 371 434 321 467 341 786 320 824 342 744 250 761 268 686 321 717 340 491 321 516 332 824 319 878 344
47 327 110 370 435 321 467 341 785 320 824 341 744 249 761 268 686 320 717 340 491 320 516 332 823 319 879 344
46 326 110 371 435 321 467 341 785 320 824 342 744 249 761 268 686 320 717 340 823 318 879 344 492 320 516 332
44 326 110 373 435 321 467 341 786 320 824 342 744 249 761 267 686 320 717 340 822 318 879 344 492 320 516 332
43 327 109 374 435 321 467 341 786 320 824 342 744 249 761 267 686 320 717 340 822 317 880 345 491 321 516 332
42 327 110 374 435 321 468 341 785 320 824 342 744 249 761 268 686 320 717 340 822 317 880 345 491 321 516 332
34 325 106 373 435 321 468 341 786 320 824 342 744 249 761 268 686 320 717 340 822 317 880 345 491 321 516 333
31 325 104 373 435 321 468 341 786 320 824 342 744 249 761 268 686 320 717 340 822 317 880 345 491 321 516 333
30 325 102 374 435 321 468 341 786 320 824 342 744 250 761 268 687 320 717 340 823 317 880 345 491 321 516 333
