

196 347 412 536 0 384 89 702 394 0 1007 610 1088 337 1205 414
196 347 413 536 0 383 90 702 395 0 1007 610 1088 337 1205 414
196 347 413 536 0 383 90 703 396 0 1005 610 1088 337 1205 414
195 347 413 537 0 382 90 703 396 0 1006 611 1089 337 1205 415
195 347 414 537 0 383 91 703 397 0 1005 611 1089 337 1204 415
195 347 414 537 0 383 91 703 397 0 1005 612 1089 336 1203 414
195 347 415 536 0 383 92 703 398 0 1005 612 1089 336 1203 414
195 348 415 536 0 382 92 703 398 0 1005 613
195 348 415 536 0 381 91 703 399 0 1004 613
195 348 414 536 0 380 91 704 399 0 1004 612 1088 336 1204 415
195 348 414 535 0 378 91 704 400 0 1004 611 1088 336 1203 415
195 348 414 535 0 377 91 705 400 0 1004 611 1088 336 1203 415
195 348 414 535 0 377 90 705 400 0 1004 612 1087 336 1204 415
195 348 414 535 0 377 90 704 400 0 1004 612 1087 336 1204 415
195 348 414 535 0 378 90 704 398 0 1004 612 1087 337 1204 414
195 348 414 534 0 379 91 704 398 0 1004 613
195 348 414 534 0 379 91 704 399 0 1003 613
195 348 414 534 0 379 91 704 400 0 1002 613 1209 396 1278 581 1086 338 1204 414
195 348 414 534 0 379 91 704 400 0 1002 613 1202 300 1279 557 1086 337 1203 414
195 348 414 534 0 379 91 704 400 0 1001 613 1196 297 1278 556 1086 335 1199 414
195 348 414 534 0 378 91 704 400 0 1000 612 1166 306 1276 546 1087 335 1195 415
195 348 414 534 0 378 92 704 1157 307 1274 542 400 0 1000 612
195 348 413 535 0 377 92 705 1146 307 1266 536 400 0 1000 612
195 348 413 535 0 377 92 705 399 0 1001 611 1137 309 1254 536
195 349 413 536 0 376 92 705 399 0 1001 611 1112 319 1223 523
195 349 413 536 0 377 92 705 1104 318 1219 524 399 0 1001 613
195 349 413 537 0 377 92 704 1096 321 1211 522 400 0 1000 614
196 348 412 537 0 377 92 704 1091 316 1198 482 401 0 999 614 1094 407 1203 548
196 348 412 537 0 378 92 704 402 0 999 613 1075 319 1177 485 1088 409 1195 546
196 349 412 537 0 378 92 704 1072 324 1173 479 403 0 999 613 1071 410 1177 545
196 349 412 537 0 378 92 704 1067 325 1164 476 403 0 999 614 1065 410 1168 543
196 349 413 537 0 378 92 704 1060 325 1153 474 402 0 999 613 1057 408 1156 540
196 349 413 537 0 378 92 703 1054 324 1143 473 402 0 999 612 1049 405 1145 537
196 348 413 537 0 377 92 703 1043 415 1136 531 402 0 998 611 1049 325 1134 474
196 349 413 537 0 377 92 704 403 0 998 612 1043 338 1131 507
197 349 413 537 0 376 92 704 405 0 997 611 1029 352 1118 503
197 350 413 537 0 375 92 704 406 0 995 611 1024 355 1111 503
197 349 413 536 0 375 92 704 407 0 994 610 1018 358 1106 503
197 349 413 536 0 375 92 704 408 0 993 610 1015 361 1101 502
197 349 413 536 0 376 92 703 407 0 994 611 1013 357 1095 502
196 349 413 537 0 377 92 703 407 0 995 611 1010 354 1088 503 83 413 185 445
196 349 413 536 0 377 92 702 407 0 995 612 1007 349 1082 503 80 414 185 444
196 349 413 536 0 377 92 702 407 0 995 611 1087 337 1207 415
197 349 413 535 0 376 92 703 404 0 997 611 998 397 1057 504 1086 338 1208 415
196 349 413 535 0 376 92 704 401 0 1001 611 1086 338 1207 415 997 394 1054 503
195 349 414 535 0 376 93 705 399 0 1005 611 1085 338 1207 415 76 410 190 445 997 390 1049 502
194 349 414 535 0 375 93 705 399 0 1007 612 1086 338 1207 415 994 348 1042 491 75 410 189 445
194 349 414 536 0 375 93 706 399 0 1008 611 1086 338 1206 415
194 349 414 536 0 375 92 706 400 0 1008 612 1086 338 1206 414
194 349 413 537 0 375 92 706 401 0 1006 613 1086 338 1206 414
195 349 413 537 0 375 92 706 401 0 1005 613 1086 338 1206 414
195 348 413 537 0 375 92 706 401 0 1005 612 1086 338 1206 414
195 348 412 537 0 376 92 705 399 0 1005 611 1085 339 1206 414
196 348 412 537 0 376 91 705 400 0 1003 610 1084 339 1207 414
195 348 412 537 0 377 91 705 398 0 1003 610 1083 339 1207 413
196 348 412 537 0 377 91 704 399 0 1003 612 1084 339 1207 414
196 348 413 537 0 378 92 704 400 0 1002 612 1085 339 1207 414
195 348 413 537 0 379 91 704 401 0 1002 613 1086 339 1206 415
195 348 413 536 0 379 92 704 402 0 1001 613 1086 339 1206 415
195 348 413 536 0 378 92 704 401 0 1001 613 1086 339 1206 415
195 349 414 536 0 378 92 705 401 0 1001 613 1087 338 1207 415
196 349 414 536 0 377 91 705 399 0 1002 612 1087 338 1207 415
196 349 414 535 0 377 92 706 399 0 1003 611 1087 338 1207 415
196 349 414 535 0 377 91 706 399 0 1003 611 1087 338 1207 414
196 349 414 534 0 378 91 705 400 0 1003 611 1087 338 1207 414
196 349 414 535 0 378 91 705 400 0 1003 612 1086 338 1207 414 148 408 209 436
197 349 413 535 0 379 92 705 400 0 1002 612 1086 338 1207 415
196 349 413 535 0 378 92 705 400 0 1002 612 1086 338 1207 415
196 349 413 536 0 377 92 705 400 0 1002 611 1086 338 1207 415
195 349 413 536 0 376 92 706 400 0 1001 611 1086 338 1207 414 112 409 198 442
195 349 414 536 0 377 92 705 400 0 1001 610 1086 338 1208 415 109 410 197 443
195 349 414 535 0 377 92 705 399 0 1002 611 1086 338 1208 414 91 411 185 445
195 349 413 535 0 377 92 704 399 0 1003 611 1085 338 1208 414 89 412 183 445
195 349 413 535 0 377 91 704 398 0 1005 613 1085 338 1209 414 87 413 182 444
194 349 413 535 0 377 92 704 397 0 1005 614 1085 338 1208 414 85 414 182 444
194 348 414 535 0 378 91 703 397 0 1005 614 1085 338 1208 414 81 415 184 444
194 348 414 535 0 378 91 703 398 0 1004 614 1085 338 1208 414
194 348 414 536 0 379 91 703 399 0 1003 612 1085 338 1208 414
194 348 414 536 0 379 92 704 399 0 1003 612 1085 338 1208 414
195 348 414 537 0 379 92 704 399 0 1003 612 1085 338 1208 415
195 348 414 537 0 379 92 705 399 0 1003 612 1085 338 1208 415
195 348 414 537 0 379 92 705 400 0 1003 611 1084 338 1209 415
195 348 414 537 0 378 92 705 399 0 1003 610 1084 338 1208 414
196 348 414 537 0 377 92 706 400 0 1003 609 1085 337 1207 415
196 348 414 536 0 376 92 706 402 0 1002 609 1086 337 1206 415
196 348 413 536 0 376 91 706 403 0 1001 608 1086 336 1206 415
196 348 413 537 0 376 91 705 405 0 1001 610 1086 336 1206 415
197 348 413 537 0 377 91 705 405 0 1001 610 1087 336 1206 415
196 348 413 536 0 377 91 705 405 0 1001 610 1087 336 1206 415
197 348 413 536 0 377 91 704 405 0 1000 609 1088 336 1206 416
197 348 413 536 0 377 92 704 404 0 1000 608 1087 337 1206 416
197 348 413 536 0 378 92 704 403 0 1001 607 1086 338 1207 416
197 347 412 536 0 378 92 704 401 0 1001 607 1086 338 1207 415
197 347 412 536 0 378 92 704 401 0 1001 608 1085 338 1207 415
197 347 412 536 0 378 92 704 402 0 1000 608 1085 338 1207 415
198 348 412 535 0 378 92 704 402 0 1000 607 1084 338 1208 415
198 348 412 534 0 378 92 704 403 0 1001 607 1084 338 1209 415
198 348 412 534 0 379 92 704 402 0 1002 608 1084 338 1209 415
