

51 401 186 478 471 365 802 598 0 386 57 503 888 389 944 494 810 403 839 444 1050 407 1102 484 1102 315 1217 557 809 375 835 427 1075 437 1265 625
50 401 186 478 470 364 803 600 0 385 56 504 886 375 940 474 1092 314 1204 556 810 403 838 444 890 430 940 502 1064 438 1252 625 808 375 834 427 1050 408 1098 483
50 402 186 479 470 363 801 602 0 385 56 504 809 403 838 444 1055 440 1240 622 881 375 933 475 806 375 833 427 884 430 930 500 1061 325 1176 545 1247 434 1279 553 651 339 663 352
49 402 186 479 470 362 802 604 1051 319 1169 549 878 373 931 478 0 384 55 505 1036 437 1200 615 882 430 928 499 809 402 837 444 1248 436 1279 552 805 375 833 427 651 339 663 352
49 402 185 479 470 361 803 604 1041 320 1156 551 875 371 929 479 1027 437 1189 616 0 385 54 504 881 428 927 499 808 402 836 443 1249 435 1279 554 800 367 838 441 651 339 663 352
50 403 184 479 469 362 804 604 873 370 926 479 1020 439 1175 614 0 387 53 505 1034 323 1148 549 878 427 925 499 807 401 836 443 1250 433 1279 556 804 374 832 428 651 339 663 352
50 403 183 478 468 363 803 604 871 370 925 477 1016 329 1128 552 0 388 52 504 1017 444 1163 607 875 427 924 497 806 401 835 443 805 374 832 428
49 404 183 478 468 363 804 606 1007 336 1120 546 869 370 923 475 1000 441 1142 599 0 390 47 502 806 401 835 443 872 427 922 496 804 375 832 427 650 339 662 352
48 404 183 479 997 340 1111 546 467 360 804 607 868 370 923 474 0 391 47 501 1007 437 1126 596 805 399 834 441 871 427 920 496 791 382 812 424
48 404 182 479 989 338 1102 541 468 360 806 608 866 369 922 474 0 391 46 501 1001 436 1114 591 869 426 918 497 792 382 814 425
48 403 181 479 468 360 807 609 865 368 921 474 986 407 1103 582 0 391 46 500 804 398 830 441 792 383 814 424 867 425 916 497
46 403 179 479 468 361 809 610 972 335 1071 533 863 369 919 473 0 391 44 499 983 414 1096 581 793 383 814 424
44 403 179 479 466 362 811 612 966 334 1060 534 0 393 43 498 862 370 918 470 792 382 813 424 969 438 1073 584 651 338 663 353
42 403 178 479 464 362 813 613 957 335 1049 535 0 394 41 498 859 407 906 486 792 381 813 426 1066 411 1118 488 964 440 1062 581 651 338 663 353
41 403 177 479 466 361 813 615 951 338 1044 533 854 377 904 468 0 393 40 498 792 380 813 426 1067 410 1119 489 651 338 663 353 957 441 1051 580
39 403 175 480 465 362 813 616 853 378 901 468 0 392 38 500 792 380 814 428 1068 410 1121 490 947 421 1041 561 933 346 1022 531 651 338 663 353
38 403 174 480 463 363 813 615 851 378 898 469 927 349 1015 523 0 392 37 500 1070 410 1122 491 792 379 814 429 651 337 663 353 932 442 1026 550
37 404 174 480 460 364 816 615 850 377 897 468 919 350 1007 520 0 392 37 501 1071 410 1124 491 791 393 817 438 931 439 1020 551 650 337 663 352
37 404 173 480 459 364 817 617 849 377 896 467 913 351 1001 515 0 392 36 500 1073 409 1126 492 928 438 1014 549 790 393 817 439 855 426 892 476
36 404 173 480 459 362 819 620 848 378 893 466 907 352 996 512 0 391 35 501 1074 409 1127 492 789 393 817 439 923 439 1009 547 853 426 889 476
34 404 172 480 459 362 820 623 902 352 990 507 846 379 891 465 0 389 34 501 1077 408 1128 492 789 392 817 439 910 437 995 542 851 425 888 477
33 404 171 480 459 361 821 625 845 379 889 466 897 353 985 507 906 436 990 540 0 389 32 502 1078 407 1129 492 789 391 817 439
33 403 170 480 459 360 822 628 843 378 888 469 0 388 31 503 888 359 971 500 902 436 985 539 790 390 816 439
459 359 823 629 34 404 169 480 881 359 965 499 837 376 878 472 1081 404 1138 494 0 389 31 502 787 379 812 430 899 437 981 537
459 358 825 630 27 402 161 480 875 357 960 499 836 377 876 470 1081 404 1139 494 0 390 31 502 786 378 811 430 894 425 958 525
459 358 827 631 28 402 161 481 835 379 874 469 869 355 955 498 890 426 956 527 1081 403 1140 496 0 391 31 502 785 378 810 429
459 356 828 632 27 403 161 481 834 380 873 468 867 354 953 499 887 426 953 525 1081 404 1141 496 0 392 30 503 785 378 809 428 790 395 815 438
458 354 828 635 26 403 162 481 1082 405 1142 497 833 381 871 467 864 355 947 498 0 392 29 504 784 378 807 428 790 395 813 439 886 427 947 520
25 404 163 482 456 353 827 637 861 355 941 498 832 381 869 466 1083 405 1143 497 789 394 812 440 784 378 807 429 0 391 27 506 872 423 935 519
23 404 163 482 454 353 827 637 868 423 932 518 857 355 935 496 830 381 866 464 1084 405 1144 497 783 377 806 428 788 395 811 439 1 393 26 507
23 404 163 482 453 353 827 636 865 423 928 517 853 355 932 495 1084 406 1145 497 782 375 806 428 828 381 864 465 788 396 811 440 1 393 24 507
23 405 162 482 451 352 829 637 863 424 924 516 783 375 805 427 1085 406 1145 497 850 357 930 495 826 380 861 464 0 394 23 507
22 405 162 482 449 351 832 640 861 428 921 514 783 375 805 427 1086 407 1147 497 839 362 921 495 824 378 858 464
21 406 162 482 448 348 834 643 853 425 913 510 837 363 920 495 784 376 805 426 1088 407 1148 496 812 378 853 463
21 406 162 482 448 347 836 646 851 426 910 509 811 379 851 462 834 364 916 497 783 376 805 426 1089 407 1148 495
20 407 161 483 447 344 836 650 848 425 905 507 807 379 849 462 842 365 904 477 783 376 806 425
20 407 161 483 447 342 837 653 844 425 900 505 838 364 901 477 1093 407 1152 495 807 379 845 462 783 376 806 425
19 406 161 483 446 341 837 655 840 424 896 503 835 362 897 476 1094 408 1154 495 804 379 843 462 783 377 806 425
18 406 161 483 447 341 836 656 839 425 893 502 1095 408 1155 494 833 364 894 474 806 379 842 461 784 378 806 425
18 406 160 484 447 341 837 657 827 368 882 470 837 426 890 500 652 334 663 349 784 380 806 423
18 406 159 484 446 340 838 657 825 370 878 470 830 424 881 499 652 334 664 349
18 406 159 484 446 339 840 657 823 412 879 491 652 334 664 349
18 406 158 484 444 340 842 656 822 414 876 491 652 334 664 349
17 406 158 483 444 339 842 658 821 414 873 491 1100 407 1156 494 652 334 663 349
16 406 158 483 443 338 842 659 818 413 870 490 1101 407 1156 494 652 334 663 349
16 406 158 483 443 337 842 661 817 413 867 490 651 334 663 349
16 406 158 483 442 337 844 660 817 413 864 490 651 334 663 349
16 407 157 484 442 337 843 660 817 414 862 487 652 334 663 349
15 407 157 485 442 336 842 661 808 407 857 484 652 334 663 349
14 406 156 485 442 335 842 662 808 409 855 482 652 335 663 349
13 406 156 485 442 334 842 663 807 410 854 482 652 335 663 349
13 406 157 485 441 334 843 663 805 409 851 483 652 335 663 349
12 406 157 486 441 334 843 663 795 371 845 466 815 423 847 474 652 335 663 349
440 337 843 661 12 406 157 486 794 370 842 466 814 422 845 473 652 335 663 349
440 338 843 660 11 405 157 486 793 369 841 466 652 335 663 349 813 422 844 472
440 341 843 657 12 406 156 487 1105 406 1165 497 652 335 663 349 793 369 840 464
440 341 843 656 13 406 155 487 1105 405 1165 498 653 336 664 349 782 363 831 439
439 342 844 656 13 407 155 487 1104 404 1165 498 780 363 830 439 653 336 664 349
439 342 843 657 14 407 155 487 779 364 828 440 1104 404 1165 498 653 336 663 349
438 342 843 657 14 406 155 487 780 364 825 439 1104 403 1166 498 653 336 663 349
438 343 842 657 13 406 155 486 780 364 823 439 653 336 663 349
438 342 842 658 13 406 154 486 780 365 821 439 653 336 663 349 413 402 446 430
438 343 842 658 13 406 154 486 778 365 820 439 653 336 663 349
437 342 843 658 13 406 154 486 777 365 818 439 653 336 663 349
436 342 843 659 14 406 153 486 775 365 816 439 653 336 663 349
436 341 843 659 14 405 153 485 653 335 663 349 773 365 814 438
436 341 843 660 14 405 153 485 653 335 663 349 773 365 813 438
436 342 843 659 14 405 153 485 1104 404 1165 497 652 335 663 349
436 343 844 658 14 405 153 485 1104 403 1165 498 652 335 663 349
436 344 844 657 13 405 153 485 1104 404 1166 498 653 335 663 349
13 405 153 485 437 344 844 657 1104 404 1165 499 653 335 663 349
13 405 153 485 437 344 843 657 1104 404 1165 499 653 335 663 349
13 405 153 485 437 344 843 657 1104 404 1165 498 653 335 663 349
13 404 153 485 437 344 843 657 1104 403 1166 498 653 335 663 349
13 404 153 485 437 344 844 657 653 335 663 349
13 404 153 485 436 344 844 656 653 335 663 349
13 404 153 485 436 344 844 656 652 335 663 349
13 404 153 485 436 345 844 656 652 335 663 349
435 345 844 656 12 404 153 485 1104 402 1166 498 652 335 663 349
435 344 845 656 12 404 153 485 1105 403 1165 498 652 336 662 349
435 344 845 656 12 404 153 485 652 336 662 349
436 343 845 657 12 404 154 485 652 336 662 349
436 343 845 657 12 404 154 485 652 336 662 349
435 343 845 657 12 404 154 485 652 336 662 349
435 343 845 656 12 404 154 485 652 336 662 349
435 343 845 656 12 404 154 485 652 336 662 349
436 344 845 656 12 404 154 485 652 336 662 349
435 344 845 656 12 404 154 485 652 336 662 349
435 344 845 656 12 404 154 485 652 336 662 349
435 344 845 656 12 404 154 485 652 336 662 349
435 344 845 656 13 404 154 485 652 336 662 349
436 343 844 657 13 404 154 485 652 336 662 349
435 342 844 658 13 404 154 485 652 336 662 349
435 342 844 659 13 404 154 485 652 336 662 349
435 342 844 659 13 404 154 485 1105 403 1165 498 652 336 662 349
435 342 844 659 13 404 154 485 652 336 662 349
434 341 844 659 13 404 154 485 652 336 662 349
434 341 844 660 13 404 154 485 652 336 662 349
