

1014 361 1188 502 288 274 1177 719 783 281 971 407 722 254 824 335 456 211 560 273
451 213 551 281 772 288 971 414 1008 372 1190 514 269 269 1182 719 701 259 802 339 660 257 696 288
767 298 973 435 256 267 1183 719 1008 389 1191 539 693 259 802 347 436 219 537 287 653 262 693 293 613 245 639 260 645 260 674 287
762 299 974 437 432 220 533 289 1010 392 1190 546 253 263 1174 719 639 263 677 293 693 265 800 365 611 247 638 262
759 299 976 438 427 221 529 287 1016 392 1191 552 635 263 677 293 675 262 787 346 593 244 616 257
758 299 978 442 425 222 524 288 205 325 1115 709 1020 397 1194 556 631 264 673 294 673 267 788 365 590 245 616 259
757 303 982 449 217 328 1089 705 671 269 787 368 420 232 522 297 1027 403 1195 559 632 267 666 291
756 307 989 455 420 237 518 301 234 330 1052 701 669 273 788 369 1039 412 1194 562 627 278 666 306
413 240 512 302 755 310 997 459 666 274 787 369 230 328 1054 703 625 279 667 308 1063 419 1185 569 587 263 615 279
755 306 1004 458 666 272 789 368 222 324 1070 706 413 239 513 299 1078 421 1193 574
772 299 1017 452 247 254 1199 719 666 257 789 341 1087 418 1193 572 417 223 511 280 626 260 666 286
774 288 1033 449 243 251 1206 719 669 247 790 342 423 216 519 274
208 258 1099 719 784 282 1045 449 428 197 521 253 629 233 671 262 671 233 788 320
430 192 526 252 786 273 1095 471 206 256 1100 719 632 229 674 257 674 230 786 319 569 213 591 225
432 194 529 254 802 281 1105 481 206 252 1100 719 634 231 676 259 676 231 826 355
814 291 1121 491 437 197 532 258 680 236 828 355 637 234 674 262 217 247 1075 719
441 200 533 261 815 299 1136 496 684 237 832 354 639 237 673 263 206 319 1099 716 649 238 693 269
824 299 1167 504 445 203 533 263 688 240 839 353 257 332 1201 715 650 240 690 273 641 238 669 264
823 297 1182 508 444 210 535 268 255 332 1207 713 688 243 844 357 650 248 693 280
832 294 1190 510 450 209 537 270 250 242 1199 719 687 244 850 360
835 292 1194 510 240 244 1203 719 685 248 862 387 451 204 536 260 639 239 670 261
837 287 1196 512 439 199 526 257 238 242 1193 719 677 237 853 355 635 232 674 259
832 298 1213 549 194 254 1080 719 667 229 852 353 430 191 522 251
828 297 1213 582 200 249 1045 719 653 220 858 355 410 186 501 247 588 215 615 235
819 301 1215 616 138 254 946 719 634 216 811 351 381 188 481 246
814 309 1216 650 382 190 468 250 130 256 945 719 621 220 814 359
815 312 1219 667 123 249 951 719 378 191 463 250 614 220 819 362 566 220 594 238 515 211 542 226
817 313 1217 679 117 248 956 719 371 188 458 247 611 217 824 362
110 243 964 719 803 336 1223 697 607 211 831 361 371 187 457 243 4 146 119 200
796 345 1217 694 108 243 963 719 371 177 455 236 606 211 838 364
804 357 1219 691 109 235 964 719 373 189 455 245
822 372 1227 689 110 235 971 719 373 194 454 252
826 387 1239 688 370 201 453 257 116 237 967 719 606 217 900 435 0 179 54 400 492 217 515 230
606 219 901 434 367 204 451 261 122 246 967 719 0 178 59 405 818 406 1245 686 491 220 516 234
604 221 906 437 121 249 977 719 366 205 449 261 0 177 61 406 799 415 1244 685 491 222 516 236
604 221 917 437 117 247 990 719 366 206 447 261 0 174 66 405 492 223 516 236
117 245 984 719 608 220 932 432 0 174 73 401 366 204 446 257 492 219 516 233 557 234 606 260
120 241 973 719 616 217 939 424 368 197 448 251 0 169 83 395 584 119 856 258
117 231 974 719 622 212 941 424 370 191 452 244 0 164 92 389 593 116 848 255
121 224 981 719 636 207 955 429 0 161 112 383 373 183 454 235 566 211 598 232 491 195 516 209
637 210 970 443 130 227 971 719 0 115 122 375 385 189 462 242
642 219 988 455 141 236 964 719 0 98 141 381 391 193 466 246
650 234 1015 470 0 96 151 385 154 239 1119 719 397 200 470 253 517 214 540 229
668 245 1037 479 157 245 1122 719 398 204 476 256 517 219 540 232
679 250 1060 488 0 85 179 380 171 246 1110 719 415 204 489 254 516 217 539 231 539 222 563 236
696 246 1104 494 1 86 208 370 138 254 948 719 422 197 495 250 543 216 564 230
707 239 1120 504 0 76 215 367 134 250 945 719 421 192 503 243
1 35 220 347 721 231 1147 519 134 247 955 719 440 182 511 232
0 24 232 354 729 227 1170 534 444 182 516 231 225 234 1038 719 567 208 594 222
0 13 243 365 734 224 1185 543 445 183 517 232 222 232 1054 719 566 208 592 222
0 12 246 365 736 219 1185 547 444 178 514 229 228 225 1050 719 540 195 566 209
0 9 247 359 720 190 1204 592 220 206 1046 719 438 173 513 222
0 8 245 354 128 186 1169 710
0 6 245 353 123 182 1186 701 430 159 491 206 723 199 1209 644 513 173 543 188 705 227 804 319
0 7 247 354 176 168 1262 696 427 158 487 209 702 232 806 322 513 175 542 190
0 10 247 352 100 193 1212 702 422 157 482 209 703 233 807 325 512 175 542 191
0 12 247 349 98 191 1198 712 688 222 840 331 724 202 1213 671
0 15 245 347 101 194 1179 712 757 195 1234 682 691 223 845 334 406 171 474 210
0 33 261 331 731 194 1214 675 106 194 1156 715 694 225 850 338 400 170 473 211 623 85 1036 256 489 173 517 188
0 45 254 329 760 189 1239 688 106 194 1156 715 694 224 852 342 397 170 464 211 489 174 517 189 610 78 1041 256
0 54 248 326 756 188 1242 690 690 223 854 345 99 186 1164 719 594 69 1053 256 1158 0 1278 719 489 174 515 189
0 56 239 325 748 186 1249 692 681 223 850 346 93 198 992 719 379 164 436 198 1156 0 1279 719 577 59 1067 255 467 167 491 181
1 48 224 334 674 223 843 349 91 183 1189 719 720 195 1222 683 380 164 428 196 1155 0 1279 718 569 63 1072 260
81 190 1207 719 651 224 806 349 714 205 1224 680 548 66 963 257
0 89 213 355 69 186 1220 719 643 228 804 358 531 76 969 265 338 185 373 214 708 216 1225 683
0 92 186 356 53 190 1232 719 627 236 798 365 704 256 935 421 516 81 975 268 703 224 1226 686 339 189 372 215 314 188 349 214
41 192 1248 713 616 236 796 363 697 257 945 418 496 81 984 272 736 225 1262 695 316 189 350 216
0 97 157 360 661 239 1004 435 590 232 761 361 471 72 980 283
645 239 1015 441 570 225 758 365 241 181 280 207
1 127 113 326 640 240 1028 449 550 221 762 373
629 243 1039 454 0 125 87 319 527 217 724 362 191 174 222 193
623 239 1018 461
570 227 952 466 466 201 671 359
575 230 926 485 450 197 668 361
585 231 908 494 443 197 665 358 123 164 146 179
589 228 906 508 404 196 629 369 0 180 860 710 44 158 71 177
596 223 919 522 391 192 627 371 0 191 851 716 338 182 492 288 24 155 59 179
584 227 946 545 385 193 623 377 0 201 686 700 329 182 481 292 19 155 62 184 78 149 97 160 99 151 117 161
631 229 986 562 386 200 632 386 15 159 62 191 0 209 689 698 328 188 483 302
0 209 701 699 382 204 675 397 20 169 54 193 633 232 1011 540
0 206 731 702 396 214 716 433 381 216 563 338 699 251 1197 667 68 181 101 206 25 175 53 194
491 221 770 449 7 206 821 703 823 286 1202 638 398 219 556 330 69 181 98 206
862 280 1213 663 3 202 849 707 507 217 811 454 432 216 604 331
13 204 865 712 574 224 883 471 897 286 1215 662 463 214 671 336
0 193 1094 719 506 219 721 342 569 228 935 486 0 144 72 314 168 183 201 208
655 237 1005 519 0 207 1116 719 522 228 727 352 0 143 90 322 166 188 200 212
3 152 109 321 553 235 767 360 0 210 1130 719 663 242 1048 540 190 201 226 228 250 195 268 207
1 146 122 320 726 238 1106 552 0 215 1099 719 564 238 777 362 197 202 227 228 365 207 397 228
0 142 145 308 726 263 1156 584 596 237 830 358 215 184 256 211
0 124 150 291 633 229 876 353 388 184 427 211 741 264 1185 600 217 178 264 207
0 122 154 289 823 265 1207 627 632 229 892 359 43 214 865 715 392 182 430 207 232 168 270 195 295 173 316 185 278 170 298 184 320 177 338 189 350 176 369 190
0 122 159 286 860 274 1215 658 45 217 859 714 629 233 902 364 395 183 430 207 233 167 272 196 294 172 316 185 319 177 338 189 350 176 370 190
0 121 162 281 888 281 1222 682 41 215 864 716 620 240 923 390 235 167 273 196 404 185 440 211 293 171 316 184 320 177 340 190 349 176 369 190
0 118 165 275 921 287 1221 689 666 239 945 399 234 166 275 196 403 185 442 212 292 169 316 183 320 176 341 189
0 118 169 272 658 242 952 402 67 211 957 711 938 298 1246 681 235 165 278 196 405 185 444 211 294 169 317 183 321 176 342 189
0 122 176 273 660 239 970 423 409 187 448 213 240 168 280 196 321 176 343 189 984 293 1209 692 296 171 319 184
0 126 183 274 667 245 997 437 413 189 452 214 319 176 343 189 1016 310 1200 678 299 173 321 186 241 175 287 204
8 124 195 274 682 251 1025 453 418 190 452 212 318 175 342 188 253 175 296 205 342 179 364 191
