




























































235 373 257 405
235 374 257 405
235 375 258 406
237 375 259 406







229 364 257 418




221 358 249 421
220 356 248 422
219 355 247 424
218 355 246 425
216 374 248 432
215 373 246 434
212 371 244 437
210 369 243 439
209 369 242 442

201 364 232 446

197 364 228 445
194 388 227 456 145 351 160 394 129 351 142 394
190 387 224 459 185 351 210 425 129 350 142 396
181 351 208 425 183 387 218 459 129 350 144 396
178 387 214 462 177 351 206 426 130 350 145 396
173 387 210 467 131 351 147 395 173 351 205 426
169 399 206 475 162 348 195 429 132 350 147 394
157 348 195 459
153 397 195 481
135 358 191 467
134 392 181 493
