

945 219 1092 289 752 235 846 297 1218 234 1277 412 1083 221 1104 283 600 213 655 299
940 217 1091 287 753 235 838 296 1219 235 1277 413 1082 219 1103 282 595 214 650 299
927 216 1075 285 725 234 830 297 576 211 633 300 1221 232 1277 416 1082 219 1102 281
926 215 1072 285 728 234 824 296 570 211 629 302 1224 228 1277 418
923 216 1068 285 728 235 818 296 1225 225 1277 421 572 228 625 304
920 215 1063 287 727 236 812 297 1057 206 1088 288 554 229 608 306 1243 246 1278 403
903 216 1050 286 701 235 800 300 1052 204 1083 288 549 230 602 309 1244 247 1279 404
898 216 1047 287 701 235 793 301 1051 205 1080 290 529 228 581 311 1244 250 1279 402
895 217 1045 287 523 229 578 314 699 236 788 303 1059 216 1078 282 1245 250 1279 402
889 215 1043 287 681 235 775 305 1033 205 1066 288 519 228 572 316 1246 249 1279 402 1058 220 1077 282
874 216 1030 286 1030 205 1062 289 678 236 770 306 501 227 558 318 1247 245 1279 406
870 217 1023 288 650 236 753 312 1027 206 1058 292
846 218 1010 291 1007 209 1040 294 649 240 744 316
840 220 1011 296 1004 210 1036 298 452 253 506 338 633 240 727 323 135 280 228 372
837 226 1008 299 1000 211 1032 301 626 257 722 323 447 254 499 339
819 227 1015 306 599 258 704 330
813 232 981 303 977 220 1013 310 585 259 679 334
793 236 965 307 581 262 672 340 972 223 1006 313 379 274 434 357
793 238 958 309 577 266 666 343 959 222 994 315 373 275 429 359 1123 262 1158 297
787 239 954 311 953 223 986 317 557 263 651 348 1083 258 1109 293
763 235 957 319 933 227 971 316 528 262 630 349
928 221 965 319 750 235 950 319 498 259 613 352 1252 256 1278 294
734 233 921 319 495 261 607 353 1076 260 1116 297 923 223 958 319 274 250 358 386
733 237 913 313 904 217 944 317 466 271 596 356 1075 260 1111 295
715 233 906 320 900 218 936 316 466 272 585 356 232 253 316 388
700 232 903 319 880 218 921 316 439 270 567 360 1050 255 1091 292
680 231 876 320 874 219 914 315 400 264 551 366 1048 255 1088 291 185 257 273 396
674 232 867 319 388 264 538 368 856 217 898 316 174 257 261 399 1026 254 1069 291
661 232 860 321 393 273 515 368 852 217 891 317 1024 254 1067 291
647 233 856 322 347 267 497 371 830 216 872 319 1252 245 1279 349 129 258 215 405 980 250 1065 297 1023 256 1062 291
625 232 833 325 336 268 485 374 1247 247 1279 345 824 216 864 320 976 253 1058 297
615 234 822 327 1241 247 1279 346 300 267 448 380 955 255 1040 302 808 214 844 324
604 235 814 331 287 269 437 384 1237 248 1279 348 952 256 1033 303 782 220 826 325
776 215 818 332 578 235 785 334 258 271 411 391 1224 247 1279 347 934 255 1020 306 34 262 122 421
568 237 780 335 248 270 403 393 1221 248 1279 349 931 256 1015 306 778 220 814 328 26 265 112 422
553 239 771 336 1216 250 1279 352 232 271 396 397 760 222 795 328
540 238 768 338 1212 252 1279 354 194 270 343 401 1123 244 1205 294
513 239 730 340 181 272 331 403 710 219 751 338 1111 246 1190 296 1196 254 1278 347
505 239 721 341 703 217 744 342 156 272 306 409 1107 245 1186 296 1206 243 1273 400 873 263 976 312
498 238 717 342 1206 244 1272 402 139 270 300 412 66 193 1234 719 707 222 742 335
458 238 681 345 62 198 1235 719 1205 247 1270 404 98 270 253 415
445 237 670 346 1202 265 1273 375 83 271 245 421 61 204 1232 719 632 216 676 339
438 237 663 346 61 274 211 424 1200 265 1272 374 625 213 670 342 824 264 925 313 1167 257 1222 342
411 238 632 347 46 293 201 435 1192 268 1276 372 1163 255 1221 342
399 236 627 347 1182 261 1271 377 10 295 154 440
362 236 585 349 1180 263 1271 379 1032 249 1115 298 6 297 149 438 798 265 894 313
351 234 581 350 1177 264 1271 379 1026 247 1109 299 774 264 880 315 1141 256 1202 340
339 234 583 352 1172 260 1268 394 1130 247 1212 338 772 263 873 315 1018 246 1107 298 48 217 1251 719
309 238 534 356 1168 258 1270 397 1005 246 1091 297 1127 246 1211 339 45 219 1251 719 486 207 555 363 775 265 865 314
298 235 532 356 1165 255 1273 400 999 244 1086 297 1124 245 1211 339 750 264 850 315 475 212 545 366 45 223 1244 719
289 233 536 358 1164 254 1275 402 1120 245 1210 339 985 244 1071 295 750 264 843 314 439 202 511 368
252 235 504 360 1162 253 1277 403 982 242 1067 296 1117 246 1209 337 725 263 829 315 428 202 498 367
237 232 513 364 1161 254 1276 405 974 240 1062 296 723 263 825 315 1109 248 1194 343 388 198 462 373
227 230 513 367 1159 255 1277 410 380 198 449 377 968 239 1059 296 1107 247 1194 343 726 264 817 314
200 233 467 368 1140 257 1279 407 955 239 1045 295 1104 245 1194 344 340 202 413 382 696 263 804 315
189 234 461 366 1137 256 1279 410 1101 241 1194 343 333 200 405 388 674 262 782 316
180 234 453 365 1135 256 1279 411 670 262 783 316 1103 239 1193 322 282 201 353 394
139 231 427 372 930 239 1020 296 1133 258 1279 413 273 196 339 403 672 263 776 315
129 233 421 369 925 239 1016 296 1132 260 1279 415 645 262 760 318 243 198 310 403
83 221 410 382 1130 261 1279 418 646 264 754 318 232 200 305 404
62 234 391 403 902 241 994 296 620 263 734 320 1129 260 1279 420
46 233 374 408 896 241 989 297 615 264 732 319 1127 259 1279 422 145 208 211 423 65 245 1219 718
15 235 356 408 592 262 721 322 892 240 986 298 130 202 202 429 1126 257 1279 425 1089 236 1189 323 63 247 1214 717
8 237 342 407 1129 255 1279 432 880 240 974 296 594 263 715 320
0 240 319 410 872 236 969 295 1078 232 1196 367 1132 255 1279 438 599 263 705 319
0 240 288 417 1078 230 1198 367 866 235 962 294 1140 253 1279 444 574 260 687 320
0 239 269 425 1078 228 1200 367 6 192 61 449 859 235 954 293 1140 252 1279 445 581 260 681 319 56 227 1212 719
3 234 249 431 1074 225 1204 362 852 234 949 293 1141 248 1279 447 52 225 1216 719 583 262 674 319
0 236 229 437 1071 223 1208 363 1143 245 1279 449 844 234 944 293 551 260 655 320 47 230 1224 719
0 244 185 438 1067 220 1212 363 827 234 930 294 1146 241 1279 453 786 249 810 290 554 261 652 320 42 235 1231 719
1065 218 1215 361 0 252 168 435 820 233 926 293 1150 241 1279 453 525 259 635 322 44 235 1230 719
1064 216 1220 361 815 234 919 292 1155 245 1279 449 0 250 128 442 45 230 1228 719 528 261 628 324
1158 249 1279 444 496 262 614 326 804 235 907 293 762 252 786 292 49 225 1222 719 0 274 121 470
798 235 904 293 501 264 606 328 1160 251 1279 444 48 224 1220 719
1058 212 1234 369 790 233 900 295 503 267 599 328 1163 251 1279 443 47 224 1212 719
1055 210 1239 373 788 232 894 296 474 265 583 330 44 227 1208 719 738 253 762 293 1168 275 1279 481
1055 209 1247 379 772 232 884 295 444 263 566 331 1187 282 1279 485 40 221 1209 719
766 232 879 294 1054 208 1256 383 447 263 561 331 1193 293 1279 479 38 222 1215 719
762 231 874 294 1055 208 1264 387 449 265 554 331 1198 293 1279 479 713 251 737 293 39 221 1222 719 1029 250 1053 285
1056 206 1271 389 429 266 533 332 1211 275 1278 492 46 228 1217 719
744 220 860 297 432 268 529 333 1058 205 1274 392 288 286 373 354
738 218 854 297 1057 202 1277 392 395 267 514 334 689 250 714 293 266 286 356 357 1012 247 1041 279 359 264 457 339
737 218 849 298 1057 200 1278 391 403 270 509 335 1009 247 1041 279 356 265 458 339 266 289 349 359
721 218 837 299 1058 198 1279 391 1004 246 1040 280 352 266 458 342 408 273 498 338
714 218 834 299 1060 197 1279 392 1001 246 1039 280 664 250 690 296 386 271 478 342 332 266 436 345
708 219 828 298 1068 174 1278 426 998 246 1039 280 661 250 686 297 389 273 472 343 303 264 408 350 221 308 300 371 590 255 614 296
1071 171 1279 431 708 229 826 297 995 245 1039 281 1026 206 1128 346 215 308 295 373 358 279 458 348 52 248 1212 714 285 276 384 354
692 227 818 300 1022 207 1135 349 1076 190 1278 455 993 246 1037 280 47 250 1221 717 640 251 666 298 360 282 450 349 281 276 385 357
686 226 812 300 1094 178 1279 475 1029 207 1146 348 44 252 1227 718 331 282 427 354 994 246 1035 279 145 308 232 386 235 281 335 362
1097 170 1278 486 681 226 806 300 1028 206 1149 349 40 249 1231 719 145 311 231 389 236 278 334 362 334 283 421 355 957 252 990 274 982 249 1023 277
1100 163 1277 498 669 226 800 300 1030 205 1150 349 40 250 1232 719 140 313 226 391 954 252 988 274 314 282 406 357 230 280 331 363 982 249 1023 277
1106 163 1276 509 663 225 795 301 1029 200 1165 353 40 247 1230 719 980 249 1024 277 949 252 989 274 283 281 381 362
1116 161 1275 521 1027 198 1178 364 657 224 789 302 38 245 1228 719 977 249 1025 277 592 252 618 297 284 284 373 363
1128 168 1276 520 1024 198 1194 375 634 216 786 315 974 248 1025 279 40 241 1224 719 590 251 617 301 261 284 354 368 934 255 968 274
639 222 777 306 1022 199 1202 378 1135 173 1278 513 973 247 1025 280 44 240 1218 719 589 252 614 302 934 255 965 274 493 262 575 318 259 286 349 370 40 330 131 409
1022 199 1210 378 634 222 772 307 1143 179 1279 503 970 247 1024 282 486 265 571 319 44 235 1215 719 933 256 962 274 568 255 592 298 207 283 313 372 34 329 129 410
1022 200 1215 382 620 218 776 316 967 248 1022 282 1145 175 1279 502 43 237 1212 717 565 253 591 302 466 265 552 321 931 256 960 274
615 225 752 310 1021 199 1224 385 962 250 1021 283 458 266 550 325 37 235 1211 715 562 251 587 306 913 258 943 276 183 296 283 384
