

371 392 707 604 14 386 225 501 1094 481 1279 619 394 406 458 437 641 402 704 453 1028 447 1057 496 899 407 946 447
371 392 707 604 14 386 225 501 1094 482 1279 619 394 407 458 438 641 402 704 453 1028 447 1057 497 899 407 946 447
371 392 706 605 14 386 225 500 1095 482 1279 619 394 407 458 438 641 402 703 453 1028 447 1057 497 900 407 946 447
371 392 706 605 14 386 224 500 1095 482 1279 619 394 406 458 438 641 402 704 453 1029 447 1057 497 899 407 946 447
371 392 705 605 15 386 224 500 1095 481 1279 620 394 406 458 438 641 401 703 453 1028 447 1057 498 899 407 945 447
372 392 704 605 15 386 224 499 1095 480 1279 620 641 401 703 453 394 406 458 438 1028 447 1057 498 900 407 945 447
372 391 704 605 15 386 224 499 1095 479 1279 620 641 401 703 454 395 406 457 438 1028 447 1057 499 704 369 781 439 900 407 944 447
371 391 705 605 15 386 224 499 1095 479 1279 620 641 401 703 454 395 406 457 438 1028 448 1057 498 704 369 781 439 901 407 944 447
372 391 705 605 15 386 224 499 1095 479 1279 621 642 401 703 454 395 406 458 438 1028 448 1057 498 704 368 782 439 901 407 944 446
373 391 705 605 15 385 224 498 1095 479 1279 621 641 401 703 454 394 406 458 437 1028 448 1057 498 704 368 782 439 901 407 944 446
372 391 705 605 15 385 224 498 1095 480 1279 621 642 401 703 454 394 406 458 438 1028 448 1057 498 704 368 782 440 901 407 944 446
372 391 705 605 15 386 224 499 1094 480 1279 621 394 406 458 438 642 401 703 453 1028 447 1058 498 901 407 944 446
372 391 705 605 15 386 224 499 1094 480 1279 622 394 406 458 437 642 401 703 453 1028 447 1058 498 901 407 944 446
373 391 704 606 15 386 224 499 1094 480 1279 622 394 406 458 437 642 401 703 454 1028 447 1058 498 901 407 944 446
372 391 705 606 14 386 224 499 1095 480 1279 621 394 406 457 437 642 401 703 454 1028 447 1057 498 901 407 944 447
372 391 705 606 14 386 225 499 1094 480 1279 621 394 406 457 437 642 401 703 453 1028 447 1057 498 901 407 944 447
372 391 705 605 14 386 225 499 1094 481 1279 620 394 405 457 436 642 401 703 453 1028 446 1057 498 901 407 944 446
372 392 705 605 14 386 224 499 1094 480 1279 620 394 405 456 436 642 401 703 453 1028 446 1057 499 901 407 944 447
372 392 705 604 14 386 224 500 1094 480 1279 620 394 406 456 437 641 401 702 453 1028 446 1057 499 900 407 944 447
372 392 705 604 14 386 224 500 1094 479 1279 620 395 405 456 437 641 401 702 452 1028 446 1057 499 900 407 944 447
372 392 705 604 14 386 224 500 1094 478 1279 620 395 405 457 437 641 401 702 452 1028 447 1057 499 900 407 944 447
372 392 704 604 15 386 225 500 1094 478 1279 620 394 405 458 437 641 401 702 452 702 366 782 442 1028 447 1057 499 900 407 943 447
372 392 705 604 14 386 225 500 1094 479 1279 620 394 406 458 438 641 401 702 452 702 366 782 442 901 407 943 447 1028 447 1057 499
372 392 705 604 14 386 225 500 1094 478 1279 620 641 401 702 452 394 406 457 438 702 366 782 442 1028 447 1057 498 900 407 943 447
372 392 705 604 14 386 224 501 1093 478 1279 620 641 401 702 452 394 407 457 439 1028 446 1057 499 900 406 943 447
372 392 705 604 14 386 224 501 1093 478 1279 620 641 401 702 452 395 407 457 439 1028 446 1057 499 900 406 943 447
372 393 706 603 14 385 224 501 1093 479 1279 620 641 401 702 452 395 407 457 439 1028 446 1057 498 900 406 943 447
372 393 706 603 14 385 224 501 1094 479 1279 620 641 401 702 452 396 407 456 439 1028 447 1057 498 900 406 943 447
371 393 706 603 14 385 224 501 1094 481 1279 619 641 401 702 453 1028 447 1057 498 396 408 456 440 900 407 943 447
371 393 707 603 14 385 224 501 1094 481 1279 620 640 401 702 453 1027 447 1057 498 900 407 943 447 396 408 457 441
371 393 707 603 14 385 224 501 1094 481 1279 620 641 401 702 452 1028 447 1057 498 900 407 943 447 396 408 458 441
371 393 707 603 14 385 224 502 1094 481 1279 620 641 401 702 453 900 407 944 447
370 392 707 603 14 385 224 502 1094 481 1279 620 641 401 702 453 900 407 944 447
370 392 707 603 14 385 224 502 1094 481 1279 620 641 401 702 453 900 407 945 447
369 392 707 603 14 385 224 502 1094 481 1279 620 641 401 702 453 900 407 945 448
369 391 706 604 14 385 224 502 1095 482 1279 620 641 401 702 453 900 407 944 447
368 391 706 604 14 385 224 502 1095 482 1279 620 641 401 702 453 899 407 944 447
368 391 706 603 14 385 224 502 1095 483 1279 619 641 401 702 453
368 392 706 603 14 385 224 502 1095 483 1279 619 641 402 702 453 1028 446 1056 497
369 391 706 603 14 384 224 502 1096 484 1279 619 641 402 702 453 1028 446 1056 497 395 402 472 451
369 391 707 603 14 385 224 502 1096 484 1279 619 641 402 702 453 394 403 473 452 1028 446 1057 497
369 391 707 603 14 385 224 502 1096 484 1279 619 641 402 702 453 393 403 474 453
369 392 708 603 14 385 224 502 1096 484 1279 618 641 402 702 453 392 403 475 454
371 392 708 603 14 385 224 502 1096 485 1279 618 390 402 477 454 641 402 703 453
373 392 707 603 14 385 224 502 1096 486 1279 618 389 402 477 454 641 402 703 453 702 366 782 440
373 392 707 604 13 385 224 502 389 401 477 454 1099 500 1279 624 641 402 703 453
374 392 707 604 13 385 224 502 389 401 476 454 1100 501 1279 624 641 402 702 453
374 392 707 604 14 385 224 502 388 402 474 454 641 402 702 453 1100 501 1279 625
374 392 707 603 14 385 225 503 388 402 474 454 1099 501 1279 624 641 401 703 453
373 392 707 603 15 385 225 502 387 402 473 454 1099 501 1279 624 642 402 702 453
373 392 708 603 14 385 224 502 387 402 472 454 1100 501 1279 624 642 402 702 454
373 391 707 604 14 385 224 502 385 401 471 454 1099 501 1279 624 642 402 702 454
373 391 708 604 14 385 224 502 384 401 471 453 1099 501 1279 624 642 402 702 454
374 391 707 604 14 386 224 502 381 401 471 454 1099 502 1279 624 642 402 702 453
373 390 708 604 14 386 224 502 379 401 470 455 1100 503 1279 623 642 401 702 454
374 390 708 604 14 386 224 502 377 401 470 455 641 401 702 453
374 389 707 604 15 386 224 502 376 400 469 456 641 401 702 453 898 408 946 447
375 389 707 604 14 386 224 502 375 400 469 456 641 401 702 453 898 407 946 447
375 389 707 604 14 386 224 502 374 399 469 456 641 401 702 452 898 407 947 447
375 389 707 604 14 386 224 502 374 399 469 456 640 401 702 452
375 388 706 604 15 386 224 502 374 399 468 456 641 401 702 453 1019 370 1193 622
376 388 706 605 15 386 224 502 370 400 460 458 641 401 702 454 1011 380 1188 619
376 387 706 606 15 385 224 501 976 380 1142 613 369 401 460 458 641 401 702 453
376 387 707 606 15 385 224 501 367 400 460 459 641 401 702 453 963 372 1137 615
374 388 709 605 15 386 224 501 366 400 460 459 641 401 702 453 947 392 1067 575
374 388 710 605 15 386 224 501 365 400 460 459 907 393 1021 574 641 401 702 454
374 388 711 605 15 385 224 501 363 399 461 459 897 393 1004 571 641 401 702 454
375 388 710 605 14 385 224 501 361 399 462 459 640 400 702 453 873 394 972 575
376 388 710 605 15 385 224 501 863 394 957 570 360 399 462 459 640 400 702 453
376 388 709 604 15 386 224 501 360 400 462 459 851 397 942 561 640 400 702 453 849 497 941 590
376 389 709 603 15 385 225 501 360 400 462 458 835 398 918 558 640 400 702 454
376 389 709 603 14 385 225 502 359 401 461 458 825 399 908 553 640 401 702 453
376 389 708 603 14 386 225 502 359 401 461 457 817 400 898 555 640 401 702 453
375 388 708 603 14 386 225 501 358 401 460 457 640 401 702 454 808 403 891 555
374 389 710 603 14 386 225 502 357 401 461 457 640 401 702 453 803 404 888 555
373 390 711 602 14 385 225 502 357 401 461 457 640 401 702 453 863 403 882 439
373 389 711 602 14 385 225 502 357 402 461 456 640 401 702 453 790 401 850 491 863 404 882 439
373 389 711 602 15 385 224 501 357 402 459 456 640 401 702 454 785 403 844 487 863 404 882 440
373 389 711 603 15 385 225 501 356 401 460 457 641 401 703 453 779 403 836 486
373 389 710 604 15 385 225 502 356 400 460 457 641 401 702 453 776 404 831 484
373 389 709 604 15 385 225 502 356 400 460 458 641 401 702 453 770 404 824 483
373 389 708 604 15 385 225 501 353 408 457 465 641 401 702 453 766 404 818 485
373 390 707 604 15 385 225 502 356 400 458 458 641 401 702 452 763 402 815 488
373 391 707 604 15 385 225 502 352 408 454 465 757 401 806 489 642 401 702 452
373 391 707 604 15 386 225 502 351 408 451 465 754 402 802 485 642 401 702 453
373 392 707 604 15 386 225 502 352 409 450 465 750 403 799 482 642 401 702 453 758 444 796 487
372 409 707 617 14 385 225 502 355 400 449 458 749 404 796 480 642 401 702 453 901 409 944 446 861 401 880 440
374 409 705 616 14 385 225 501 355 399 450 458 746 402 791 480 642 401 702 453 861 402 880 439
376 409 705 616 14 386 225 501 642 401 702 454 373 403 490 472 744 401 787 478 903 409 943 446 861 402 880 439 350 403 427 457
378 408 704 617 15 386 225 501 373 402 491 476 642 401 702 454 739 398 781 480 861 402 880 439
380 408 704 618 15 385 225 501 373 400 490 483 739 398 778 480 641 400 703 453 902 409 943 446 861 401 880 439
382 409 703 616 15 385 225 501 367 399 489 489 732 391 776 464 642 401 702 453 903 409 943 446 862 401 880 439
384 409 702 616 15 386 225 501 343 397 499 497 730 391 773 463 642 401 702 453 862 402 880 440
385 409 702 616 15 386 225 501 338 400 492 500 728 391 770 463 642 401 702 453 861 401 880 440 903 409 943 446
387 409 701 616 15 385 225 502 330 401 486 500 726 391 768 463 861 400 880 439 642 401 702 452 902 409 943 446 1038 413 1056 441
386 397 701 599 14 385 225 502 321 400 483 501 724 392 766 461 862 401 880 439 643 401 702 452 1038 413 1056 441
384 395 700 600 14 386 225 501 300 401 469 502 721 393 765 459 862 401 879 440 651 407 700 442
381 394 700 599 290 397 466 505 14 385 225 501 728 399 760 448 862 401 879 440 651 407 700 442
