

1069 330 1278 659 126 449 415 603 1062 390 1144 564 851 481 906 562 937 402 1015 547 661 462 685 484 514 466 552 489 465 463 503 491 947 472 1012 561 835 421 913 555 428 467 469 492 536 464 564 485 714 487 772 559 946 357 959 384
1069 330 1278 659 126 449 415 603 1062 390 1144 564 851 481 906 562 936 403 1015 546 514 465 552 489 466 463 503 491 659 462 682 484 947 472 1012 561 835 421 913 555 420 468 456 492 714 486 771 558 706 407 783 554 536 464 564 485 946 357 958 384
1069 330 1278 659 1062 391 1144 564 126 449 414 604 852 481 907 562 935 404 1015 546 514 465 552 489 466 462 504 491 947 472 1012 561 648 463 669 484 835 421 913 555 427 467 470 493 714 485 771 558 707 404 780 553 536 464 565 485 946 357 959 384
1069 330 1278 659 1062 391 1144 563 125 449 414 604 852 482 907 562 935 404 1015 546 514 465 552 489 645 463 668 485 466 462 504 491 947 472 1012 561 707 402 779 554 834 421 913 555 427 467 470 493 714 484 770 558 536 464 565 485 946 357 959 384
1069 330 1278 659 1062 392 1144 563 125 449 415 604 852 482 907 562 936 404 1015 546 642 462 665 485 514 465 552 489 465 462 504 491 707 402 778 554 947 472 1012 560 835 421 913 555 427 467 470 493 714 484 769 557 536 464 565 485 380 474 418 496 946 357 959 385
1069 330 1278 659 1062 392 1145 563 852 482 907 563 126 449 415 604 640 463 663 485 936 404 1015 545 514 465 552 489 707 405 781 554 466 462 504 491 835 421 913 555 947 472 1012 560 427 467 470 492 714 485 768 556 379 474 418 496 536 464 565 485 946 357 959 385
1070 330 1277 659 1062 392 1145 562 852 482 907 563 128 449 415 604 937 405 1015 545 514 465 552 489 640 463 661 483 708 404 781 553 466 462 504 491 947 472 1012 560 835 421 913 555 427 467 470 492 714 487 768 555 379 474 418 496 536 464 565 485
1070 329 1277 659 1062 393 1145 562 851 482 906 562 128 449 415 603 937 405 1015 545 513 465 552 489 465 462 504 491 707 405 782 552 947 472 1012 560 835 422 914 556 625 462 643 485 427 467 470 492 714 487 768 552 378 474 418 496 536 464 565 485
1070 329 1277 659 1062 393 1145 562 851 483 906 562 129 449 415 603 937 406 1015 545 513 465 553 489 623 461 642 486 466 462 504 491 707 405 781 551 834 422 913 556 427 467 470 492 536 464 565 484 378 474 418 496 948 470 1025 565
1070 328 1277 660 1062 393 1145 563 129 449 415 603 851 482 906 562 937 406 1015 545 620 462 640 486 513 465 552 489 466 463 504 491 834 422 914 556 428 467 470 492 707 409 781 552 537 464 564 484 379 474 418 496 948 470 1025 565
1070 327 1277 661 1062 393 1146 562 130 449 415 604 851 481 906 563 616 463 638 485 937 406 1015 546 514 465 552 489 466 463 504 491 834 423 914 556 429 467 470 492 537 464 564 485 566 467 594 482 379 474 418 496
1070 326 1277 661 131 449 415 604 1062 393 1146 562 851 481 907 563 937 406 1014 546 514 465 552 489 466 463 503 491 615 464 634 484 429 467 470 492 834 423 915 556 537 465 564 485 565 468 594 483 379 474 418 496
1070 326 1277 661 1062 392 1146 562 131 449 415 604 851 481 907 562 937 406 1014 546 514 465 552 489 466 463 504 492 429 467 470 492 537 465 564 485 834 423 915 556 565 468 596 484 378 473 418 496 0 503 81 653
1070 327 1278 661 130 449 415 604 1062 392 1146 563 851 480 907 562 937 406 1014 546 514 465 552 489 466 463 504 492 586 466 617 487 429 467 470 492 564 468 597 486 835 423 914 556 537 465 565 486 378 473 417 496 0 502 80 653
1070 327 1278 661 130 449 416 605 1062 392 1146 563 851 481 907 562 937 406 1014 546 514 465 552 489 466 463 504 491 583 466 616 487 429 467 470 492 564 468 599 487 835 423 914 556 537 464 565 486 378 473 417 496 0 502 81 653
1070 327 1278 661 130 449 416 605 1062 392 1146 563 851 480 907 562 937 407 1014 545 514 464 552 489 466 462 504 491 429 467 470 492 564 467 599 488 582 466 613 486 834 422 914 556 536 464 565 486 0 502 81 653 378 473 417 496
1070 327 1277 661 130 449 416 604 1062 392 1146 563 851 480 907 562 937 406 1014 545 514 464 552 489 466 462 504 491 565 466 600 489 428 467 470 492 834 422 915 556 0 502 81 653 378 474 417 496
1070 327 1277 661 131 449 416 604 1062 392 1147 563 851 480 907 562 937 407 1014 545 514 464 552 489 466 462 504 492 428 467 470 492 834 422 915 555 0 502 81 653 378 474 417 496 947 357 959 385
1070 327 1277 661 131 449 416 604 1062 392 1147 563 850 479 907 562 937 407 1014 545 466 462 504 492 514 464 552 489 428 467 471 492 834 422 915 555 0 502 81 653 378 474 417 496 947 358 959 385
1070 328 1277 660 130 449 416 604 1062 392 1148 563 850 479 907 562 937 406 1013 545 466 462 504 491 514 464 551 489 720 443 779 536 428 467 471 493 835 422 914 555 0 502 81 653 378 473 417 496
1070 328 1277 660 130 449 416 604 1062 392 1149 563 850 479 907 562 937 405 1013 546 722 443 781 536 466 462 504 491 514 463 551 489 427 467 471 493 835 421 913 555 0 502 81 653 378 473 417 496
1070 329 1277 660 129 450 416 604 1063 393 1149 563 850 479 906 562 937 405 1013 547 724 449 783 535 466 462 504 491 513 464 551 489 427 467 471 493 536 463 568 489 835 421 913 554 0 502 80 653 378 473 418 496
1070 329 1277 660 1063 393 1149 563 130 450 416 604 850 479 906 562 937 405 1013 547 466 462 504 491 513 464 552 489 427 467 471 493 535 463 568 490 835 420 913 554 0 502 80 654
1070 328 1277 660 1063 394 1149 563 130 450 416 604 849 479 906 562 938 405 1013 548 465 462 504 491 513 465 553 489 427 467 472 492 534 464 567 488 835 420 913 554 0 502 80 653
1070 328 1277 660 1062 395 1149 563 129 450 417 605 850 480 906 562 937 406 1014 548 465 462 504 491 514 466 552 490 834 421 913 555 427 467 472 492 535 464 565 487
1070 328 1278 660 129 450 417 605 1062 394 1149 563 850 479 906 563 937 406 1014 548 71 480 101 516 465 462 505 491 516 466 552 491 833 421 913 555 427 467 471 493 537 464 564 485 378 473 418 496
1070 328 1278 660 128 450 417 605 1062 394 1149 563 850 480 906 563 936 407 1013 548 465 462 506 492 833 421 912 555 517 466 550 491 427 467 471 492 538 464 564 484 69 481 93 516 379 473 418 496
1070 328 1278 660 129 450 416 605 1062 394 1148 563 850 480 906 562 937 406 1013 548 464 462 505 491 514 465 549 490 427 467 471 492 833 421 913 556 538 464 564 484 379 474 418 496
1070 328 1278 660 129 449 416 604 1061 394 1148 563 850 480 906 562 937 407 1013 548 464 463 504 491 512 465 548 489 427 467 472 492 537 464 564 485 833 421 913 556 0 503 81 652 379 474 418 495 846 434 898 515
1070 328 1278 660 129 449 417 605 1062 394 1148 564 850 480 906 562 937 407 1013 548 511 464 548 489 463 464 502 490 427 467 472 492 537 465 564 486 834 422 914 556 0 501 81 653 379 474 418 495
1070 328 1278 660 129 449 416 605 1061 394 1148 564 850 480 906 562 937 406 1013 547 513 464 549 488 463 464 503 490 426 467 473 492 537 464 564 485 834 421 914 556 0 500 81 652 379 474 418 495
1070 328 1278 660 130 449 416 604 1062 394 1148 564 850 479 906 562 937 406 1013 547 514 464 550 489 426 467 473 492 463 463 505 490 537 464 565 485 0 497 79 653 379 474 418 495 833 421 914 556
1070 329 1278 660 130 450 416 604 1061 394 1149 563 849 479 906 562 937 406 1013 547 514 464 551 489 427 468 473 492 465 464 505 491 0 497 79 653 379 474 418 496
1070 330 1278 659 131 450 416 604 1061 395 1149 563 849 479 906 562 936 406 1012 546 513 465 551 490 754 461 811 526 428 468 473 491 379 474 418 496 0 499 80 654 946 357 959 385
1070 331 1278 659 131 449 416 604 1061 395 1150 563 849 478 906 562 512 465 550 490 936 406 1012 545 755 458 812 525 428 468 472 492 832 424 915 555 379 474 417 496 946 356 959 385
1070 331 1278 658 1060 395 1150 563 131 449 416 604 849 478 906 562 512 465 550 490 936 407 1012 544 947 473 1012 561 832 424 915 554 428 468 472 492 379 474 417 496 946 356 959 384
1070 332 1278 657 1060 395 1150 563 130 449 416 604 849 478 906 562 512 465 550 489 936 407 1013 543 764 428 818 524 944 474 1017 559 833 424 915 553 429 467 473 492 538 463 565 484 379 474 417 496 946 356 959 384
1070 332 1278 657 1060 395 1151 563 130 450 416 604 849 478 906 562 764 428 819 523 513 465 551 489 936 407 1013 543 947 473 1012 561 833 424 914 552 463 463 502 491 538 463 565 484 419 468 456 492 946 356 959 384
1070 333 1278 656 1060 395 1151 564 130 450 416 605 849 478 906 562 766 429 820 521 513 465 551 489 936 407 1014 543 947 473 1012 561 833 423 914 552 538 463 565 484 418 468 457 493 463 462 503 492 0 503 81 654 946 356 959 384
1070 333 1278 656 1060 395 1151 564 131 450 416 605 849 478 906 561 768 428 822 520 936 407 1014 543 513 465 551 489 947 473 1012 561 834 424 915 552 463 462 505 491 537 462 565 484 418 467 456 493 0 503 81 654 946 356 959 384
1075 375 1277 655 1060 395 1151 564 131 450 416 605 771 427 825 518 849 477 906 561 936 407 1014 543 514 465 550 489 947 473 1012 561 834 424 915 552 463 463 505 491 537 463 565 484 379 473 418 497 0 503 81 654 946 356 959 384 128 132 222 176
1075 375 1277 655 1061 395 1151 564 132 450 416 605 849 477 906 561 774 427 827 518 936 407 1013 544 514 465 550 489 947 472 1012 561 463 464 505 491 835 424 915 552 537 463 565 484 380 473 419 497 0 503 80 654 128 132 222 176 946 356 959 384
1070 332 1277 657 1061 395 1151 564 132 450 415 606 849 477 906 561 936 407 1013 544 777 428 828 518 514 465 550 489 947 472 1012 561 463 464 504 491 836 424 915 552 536 463 565 485 381 473 419 497 0 503 80 654 128 132 222 177 946 356 959 384
1071 332 1277 657 1061 395 1151 564 131 450 416 606 849 477 906 561 936 406 1013 544 513 465 551 489 778 428 829 518 462 464 504 491 947 473 1012 561 847 430 899 518 536 463 565 485 381 474 420 498 0 502 80 654 128 132 222 177 946 356 959 384
1071 332 1277 658 1061 395 1151 564 131 450 416 605 936 406 1013 544 849 477 906 561 513 465 551 489 780 427 831 517 462 464 504 491 947 473 1012 561 847 430 898 519 536 463 565 485 381 473 420 500 0 502 80 654 128 132 222 177
1070 331 1278 658 1061 395 1151 564 130 450 416 605 849 477 906 561 936 406 1013 544 512 465 551 489 462 465 504 490 947 473 1012 561 782 426 833 516 847 430 898 518 537 463 565 484 381 473 421 501 128 132 222 176 431 468 472 490
1070 330 1278 659 130 450 416 605 1062 395 1151 564 849 476 906 561 936 406 1012 544 512 465 550 489 790 425 839 521 947 473 1012 561 463 465 504 490 537 463 565 484 847 430 898 518 382 472 421 501 430 468 472 491 128 132 222 176
1070 329 1278 659 130 450 415 605 1062 395 1152 565 849 477 905 562 936 406 1012 544 792 425 841 519 512 465 550 489 463 465 504 490 537 463 565 484 847 431 898 517 430 468 472 491 128 132 222 176
1070 330 1278 659 129 450 414 606 1062 396 1152 565 848 477 905 562 936 406 1012 545 513 465 550 489 794 426 843 518 947 473 1012 561 464 465 503 490 537 463 565 484 847 430 898 517 128 132 222 176
1075 375 1277 656 129 450 414 606 1062 396 1152 565 849 478 905 562 936 406 1012 545 797 427 844 516 513 465 550 489 947 473 1012 561 464 465 503 491 846 430 898 517 537 463 566 485 418 468 454 492 128 132 222 176
1075 375 1277 655 129 450 414 606 1062 396 1151 565 849 478 905 562 936 406 1012 544 799 427 846 516 513 465 551 488 947 473 1012 561 464 465 503 491 418 468 453 492 846 430 898 517 537 463 566 485 128 132 222 176
1075 376 1277 655 1061 396 1151 565 128 450 415 605 801 428 847 515 849 478 906 562 936 406 1012 544 741 455 760 475 513 465 551 488 947 473 1012 561 463 465 503 491 417 468 453 492 846 431 898 516 537 463 565 484 128 132 222 176
1075 376 1277 654 1061 396 1151 564 128 449 415 605 849 478 906 562 804 430 848 515 936 406 1012 544 513 465 551 488 740 456 757 475 947 473 1012 561 463 465 503 490 416 468 453 492 846 432 898 515 537 463 565 484 128 132 222 176
1075 377 1278 654 1061 396 1151 564 128 450 415 605 849 479 906 561 807 432 849 514 936 406 1011 544 513 465 551 488 741 456 756 474 720 459 737 474 463 465 503 490 947 473 1012 561 416 469 454 491 846 432 898 514 537 463 565 484 128 132 222 175 946 355 959 384
1075 377 1278 654 1061 395 1151 564 128 450 413 606 849 479 906 561 719 459 738 476 936 406 1011 543 513 465 551 488 943 473 1018 560 810 434 849 515 463 465 503 490 743 456 757 473 846 432 898 514 417 469 455 491 537 463 565 484 128 132 222 175
1075 377 1278 654 1060 395 1150 565 129 450 412 606 715 459 737 478 850 480 906 561 936 406 1012 543 513 465 551 488 943 473 1018 560 463 465 504 490 745 456 759 471 846 431 898 514 537 463 565 484 418 469 456 491 0 502 80 654 812 435 851 514
1075 376 1277 654 1060 395 1150 565 130 450 412 607 712 459 734 478 850 481 906 561 937 406 1012 543 513 465 551 488 943 473 1018 560 463 465 504 490 746 456 759 471 846 429 898 516 537 463 566 484 418 469 456 491 0 502 80 654 382 474 418 495 946 355 959 384
1070 330 1278 658 130 450 412 607 1061 395 1150 565 850 481 906 561 937 407 1013 543 512 465 552 488 697 457 717 478 712 458 731 477 744 456 758 470 463 465 504 490 947 472 1012 561 793 453 805 471 846 428 898 516 417 469 456 491 536 463 566 484 0 502 80 654 382 474 418 495
1070 329 1278 659 130 450 412 607 1060 395 1150 565 694 457 715 479 850 481 906 561 937 406 1013 543 512 465 552 489 744 456 757 470 462 465 504 490 793 452 805 471 848 429 898 515 716 458 731 474 536 463 566 484 417 469 457 492 382 474 418 496 0 502 81 654
1070 328 1278 659 130 450 412 606 1060 394 1150 564 689 458 712 480 849 482 906 562 937 407 1014 544 512 465 552 489 792 452 806 472 463 465 504 490 744 456 758 469 849 430 898 513 536 463 566 485 825 434 862 510 382 474 418 496 417 469 457 492 0 502 81 654
1070 328 1278 659 130 450 412 606 1060 395 1151 564 849 481 906 562 937 407 1014 544 512 465 552 489 791 452 806 473 689 458 709 477 463 465 504 490 743 456 758 470 672 461 689 477 849 432 898 512 536 463 566 485 382 474 418 496 418 469 457 492
1070 327 1278 660 130 450 412 607 1060 395 1151 564 668 461 691 482 937 407 1014 545 848 482 906 562 789 451 806 475 512 465 552 489 463 465 504 490 743 456 757 470 849 433 898 511 537 463 566 485 381 474 418 496 418 469 456 492
1070 327 1278 660 664 461 688 484 131 450 412 606 1060 395 1151 564 937 407 1014 545 848 481 906 562 512 465 551 489 787 451 805 475 463 464 504 490 743 456 757 470 847 433 898 511 537 463 567 484 381 474 417 496 419 469 456 492 0 502 81 654
1070 328 1278 660 132 450 413 606 1060 395 1151 564 937 407 1014 546 848 481 905 562 512 465 551 489 661 461 684 482 463 464 504 490 786 450 805 475 743 456 757 470 537 462 567 485 846 434 898 511 380 474 417 496 420 469 456 492 0 502 81 654
1070 329 1278 659 133 450 413 605 1060 395 1151 564 937 407 1014 546 848 480 906 562 512 465 551 489 463 464 504 490 769 453 785 473 646 463 668 483 537 463 566 485 380 474 417 496 845 433 898 512 0 502 81 654 420 469 456 492
1070 330 1278 658 1060 395 1151 564 134 450 414 605 640 463 665 485 937 406 1014 545 849 480 906 563 512 465 551 489 767 454 784 474 463 464 504 491 537 463 566 485 379 474 417 496 844 431 898 515 0 501 81 654
1070 331 1278 658 1060 395 1151 564 135 450 413 605 937 406 1014 545 849 480 906 563 512 465 551 489 637 464 660 484 765 455 782 474 463 465 504 491 537 463 566 485 844 429 899 517 379 474 418 496 717 459 732 469 0 501 81 654 420 469 457 492
1070 331 1278 658 1060 395 1152 564 135 450 413 605 937 406 1014 544 850 480 906 563 512 465 551 489 763 454 781 475 463 465 504 491 622 464 642 485 832 421 912 552 947 473 1012 560 537 463 566 485 380 474 417 496 420 469 457 492 0 501 81 654
1070 330 1278 658 1060 395 1152 564 136 450 414 605 937 405 1014 544 850 480 906 563 616 464 639 486 512 465 551 489 463 465 504 491 744 457 760 474 832 421 912 552 947 473 1012 560 537 464 566 485 380 474 417 496 420 469 456 492
1070 330 1278 658 1060 395 1153 564 136 450 414 605 937 405 1014 544 850 481 906 563 512 465 552 489 744 456 761 475 463 464 504 491 832 420 911 553 612 464 632 485 947 473 1012 560 536 464 566 485 420 469 456 492 380 474 418 496
1075 376 1278 654 1060 395 1153 564 135 450 414 605 937 405 1014 544 850 481 906 563 512 465 552 489 743 456 760 476 463 464 504 491 831 420 911 553 947 473 1012 560 536 464 566 485 420 469 456 492 381 474 418 496
1075 376 1278 654 1060 395 1153 564 135 450 414 605 850 480 905 562 937 405 1014 543 512 465 551 489 741 456 758 476 463 464 504 491 831 421 911 553 947 473 1012 560 421 469 456 492 380 474 418 495 947 356 959 385
1075 376 1278 654 1060 395 1152 564 134 450 414 605 850 480 905 562 937 405 1014 543 512 465 551 489 740 456 757 476 831 423 912 554 463 464 504 490 947 472 1012 560 428 467 474 491 380 474 418 495 0 501 81 654 947 357 959 385
1070 330 1278 659 134 450 414 605 1061 394 1152 564 850 480 905 562 937 406 1013 543 513 465 551 488 831 424 913 554 463 464 505 490 721 457 738 476 738 456 755 476 947 472 1012 561 428 467 475 491 0 500 81 654 379 474 418 495 947 357 959 385
1070 330 1278 659 134 450 415 605 1061 394 1151 564 850 480 905 562 937 406 1013 544 720 457 739 478 513 464 551 489 463 463 505 491 832 424 913 554 428 467 475 492 0 501 81 654 379 474 418 495 947 357 960 385
1070 329 1278 659 134 450 415 605 1061 393 1150 564 717 458 739 478 850 481 905 562 937 406 1013 544 512 464 550 489 463 463 504 491 832 423 913 554 947 473 1012 561 428 467 474 492 0 501 81 654 379 474 418 495
1070 329 1278 659 135 450 415 605 714 458 737 479 1061 393 1151 564 851 481 905 562 937 406 1014 544 464 463 504 491 512 463 550 490 845 429 898 518 537 461 570 489 947 473 1012 560 428 467 474 492 0 501 81 654 379 474 418 495
1070 329 1277 659 135 450 415 605 711 457 736 480 1062 393 1152 564 851 481 905 562 937 406 1014 544 464 463 504 491 536 462 568 489 846 427 898 520 512 464 549 489 947 473 1012 560 427 467 474 492 0 501 81 654 379 474 417 495
1075 375 1278 655 135 450 415 605 710 457 735 479 851 482 905 562 1062 393 1152 564 937 405 1015 545 846 428 898 520 463 463 505 491 535 462 566 487 514 463 549 489 947 473 1012 560 427 466 474 492 699 457 715 476 0 501 80 654 379 474 417 496
1075 375 1278 655 134 450 414 605 851 482 906 562 1063 392 1153 564 936 405 1015 545 846 428 899 520 711 457 734 478 535 462 566 485 463 463 505 491 697 457 716 478 947 474 1012 560 513 464 548 487 0 501 80 654 427 467 474 492 380 474 417 495
1074 375 1278 655 134 450 414 605 851 482 906 563 1063 391 1153 565 937 405 1015 545 693 458 715 480 846 429 900 520 462 464 504 491 537 462 565 483 947 474 1011 560 513 464 548 487 715 458 733 475 0 502 80 654 421 469 457 492 380 474 417 495
1074 375 1278 655 133 450 414 605 851 482 906 562 689 459 712 481 1063 390 1152 566 936 405 1015 546 835 423 915 554 462 464 504 490 512 463 548 486 537 462 565 483 947 474 1011 560 421 469 457 492 0 502 80 654 380 474 417 495
1074 374 1278 656 133 450 415 605 851 482 906 562 686 459 710 481 936 405 1015 546 1064 390 1152 566 835 423 915 554 513 463 551 487 947 474 1011 560 537 462 565 484 462 465 504 490 0 502 80 654 421 469 457 492 380 474 417 495
1070 327 1277 661 132 450 414 605 851 482 906 563 1064 389 1152 566 937 405 1016 545 836 424 915 554 512 464 552 489 673 461 691 481 688 460 708 479 947 474 1011 560 0 502 80 654 537 462 566 484 421 469 457 492 464 464 504 491 380 474 416 495
1070 327 1277 661 132 450 414 605 851 481 907 563 836 424 915 553 1064 389 1152 566 669 461 690 483 937 405 1016 544 512 465 552 489 947 473 1011 560 0 502 81 654 537 463 566 484 380 474 416 495 421 469 457 492
1070 328 1277 660 132 450 414 605 664 461 688 484 850 481 907 563 837 423 916 553 1063 389 1151 565 937 405 1016 544 511 465 552 489 947 473 1011 559 537 463 566 484 0 501 80 654 464 464 500 490 380 474 415 496 421 469 457 492
1070 328 1277 660 132 450 414 605 850 481 907 563 661 462 686 485 1063 390 1151 565 837 423 916 552 937 406 1016 544 512 465 552 488 536 463 566 484 947 473 1011 559 0 501 80 654 462 463 501 489 379 474 416 496
1071 328 1277 660 850 481 907 564 131 450 414 606 1063 390 1150 564 837 424 916 552 937 405 1016 544 659 462 683 485 512 465 552 488 947 473 1011 560 536 463 566 484 0 501 81 654 463 463 502 489 740 456 760 470 379 473 417 497
1071 328 1277 660 850 481 907 564 130 450 414 606 1063 390 1150 564 837 424 917 552 938 405 1015 544 513 465 552 488 647 462 668 484 461 464 504 490 947 473 1011 560 536 463 566 484 379 473 419 498 0 502 81 654 740 456 760 470
1071 328 1277 660 850 480 907 564 130 450 415 606 1063 390 1150 564 838 423 917 552 641 462 666 486 938 404 1015 544 512 465 552 488 462 464 504 491 947 473 1011 560 378 472 422 500 720 459 735 472 536 463 566 484 740 456 760 470 0 502 81 654 415 473 450 501
1071 329 1277 660 850 479 907 564 130 450 415 605 1063 391 1150 564 638 463 663 487 838 423 917 552 938 404 1015 544 512 465 552 488 462 464 504 490 720 460 735 471 947 473 1011 559 0 502 80 654 536 463 566 484 740 456 760 470 381 472 424 501 432 467 471 490
1070 329 1277 659 130 450 416 605 850 479 907 564 1062 391 1150 564 838 423 917 553 938 404 1015 544 512 465 552 489 464 464 503 490 719 460 734 471 947 473 1011 559 0 502 80 654 536 463 566 484 430 467 471 491
1075 375 1278 654 131 450 415 605 850 478 907 564 1062 392 1151 565 837 424 917 553 938 405 1015 545 512 465 553 489 622 463 643 486 465 463 503 490 947 474 1011 560 0 502 80 654 419 468 455 492 536 463 566 484
1075 376 1278 654 130 449 415 604 850 478 907 564 1062 392 1151 565 618 463 641 487 837 423 917 553 938 404 1015 545 512 465 553 489 465 463 503 490 420 468 456 493 947 474 1011 560 0 502 80 654 536 463 565 484
1075 376 1278 654 129 450 415 605 850 479 907 564 1062 392 1151 564 614 464 638 488 938 404 1015 545 836 423 916 553 512 465 554 489 465 463 504 491 420 468 456 493 947 474 1012 560 0 502 80 653 535 463 565 484
1075 376 1278 654 128 450 415 605 1062 392 1152 564 850 478 906 564 937 404 1015 545 834 423 916 553 512 465 553 489 465 463 504 491 611 464 633 488 947 474 1012 560 428 467 471 492 0 502 80 653 535 463 565 485
1075 376 1278 654 128 450 416 605 1062 392 1152 564 850 478 906 563 937 404 1015 544 834 423 916 554 512 465 553 489 465 463 504 491 947 474 1012 560 428 467 471 492 0 501 80 654 535 463 566 485 381 474 417 495
1074 376 1278 654 128 450 416 605 1062 392 1152 564 849 477 907 564 834 422 918 554 937 405 1015 544 512 465 552 489 465 463 504 491 947 473 1012 561 428 466 472 492 0 501 80 654 536 463 567 485 380 474 417 495 128 132 223 176
