

270 283 476 461 494 306 507 338 543 306 557 351
269 288 476 462 495 309 509 341
266 292 475 465 495 311 509 343 551 323 565 365
262 296 473 467 496 312 510 344 522 311 532 339 551 323 566 367
257 297 471 468 495 324 509 355 522 312 533 341
252 295 470 469 494 324 508 356 522 313 533 341
246 293 468 470 493 324 507 356 495 313 509 344 522 313 532 340 551 323 567 368
240 291 466 471 491 324 505 356 495 314 508 343 522 313 532 340 550 322 566 368
226 293 451 467 495 312 508 343 550 324 565 367
223 287 447 464 476 314 489 340 495 310 507 340
217 280 441 462 478 308 491 337
208 272 438 460 549 301 565 347
195 258 447 448 476 288 491 317
189 257 445 448 474 286 492 317 408 268 457 340 494 284 507 314 556 294 583 346
172 254 446 466 493 287 507 317 557 297 584 349 407 270 456 339 3 246 83 300
161 257 448 469 406 283 454 356 496 291 508 318 562 306 582 346
151 265 451 475 400 300 450 382
147 276 426 493 394 305 449 384 475 327 490 358
143 286 426 499 474 330 489 364 385 311 445 389 521 329 533 360
136 290 419 503 383 315 443 392 473 333 489 367 548 348 569 396 520 332 533 365
127 290 412 505 380 316 440 393 472 334 488 368 548 349 569 397 519 334 532 366 501 330 512 359
115 287 402 504 376 314 438 391 471 334 487 367 549 347 569 396 519 334 530 365
105 287 396 503 373 311 437 389 470 333 487 365 549 345 569 395 519 332 530 363
90 281 387 504 369 307 435 386 470 332 486 362 550 343 570 394 520 331 531 360
76 275 381 506 365 303 433 385 471 329 485 359 550 343 570 392 558 340 580 392
60 265 376 504 362 297 433 382 471 326 485 356 558 339 580 389
49 257 378 499 364 288 432 367 473 312 487 344 560 328 582 378
37 247 384 490 360 280 436 362 562 321 585 373
26 239 389 484 359 272 436 359 565 316 587 367 475 289 490 316 521 288 533 315
18 234 394 483 359 268 437 343 475 285 493 319 442 284 463 318 522 285 535 315 568 301 590 356 546 286 560 321
15 233 394 487 358 267 437 344 476 286 494 319 521 285 535 315 569 300 591 355
11 239 395 498 354 268 439 364
6 247 369 522 342 280 434 366 478 307 492 337 568 308 604 385
2 253 369 536 338 290 435 369 475 313 490 341
0 252 369 545 337 299 439 388 578 337 614 407
0 273 361 574 350 306 447 389 581 338 617 415
0 275 360 588 348 325 451 414
0 275 359 600 348 328 456 419 499 359 513 392 607 384 634 446 468 356 485 389
1 273 357 602 347 328 457 419 499 362 514 392 607 384 635 447 468 358 487 389 523 362 533 386
1 266 351 606 345 324 456 417 499 361 513 389 606 377 640 451 469 357 487 386 523 359 533 382
1 262 344 605 343 319 453 413 498 358 512 383 470 355 487 381 605 363 640 442
2 257 335 610 324 320 450 408 606 361 642 438
3 254 330 619 329 310 448 400 609 360 645 438 499 339 512 367 470 338 487 368 525 340 535 366
6 255 327 645 327 322 449 414 610 358 646 444
6 256 325 665 328 326 449 421 615 385 648 461 500 357 513 389 470 356 487 388 525 360 535 385
6 257 323 682 326 331 449 426 618 391 651 467 500 361 513 394 469 361 488 393 526 364 535 390 600 394 615 439 449 359 468 383 546 360 558 391
4 251 318 680 324 326 451 424 500 361 513 393 619 388 653 467 469 360 488 391 525 364 535 388 546 360 558 390
6 241 310 682 323 321 452 421 499 360 513 391 470 358 487 388 625 388 661 465 524 363 535 385 547 358 559 387 570 360 582 392
324 312 453 423 0 200 310 706 627 387 663 469 498 360 512 390 470 357 488 386 547 358 559 386 524 363 534 384 569 360 581 392
324 313 452 425 0 196 299 713 498 361 512 390 470 358 489 388 630 386 667 474 524 364 534 386 547 360 558 386
323 316 453 428 0 199 294 714 632 396 671 481 498 363 512 392 470 360 490 391 500 376 515 401 523 366 534 390 449 358 469 381
321 319 455 434 0 200 290 713 636 400 676 487 499 378 515 404 471 362 491 394 498 364 511 393 473 375 488 402 522 367 533 392
319 320 456 434 0 241 270 697 641 399 679 490 500 377 516 404 473 361 491 394 497 363 511 393 522 365 533 392 619 397 638 446
318 318 456 429 0 222 259 677 649 395 686 485 498 361 511 390 474 357 490 390 521 362 532 389
317 311 455 422 0 217 247 677 498 357 513 386 475 353 489 384 651 381 688 476
2 214 230 672 308 289 456 410 650 373 690 471 498 354 514 379 472 338 488 367 497 340 510 366
6 213 214 666 304 284 450 407 650 367 690 469 471 333 488 366 497 336 511 366 524 339 535 362
298 283 444 406 5 212 203 664 649 364 691 470 470 333 487 365 496 336 511 366 524 338 536 361
294 286 440 409 5 199 177 673 650 364 692 474 469 334 486 367 497 338 510 367 524 341 535 364
289 289 437 411 653 364 695 478 3 251 163 696 468 335 486 368 496 339 510 368 524 341 535 365
284 290 436 411 655 362 699 481 1 267 149 695 468 335 486 367 495 339 510 367 494 352 509 376 523 341 535 365
281 293 434 412 658 363 703 486 467 335 487 367 495 339 510 367 492 352 508 377 0 284 138 692 523 341 535 366
279 293 432 415 660 364 705 491 492 353 508 378 467 336 487 368 495 339 510 368 1 343 123 711 523 342 535 367 470 352 487 377
270 304 436 425 660 383 708 502 492 356 509 382 469 353 486 381
267 308 435 429 493 359 510 387 468 355 486 386 668 386 717 512 522 361 534 382
264 313 436 433 668 402 720 522 494 361 511 390 467 356 487 390 522 364 535 388 454 355 472 392
263 315 435 438 672 403 724 528 467 358 487 393 494 362 511 392 490 376 507 402 453 356 472 394 522 364 536 390
262 317 435 442 677 408 730 537 490 377 508 405 466 359 488 394 493 363 511 393 452 358 471 394 523 364 536 392
253 316 427 445 680 413 734 541 490 378 509 407 466 361 488 395 451 360 470 393 494 363 510 393
252 316 426 446 490 379 509 408 692 409 744 551
250 315 425 446 689 417 746 553 490 378 508 408 451 359 471 395
245 315 422 445 684 409 760 557 449 358 470 398 469 362 488 396 495 364 510 394
237 314 418 447 687 409 764 562 447 358 469 399 472 362 489 395 495 365 510 393
230 313 415 448 689 411 770 567 475 375 495 408 444 358 468 400 474 362 490 396 497 366 511 393
226 313 414 450 702 417 791 571 444 372 467 409 474 362 491 396
224 311 415 450 714 417 799 579 445 357 470 399 496 365 511 392 473 361 491 394
223 310 418 449 725 416 811 584 447 355 471 397 490 376 509 405 495 363 512 392 470 358 490 393 521 365 534 392
222 306 421 447 449 351 472 395 494 361 512 393 492 376 510 404 736 416 821 586 466 354 489 394 522 365 535 390
219 301 423 446 753 416 843 588 494 359 513 392 462 352 488 393 451 350 474 393 522 363 536 388
217 294 425 445 763 412 854 593 495 356 515 390 462 349 488 391 521 359 538 384
215 289 427 445 495 353 517 388 462 348 488 388 776 414 865 608
213 286 427 445 496 352 518 387 463 348 487 386 804 405 894 599 521 353 538 378 495 341 512 367
212 285 428 445 811 403 902 628 497 352 518 387 463 348 488 386 466 337 489 369 521 353 538 378 495 341 512 367 523 342 538 368
209 290 426 451 496 354 516 387 463 348 488 390 520 356 538 382 820 414 910 640 467 340 488 366
206 297 424 458 462 350 488 395 496 357 515 389 520 360 538 387 852 422 949 658
201 304 422 466 853 438 965 693 463 354 487 398 495 361 512 391 499 376 519 407 521 364 538 391 544 363 557 389
199 306 422 470 498 376 518 409 464 356 487 398 494 363 511 392 847 442 991 703 515 376 535 405 522 364 538 392 544 363 558 392
194 303 424 469 465 355 488 397 495 362 512 391 515 375 537 407 521 363 539 392
189 299 426 466 465 352 489 397 513 375 537 408 496 360 513 391 519 362 539 391 544 364 559 389
186 298 427 466 466 350 490 397 514 374 537 409 496 358 515 391 519 362 540 391 543 365 558 389 594 373 615 413
183 301 427 473 515 375 537 411 468 353 490 396 497 360 514 391 595 375 614 414 519 362 538 391 545 365 559 390 1005 462 1112 674
165 304 417 481 516 377 538 413 595 377 614 416 469 359 489 393 497 363 513 390 1011 477 1119 667
161 308 419 488 515 377 537 414 467 371 493 414 595 377 613 417 470 360 490 393 497 364 512 390
157 303 420 486 515 375 538 412 469 357 491 393 468 371 493 411
153 291 420 474 469 349 494 393 515 373 536 407
142 265 420 464 468 332 491 368
139 254 415 456 466 324 493 370 516 330 537 371
131 258 409 464 466 325 492 369 518 330 538 371
