


















































34 300 81 332
41 303 86 333
49 309 84 333 58 304 105 335
62 305 112 336
70 308 115 336
80 307 133 338
88 310 136 338
108 311 156 339
107 310 162 340
111 310 163 340
118 311 163 342
129 311 183 344
132 311 185 345
138 312 189 346
147 314 187 343
156 312 208 345
164 313 212 344
169 314 215 344
177 313 233 346
183 314 239 348
192 315 242 347
199 315 254 347
204 316 260 348
208 315 267 349
226 315 276 347
224 315 281 349
229 316 288 356
232 317 295 357
246 317 305 358
244 317 311 359
249 318 316 359
254 318 319 360
260 319 322 361
265 317 333 361
269 319 338 362
275 318 341 363
283 316 346 364
289 315 354 363
292 315 356 366
295 314 362 368
299 314 368 369
303 315 372 369
306 315 375 370
307 315 377 371
312 317 379 370
312 318 380 370
312 318 382 371
312 319 384 372
313 319 385 373
