

159 245 410 708 832 223 1075 669 485 232 727 719 308 305 562 397 846 312 954 380 1171 334 1259 380 675 331 714 356 550 240 564 258 446 574 691 715
304 304 557 397 159 245 409 708 831 225 1075 668 486 231 726 719 838 310 956 381 1171 334 1260 379 675 331 713 355 550 240 564 259 448 573 688 714
301 304 548 396 159 247 409 707 485 231 726 719 831 224 1076 667 833 310 957 381 1172 334 1260 379 674 330 713 355 550 239 565 259 449 573 687 714
159 248 408 709 298 304 540 397 485 233 725 719 831 224 1075 668 1172 332 1260 380 674 330 712 355 829 310 958 381 550 238 565 258 448 573 688 714
159 247 409 710 295 304 531 398 830 225 1074 669 484 233 725 719 1172 332 1259 381 672 329 712 355 825 309 960 381 550 238 565 258 447 572 689 714
158 246 410 713 292 303 522 399 829 225 1073 669 484 236 724 719 1169 332 1259 380 672 329 712 355 813 305 944 382 549 239 564 257 448 572 690 714
157 247 411 713 828 222 1074 672 288 303 519 399 482 238 724 719 1167 332 1260 380 809 306 946 383 672 329 711 355 448 570 690 714 547 241 563 258 823 294 831 308
155 249 411 712 828 220 1074 674 482 240 726 719 271 303 501 401 1166 331 1260 381 805 307 945 384 673 330 710 355 545 242 562 258 447 568 691 714 822 293 831 306
130 264 435 704 827 219 1074 675 482 241 727 718 270 303 494 402 783 307 956 397 1166 330 1260 381 663 330 705 355 544 241 561 259 481 328 534 359 445 567 692 715 821 291 830 304
131 267 435 703 826 219 1074 675 268 302 484 403 450 256 761 716 777 306 954 397 1165 330 1259 380 663 330 705 354 472 328 535 357 545 240 561 259 445 566 692 715
131 269 435 701 794 232 1099 702 450 257 760 716 266 302 473 403 770 307 950 395 1164 330 1261 378 663 330 704 353 545 240 561 258 466 328 535 356 444 568 693 715
155 255 412 708 795 231 1100 701 451 254 759 719 263 301 460 403 1163 330 1261 377 758 305 948 392 663 329 704 352 545 239 560 257 445 566 694 716
155 254 411 709 829 213 1080 678 453 249 758 719 262 300 448 400 1163 329 1263 377 747 303 947 387 664 329 704 350 444 564 697 717 545 237 560 256 470 329 536 356
130 266 431 701 796 225 1100 695 455 243 758 719 248 294 423 404 1164 328 1262 377 740 301 947 385 663 328 705 350 473 328 537 355 446 564 697 717 545 237 560 255 1252 339 1279 373
128 265 430 704 798 223 1100 694 455 241 758 719 1164 328 1262 377 722 303 939 384 247 294 418 401 473 328 537 354 663 328 705 348 544 238 560 255 1251 338 1279 373 446 567 698 716
125 265 430 707 828 208 1082 683 454 243 759 719 715 305 939 386 1163 330 1262 377 473 328 535 353 402 314 453 345 266 298 400 396 663 329 704 349 544 239 560 257 445 568 696 715 128 292 412 409
126 266 432 710 827 209 1081 682 452 246 760 719 709 305 936 386 1164 332 1262 378 391 314 432 343 662 329 704 351 544 240 560 258 1247 349 1277 375 443 567 697 715 476 329 533 352
126 267 433 709 827 211 1079 679 483 250 724 713 698 306 932 385 1165 333 1262 378 461 330 508 351 545 239 560 258 662 330 703 352 1245 349 1277 375 440 566 698 715
157 262 410 704 824 215 1078 674 484 247 723 715 689 306 924 384 1166 334 1261 378 462 331 506 350 544 239 560 258 500 329 549 353 439 568 699 716 1245 350 1277 374
155 264 411 699 823 217 1079 674 484 245 723 716 1166 335 1260 378 666 304 885 385 463 330 505 350 504 329 551 351 441 568 694 716 1245 348 1277 377 545 239 561 257
156 266 412 693 793 232 1096 697 485 241 723 715 664 304 878 385 1168 335 1258 378 464 329 505 349 1244 347 1277 380 444 568 688 715 546 239 562 257
156 266 413 689 795 237 1097 701 486 239 724 714 661 304 868 386 1167 337 1257 386 315 325 343 352 466 329 505 349 1244 346 1277 384 447 568 684 714 547 239 563 257
156 261 414 692 825 221 1080 674 485 238 725 713 658 303 863 386 1171 337 1254 386 315 326 343 353 1244 346 1277 384 447 567 683 713 466 329 503 348 547 239 564 258
155 260 415 694 825 221 1081 675 485 238 725 713 653 302 857 385 1171 337 1253 386 316 327 343 352 466 329 503 348 1244 345 1278 385 448 568 684 713 546 239 563 257
155 259 415 696 825 220 1081 675 486 240 725 713 650 301 853 383 466 330 503 347 1173 336 1252 386 447 568 685 714 1243 343 1278 385 547 238 563 256
154 256 413 696 825 219 1080 676 486 241 726 714 661 305 832 376 466 330 503 346 1173 336 1251 386 446 568 685 714 547 237 562 254 1242 342 1278 386
127 254 431 709 826 219 1080 675 487 240 725 714 651 303 813 377 1174 337 1252 387 443 566 686 713 547 237 563 254 1241 343 1278 386 468 329 500 345
129 253 431 710 827 218 1079 676 488 237 725 713 650 300 808 379 549 236 565 253 1174 337 1258 387
132 252 432 711 828 215 1079 678 488 234 725 712 651 298 798 380 1223 340 1278 392 550 234 567 253
155 246 412 699 828 212 1078 679 488 234 725 711 651 298 790 381 1221 341 1278 392 552 233 568 253 477 328 517 346
156 247 412 699 828 212 1078 680 488 233 727 711 655 302 782 379 1199 340 1277 390 552 234 567 252 477 327 518 346
157 250 411 699 830 213 1078 679 489 232 727 711 1195 339 1276 389 551 233 567 251
157 250 411 699 830 214 1078 677 490 232 729 712 1172 337 1276 387 550 233 566 250 446 565 693 716
157 250 411 700 829 215 1078 676 491 231 730 712 1172 338 1276 386 551 234 567 250 264 310 354 351 449 564 691 716
157 249 411 700 829 216 1078 676 491 230 732 711 1172 338 1275 387 551 235 568 252 449 563 690 716
157 249 411 700 828 216 1078 677 491 228 732 714 1174 338 1272 387 449 562 691 716 552 236 570 253
157 248 412 702 829 215 1079 678 490 227 730 716 1174 338 1268 388 448 517 773 719 716 269 724 282
157 246 413 703 829 215 1079 679 492 224 729 719 1174 337 1264 388 281 311 378 351 445 518 777 719 717 267 726 281 484 295 721 380 1255 353 1278 384
156 247 413 703 829 214 1079 680 494 224 728 717 1173 337 1261 388 282 311 384 352 452 297 712 378 717 268 725 281 442 519 780 719 1253 354 1278 383
156 250 414 702 829 212 1078 682 496 224 727 719 444 299 712 380 286 312 387 352 1172 338 1259 387 1252 353 1278 382 441 519 782 719 1112 352 1175 379 717 269 725 282 552 236 571 254
829 211 1078 683 157 253 414 702 496 224 727 719 433 301 710 382 297 313 401 353 1250 352 1278 382 1173 336 1258 377 552 236 570 256 443 564 693 715 1112 350 1175 378
830 209 1077 684 157 254 414 702 497 223 727 719 300 312 404 353 420 301 711 382 1250 351 1278 381 552 236 569 256 1170 336 1258 377 443 562 692 715
830 209 1077 683 157 253 414 703 496 223 727 719 302 311 406 353 404 301 715 381 1130 337 1252 385 1250 350 1279 381 552 236 569 256 413 518 722 719
830 208 1078 684 157 254 414 702 495 226 727 719 1103 338 1245 386 303 312 407 352 387 299 723 382 552 236 568 255 1250 350 1279 383 440 559 695 717
829 207 1078 685 157 254 413 701 494 229 727 719 1098 337 1247 387 303 317 408 359 552 236 568 255 377 297 727 385 1250 350 1279 383 440 559 695 717
830 206 1078 687 157 254 413 701 492 231 727 719 1097 337 1246 387 365 298 576 384 552 236 568 255 308 310 399 354 1250 349 1279 382 440 560 696 717
830 205 1078 688 158 253 412 702 491 230 728 719 1099 334 1238 379 358 299 577 383 552 236 568 255 1251 349 1279 381 438 562 699 717
830 205 1077 688 159 250 411 703 489 228 728 719 347 301 583 382 1096 333 1236 380 551 235 567 253 1251 349 1279 381 441 565 698 716 825 298 834 312
828 206 1076 688 159 250 410 700 488 224 728 719 1086 330 1204 381 334 303 587 382 1250 348 1279 381 444 567 693 715 551 237 566 254 1180 335 1261 378 824 296 833 311
826 206 1076 688 158 248 409 701 485 226 727 719 1081 332 1200 379 325 304 589 383 1249 348 1279 381 446 568 690 714 550 238 564 255 1178 335 1259 378 823 296 833 311
823 205 1076 690 126 261 438 701 481 228 727 717 1079 334 1196 378 313 306 556 388 1249 348 1279 380 447 566 688 715 1177 336 1259 377 548 240 562 257
154 243 408 704 479 233 726 714 822 204 1076 691 307 306 549 390 1066 331 1185 379 1249 348 1279 379 1176 336 1259 377 448 566 687 715 547 241 561 258
127 263 436 701 478 232 726 716 821 205 1075 689 302 306 538 391 1060 329 1186 379 1249 348 1279 378 1175 336 1259 376 449 565 686 715 545 241 560 258
128 264 435 700 820 204 1075 688 297 305 526 392 479 230 726 719 1058 327 1185 378 1175 335 1258 376 1249 348 1279 377 448 564 686 715 544 241 560 258
127 264 436 700 820 202 1075 688 480 228 726 719 292 304 519 391 1057 325 1185 375 1175 334 1259 375 1250 348 1279 377 447 565 688 715 545 240 560 257
127 263 435 700 822 203 1076 689 483 228 726 719 1056 322 1181 372 274 301 497 394 1173 332 1259 374 1251 339 1279 373 444 566 690 715 545 238 560 256
126 261 434 700 825 207 1077 686 484 232 726 719 270 298 491 392 1054 320 1177 370 1171 331 1259 374 1251 339 1279 372 656 321 688 339 822 293 831 307 545 237 560 255
126 260 433 699 826 212 1077 682 485 233 726 717 267 296 486 390 1054 320 1171 369 1169 330 1258 374 1251 339 1279 372 658 321 688 338 711 315 756 347 823 292 832 306
126 261 432 698 826 212 1077 682 484 234 726 716 264 297 484 389 1046 319 1160 364 1167 330 1258 375 659 321 687 338 1251 339 1279 372 822 292 832 306 101 324 157 356
127 261 431 701 826 209 1077 684 484 233 726 715 261 300 472 389 1043 319 1156 365 1167 331 1259 375 659 321 687 337 98 324 162 357 1249 340 1279 372 642 319 670 340 822 292 832 306
129 261 429 703 826 203 1076 689 482 231 726 716 1040 320 1150 368 262 300 454 390 1166 333 1260 375 657 321 688 337 1246 348 1279 375 98 324 165 359 642 319 671 340
131 261 428 704 827 198 1076 693 481 227 727 718 1037 320 1143 371 253 296 422 398 1167 334 1260 376 655 321 688 338 1243 348 1279 376 641 319 673 340 429 318 513 357 99 324 170 359
132 259 427 705 827 194 1076 697 479 225 728 719 257 293 416 398 1036 320 1139 373 1167 334 1259 376 654 321 688 339 415 317 510 359 1241 348 1278 375 444 566 692 713
131 257 426 706 827 194 1075 696 479 229 728 719 1028 320 1129 372 1167 335 1259 377 264 299 405 390 655 321 688 340 428 320 517 359 1241 347 1277 377 443 565 690 713 821 294 830 309
130 255 424 706 826 193 1074 695 479 233 727 717 1027 321 1125 374 1166 336 1260 377 431 322 519 360 264 306 396 389 655 322 689 341 444 565 689 714 390 313 431 340 821 294 830 309
128 255 423 705 826 193 1075 694 480 234 727 715 1025 321 1120 375 438 323 522 360 1165 336 1261 377 390 314 429 343 654 322 689 341 446 566 685 714 804 370 854 410 266 313 386 387 1250 337 1278 371
126 259 425 703 827 193 1077 695 481 232 726 715 1164 336 1263 377 1024 320 1116 375 444 324 524 361 654 322 688 341 448 567 684 714 804 370 854 410 259 314 367 385 1252 336 1279 369 544 239 560 254
157 249 409 708 481 232 727 715 828 192 1078 697 1164 336 1262 377 449 567 683 714 449 327 519 358 654 322 687 341 804 370 854 411 1024 320 1112 375 1252 336 1279 368
156 257 411 708 827 193 1079 695 481 232 726 715 1167 335 1260 378 457 325 535 361 805 371 854 411 448 566 684 714 654 322 687 340 99 288 351 408
155 263 412 705 824 195 1078 693 480 235 725 714 468 329 539 359 1170 334 1258 379 805 373 853 411 445 566 686 714 97 284 340 411 821 295 832 311
155 265 413 705 822 199 1078 688 479 236 724 715 469 330 537 359 805 374 852 411 1172 333 1257 380 442 567 686 714 821 295 831 311
154 260 412 704 822 199 1076 688 478 236 722 715 472 332 534 359 804 373 851 411 460 330 506 354 1173 332 1260 380 820 295 830 311
153 256 412 704 822 204 1075 684 477 237 722 715 461 330 506 354 803 372 851 411 1223 330 1278 382 475 332 529 359
152 253 411 703 822 209 1075 681 477 238 722 714 1169 328 1272 379 463 331 501 351 477 333 529 357
151 254 410 704 823 212 1075 679 476 238 722 713 1166 327 1275 380 707 322 753 352 639 321 673 341 464 331 498 349 478 332 530 355
152 256 410 702 825 205 1075 684 477 236 722 713 1163 325 1278 379 639 321 671 340 481 331 532 353 655 323 684 339 464 330 496 348 871 330 921 357
152 255 411 702 827 197 1076 689 477 233 723 714 1162 324 1276 376 639 321 670 339 656 322 685 338 480 329 532 352 864 328 923 359 803 368 852 409
152 254 412 702 828 195 1076 689 477 232 723 715 1161 323 1275 374 656 321 685 336 639 321 670 338 804 367 852 407 480 328 532 350 446 570 689 713 858 322 940 368
152 251 412 703 829 198 1075 687 476 231 724 717 1162 323 1273 374 852 320 938 369 656 320 685 336 639 321 671 338 805 367 851 407 447 569 690 712 481 321 527 339 480 328 531 350
151 255 412 703 830 202 1074 683 476 233 724 717 1166 323 1271 374 845 316 940 371 656 321 685 336 639 320 671 338 447 569 689 714 805 367 850 407
151 256 412 701 477 236 724 716 831 206 1073 681 1170 324 1267 373 827 314 931 379 639 320 671 338 656 321 684 337 445 570 687 715 1255 332 1278 367 464 329 497 346
151 256 411 701 479 239 723 717 831 211 1072 679 1173 325 1263 373 819 311 936 382 443 570 686 716 639 320 671 339 1252 333 1278 367 655 322 684 337 464 329 499 346 506 329 546 347 817 290 827 302
152 251 409 700 480 240 722 718 831 213 1071 679 1173 326 1261 373 812 311 939 386 1250 334 1279 369 463 330 501 346 639 320 672 339 655 322 684 338 443 570 685 715 1114 336 1174 366 817 291 827 304
154 251 408 700 481 241 722 718 831 218 1072 677 807 314 939 385 1250 337 1279 370 463 329 502 347 1172 327 1259 374 640 321 672 340 655 323 684 339 442 570 685 714 512 329 548 346 1111 336 1173 367
154 253 408 699 480 243 722 717 830 219 1074 676 802 315 939 386 1250 338 1279 370 464 329 501 347 1136 326 1248 375 656 323 684 339 640 321 672 340 514 330 549 346 820 293 829 306
154 254 410 699 479 246 724 715 830 222 1075 673 1106 328 1240 374 787 318 942 412 464 329 501 348 1251 339 1279 369 821 294 831 307 656 324 684 340 516 330 550 346
152 255 411 699 478 246 725 716 1102 329 1243 373 828 224 1076 671 465 329 502 348 786 317 941 412 822 294 832 308 1251 340 1279 370 655 323 685 340 516 330 549 346
153 256 411 700 479 244 726 715 1096 329 1242 374 826 226 1077 669 777 313 929 389 465 329 503 348 822 294 832 308 1251 340 1279 371 654 323 685 340
153 256 410 701 481 241 726 715 826 224 1077 671 1092 330 1239 377 772 315 929 391 821 295 832 309 465 329 502 348 1252 340 1279 371 654 323 686 340
154 256 409 701 482 237 727 713 826 220 1076 673 1086 329 1238 380 770 316 926 391 821 295 832 310 464 329 502 349 1253 339 1279 372 98 331 161 358 653 323 686 340 545 238 559 256
154 255 409 700 482 236 726 712 827 215 1075 677 1083 329 1218 379 821 295 832 309 463 329 503 350 770 315 922 391 100 331 160 358 1253 339 1279 372 545 240 559 256 654 324 686 340
154 254 409 699 828 211 1075 680 481 242 725 710 1078 328 1215 381 464 329 503 349 101 328 161 358 734 314 917 391 821 293 832 307 1253 338 1279 373 1179 332 1260 375 654 324 687 340 546 239 560 255
154 250 409 700 828 210 1075 680 483 246 724 711 1075 327 1210 381 711 314 914 393 1178 333 1259 376 102 325 163 357 465 329 503 348 821 292 832 305 655 324 688 340 1253 347 1279 377 546 238 561 255
127 254 430 704 826 213 1077 679 486 244 725 713 1062 325 1186 380 703 312 904 393 1178 334 1259 376 656 324 689 340 103 322 166 356 1251 348 1279 377 822 291 833 304 547 236 563 254 408 516 721 719
127 252 431 705 826 216 1079 677 489 239 727 715 1059 324 1187 382 698 310 898 395 655 323 689 340 1180 334 1259 376 1251 348 1279 378 96 311 171 354 391 317 426 339 408 514 720 719 477 322 521 342 822 291 833 304 549 235 564 253
128 252 433 706 825 218 1081 675 489 236 728 715 1057 326 1190 383 97 311 174 353 676 312 875 394 654 323 689 340 1181 335 1259 377 1251 349 1279 379 479 322 521 342 289 319 373 356 407 516 719 719
128 254 435 708 825 219 1081 674 489 239 728 715 1056 328 1189 382 99 312 178 352 672 312 866 394 478 322 523 342 654 322 689 340 1180 335 1261 377 1252 351 1279 381 447 564 688 713
128 254 435 710 826 221 1082 674 489 240 727 714 1056 331 1186 381 101 312 182 353 687 314 859 392 1179 338 1260 388 478 327 520 348 308 324 393 355 1253 354 1279 383 449 567 686 713
