

308 391 496 491 284 390 319 499 677 360 689 377
304 390 497 491
302 389 497 494 712 406 739 432 1056 443 1267 624
290 392 487 495 713 406 738 432 691 404 715 434 1060 445 1266 624
290 392 486 496 714 406 739 431 691 405 714 434 1066 445 1265 628 540 402 573 445
289 392 486 495 714 407 739 431 824 418 994 549 540 402 573 445 1061 445 1265 632
287 391 485 498 714 407 739 430 822 417 996 551 539 403 572 444 1049 447 1268 635
284 391 484 499 105 391 244 506 715 407 739 430 822 417 996 552 538 402 574 444 1036 449 1271 636
282 390 482 500 98 391 242 504 537 403 574 444 825 417 995 552 1032 449 1272 633 558 406 595 442
278 390 479 501 828 417 991 550 1040 449 1272 632 679 360 689 375 537 403 574 444 691 362 702 378 557 406 594 442
275 389 476 503 688 403 719 434 680 359 690 375 537 405 571 443 690 361 702 377 559 406 593 440 832 417 991 548
266 389 473 504 679 359 689 375 536 404 570 443 560 405 592 440 594 402 622 431 1053 448 1268 627 691 362 702 377
254 389 470 506 594 402 622 430 678 359 688 375 534 405 569 443 561 406 592 439
244 388 467 507 594 401 623 429 714 409 738 434 676 360 687 374 532 405 570 443 561 405 593 438 1059 446 1265 624
238 387 467 508 592 401 623 429 715 409 739 434 675 360 686 375 637 403 665 427 529 405 571 444 1057 448 1263 626 562 405 593 436
235 386 468 509 592 402 622 430 716 409 739 433 638 403 666 426 674 360 686 375 1057 447 1263 631 528 406 573 444
217 388 456 510 591 401 622 431 716 409 740 433 673 360 685 375 1053 447 1263 637 639 403 665 426 864 417 1047 567 527 405 573 444
209 387 456 513 591 402 621 432 716 409 740 433 865 415 1049 569 1053 445 1264 643 673 360 684 374
204 385 454 514 589 403 621 432 715 409 739 433 866 415 1050 571 672 359 684 374
192 384 451 516 590 404 619 432 715 409 739 432
184 383 447 519 591 405 618 431
175 382 444 524 592 405 616 429 671 359 683 377
170 380 443 524 712 409 742 432 670 358 683 378
162 380 447 524 669 357 683 378
127 381 436 523 589 403 615 430
134 380 424 527 589 402 615 429 666 356 681 378
125 378 421 529 712 408 740 432 589 401 614 428 666 356 682 378
120 375 413 532 712 408 741 433 666 355 682 377
83 373 417 552 686 404 710 431 711 408 740 433
73 372 408 557
62 372 398 564 688 405 711 431 1008 451 1201 630
49 372 386 570 1008 449 1208 636 689 406 713 431 649 358 662 375
36 370 381 574 1011 448 1212 639 689 406 715 431 649 357 663 376
28 369 379 579 690 406 717 431 648 357 664 376 1041 449 1257 638
17 378 356 584 690 406 718 431 647 356 664 376 1046 448 1256 642 923 439 1092 610
12 378 347 591 690 406 719 431 645 355 663 376
7 375 335 595 689 406 719 431 643 352 662 377
1 372 322 599 689 406 720 431 639 344 659 369
0 371 315 602 639 345 656 368
0 372 306 606 638 345 654 367
0 374 296 608 688 406 718 432
0 376 287 609 689 406 719 432
0 379 276 610 688 406 719 433
0 379 263 609 687 407 718 433 833 415 991 554
0 377 249 609 538 406 572 433
0 376 240 606 683 408 717 434 537 405 570 433
0 374 238 606 683 408 718 434 536 406 568 432
2 360 227 621 684 408 717 434 536 406 568 432
3 362 212 622 685 408 716 434 537 406 568 432
4 364 201 622 537 406 568 434 685 408 716 434
6 353 180 626 537 406 568 434 685 409 716 435
5 351 166 624 537 407 568 434 684 409 715 435
3 345 150 623 537 407 568 434
1 358 123 612 536 407 568 434
2 342 144 621 535 407 568 434
680 409 719 438 535 407 567 434
679 408 720 439 535 407 566 434
679 408 720 439 534 406 566 434
679 407 720 439 534 407 566 434
679 407 719 439
678 407 719 438


1006 450 1207 619
1011 450 1211 620 680 405 718 437
1048 451 1256 625 680 405 718 436
1051 450 1263 630 680 405 718 436
1057 448 1267 632 680 405 719 437 921 444 1097 607
679 405 720 437 1060 445 1269 630
680 406 721 437
680 407 721 437
682 408 720 437
682 409 720 437
683 409 720 438 661 407 693 433







679 408 722 441


661 408 696 439
661 408 695 440 842 423 1225 618
661 409 694 441
682 411 722 443 661 410 694 441
661 410 694 441 682 411 721 443
661 411 695 441 538 407 567 434
661 411 694 440 637 406 662 433
661 412 695 441 638 406 662 433
660 412 695 442 703 420 744 457 638 406 661 433
936 388 1058 448 704 420 746 459 660 412 696 442 618 405 642 433
931 388 1063 447 617 405 643 433
929 388 1066 448
928 387 1069 450
951 389 1091 450
