

904 201 1279 456 977 286 1112 509 342 300 426 399 43 283 134 370 955 391 1129 542 516 164 547 228 293 275 333 386
889 200 1279 462 985 288 1118 510 336 299 420 400 288 274 325 386 960 392 1135 541
861 198 1279 472 977 275 1137 527 328 295 394 399
850 196 1279 476 986 274 1146 530 322 292 391 403 263 276 302 384
832 193 1279 478 995 273 1148 529 308 299 392 401 257 277 295 379
819 189 1270 478 999 272 1150 531 300 291 365 405 462 152 496 213
806 187 1262 482 1031 284 1158 518 294 292 361 404
797 182 1257 487 1037 289 1166 515 278 291 342 402 0 278 61 364 436 143 477 215
784 184 1253 493 1047 291 1174 514 273 291 338 403
770 182 1247 495 1053 290 1182 515
754 182 1245 495 1058 296 1187 533 249 287 314 403
744 177 1244 502 1075 290 1201 518
724 175 1212 502 1078 306 1207 528 1213 330 1277 415
704 160 1208 509 1088 309 1212 526 1210 327 1278 416 139 263 182 393 203 293 264 403
691 158 1191 506 1096 313 1217 526 1198 330 1279 415 135 268 181 387
667 153 1175 501 1102 317 1222 521 1197 328 1277 416
643 146 1168 501 1107 326 1222 514 1197 326 1277 414
610 132 1139 505 1117 301 1224 506 1197 325 1277 411
600 126 1130 511 1123 300 1225 506 1197 324 1277 409
570 121 1122 517 1135 299 1243 503 1197 323 1277 408
534 118 1115 523 1133 295 1246 506
497 113 1113 529 1133 296 1246 505 253 261 369 424
463 100 1083 546 1135 296 1244 503
436 96 1076 548 1138 297 1240 494
401 88 1066 552 1142 296 1234 486
364 80 1061 558 1145 294 1229 480 1076 294 1246 394
339 71 1068 567 1146 292 1227 481 1068 295 1245 393
283 54 1026 587 1146 289 1225 482 1061 295 1243 395 1220 312 1279 378
235 45 1027 594 1137 288 1218 488 1035 296 1198 394 1217 309 1277 379
193 40 1029 599 1138 288 1215 484 1025 299 1197 395 1203 306 1277 379
151 19 1001 586 1135 290 1212 485 1018 300 1194 395
115 16 989 586 1129 295 1207 484 1008 300 1195 396
76 7 978 590 1123 298 1203 482 984 299 1151 399
46 5 978 595 971 298 1142 399 1119 300 1198 475
17 27 1016 620 961 296 1132 398 1115 298 1195 472
6 22 1024 635 1111 298 1190 469 938 292 1111 396
931 290 1099 395 0 15 943 653 1106 298 1183 467 1225 313 1275 436 1226 380 1270 463
0 18 922 651 919 291 1087 395 1101 300 1177 462 1217 314 1274 434 1220 379 1267 463
0 14 908 650 908 292 1082 396 1089 299 1165 466 1210 313 1271 434 1095 384 1153 466 1213 377 1264 462
32 10 864 586 1081 302 1159 462 885 293 1063 398 1087 380 1147 467 1211 317 1265 428 1200 379 1249 455
874 292 1054 397 43 1 827 651 1072 305 1153 461 1190 317 1252 430 1195 379 1245 453 1082 376 1142 469
861 292 1043 397 1064 304 1146 460 59 0 792 652 1184 318 1246 428 1187 378 1239 453 1074 380 1128 462
853 292 1036 398 1061 303 1142 458 74 0 770 657 1069 379 1124 462 1180 317 1241 428 1182 376 1237 454
830 292 1015 400 1055 302 1135 455 1167 317 1228 431 1172 376 1222 451 88 0 756 601 1062 375 1119 461
819 290 1003 401 1160 314 1222 434 1049 304 1130 449 1163 375 1216 453 1050 376 1103 456
804 290 993 401 1042 373 1097 457 1032 304 1114 448 1135 311 1216 450 1153 376 1200 452
783 291 974 402 1145 318 1202 431 1027 306 1107 446 1147 376 1196 453 1035 371 1092 457
774 292 961 403 1020 306 1097 448 1138 319 1196 431 1139 376 1191 454 1027 377 1077 454 1103 336 1137 361
761 292 949 405 1014 309 1088 450 1019 378 1072 455 1124 324 1176 426 1126 377 1174 451 1082 338 1113 363
751 293 939 406 1115 319 1174 432 1008 309 1079 451 1118 376 1168 453 1206 328 1273 517 1078 338 1115 364 1011 377 1066 456
729 294 920 409 1002 311 1076 448 1109 320 1168 431 1200 331 1274 510 1078 337 1113 363 1159 337 1179 367 1111 377 1162 455 1002 379 1053 451
715 293 907 411 994 313 1052 440 1196 331 1275 507 1098 377 1146 454 1095 323 1151 431 1056 338 1088 365 1156 338 1178 366
978 313 1050 451 699 292 901 409 1088 321 1146 433 1054 338 1088 364 1178 332 1265 508 1089 377 1141 454
675 293 874 411 967 313 1040 454 1076 378 1126 452 1074 326 1128 429 1161 328 1254 475 1032 340 1064 366 973 381 1023 453
666 292 863 412 1066 342 1123 443 964 334 1022 447 0 0 489 667 1166 333 1262 511 1029 340 1064 367
655 293 853 412 1158 333 1264 514 0 9 467 670 951 379 1002 452
942 337 999 447 1151 331 1268 521 625 293 827 412 1043 345 1096 444 1121 352 1169 444
617 293 815 415 1128 333 1279 512 1113 349 1168 446 936 332 990 448
605 293 805 416 1125 333 1279 517 924 335 979 446 1023 347 1076 442 821 305 920 392 1109 346 1169 449
1118 333 1276 524 573 293 785 412 1092 350 1151 446 907 315 984 453 1077 346 1110 388
566 292 773 415 1110 332 1274 532 1086 346 1149 449 999 331 1050 422 1001 377 1050 450
553 290 762 418 893 335 949 445 991 347 1046 442 1101 332 1275 537 775 306 880 391 1071 342 1160 444 1048 347 1088 388
544 289 755 416 890 322 946 437 1093 334 1278 537 772 304 871 389 1064 347 1127 447 988 328 1041 424 987 377 1040 451
521 288 736 415 1053 342 1139 444 1091 315 1278 571 973 328 1027 424 867 312 947 445 977 377 1025 448 1028 347 1066 386
513 287 725 415 965 326 1022 427 1044 339 1138 445 870 319 925 433 1082 317 1269 569 745 299 848 388 968 378 1019 447 1020 347 1063 387
499 285 714 417 1037 336 1137 446 863 317 920 430 724 299 834 387 1078 317 1269 572 961 326 1015 425 1006 338 1039 362
488 284 709 418 721 295 826 388 1031 339 1122 444 949 327 1004 425 1073 318 1269 573 862 318 916 428 1001 345 1046 386 953 379 1000 444
467 284 690 417 1022 330 1129 457 851 320 903 426 943 326 998 424 1070 317 1267 575 999 345 1042 387
456 283 679 417 1017 328 1128 459 845 319 897 425 1068 315 1264 577 940 325 991 423
442 281 669 419 1012 326 1126 461 840 318 891 424 1066 315 1263 579 927 326 979 423 976 337 1014 366
433 278 666 421 1003 329 1131 458 922 326 977 422 1063 316 1262 579 832 320 882 421 972 337 1012 369
411 276 647 419 998 330 1130 457 826 318 879 420 917 323 972 421 672 291 779 388 1061 317 1263 581
403 272 635 420 994 330 1129 457 820 316 874 419 1059 317 1264 583 914 321 967 422 953 333 995 365
391 269 624 419 991 331 1129 457 814 313 869 420 902 325 957 420 1047 320 1275 621 646 283 767 379 949 335 994 368
382 267 622 419 989 331 1131 459 898 324 955 419 1045 317 1275 628 644 282 762 379 812 311 866 421 945 335 993 370
358 269 608 416 987 332 1134 461 1045 316 1275 638 895 323 949 417 640 280 755 380 806 320 857 417 885 327 906 359 970 339 1025 419 899 374 940 425 945 335 989 368
352 267 600 419 1044 315 1275 649 986 332 1135 463 802 320 854 415 891 321 944 417 638 280 749 381 966 338 1025 421 883 326 904 359 896 374 938 424
344 265 587 421 1046 315 1274 657 985 332 1136 466 621 279 740 382 799 320 849 414 888 320 940 418 963 335 1024 425
336 264 581 422 1050 314 1273 659 985 331 1137 468 617 280 736 382 798 321 846 414 960 333 1024 427 888 319 939 419
325 262 579 423 1058 314 1272 660 985 330 1141 472 612 278 731 383 796 323 843 414 879 326 932 416 958 331 1023 429
1064 312 1273 658 296 263 576 419 985 328 1147 475 794 322 840 414 877 326 930 415 609 279 728 382 956 331 1024 429 864 327 884 360
292 261 572 420 1069 312 1276 652 984 327 1155 477 791 322 839 413 875 326 928 414 598 277 719 380 955 330 1024 429 863 327 884 362 920 334 970 368
287 260 563 424 984 327 1161 476 1072 312 1277 648 790 319 839 413 873 325 926 414 595 276 716 379 951 330 1033 426 918 333 970 368
982 327 1167 477 277 258 553 428 1076 314 1277 644 872 325 923 414 786 325 833 409 589 274 712 379 950 330 1031 424 917 332 968 367 878 369 915 419
989 320 1184 488 248 254 561 441 1093 308 1279 652 783 311 833 397 871 324 921 414 584 272 709 380 948 329 1031 423 878 368 914 418
988 320 1187 489 232 254 534 437 1098 308 1278 647 783 312 832 394 871 324 919 414 946 328 1033 423 570 272 726 378 786 351 825 404 878 368 913 418
987 319 1194 491 229 253 529 437 1105 315 1276 646 783 311 830 395 943 328 1035 424 870 324 918 414 555 269 704 380 785 351 823 404 837 318 852 343 877 367 912 418
214 252 524 438 990 318 1204 491 781 310 828 394 1119 321 1276 652 942 327 1037 424 553 267 699 381 869 324 916 415 784 352 821 403 822 314 837 340 836 317 853 342
195 250 520 441 991 316 1216 493 1135 330 1277 658 779 308 825 394 942 326 1038 424 550 266 696 379 868 323 915 416 822 315 837 340 784 353 820 400
175 249 515 441 992 316 1233 511 545 266 695 378 943 326 1039 423 778 307 824 392 1150 333 1279 662 866 323 913 417 821 314 836 341 783 353 819 398
157 247 510 438 994 314 1239 514 943 325 1042 424 539 266 693 376 777 307 822 391 1157 369 1278 680 865 322 913 416 820 314 835 341 782 353 817 397
137 242 502 440 996 312 1246 518 944 324 1046 425 534 266 688 377 776 307 821 390 864 321 913 417 1173 398 1271 668 818 314 833 340 780 352 815 397
120 237 497 446 1000 315 1257 548 944 322 1049 426 526 265 685 377 775 308 819 389 864 321 912 417 778 350 813 396
86 234 480 446 1005 311 1265 556 945 321 1051 427 522 264 684 378 774 308 818 389 859 328 907 415 776 349 812 396 737 316 770 344
78 232 476 449 1007 308 1270 561 945 322 1054 428 518 264 683 377 773 307 816 389 860 328 906 415 738 316 770 344 774 347 810 396
57 230 465 453 1008 307 1273 562 772 306 815 388 942 323 1072 449 859 328 906 415 515 266 684 378 737 316 769 344
35 228 452 461 1009 308 1277 565 944 324 1077 454 770 305 813 389 858 327 906 416 492 265 664 379 735 315 767 345
16 227 439 472 1010 310 1278 564 947 325 1080 458 857 327 906 415 769 304 812 390 491 263 660 381 830 323 860 372 732 315 764 345
