

232 283 601 619 14 350 93 396 728 305 758 333 679 294 734 334 706 300 753 334 248 337 261 361 176 338 191 372
231 284 602 621 7 350 81 396 729 304 761 334 679 296 758 334 248 336 261 361 638 305 665 324
231 284 602 621 8 350 81 396 731 304 764 334 680 296 760 334 638 306 665 324 248 336 261 361
231 283 602 620 14 349 91 395 733 304 768 334 681 297 764 334 638 306 664 325 248 336 261 361
232 283 601 619 14 350 92 394 735 305 772 334 639 306 663 326 683 298 767 335
232 283 603 620 8 351 82 395 733 303 775 334 693 299 753 336 639 306 663 326
231 283 603 621 8 352 82 395 728 300 777 334 696 299 756 336 639 306 663 326 248 335 261 360
230 284 604 619 6 352 83 395 700 297 782 335 639 306 664 326 248 335 262 360
231 285 602 616 6 352 84 396 702 297 784 335 638 306 663 326
231 284 601 615 5 352 84 397 705 297 788 335 637 306 663 326 1023 291 1076 315
230 284 603 615 6 352 84 397 707 297 792 335 638 306 663 326 1022 290 1076 315
229 284 604 616 5 352 83 398 711 297 797 336 1022 290 1077 315 638 306 663 327 1086 290 1102 312
229 284 605 614 4 351 83 398 713 296 801 337 1021 290 1077 315 637 306 662 327 1087 289 1102 312
230 284 604 611 4 351 83 398 721 295 809 336 1021 290 1078 315 637 306 662 328 1087 289 1102 313
230 284 604 609 5 351 83 398 723 294 809 335 1021 289 1077 315 638 307 662 328 1086 290 1102 313
231 284 604 609 5 351 83 398 726 294 815 335 1021 289 1077 315 638 307 662 328 1086 290 1102 313
231 284 604 610 6 351 83 398 731 293 821 335 638 306 663 329 1021 289 1077 314 1086 290 1102 313
232 284 603 611 6 351 83 398 735 293 828 336 1020 289 1078 315 637 306 663 330 662 303 689 325
230 284 604 614 6 352 83 397 738 292 829 336 1019 288 1078 315 638 306 663 329
231 284 604 615 743 293 840 333 5 352 83 397 1018 288 1078 315 637 306 663 330
232 284 603 616 747 292 845 333 6 351 83 397 1018 288 1077 315 635 306 663 331
233 283 602 617 752 292 851 333 6 351 83 398 633 306 664 331 1018 288 1077 315 1086 289 1103 312
232 284 603 619 755 291 854 333 6 351 83 397 634 305 665 329 1017 288 1076 315 247 334 262 361
231 284 604 619 6 351 83 397 759 291 855 333 1015 288 1076 315 636 306 664 329 247 334 262 361
231 284 605 618 6 351 82 397 768 291 864 333 1015 288 1077 316 247 334 262 361 636 306 663 329
229 284 606 616 6 351 82 398 775 287 866 330 1014 288 1077 316 247 334 261 361
228 285 606 617 778 287 870 329 6 351 83 397 1014 288 1077 315 618 306 643 330 247 333 262 361
229 285 605 617 783 288 874 329 6 351 83 397 1015 288 1076 315 618 306 643 329
230 285 603 616 6 351 82 397 787 288 877 329 1015 288 1077 315 619 306 643 329
230 285 603 614 7 351 82 398 795 289 891 328 1013 288 1077 316 619 306 642 329
229 286 604 615 799 289 894 327 7 351 82 397 1012 288 1077 316 618 306 643 330
229 286 604 612 805 287 899 328 6 351 83 397 1011 288 1078 316 617 306 643 331
229 284 603 610 808 286 903 328 6 351 83 398 1011 288 1078 316 618 306 643 331
230 284 602 608 811 288 921 326 6 351 83 398 1010 288 1078 315 617 306 642 330
232 284 601 610 814 288 924 326 6 351 83 398 1009 288 1077 316 617 306 642 330
231 284 600 611 821 287 928 326 6 351 82 397 1009 287 1078 316 616 306 641 331
231 283 598 614 6 351 82 398 827 285 932 326 1009 287 1078 316 201 336 314 404 616 307 641 331
231 283 597 615 839 286 947 325 7 351 82 397 170 320 339 431 1009 287 1077 315 616 307 641 331 808 292 840 318
233 283 597 618 844 286 950 325 6 350 82 397 145 326 324 431 1010 287 1076 314 616 306 641 330 808 293 843 318
232 283 598 615 849 285 953 325 121 324 323 444 6 350 81 397 1010 286 1075 314 808 293 844 318 615 306 640 331
229 283 598 614 854 285 956 325 100 323 321 458 6 350 81 397 1008 286 1075 314 614 306 639 333 809 293 843 318
229 284 598 614 66 324 296 467 865 287 969 325 6 349 81 397 1007 286 1074 314 613 307 639 334 808 293 841 317
230 284 597 618 47 325 290 473 871 287 973 325 6 350 79 398 613 307 639 335 1007 286 1073 313 808 292 841 317
231 284 597 617 878 286 978 325 31 318 283 488 3 349 76 397 612 308 639 335 807 292 842 317 1008 285 1072 312
230 284 598 613 5 329 257 479 888 285 993 325 612 308 639 336 807 292 842 317
229 284 599 610 0 326 246 506 893 285 997 324 612 308 639 335 808 292 842 316
230 282 600 611 0 328 231 510 897 285 1001 323 612 309 638 334 272 333 294 368
231 281 600 612 0 336 190 510 902 285 1004 322 611 310 638 335
229 279 602 612 0 341 171 513 906 283 1005 322 611 310 637 335 644 307 664 326
226 280 605 612 916 285 1018 321 8 342 129 520 611 310 637 335 251 334 271 366
226 280 606 611 920 284 1021 321 7 345 112 522 610 309 636 335 249 333 271 367 644 307 665 326
228 280 605 611 928 284 1024 320 609 309 636 336 643 306 665 326 1 337 74 535 1015 285 1070 313
230 280 604 610 933 283 1026 319 608 309 635 336 5 351 83 397 643 306 666 326 1017 286 1069 313
231 281 603 610 943 284 1043 319 3 352 83 397 607 308 635 336 642 305 666 325
232 281 602 611 947 283 1046 320 3 352 83 397 607 308 634 335 642 305 666 326
232 281 601 610 3 351 83 398 951 281 1049 320 642 305 666 326 607 308 634 335 593 308 622 336
232 282 603 610 4 351 83 398 962 283 1065 320 642 305 666 326 593 309 623 337 608 308 634 335
231 282 604 611 966 283 1063 319 5 351 83 398 593 309 623 337 642 305 666 326
231 281 604 611 970 283 1067 319 5 351 83 398 593 309 623 337 642 305 666 326
230 281 603 612 975 283 1073 319 5 351 82 398 592 309 623 337 642 305 665 326
229 282 604 612 6 351 82 398 980 283 1077 319 593 309 622 336 642 305 665 326
229 283 604 614 6 351 82 398 986 285 1089 319 591 309 622 337 642 305 666 325 808 293 839 315
230 283 602 613 987 284 1093 318 6 351 82 398 590 309 622 338 642 305 666 326 808 293 839 316
230 283 602 613 989 283 1099 318 6 351 82 398 587 308 621 339 642 304 668 326 808 293 839 316
231 283 602 614 7 351 82 398 989 283 1103 318 585 308 621 340 642 304 668 326
232 282 602 616 7 351 82 398 988 282 1108 319 583 308 619 340 642 304 669 326
234 282 600 615 7 351 82 398 1018 284 1113 321 583 308 619 340 642 304 669 326 808 293 839 316
234 281 599 615 7 351 82 398 1021 283 1115 321 581 307 617 340 642 304 670 326
232 282 600 613 7 351 82 398 1026 282 1116 320 580 306 616 340 641 303 671 327
232 282 601 614 6 351 82 397 579 306 616 341 641 303 671 327 1040 280 1111 315 981 286 1053 312
232 282 601 614 7 352 82 397 579 306 615 340 641 303 671 327 979 286 1056 312 1046 281 1108 314
232 282 602 614 7 352 82 397 578 306 615 340 641 303 670 327 978 285 1056 312 1059 282 1118 316
232 283 601 612 7 351 82 397 1064 281 1117 316 641 303 671 327 577 306 615 340 977 284 1055 311
232 283 602 611 7 351 82 397 641 304 671 327 1067 282 1117 316 577 307 613 339 977 284 1054 311
234 283 603 611 7 352 82 397 641 304 671 328 1070 283 1116 316 976 285 1052 311 577 307 612 338
234 284 604 610 7 352 82 398 641 304 671 328 976 286 1051 311 1072 284 1115 315 566 311 604 344 663 303 686 326
235 284 604 609 7 352 82 398 641 304 670 328 565 311 606 344 977 286 1049 311 1076 286 1114 315 663 303 686 326
235 283 602 607 7 352 82 398 641 304 669 328 564 311 606 345 969 286 1041 312 1079 287 1113 314
237 283 600 606 7 352 82 397 641 304 669 328 563 311 606 345 968 286 1041 312 666 303 687 326
238 284 599 603 7 352 82 398 641 304 669 328 561 311 604 345 967 286 1041 313
238 285 599 600 7 352 82 398 640 304 669 329 561 312 603 344 966 286 1041 313
239 286 598 596 8 352 82 398 639 303 670 330 560 312 602 344 965 287 1042 314
240 287 595 594 8 352 82 398 639 303 669 330 560 312 600 344 963 287 1041 314
240 288 595 594 8 352 82 398 638 303 671 331 559 312 598 344 963 287 1038 313
241 288 596 596 8 351 82 398 638 303 671 331 963 286 1035 312 558 313 596 344 666 302 689 327
243 288 597 598 7 351 82 398 638 303 672 331 961 287 1034 312 557 313 594 345 665 302 689 327
245 288 595 599 8 351 82 398 638 303 672 331 960 287 1033 312 553 310 597 373 665 303 689 327
246 289 593 598 8 351 82 398 638 303 672 330 956 286 1031 312 552 311 597 372 666 303 689 326
247 290 592 597 8 351 81 398 638 303 673 329 551 311 598 373 953 286 1031 312 666 303 690 326
247 291 591 594 7 352 82 397 638 302 673 329 549 311 598 372 950 286 1030 312 665 302 690 326
247 291 591 594 6 352 81 397 638 302 673 329 548 312 598 372 950 287 1028 311
248 293 592 593 6 352 81 397 638 302 673 329 78 345 106 393
250 293 592 594 5 352 81 397 637 302 673 329 77 344 105 394 943 288 1016 313
252 293 591 594 637 302 673 329 5 352 81 397 77 345 103 394 940 288 1018 314 170 338 188 374 665 302 689 327
252 291 592 592 636 302 674 330 5 352 82 397 939 288 1019 314
252 291 593 588 636 302 676 331 5 352 82 397 937 288 1017 314
252 291 594 585 636 302 676 332 5 352 82 398 936 288 1013 314
254 292 595 585 636 302 676 332 5 352 83 398 936 288 1010 314
