

468 226 817 460
467 227 817 459
467 227 818 460
468 226 818 462
471 226 817 463
470 225 817 464
468 226 818 463
465 227 819 464
465 228 819 462
467 227 819 459
468 228 819 458
471 228 819 455
473 228 821 454
477 228 821 452
478 229 823 453
479 230 823 456
478 230 824 458
474 227 824 457
473 225 825 450
472 224 828 446
474 224 831 444
473 224 832 443
473 224 832 439
472 226 833 437
472 228 834 435
474 229 835 435
475 230 835 433
474 231 835 432
476 231 833 430
481 229 832 429
488 227 832 428
492 225 832 427
494 225 831 426
493 223 829 426
492 223 828 424
























645 664 747 719
642 658 747 719
641 653 747 719




































