

715 335 776 446 563 331 632 392 278 335 339 388 383 351 442 383 342 339 370 357 0 474 1279 694
720 338 780 445 563 331 634 393 279 335 339 389 343 338 369 356 384 351 442 382 0 474 1279 694
722 339 784 447 562 330 634 393 279 334 339 388 342 338 369 356 384 351 441 382 0 474 1279 694
562 330 636 393 726 341 789 450 279 334 339 388 341 337 369 356 384 350 441 382 0 473 1279 694
562 330 637 392 281 334 341 381 734 334 799 452 0 470 1279 693 341 337 369 356 384 350 441 382
738 335 805 454 561 327 641 386 280 334 340 381 0 472 1279 692 383 348 441 382 342 339 370 357
565 331 640 392 278 335 338 387 745 338 810 453 381 349 442 383 342 339 370 357 0 477 1279 693
567 331 643 392 278 335 338 387 0 479 1279 693 342 339 370 358 379 351 443 384 762 336 826 456 390 338 430 364
765 336 831 458 570 331 645 392 279 335 339 387 0 477 1279 694 341 338 370 357 389 337 432 362 379 353 444 384
571 332 648 393 769 335 835 460 279 335 339 388 0 479 1279 692 338 338 371 357 365 345 450 393 388 337 433 363 760 405 840 472
572 333 650 394 279 336 339 389 764 334 849 464 0 480 1279 688 366 345 451 394 336 337 371 358 389 338 433 363
772 333 861 468 577 332 658 397 279 336 339 389 366 344 451 396 0 483 1279 688 336 338 372 358 389 339 432 363
579 332 659 398 779 332 869 472 279 336 339 388 0 482 1279 688 364 345 452 395 338 338 371 358 390 339 431 363
582 332 660 398 280 336 339 387 0 486 1279 690 340 340 371 359 467 340 488 360 366 344 451 395 783 331 876 473 391 340 430 364
582 333 662 398 279 337 339 387 802 350 893 481 0 486 1279 690 341 340 371 359 381 347 441 383 390 340 430 365
582 334 665 397 810 350 904 482 279 337 339 387 0 486 1279 688 341 341 370 359 389 341 429 365 381 346 440 383
582 334 667 397 821 350 913 484 279 337 339 387 0 484 1279 688 389 340 429 365 341 340 372 358
583 335 670 397 281 337 340 387 830 347 924 490 0 487 1279 687 340 339 372 358 390 340 430 364
585 336 673 397 850 349 945 492 283 337 341 387 0 491 1279 687 339 339 372 358 390 340 430 364
588 335 676 398 862 348 961 493 281 341 341 386 0 493 1279 687 390 340 429 365 342 340 372 358
591 335 679 399 281 342 341 385 0 491 1279 687 873 348 973 496 380 349 440 381 390 341 427 365 360 342 390 362 343 341 372 359
595 332 691 404 896 340 1003 501 281 343 341 384 0 487 1279 688 380 351 439 381 359 343 391 363 390 343 426 365 345 342 373 359
595 332 691 405 903 339 1012 502 282 343 342 384 358 344 392 363 381 352 440 381 0 484 1279 687 344 342 374 359 391 343 426 366
595 332 693 405 911 340 1019 504 282 343 342 384 380 351 439 382 0 483 1279 685 359 343 390 363 343 342 374 359
597 333 694 405 282 343 342 384 919 340 1028 508 379 350 440 383 0 481 1279 682 343 342 374 359 388 342 427 367 358 343 390 363
599 333 697 405 281 344 341 384 945 333 1054 514 380 351 438 383 0 482 1279 683 344 342 372 359 387 342 426 367 359 343 390 363
602 334 699 405 957 328 1068 516 280 344 340 383 381 352 436 382 765 342 786 396 388 342 426 366 359 344 390 363 344 343 370 359 0 486 1279 684 740 342 758 393
604 333 702 406 280 343 340 383 464 352 483 378 766 342 786 395 358 343 391 363 790 341 811 397 389 342 425 365 970 335 1077 513 946 410 1099 539 742 342 760 393 383 354 433 381
605 333 706 407 1001 322 1108 523 280 343 342 383 973 410 1131 541 464 352 483 378 789 341 810 397 357 343 392 363 389 342 425 364 766 341 786 394 745 341 763 392 344 343 373 360 813 338 834 397
608 332 708 408 1011 322 1123 524 280 342 342 384 788 342 810 398 464 352 484 378 356 343 392 363 765 341 784 393 389 342 426 364 467 340 488 367 817 339 837 397 344 343 376 360
618 330 716 414 281 342 342 385 465 352 485 379 789 343 810 397 767 342 785 392 815 342 836 398 359 344 393 363 1016 331 1128 523 389 343 424 364 467 339 488 366 345 343 374 360 836 337 856 399
618 330 720 412 281 343 342 384 465 352 486 379 1053 321 1160 536 790 340 812 397 836 337 859 402 387 343 424 365 361 344 392 363 814 342 837 400
619 332 724 412 281 344 342 384 464 352 486 380 790 341 812 396 1032 402 1199 557 813 342 837 401 385 343 423 365 837 339 861 404 467 339 488 366 33 415 1259 687
621 332 728 413 281 344 342 384 1057 404 1249 559 464 352 487 381 383 343 424 365 35 414 1255 685 812 341 836 400 795 340 817 395 467 339 488 366 835 343 860 404 1101 324 1199 534
623 332 731 413 281 343 343 384 1071 407 1257 561 463 351 487 382 467 339 488 367 813 342 837 399 383 342 424 364 36 415 1250 687 880 336 913 418 836 344 861 403
625 331 735 411 281 342 343 384 467 337 488 367 464 351 487 381 383 340 423 363 1104 417 1279 559 884 337 917 418 38 411 1245 688 859 344 884 404 838 344 862 400
628 330 740 408 466 336 489 367 382 338 424 363 283 338 339 372 1119 413 1279 560 904 336 937 419 465 351 487 379 42 405 1240 689 860 344 884 402 882 336 916 416
629 327 742 407 466 334 489 366 282 337 339 373 379 336 425 363 931 332 963 418 863 341 887 399 465 351 486 377 45 399 1235 686
634 323 750 409 281 336 339 374 466 334 489 366 378 336 425 363 47 398 1237 684 979 329 1015 419 931 332 963 419 465 352 486 377
635 324 755 409 282 337 340 375 466 334 490 366 982 328 1013 421 378 336 425 363 930 331 961 416 465 352 486 377 1199 386 1279 573 47 400 1241 690
636 326 761 411 467 334 491 367 285 336 341 379 983 332 1014 422 380 337 424 364 929 332 962 414 465 351 487 377 1026 329 1064 425
639 329 768 417 282 339 345 385 1032 329 1063 427 465 337 490 366 374 353 430 383 380 340 425 365 465 351 487 378 979 334 1010 423
641 329 772 421 281 340 344 385 1032 333 1063 425 374 352 428 383 380 341 424 366 975 336 1009 424
649 328 788 426 283 342 345 385 375 351 428 382 380 343 424 367 1026 334 1059 425
647 329 794 427 283 342 343 385 374 351 427 382 380 342 421 366
651 330 801 427 285 341 344 384 375 350 429 382 381 341 422 366
653 329 804 426 285 340 343 384 373 350 428 383 380 339 421 365
659 326 808 424 287 337 340 374 378 338 423 365 372 349 428 383
659 322 810 425 285 337 339 375 375 336 422 365
666 320 823 424 285 336 340 374 372 334 424 364
669 319 829 424 286 336 340 374 464 335 489 368 371 334 425 365
676 318 841 426 288 336 342 374 372 334 425 364 465 348 488 379
681 318 851 428 290 336 341 374 371 335 425 366 466 348 489 379
685 317 862 431 288 339 345 385 465 348 489 379 373 336 424 366 442 335 461 365 366 350 430 384
687 317 868 432 288 339 345 385 466 348 489 379 365 347 431 384 375 337 423 367 442 336 460 365 0 474 1279 689
695 315 890 433 287 339 345 386 466 348 488 380 366 346 430 384 376 338 421 367 441 336 459 366
702 316 901 438 466 349 489 380 288 340 345 386 367 347 430 384 441 337 459 366 377 339 421 367
709 316 911 443 466 350 489 380 368 348 430 384 552 351 599 383 289 342 345 386 441 338 460 366 378 340 421 367
715 317 920 445 369 347 431 384 467 350 490 381 290 344 354 385 555 352 599 383
716 316 927 445 467 350 490 381 291 343 353 384 370 349 430 384 556 350 605 383 379 340 422 367
717 315 936 445 468 350 491 381 292 341 352 384 371 349 428 383 557 349 610 383 378 339 422 366 309 340 345 364
728 311 966 444 293 340 352 383 469 350 492 381 376 337 423 366 371 351 428 382
730 308 971 447 469 349 491 380 374 337 424 366 302 338 347 368 566 347 623 384 370 348 427 381
735 307 983 451 300 338 348 369 372 336 425 366 470 349 491 380 567 348 627 384
741 307 993 453 300 338 348 369 571 349 629 384 374 337 424 367 471 350 492 379
746 310 1006 457 302 339 347 369 471 351 493 379 368 345 429 383 376 338 423 367
769 311 1016 461 303 340 347 370 472 352 494 380 369 345 430 384 379 339 421 367
772 309 1028 463 367 345 430 385 471 351 494 381 303 340 347 370 379 340 421 368
778 309 1043 466 368 345 430 385 473 351 496 381 304 340 348 369 381 341 421 366 0 471 1277 687
784 309 1060 469 370 345 430 385 473 351 497 381 295 343 352 382 595 353 655 391
294 343 354 382 369 336 429 393 473 352 499 382 598 354 660 391 794 304 1115 481
295 343 354 383 369 337 428 393 473 353 498 382 594 352 669 399
296 343 354 383 806 304 1137 487 369 337 428 393 474 353 499 384
831 296 1169 492 298 342 355 383 369 338 428 393 475 352 500 384 609 352 684 401
842 292 1184 495 296 343 354 383 368 339 428 393 610 351 689 401 475 351 500 385
853 293 1206 494 613 351 696 402 296 343 355 383 367 339 429 393 475 350 500 384
870 293 1227 497 295 343 354 382 366 339 429 392 475 349 500 384 614 349 702 401
884 292 1245 500 297 342 355 382 626 347 717 401 366 339 429 392
894 289 1256 502 299 342 356 382 630 345 723 400 366 339 428 391 0 542 1279 690
923 292 1267 505 301 341 356 382 484 349 506 385 366 339 428 391 635 346 730 403 0 541 1279 692
933 290 1272 507 298 341 355 382 365 339 427 391 484 349 505 384 645 345 746 404 0 541 1279 692
950 284 1277 512 650 343 752 406 299 341 355 382 365 338 426 392 484 349 505 384 0 541 1279 692
964 279 1279 514 299 341 354 382 654 343 758 407 365 338 426 392 485 348 506 384 0 541 1279 693
984 274 1279 516 669 344 776 409 301 341 355 382 485 348 507 385 364 338 426 392 0 540 1279 693
995 274 1279 514 300 342 354 381 671 344 785 411 485 348 507 386 364 338 426 391 0 538 1279 694
302 342 356 382 486 349 508 386 364 339 426 391 1010 274 1279 513 687 345 807 413 0 538 1279 694
688 344 816 416 301 343 356 383 486 348 509 386 364 339 426 391 0 539 1279 693
301 344 357 384 702 350 839 425 486 349 509 386 365 339 426 391 0 540 1279 691
705 350 848 427 300 346 357 383 1103 263 1279 535 354 340 425 392 486 349 508 386 0 490 1279 696
300 348 357 383 719 350 874 428 359 340 423 394 487 350 508 387 0 489 1279 695
301 348 356 383 360 340 423 394 488 351 509 388 722 347 897 435 0 488 1279 693
301 349 355 383 734 349 909 438 488 352 509 389 360 341 423 394
301 349 356 384 489 353 510 389 360 342 422 395 756 352 938 437
770 354 949 444 300 350 356 384 489 353 510 390 360 342 422 395
300 351 356 385 777 355 966 448 489 353 511 390 360 342 420 395 0 539 1279 696
302 351 356 384 807 355 1004 452 489 353 512 391 359 343 420 395
304 351 356 383 489 353 512 391 358 347 418 383 831 361 1080 466
848 358 1078 465 305 350 356 382 489 352 512 390 358 348 418 382
