

454 396 508 451 0 436 170 609 920 422 978 475 281 403 326 475
451 396 507 451 922 422 980 475 0 435 165 607
448 395 506 450 924 422 982 476
447 395 504 450 926 422 984 478
445 394 502 449 928 422 984 479
444 393 499 449
443 393 497 449 733 421 822 472 706 420 744 461 638 414 664 439 679 419 720 459
443 394 497 449 732 422 822 472 259 401 304 476 706 420 744 462 677 419 719 460
442 395 497 449 732 422 823 474 256 400 303 478 705 420 744 463 677 420 719 460
442 396 497 451 744 421 849 477 706 421 744 464 559 235 585 259 662 421 701 460 253 400 301 480
437 398 490 449 745 422 848 479 706 422 744 465 661 421 701 461 557 235 583 259 678 422 718 462
435 398 489 451 744 423 848 481 661 422 700 461 706 423 743 466 946 434 1005 491 678 423 719 463
431 399 488 453 744 422 847 483 661 422 699 461 949 419 1008 487
428 398 487 454 660 423 698 461 952 418 1009 488 549 232 576 256
548 232 576 256 659 424 697 462
423 399 482 456 658 425 697 464 546 232 575 256
420 401 479 457 962 434 1020 499 658 426 698 466 545 231 572 256 40 419 84 513
417 402 476 458 964 437 1022 502 658 427 698 467 321 401 398 453 638 426 667 461 543 231 570 257 36 421 81 513
415 402 475 458 541 230 569 258 319 401 397 454 638 426 668 463 658 427 696 468 32 422 79 513
30 424 79 512 540 229 567 257
975 442 1032 509 410 403 465 458
977 444 1034 510 406 403 462 459 747 434 849 503
744 434 851 505 984 442 1043 511 403 403 460 459 536 227 562 254
987 443 1046 511 745 436 850 504 400 402 458 460 533 226 561 253
992 441 1050 513 747 436 848 505 389 401 468 460 486 410 524 442 297 404 372 456
996 439 1055 514 388 401 466 460 484 411 522 440 295 404 368 456
1000 438 1057 516 293 404 366 456 484 411 522 439
291 403 364 456 743 433 852 507
742 432 854 510 1013 433 1071 517 382 401 438 460
1015 455 1075 524 742 432 857 513 277 402 350 457 379 400 434 460
1020 455 1079 526 276 402 349 457 742 431 857 515 464 411 501 442
1024 455 1081 528 742 430 857 517 274 402 348 457
1035 452 1095 531 743 430 856 517
1039 454 1100 532
1043 455 1104 531

1056 452 1130 534
1066 453 1129 537 556 400 603 499 628 427 680 513
556 399 603 499 1071 454 1132 537
1083 453 1144 538 556 399 604 497 359 426 406 518
1090 455 1150 538 360 426 402 518
1098 457 1154 539 360 424 396 517
462 408 503 444
461 406 504 445 362 400 440 475
361 399 438 475 462 405 502 444
358 397 437 475 463 405 502 443 515 409 536 430
354 396 438 476 463 405 501 443 269 445 368 613 515 409 536 431
347 399 432 474 463 405 502 442 515 409 536 431 267 440 364 616
346 396 432 466
344 396 432 465 220 447 322 620 226 373 330 519
343 396 432 465 210 444 318 619 216 369 323 521 483 405 517 436
343 398 435 474 482 405 518 436 204 440 311 619
342 397 436 476 481 404 519 437 464 402 502 439 173 381 281 579 509 164 545 198
341 396 436 477 159 369 271 596 483 405 520 438
341 396 437 478 484 406 521 439 124 375 237 587
341 397 438 477 484 405 521 440 115 359 226 599
340 396 441 477 480 403 523 440 512 153 547 188
344 396 448 476 480 403 523 441 513 150 550 186
342 395 449 477 853 426 1048 562 1 333 143 632 481 404 524 441
343 395 451 478 855 433 1052 561 483 405 523 443 220 406 308 472
343 396 453 478 858 432 1058 563 219 406 308 473 485 405 523 443
343 396 457 479 863 436 1066 562 485 406 524 443 541 407 565 432
342 395 460 478 218 401 337 474 540 407 566 432 486 406 525 444 524 135 564 171 881 309 910 349 617 365 631 382
343 394 464 479 527 131 567 167 539 408 565 431 489 406 524 444 218 401 336 473 620 365 633 381 592 406 620 433
343 393 466 480 530 126 570 164 219 401 336 473 491 404 524 444 539 408 564 431 592 407 619 431 622 364 635 380 909 307 937 344
344 393 468 481 533 122 575 162 222 393 337 464 592 408 617 429 510 406 545 438 625 363 638 379 538 408 564 431
345 393 469 480 222 392 338 464 509 405 547 439 592 408 616 428 932 306 960 340 627 363 640 378 536 120 578 162
347 393 470 480 510 405 548 439 220 396 309 464
350 392 471 481 511 404 548 440
352 392 472 481 512 404 548 440 534 408 566 439 633 405 668 435 643 364 655 378
354 393 472 481 512 405 549 442 644 365 656 379
353 395 473 482 551 100 594 144 646 365 658 381 633 403 670 436 513 404 550 443
353 396 472 482 552 98 597 142 633 404 669 436 661 408 689 436 648 366 660 382
352 397 473 483 553 95 600 140 660 407 689 436 566 407 593 435 634 404 671 436
352 397 473 484 660 407 689 436 567 408 592 435 590 408 611 430 534 406 570 445 1033 455 1274 631 652 365 665 381 554 93 601 139
360 394 483 486 590 409 612 431 661 406 689 435 532 405 570 444 567 409 592 435 690 412 713 434
359 396 486 486 590 409 614 432 661 405 690 434 531 404 570 443
357 396 488 487
357 397 490 487
356 397 490 488 668 363 680 383
336 393 499 489 669 364 681 382 564 407 596 440 534 403 570 445 689 408 712 432 662 406 690 435
331 393 499 487 670 364 682 382 873 441 1050 598 564 408 595 441 534 404 570 445 769 429 881 517
330 394 498 488 872 440 1054 598 535 403 569 445 564 408 596 441 671 365 683 382 662 407 690 436 593 406 617 433
327 395 498 489 536 403 569 446 873 440 1056 596 565 409 595 441 671 366 683 382 593 407 616 433
325 395 499 489 565 409 594 441 537 405 569 446 672 366 684 382 906 437 1103 601
322 395 499 491 565 408 592 440 673 366 685 381 537 405 569 445 593 408 615 432
319 395 499 491 563 407 592 439 674 364 686 380 593 407 616 431
318 395 499 491 675 363 687 379 563 406 593 438 593 406 617 430 538 404 569 443
316 394 498 490 714 410 737 431 676 362 688 378 538 404 569 443 563 405 594 438 288 390 328 496
315 393 496 490 713 408 738 431 287 390 326 498 677 361 688 377 537 403 569 444 563 404 595 438
312 393 494 489 713 407 740 431 286 391 323 498 678 361 689 377 538 403 570 444 561 403 594 438
308 391 494 490 713 407 740 431 678 360 689 377 284 392 319 497
305 389 495 493 713 406 740 431 678 360 689 377
302 388 496 494 714 406 739 431 690 404 714 434
291 392 486 495 714 406 739 431 691 404 714 434
288 391 486 495 714 406 739 430 691 405 713 433
284 390 483 498 714 407 739 430 969 435 1262 635 822 419 993 553
282 390 481 500 713 407 739 430 964 438 1264 638 98 390 244 504 825 420 993 552 539 403 573 444 678 362 689 377 592 405 619 433
