

1000 300 1203 550 757 375 790 421 681 369 710 420 718 377 739 408 633 369 682 406 515 366 553 391 836 359 865 396 719 361 737 395 485 366 521 387
1004 300 1206 552 757 374 790 421 681 369 710 422 718 377 738 408 632 369 682 406 514 366 554 392 837 360 866 397 719 361 737 395 485 366 521 388 887 360 908 394
1008 301 1209 553 758 375 791 420 682 369 710 422 718 378 738 408 513 365 555 393 633 369 681 405 838 360 866 397 718 361 736 394 888 359 909 395 815 360 837 394 485 366 519 387 8 409 1248 693
1015 302 1211 553 759 374 791 420 683 370 712 422 719 378 739 409 513 366 554 394 634 369 681 405 888 361 911 397 484 368 519 389
1021 306 1214 553 759 374 792 420 685 371 712 420 719 378 739 409 636 362 674 394 513 365 551 393 856 360 882 398 889 361 913 395 686 400 710 432
1024 310 1217 553 759 375 794 422 685 371 714 421 719 379 739 410 636 362 674 395 513 366 551 394 687 399 712 433 483 368 519 389 856 362 884 399 418 368 444 414
1025 309 1221 553 760 374 795 422 718 379 739 410 687 371 715 422 512 365 550 394 59 350 291 436 635 361 674 395 858 361 886 400 482 367 519 390 414 364 441 416 834 362 856 398 687 397 714 434 10 392 1253 695
47 354 286 442 1023 306 1227 553 761 374 796 422 718 379 739 411 688 372 717 421 511 365 551 395 635 362 675 397 12 398 1257 694 478 367 521 391 408 350 442 426 860 361 888 401 835 362 855 399 688 396 715 434 324 363 345 395
1044 302 1240 556 762 374 796 422 8 351 264 443 509 365 551 395 718 380 740 411 689 372 718 421 406 350 439 427 634 368 682 406 688 396 717 436 862 361 891 402 459 367 507 388 834 362 856 399 21 395 1249 695 322 364 343 396 573 310 582 323
1048 301 1241 554 6 350 250 446 763 375 796 422 508 365 550 395 689 372 719 420 719 380 740 410 634 362 676 397 460 367 506 389 403 353 439 427 689 398 717 436 24 393 1249 700 317 365 340 395 835 362 857 399
1050 300 1243 556 0 348 239 448 765 375 797 423 689 372 719 420 721 380 740 410 507 365 549 396 689 398 718 437 635 370 681 405 832 375 860 406 458 368 505 390 244 360 269 395 395 351 432 428 572 311 581 323
1057 303 1247 554 766 374 798 423 720 379 741 410 690 372 720 419 0 347 224 446 636 371 682 405 390 351 426 429 691 399 719 436 835 375 862 406 506 366 548 395 21 382 1250 708 431 371 476 390 458 369 503 390
1062 305 1253 556 766 373 798 422 635 372 682 406 836 373 864 408 690 373 722 419 720 380 741 410 692 398 721 436 0 342 175 448 879 372 911 409 505 366 547 395 12 377 1256 708 384 350 420 429 429 371 477 390 458 369 501 389 571 310 580 323
1069 309 1258 555 767 374 798 421 635 372 683 406 691 373 724 419 838 373 866 408 883 372 916 409 8 375 1265 708 718 380 740 410 693 398 722 434 502 366 546 395 221 358 247 397 458 368 500 389 427 371 479 391
1073 308 1262 555 767 374 799 420 692 373 724 419 635 371 683 406 838 373 868 408 5 369 1278 709 886 373 919 408 717 379 739 410 220 358 245 396 694 397 722 433 371 349 406 432 456 368 501 389
692 373 724 418 635 371 683 406 364 349 399 433 767 374 798 419 714 379 738 411 838 374 869 409 7 365 1277 708 1077 309 1262 558 853 372 881 411 220 359 244 397
692 374 725 418 852 372 884 412 634 371 684 407 712 378 738 412 774 374 805 420 901 372 935 410 356 347 394 435 4 366 1275 703 838 375 870 408 719 363 737 392 219 358 243 397
854 372 887 412 774 374 806 421 692 374 725 416 904 370 939 412 711 378 739 414 635 373 684 407 343 346 382 437 776 400 805 431 720 363 739 394 1 368 1266 699 479 370 539 406 692 362 711 388 23 332 1248 447
854 372 891 412 773 375 806 420 709 378 739 414 336 345 376 440 693 376 724 414 908 371 943 411 857 359 885 398 720 363 739 393 0 374 1263 696 776 400 805 431 692 363 711 388
773 375 807 420 707 377 740 415 856 372 895 412 0 378 1263 700 858 358 888 398 694 376 722 410 718 362 739 393 331 349 372 438 692 362 711 388 775 400 806 430
773 375 808 421 705 376 739 415 857 373 898 412 3 384 1266 703 637 360 674 390 461 358 540 404 932 355 962 398 311 348 354 442 929 376 963 412 859 357 889 396 838 357 859 389 716 362 739 392 691 361 711 387
774 375 809 421 705 375 740 416 5 388 1269 702 931 376 966 413 860 374 898 411 568 363 595 385 305 343 346 449 461 357 538 405 715 361 739 392 839 356 860 388 779 356 809 397 566 292 579 309 692 361 711 387 436 365 480 388 876 357 906 399 738 362 757 390
775 375 810 421 705 375 739 416 10 388 1270 699 872 373 913 414 569 363 595 384 290 346 335 452 877 356 909 398 839 355 860 389 1057 354 1080 398 934 378 970 413 434 365 480 389 715 362 738 392 933 354 967 401 780 357 810 396 692 362 711 387 566 291 578 308
777 376 810 420 706 376 739 416 874 373 917 414 569 363 595 384 10 392 1266 691 880 357 913 399 286 350 331 445 1059 355 1082 399 588 361 612 379 715 362 737 392 841 357 860 388 692 363 711 388 783 397 810 430
778 376 811 420 706 376 739 416 875 362 927 417 1060 354 1084 400 784 397 811 431 442 364 524 412 568 364 593 385 841 357 861 389 709 398 736 430 714 363 737 392 1083 356 1103 399 1034 358 1056 393 1132 356 1155 392 12 390 1262 690
779 376 812 420 706 377 740 416 953 356 998 421 438 364 524 414 883 375 924 414 784 397 811 431 1084 355 1105 402 646 373 692 405 710 398 736 430 1059 356 1082 399 713 363 737 393 1035 358 1057 393
779 374 812 420 707 377 740 416 889 362 941 420 644 373 693 407 437 364 523 414 710 398 737 431 784 396 811 432 1082 354 1105 404 1058 358 1082 398 957 356 1003 422 844 360 861 389 1109 357 1130 399 712 363 737 393
779 374 813 421 708 377 741 417 895 363 946 420 435 363 521 416 645 372 693 407 862 359 879 391 785 395 812 432 971 358 1016 423 711 397 738 431 515 363 553 395 374 373 436 400 712 363 737 394
780 375 815 421 708 376 742 418 433 363 519 417 862 358 881 395 901 364 952 420 646 372 693 408 977 357 1022 424 712 396 739 431 514 363 553 396 372 372 437 402
781 375 817 421 709 376 742 418 430 362 518 418 787 394 816 433 647 372 693 408 862 358 882 396 713 396 739 431 567 367 594 389 513 363 553 396 990 358 1037 425
784 377 817 420 710 378 742 417 919 363 971 423 408 363 510 420 995 357 1042 425 647 372 692 409 714 397 739 430 134 338 211 498 511 364 552 396 569 368 594 387 591 365 611 381 864 359 882 396
786 377 818 420 401 360 510 423 711 379 743 416 648 372 692 409 714 397 740 430 506 364 549 396 591 364 611 380 127 342 209 497 569 367 593 385 351 375 415 402 1001 357 1049 426
395 357 507 425 787 377 819 421 712 379 744 416 648 372 692 409 715 398 741 431 501 364 547 396 128 363 242 415 943 359 991 425 1018 358 1068 425 591 363 610 379 350 373 411 403
372 358 496 427 786 374 821 421 712 378 745 416 1025 356 1074 426 946 361 998 426 648 372 692 409 888 356 906 396 127 363 239 413 715 397 741 431 498 363 546 396 1116 355 1166 418
369 356 496 430 786 373 823 422 712 377 746 416 647 373 692 410 91 362 224 414 890 355 907 395 951 363 1004 428 1119 356 1172 420 1037 359 1088 425 714 364 738 392
362 355 494 434 788 371 824 422 713 376 746 416 646 373 693 411 1044 357 1095 426 890 355 907 394 61 362 208 418 593 363 610 379 568 365 593 385 716 397 742 431 968 362 1018 430 867 357 882 388
790 370 825 422 323 352 495 439 715 375 746 417 646 373 694 411 30 363 185 421 889 356 906 394 566 365 594 386 1067 358 1116 429 717 397 743 432 592 362 610 379 907 358 923 399 485 361 534 398
14 363 166 422 336 355 481 441 1068 356 1123 429 790 369 825 422 716 374 745 418 645 374 695 411 908 358 926 401 995 359 1044 433 718 397 743 432 296 373 369 410 567 365 594 385 482 361 532 398 888 357 904 392 1171 360 1224 424
10 364 158 424 316 353 490 441 716 375 745 419 789 370 825 421 645 373 695 411 910 359 929 401 997 358 1048 434 1074 355 1128 430 624 365 636 384 717 397 743 432 567 364 593 385 1190 358 1239 424 292 372 363 409 888 358 905 393 479 361 530 397
0 362 131 425 279 352 480 444 716 376 746 419 787 363 830 425 647 374 695 411 1090 356 1146 433 465 356 540 404 1020 360 1071 436 567 363 593 384 717 396 744 431 913 361 932 397
269 352 472 451 716 375 746 419 0 361 121 427 787 364 830 426 461 357 538 404 717 398 744 429 567 363 593 384 1024 362 1075 437 539 363 567 389 1114 355 1166 437 890 362 907 394
258 351 463 456 715 374 747 420 0 361 90 428 458 359 536 404 787 363 831 426 647 376 694 411 1114 354 1175 439 643 364 659 383 1043 358 1100 439 568 363 592 382 592 361 610 377 539 364 567 388 718 397 745 428 890 361 907 392 129 362 147 400
246 357 459 466 716 372 747 421 455 358 537 404 786 365 832 425 642 363 659 383 216 374 250 407 437 361 472 388 568 363 591 381 591 361 610 377 539 364 566 388 693 366 707 384 1133 353 1194 440 1070 352 1121 439 891 361 908 391 719 397 745 428
214 352 438 473 716 373 748 422 785 364 833 424 443 358 527 404 647 375 695 410 641 361 659 384 569 362 590 380 692 363 707 384 592 360 610 376 540 363 566 387 1139 350 1197 440 430 360 471 388 912 357 933 393 1072 353 1125 438
197 349 432 478 717 372 748 422 785 364 833 425 439 356 524 406 641 361 658 384 568 362 590 381 692 363 707 384 540 362 566 387 415 360 458 389
163 347 408 485 717 374 748 421 786 362 832 425 411 361 457 390 436 356 521 406 624 361 636 382 649 374 694 410 641 360 658 383 568 360 590 379 692 361 707 383 540 360 566 385
139 344 409 490 434 361 516 413 717 373 748 420 787 362 832 427 648 373 694 411 720 396 749 433 624 362 636 382 642 361 658 381 406 361 454 390 568 361 590 379 539 360 567 385 1191 348 1242 446
89 333 397 507 429 361 516 412 718 373 749 420 624 361 636 382 793 359 834 425 568 360 591 379 642 361 659 382 693 361 709 380 720 397 749 433 539 360 567 385 515 360 545 388 937 357 956 397 1194 348 1244 449
61 331 381 509 795 357 833 429 718 369 749 422 425 361 518 411 624 362 636 383 569 360 592 380 647 372 694 410 938 354 957 398 538 361 569 387 694 361 708 380 513 360 545 388 372 358 450 403
38 332 370 513 796 357 833 429 719 368 748 422 370 359 448 403 624 361 636 382 568 360 592 380 421 361 521 412 648 372 694 411 539 361 571 388 937 355 956 395 1061 353 1077 387
15 343 345 525 797 358 833 430 719 370 747 420 411 361 509 415 648 371 694 411 624 361 635 382 567 360 592 381 958 351 978 402 539 362 572 389
797 361 834 431 11 345 331 536 405 362 507 418 649 373 695 411 961 352 981 403 624 364 635 384 567 361 592 382 719 366 762 433 343 365 424 414 539 364 571 388
399 361 504 421 336 365 423 416 798 362 835 434 649 373 694 411 8 343 312 542 623 364 635 384 720 366 762 434 567 361 592 382 962 355 982 399 1087 355 1103 393 540 364 570 388
799 365 836 436 395 361 502 423 326 363 426 417 649 374 695 411 721 368 762 435 624 365 635 385 568 362 592 382 1036 361 1056 417 981 353 1001 404 1091 355 1110 396 541 365 569 388
377 360 492 426 801 364 838 436 312 365 406 418 650 374 696 411 720 367 762 433 624 364 635 385 985 351 1006 403 2 335 250 528 568 362 591 380 541 364 569 387 206 358 308 435 1104 352 1122 396
370 361 491 427 802 363 841 436 303 362 405 419 650 374 697 411 721 367 762 432 625 364 636 385 644 363 658 384 730 401 757 436 541 363 569 387 569 362 590 380 204 361 308 434 2 332 243 527 938 355 957 399 1109 351 1128 396
363 359 489 429 803 360 842 434 722 364 763 431 651 374 697 411 282 361 388 422 731 400 758 436 625 362 636 384 644 363 658 383 540 361 569 387 68 351 280 445 569 360 590 379 1078 347 1111 435 941 354 957 396 5 335 244 514
275 360 387 425 344 361 478 434 804 361 844 434 723 366 764 432 731 398 760 438 650 374 698 412 75 357 267 450 1133 345 1155 395 626 363 636 384 645 364 658 382 540 362 569 389 570 361 590 380 961 355 980 400 1082 342 1113 437
337 357 479 434 804 362 845 431 270 357 386 424 723 365 764 432 732 398 760 437 9 351 245 478 650 373 699 410 540 361 569 387 961 353 980 396 626 362 637 383 569 360 590 379 1101 341 1133 437
4 356 231 471 805 362 847 432 724 365 766 431 252 357 365 424 539 360 569 387 313 355 459 435 650 370 699 409 731 397 760 437 569 358 589 379 988 353 1006 399 626 360 637 382 1102 345 1135 434
806 364 849 432 0 355 187 471 278 351 469 441 539 359 568 386 724 364 766 430 245 353 364 424 651 369 699 409 732 397 760 436 664 362 689 383 569 357 590 378 626 359 638 381 985 354 1009 396
0 356 170 455 276 349 466 449 808 365 850 434 537 359 568 386 224 355 340 428 724 365 766 431 732 396 760 436 652 369 698 409 626 359 637 381 664 363 688 383 571 357 590 377 766 361 778 380 1009 357 1031 401 1150 340 1190 441
264 348 464 453 809 367 852 435 3 353 148 457 733 397 761 437 730 373 762 422 537 360 568 386 626 360 636 381 652 369 699 410 645 361 656 382 696 361 706 381 573 358 590 377 216 356 341 426 1172 341 1210 442
810 367 853 435 247 346 470 453 734 395 761 438 626 359 637 380 653 368 699 409 536 360 568 385 644 360 656 381 739 362 764 385 720 361 733 384 1 343 144 456 573 358 590 377 664 362 689 383 1175 345 1216 438
194 347 441 456 811 368 854 436 653 369 700 408 735 396 763 438 627 360 637 380 738 363 767 387 537 361 568 386 664 363 689 383 572 358 590 378 720 361 733 385
190 352 431 472 812 368 855 436 654 369 701 408 736 396 764 438 627 360 638 379 739 362 768 387 662 363 690 386 570 358 591 378 721 360 734 386 537 361 568 387 1127 344 1161 430
140 346 413 460 812 367 855 436 737 396 766 439 656 369 701 407 627 359 638 379 662 363 692 387 739 361 768 387 720 360 734 386 570 358 590 377 1147 344 1183 433 538 361 569 385
127 346 407 480 738 395 767 439 813 365 856 434 627 357 638 377 660 361 695 391 739 359 766 387 720 360 734 384 1149 344 1188 432 537 360 568 384 569 357 590 375
739 394 768 438 68 349 379 482 658 360 697 393 818 359 859 429 627 356 638 375 759 359 786 384 720 360 734 383 362 347 447 403 1197 337 1237 420 537 358 567 381 1103 331 1133 416
40 336 392 513 737 376 769 422 657 360 699 394 818 360 861 429 759 358 788 383 739 358 765 388 626 355 637 374 513 358 550 385 354 346 448 406 1200 333 1238 420 537 356 567 381
10 337 352 518 737 375 770 421 819 359 864 429 657 359 699 393 337 347 432 406 758 356 789 381 738 357 765 389 625 354 636 374 512 358 550 384 538 356 569 379 1126 321 1161 422
0 336 337 530 738 374 771 422 656 358 700 393 820 360 869 427 330 346 431 406 737 356 765 392 757 354 791 379 510 358 551 385 626 352 637 374 538 355 571 379 1127 318 1163 425
0 338 317 536 738 374 772 423 656 357 701 393 822 359 871 426 758 353 795 379 626 352 638 375 509 359 550 385 737 355 764 391 538 356 571 378 284 359 384 417
1 339 299 539 739 373 772 424 656 357 701 395 825 359 873 425 276 357 389 421 762 354 796 380 626 352 638 376 506 359 551 387 538 356 571 378
0 345 252 520 827 359 873 424 657 359 701 394 740 372 772 424 626 354 637 377 265 357 395 424 505 360 552 388 778 358 808 384 538 358 569 379
828 360 874 423 1 345 232 530 777 361 811 386 657 360 701 393 738 360 778 429 625 355 636 378 743 396 773 435 539 359 569 380 506 361 549 388 242 360 374 432 565 356 590 374 488 361 527 388
777 361 814 388 830 361 875 424 738 361 780 430 658 361 699 391 624 357 636 379 539 361 568 383 721 360 735 382 743 398 774 436 567 358 590 376 486 364 528 391 508 363 548 389
832 359 877 426 777 362 817 389 738 362 782 431 539 362 568 383 659 362 697 390 656 369 707 406 624 358 636 379 645 356 657 377 737 361 756 386 484 366 528 393 1 365 162 429 568 359 590 376 208 364 355 436
834 358 879 427 777 360 819 390 737 362 783 431 538 363 568 383 656 369 707 406 646 356 658 377 660 363 696 389 738 362 756 387 0 363 133 439 750 399 781 435 721 361 733 381 702 359 713 379 478 372 529 402 157 360 386 441 625 358 637 379 569 359 590 376
836 358 881 431 780 360 822 390 537 364 568 384 660 362 698 391 744 364 785 431 750 397 783 436 738 361 757 386 1 370 125 459 474 371 528 403 624 358 637 378 568 359 591 376
836 359 882 435 745 364 786 432 536 364 568 385 661 362 699 392 782 359 824 388 752 396 784 436 739 360 758 385 567 359 591 376 624 358 637 378 468 371 531 404
840 360 888 439 745 363 787 432 56 377 296 471 534 364 567 385 660 361 701 393 754 397 786 435 799 359 840 389 568 358 592 376 624 357 637 378 307 366 454 430
840 360 889 440 746 364 788 432 756 397 786 436 794 361 845 391 534 363 566 385 660 361 701 394 44 376 295 474 624 357 637 379 738 359 757 384 569 358 593 376
842 359 892 437 796 361 848 392 747 363 789 432 757 399 787 437 660 361 703 394 533 362 566 384 623 356 636 379 569 358 593 375 450 372 516 408 21 372 233 479
845 357 895 436 759 398 788 438 799 361 850 393 659 360 704 394 749 363 791 432 534 361 566 383 12 369 237 480 851 396 892 443 441 363 524 413 568 357 592 374
848 357 898 433 760 398 789 439 3 368 237 480 437 362 522 413 659 360 706 394 803 359 852 393 852 397 896 443 751 361 793 431 534 361 566 383 516 361 551 384 758 356 790 393 566 357 592 374
850 356 899 432 760 395 790 439 658 359 707 395 433 361 523 412 853 397 899 442 739 358 757 383 751 359 794 430 7 370 235 480 758 353 790 394 537 361 567 382 514 361 550 384
854 357 902 433 752 357 796 431 760 395 793 440 660 358 706 394 428 361 522 413 740 358 758 383 514 359 551 385 564 356 590 375
857 357 905 435 753 356 797 431 759 393 795 442 661 358 704 393 513 358 551 386 407 364 509 416 741 358 758 383 563 355 589 374 13 346 342 530
858 357 909 435 755 357 799 432 401 363 509 419 512 357 552 388 758 394 796 444 11 344 344 531 563 355 588 374 741 358 759 383
756 357 800 432 392 363 511 420 860 351 915 436 510 358 551 389 10 345 333 529 759 394 796 444 564 356 588 374 803 342 887 399 742 357 760 383 647 353 659 377 626 354 639 376
861 349 917 437 374 364 497 423 758 359 802 431 8 345 304 535 510 360 549 390 803 344 889 400 761 395 798 444 742 356 761 385 564 356 588 375 647 354 659 378 626 354 639 377 284 366 385 415
863 348 920 439 369 365 498 428 760 359 804 431 509 361 547 391 2 346 244 525 743 355 761 385 805 345 890 401 647 354 659 380 564 356 588 377 763 394 800 443 626 355 639 379 278 367 383 416
866 346 924 439 361 365 497 430 761 357 805 432 508 361 548 392 744 354 762 386 647 355 660 379 809 346 889 401 253 366 366 421 563 356 589 378 626 355 640 379
869 346 927 440 761 354 806 435 341 364 481 432 744 353 762 386 507 361 548 392 647 354 660 379 812 347 891 402 562 356 589 379 625 355 640 378 251 366 360 420 678 358 713 390 542 361 569 385 486 362 520 390 95 370 224 433
335 362 478 434 873 347 931 442 762 353 807 436 745 353 763 387 647 354 659 378 506 359 547 392 221 366 347 425 826 342 916 408 624 355 640 378 563 356 589 378 677 358 714 389 486 361 523 392 542 360 569 385 26 370 195 434
762 352 807 436 830 344 916 406 878 350 933 443 647 354 659 377 312 361 457 438 745 354 763 387 484 360 528 394 562 356 589 378 625 354 639 377 187 366 329 428 506 359 547 392 0 370 173 435 541 360 568 385 461 359 497 393
884 346 948 446 768 355 813 435 2 374 163 449 833 345 916 406 647 354 659 377 276 359 470 445 745 354 764 387 484 359 532 395 625 354 639 377 562 355 590 377 185 364 325 430 541 359 567 384 506 358 547 391 773 394 809 442
