

315 396 436 449 746 398 808 438 682 395 708 437 706 395 751 430
309 393 441 448 740 390 814 437
297 388 430 446 743 388 817 435 710 388 750 420
293 386 429 444 685 380 711 425 711 383 753 417 765 377 824 429
289 386 424 442 766 375 828 428 687 377 712 423 712 380 754 414
285 385 422 442 760 375 833 428 689 376 714 422
762 374 836 429 285 384 417 442 690 375 716 422 411 388 457 417 721 376 765 413
764 374 841 429 282 383 420 442 691 375 718 420 721 376 765 411 412 388 458 418
765 375 845 430 266 383 402 446 691 375 719 422 720 377 768 411
263 385 396 448 766 376 848 432 692 376 721 423 720 378 770 414
257 386 395 450 766 376 851 434 692 375 722 427 719 380 773 418 410 395 454 426
237 387 385 455 773 385 859 437 405 395 452 427 692 377 724 428 720 383 776 420
229 389 383 457 774 384 866 439 692 376 725 428 402 395 448 428 722 384 779 419
216 390 364 462 777 384 873 440 397 396 446 429 724 384 782 419 355 393 403 433
210 390 362 462 781 382 878 440 387 395 440 429 314 389 399 435
799 380 887 442 205 389 357 462 314 389 393 435 990 234 1277 504
185 389 333 467 799 369 895 437 311 389 390 435 1006 221 1279 505
801 367 904 438 297 386 379 437 166 385 315 471 732 371 809 426
160 386 314 473 295 386 375 437 803 367 907 439 517 385 539 404 733 369 812 425
125 390 319 474 815 369 927 439 288 387 371 439 737 368 816 426 516 385 538 404
112 392 309 476 814 366 938 443 740 367 820 427 282 388 368 441 344 389 424 432
83 394 286 484 267 389 356 445 815 363 946 447 753 367 830 426 342 390 421 434
71 393 279 487 261 389 354 446 823 364 963 448 754 366 832 428 341 390 419 434
56 393 273 490 753 367 837 431 819 355 983 451 257 390 350 447 337 391 416 434
825 355 995 454 237 389 334 450 751 366 846 435 26 394 243 497 314 391 406 436
19 394 234 501 833 365 1009 458 749 366 853 440 233 390 331 450 312 392 404 439
9 393 224 505 835 365 1019 461 209 389 315 455 766 368 868 440 308 393 404 441
859 365 1038 469 204 389 312 456 6 393 213 507 767 368 871 443 304 393 403 442 596 387 609 398
867 365 1054 475 0 393 184 512 766 377 879 446 201 389 309 457 282 392 390 445 489 390 520 415 596 388 608 398
1 392 176 513 178 389 293 459 767 377 883 447 874 364 1072 481 280 391 387 445 488 390 519 415 596 388 608 399 546 392 566 408
5 390 159 514 889 366 1096 484 175 388 290 461 767 376 887 448 726 366 770 440 597 388 609 398 487 391 519 414
895 363 1118 491 153 389 271 464 788 376 900 450 8 382 120 517 728 365 773 440
900 362 1140 494 787 376 909 452 149 387 264 467 5 380 109 518
925 357 1175 501 118 390 255 472 788 377 917 454 2 375 79 522 732 365 775 442 597 389 609 398
933 355 1194 505 803 381 931 456 86 382 258 475 734 364 776 444 597 389 610 399
803 382 941 459 960 358 1243 511 737 364 778 445 75 384 250 476 598 391 610 400
965 350 1265 527 806 381 949 462 35 386 219 484 739 364 780 445 598 391 610 401
29 388 210 486 990 358 1279 520 790 376 971 463 744 364 788 445 598 392 610 401 778 398 820 434
807 376 989 467 1005 357 1279 521 18 389 201 488 746 364 791 445 598 391 610 401 620 390 630 400 779 398 820 433
813 373 1005 469 1032 353 1279 523 2 389 172 493 748 361 795 448 598 390 609 400 621 389 630 398
819 370 1023 472 1 385 156 495 1063 353 1275 524 751 359 798 450 597 390 608 399 621 387 630 397
838 370 1048 482 2 382 137 497 1101 346 1279 529 753 357 800 452 596 389 608 399 550 393 567 407
841 368 1060 486 0 390 122 495 756 365 805 466 1121 353 1279 531 596 389 607 399
847 367 1081 491 597 388 608 398 757 354 808 450
874 370 1119 498 77 383 262 477 456 389 497 419 778 424 815 469 810 397 843 436 233 391 290 461
871 369 1146 505 769 353 823 449 780 423 821 471 227 392 283 461
875 371 1168 511 772 353 827 449 778 414 828 477 33 385 230 482 456 388 496 420
874 358 1232 529 26 389 218 484 776 363 833 470
882 356 1254 534 19 391 207 487 789 413 843 484 780 359 836 473 597 389 609 399 826 399 873 443
914 356 1276 540 790 414 848 489 2 391 176 494 788 353 847 447 597 389 609 400
930 360 1279 545 3 389 163 499 795 414 854 490 791 353 852 446 597 389 610 400 619 388 629 397
956 361 1278 552 5 386 150 506 597 389 610 400 804 429 858 495
980 361 1279 556 597 389 611 400 545 390 567 408
1008 358 1279 524 808 354 893 508 545 390 568 408 435 389 481 422 824 431 880 504 597 389 610 399
1031 356 1279 528 815 352 900 508 544 390 568 408 432 389 482 423 596 389 611 399
823 348 910 512 429 388 481 423 1046 362 1279 509 596 388 610 399 544 390 567 407
829 343 920 516 1118 409 1279 557 426 388 479 424 595 388 609 399 871 430 924 520
846 344 940 519 873 426 930 527 424 387 477 424 595 388 609 398 338 404 379 445 5 395 61 502
852 343 947 521 423 387 477 424 596 388 609 398 338 404 378 446
864 338 959 524 423 387 476 424 597 388 609 398 338 405 377 446 621 385 632 395
873 334 972 530 0 395 81 490 399 382 474 429 597 387 611 397 814 363 889 426
891 331 996 532 398 382 473 429 0 393 61 493 817 359 894 426 597 386 612 397 544 388 566 405
896 328 1007 538 394 382 471 429 0 398 38 493 542 387 566 405 822 359 915 429 597 385 612 397
391 381 469 429 540 386 566 405 822 362 919 429 906 328 1016 536
389 382 466 428 539 386 565 405 825 367 922 430 947 327 1058 546 938 445 1082 588
957 318 1071 557 387 382 464 427 538 386 564 405 827 370 919 429 943 445 1101 593 462 386 499 415
383 381 463 427 972 444 1134 599 989 319 1103 558 538 386 564 405
367 380 454 428
363 380 451 428
358 380 446 428 1044 449 1270 610
340 379 430 431 522 388 546 406
335 379 428 431 519 387 545 407
516 386 543 408 329 378 428 432 438 387 479 417
311 376 409 436 514 386 541 408 436 388 477 418
305 376 411 436 511 386 539 408
509 387 537 410 303 376 410 435 900 386 995 446
278 384 382 441 507 387 537 411 571 388 586 399 911 384 1026 450
273 384 383 442 505 388 536 411 917 386 1022 452 570 388 586 400
259 385 360 444 498 389 528 412 569 388 586 399 921 386 1026 455
252 386 361 445 496 388 527 412 570 388 585 399
493 387 527 413 243 386 367 445 569 388 585 399
228 388 336 449 491 388 526 414 285 387 379 439 569 387 585 398
489 388 525 414 218 387 341 449 286 387 377 440 568 386 585 398
198 387 323 452 489 388 524 415 244 385 371 443 567 386 584 398 596 383 608 395
186 387 328 453 487 388 522 415 251 386 364 444 567 386 584 398 596 383 609 395
173 388 300 456 485 388 521 415 259 387 354 445 567 386 583 398 596 383 609 395
166 387 299 457 483 389 520 416 222 383 347 448 568 386 584 397 595 384 608 395
142 386 282 463 481 389 518 415 230 383 339 449 1052 360 1255 483 568 385 584 397 595 384 607 394
481 388 517 415 232 385 333 449 1070 365 1254 486 131 385 285 462 568 385 585 397 595 383 607 394
111 388 256 466 194 382 322 453 480 388 516 413 1104 369 1278 492 567 384 585 397 546 386 567 399
197 384 314 454 88 389 235 468 480 387 515 413 1116 374 1279 496 567 384 585 397
175 382 301 460 479 389 514 414 47 384 227 475 800 383 843 420 568 386 585 399
173 384 298 462 41 386 217 477 800 385 844 421 479 390 513 415 568 388 585 400
28 387 204 482 151 386 277 467 467 390 505 421 801 387 846 422 569 390 584 401 594 387 607 398
146 386 278 469 464 390 505 421 7 390 176 486 594 387 607 398 803 388 847 422 548 392 566 405 568 390 583 401
2 388 162 489 462 389 503 421 142 385 273 469 594 387 607 398 568 390 583 400 548 392 566 404 624 385 638 396
0 387 146 492 460 389 501 421 94 379 267 474 594 387 607 397 568 389 583 400 548 391 566 404 808 380 886 430 624 385 637 396
86 381 259 478 458 389 499 421 0 401 120 490 807 380 890 431 594 386 607 397 569 389 583 399 548 391 566 403 623 385 637 396
