

345 274 689 705 983 371 1279 620 0 399 144 685 909 466 999 514 695 476 744 519 115 472 154 500 73 464 107 488 1115 1 1207 47 269 374 297 389 99 400 110 410 81 436 88 446
345 274 691 704 983 371 1279 620 0 399 144 684 909 466 999 514 696 477 739 518 114 472 153 500 73 464 107 488 1115 1 1207 47 268 374 297 389 99 400 110 410 81 437 88 446
345 275 693 704 983 371 1279 620 0 399 144 684 908 466 999 514 114 472 153 500 73 464 107 488 1115 1 1207 48 689 481 731 520 268 374 297 389 99 400 110 410 81 436 88 446
345 276 695 704 983 371 1279 620 0 399 144 685 909 466 998 514 114 472 153 500 690 482 729 517 73 465 107 488 1115 1 1207 48 268 374 297 389 98 400 110 410 81 437 88 446
345 275 695 705 983 371 1279 620 0 398 144 685 910 466 998 514 114 472 153 500 73 465 106 488 1115 1 1207 48 691 482 726 514 268 374 297 389 724 485 782 511 98 400 110 410 806 481 848 507 81 437 88 446
345 275 695 705 983 372 1279 620 0 398 144 685 910 466 997 514 114 472 153 500 73 465 106 488 1115 1 1207 48 702 478 738 506 268 374 297 389 805 481 851 506 691 481 722 511 727 485 782 511 828 464 922 533 98 400 110 410
345 275 694 706 982 372 1279 619 0 399 144 685 909 467 998 514 115 472 153 499 702 477 738 506 73 465 106 488 1115 1 1207 48 803 481 855 506 268 374 297 389 730 484 781 511 830 464 927 530 98 400 110 410
344 275 693 706 982 372 1279 619 0 399 144 685 907 466 999 513 701 477 739 506 115 473 153 499 73 465 106 488 803 481 857 507 1115 1 1207 48 268 374 297 389 730 483 781 511 99 400 110 411
344 275 693 706 982 373 1279 619 0 398 144 686 921 463 1012 511 700 477 739 506 115 473 153 499 73 464 106 489 802 480 858 506 1115 1 1207 48 268 374 297 389 729 484 781 511 98 400 111 411
344 275 692 707 983 373 1279 619 0 398 144 687 699 477 739 506 926 463 1012 510 115 473 153 499 73 464 107 488 1115 1 1207 48 802 480 858 506 268 374 297 389 729 483 782 511 98 400 110 411
345 274 692 707 982 373 1279 619 0 397 144 687 699 477 739 506 115 473 154 499 73 464 107 488 1115 1 1208 48 801 480 858 506 268 374 297 389 928 463 1014 510 729 483 782 511 98 401 110 411
345 274 691 707 981 373 1279 619 0 397 144 687 700 477 739 506 115 473 154 499 1115 1 1208 48 73 464 107 488 801 480 857 506 268 374 297 389 729 483 782 511 98 400 110 411
344 274 691 707 979 372 1279 619 0 398 144 686 700 477 738 506 1114 1 1208 48 73 464 107 488 114 472 154 499 802 480 856 506 268 374 297 389 729 483 782 510 99 400 110 411
344 275 692 707 979 372 1279 619 0 398 144 685 700 477 738 506 1114 1 1208 48 73 464 107 488 114 472 154 499 802 480 855 506 268 374 296 389 906 475 949 507 729 483 782 510 99 400 110 411
344 276 692 706 979 371 1279 619 0 398 144 684 699 477 738 505 73 464 107 488 1114 1 1208 48 114 472 154 499 802 480 855 506 268 374 296 389 729 483 783 509 912 475 969 509 99 401 110 411 753 479 798 506
344 276 692 706 981 371 1279 619 0 398 144 684 699 477 738 505 73 464 107 488 1114 1 1208 48 114 472 154 499 803 480 855 506 921 465 1012 519 268 374 296 389 729 482 782 509 99 401 110 411 752 479 798 506
344 276 692 706 983 371 1279 620 0 397 144 684 700 477 738 505 909 468 997 515 73 464 106 488 1114 1 1208 48 114 472 154 499 804 480 855 506 268 374 296 389 99 401 110 411 730 482 782 509 752 479 797 506
344 275 691 706 983 371 1279 620 0 397 145 684 909 466 999 515 700 477 739 505 1114 1 1208 48 73 464 106 487 114 472 154 499 804 480 855 506 268 374 296 389 99 401 110 411 730 482 782 509
344 276 691 706 984 371 1279 620 0 397 145 684 909 466 999 514 699 477 739 506 1114 1 1208 48 74 464 106 487 115 472 154 499 804 480 855 506 268 374 296 389 730 482 781 509 99 401 110 411
344 275 692 705 983 371 1279 619 0 397 144 684 909 466 999 514 700 477 738 506 1114 1 1208 48 74 464 106 487 115 472 154 499 804 480 855 506 268 374 296 389 730 482 781 509 99 401 110 411
344 275 692 705 983 371 1279 619 0 397 144 684 909 466 999 514 700 477 738 506 1114 1 1208 47 74 465 106 487 115 473 154 499 805 480 855 506 268 374 296 389 730 483 781 509 99 401 110 411
343 274 692 706 983 371 1279 619 0 397 144 684 909 466 999 514 700 477 738 506 1114 1 1208 47 74 465 106 488 115 473 154 499 804 480 855 506 268 374 296 389 729 483 782 509 99 400 110 411
343 274 692 706 984 371 1279 619 0 397 144 684 909 466 998 514 699 477 738 505 1114 1 1208 47 73 465 106 488 115 473 154 499 804 480 855 506 268 374 296 389 728 483 783 509 99 400 110 411
343 273 692 707 984 371 1279 619 0 398 144 684 909 466 998 514 699 477 738 505 1114 1 1208 47 115 473 154 499 73 465 106 488 804 480 855 506 268 374 296 389 728 483 783 509 99 400 110 411
343 273 691 706 984 371 1279 619 0 398 144 684 909 465 998 514 699 477 739 505 115 473 154 499 1114 1 1208 47 73 465 107 488 804 480 855 506 268 374 296 389 728 483 782 509 99 400 111 411
342 273 691 706 984 372 1279 619 0 398 145 684 909 465 998 514 699 477 739 505 115 472 154 500 73 464 107 488 1114 1 1208 47 804 479 855 506 268 374 296 389 729 483 782 509 99 400 111 411
342 274 692 706 984 372 1279 619 0 398 145 684 909 465 999 514 699 477 739 505 114 472 154 500 72 464 107 489 1114 1 1208 47 268 374 296 389 804 479 855 506 99 400 111 411 729 482 782 509 752 480 797 507
341 275 693 705 983 372 1279 619 0 398 145 684 909 465 999 514 699 476 739 506 114 472 154 500 72 464 107 489 1114 1 1208 47 268 374 296 389 804 479 855 506 99 400 111 411 730 482 782 509 752 480 797 507
341 276 693 705 982 372 1279 619 0 398 145 684 909 465 1000 514 700 477 739 506 1114 1 1208 47 114 472 154 500 72 464 107 488 268 374 296 389 804 479 855 506 99 400 110 411 731 482 781 509 752 480 796 507
341 276 693 705 982 371 1279 619 0 397 145 684 909 466 1000 514 700 477 739 506 1114 1 1209 47 114 472 154 500 73 464 107 488 804 479 855 506 268 374 296 389 98 400 110 411 731 482 781 510 752 480 796 507
341 275 693 705 983 371 1279 619 0 397 145 684 915 464 1014 514 700 477 739 506 1113 1 1209 47 73 464 107 488 114 472 154 500 804 479 855 506 268 374 296 389 731 482 781 510 99 401 110 411 752 480 796 507
341 275 693 705 984 371 1279 619 0 397 145 683 914 464 1016 515 699 477 738 506 1113 1 1209 47 73 464 107 488 114 472 154 500 803 479 856 506 268 374 296 389 731 482 781 510 752 479 797 507 99 401 110 411
342 275 693 705 984 371 1279 620 0 396 144 684 912 464 1022 516 699 477 738 506 1113 1 1209 47 73 464 107 488 114 472 155 500 803 479 856 506 268 374 296 389 731 482 781 510 751 479 798 507 99 401 110 411
342 275 693 705 984 370 1279 619 0 396 145 684 911 465 1028 517 699 476 738 506 1113 0 1208 47 114 473 156 500 73 464 107 488 268 374 296 389 802 478 856 506 750 478 799 508 732 482 781 510 99 401 110 411
342 276 693 705 985 370 1279 620 0 396 145 685 911 466 1031 518 699 476 739 506 1114 0 1208 47 114 472 156 500 73 464 107 488 268 374 296 389 802 478 856 506 750 478 800 508 731 482 781 510 99 401 110 411
342 277 694 704 985 370 1279 620 0 395 145 685 912 466 1029 518 699 476 739 506 1114 0 1208 48 114 472 155 500 73 464 107 489 268 374 296 389 802 479 856 506 750 478 800 508 731 482 781 510 99 401 110 411
342 276 694 704 986 371 1279 620 0 395 145 686 912 466 1025 519 699 476 739 506 1114 0 1208 48 114 472 155 500 73 464 107 489 268 374 296 389 802 479 856 506 750 478 800 508 731 481 781 510 99 401 110 411
342 276 694 704 987 371 1279 620 0 395 144 686 910 466 1022 520 699 476 739 506 114 472 155 500 1114 0 1208 48 73 464 107 489 268 374 296 389 802 479 856 506 750 478 800 507 731 481 780 510 99 401 110 410
342 276 693 704 988 371 1279 620 0 396 144 685 908 466 1021 520 699 476 739 506 114 472 155 500 1114 0 1208 48 73 464 107 489 268 374 296 389 802 479 856 506 750 478 800 508 731 481 781 510 99 401 110 410
343 275 693 704 987 371 1279 620 0 397 145 685 892 468 1010 520 699 476 739 506 114 472 155 500 1114 0 1208 48 73 464 107 489 268 374 296 389 802 479 855 506 749 478 800 508 731 481 781 510 99 401 110 410
343 275 692 705 986 371 1279 620 0 397 145 684 887 468 1008 519 699 476 739 506 114 472 155 500 73 464 107 488 1114 0 1208 48 268 374 296 389 802 479 855 506 749 478 799 508 99 401 110 410
344 274 692 706 985 372 1279 620 0 397 145 684 699 476 739 506 859 468 990 519 114 472 154 500 1113 0 1208 48 73 464 107 488 268 374 296 389 802 479 855 506 749 478 799 508 99 401 110 410
344 275 691 706 983 372 1279 620 0 398 145 684 862 468 987 520 699 476 739 506 114 472 154 500 1113 0 1208 48 72 464 107 489 268 374 296 389 802 479 856 506 749 478 799 508 99 401 110 410
344 275 691 706 983 371 1279 620 0 398 145 684 864 468 983 519 699 476 738 506 114 472 154 500 72 464 108 489 1114 0 1208 48 802 479 856 506 268 374 296 389 730 481 783 510 99 401 110 410
344 275 691 706 982 371 1279 621 0 399 145 683 699 476 738 506 864 468 983 519 114 472 154 500 72 464 108 489 1097 1 1205 43 803 479 857 507 268 374 296 389 748 477 799 508 99 401 110 410
343 275 691 704 982 371 1279 621 0 400 145 683 835 467 962 519 698 476 738 506 114 472 154 500 72 464 108 489 1097 1 1205 44 268 374 296 389 803 478 857 507 747 477 800 508 81 437 88 446
343 275 692 703 982 371 1279 620 0 400 145 682 832 467 963 517 698 476 738 506 72 464 108 489 114 472 154 500 1097 1 1205 44 268 374 296 389 803 478 857 508 746 477 800 508 81 437 88 446
343 275 693 703 983 370 1279 621 0 400 145 683 827 466 967 515 698 476 739 506 72 464 108 489 114 472 154 500 1114 0 1208 49 268 374 296 389 892 465 999 509 746 477 799 508 803 477 856 510
343 275 693 702 983 370 1279 621 0 400 145 683 698 476 739 506 823 465 969 514 72 464 108 489 114 472 154 500 1114 0 1208 48 892 465 999 508 268 374 295 389 747 477 799 508 99 401 110 410
343 275 693 702 983 370 1279 621 0 400 145 683 699 476 739 506 114 472 154 500 72 463 108 489 1114 0 1208 48 898 465 998 510 269 374 295 389 814 467 938 518 747 477 798 509 99 401 109 410
342 275 693 702 983 370 1279 620 0 400 145 684 698 476 739 506 902 465 998 511 114 472 154 499 1114 0 1208 48 72 463 108 489 268 374 295 389 802 474 900 516 729 480 784 510 99 400 109 410
342 275 693 702 982 370 1279 620 0 400 145 684 907 465 998 514 698 477 740 506 114 472 154 500 72 463 108 489 1113 0 1208 48 797 475 902 517 269 375 295 389 728 481 784 510 99 400 110 410
342 275 693 702 982 370 1279 620 0 399 145 685 909 465 998 515 699 477 740 506 114 472 154 500 784 478 872 518 72 463 108 488 1114 0 1208 48 269 375 295 389 728 480 784 510
342 275 694 702 982 370 1279 620 0 399 145 686 910 465 998 515 779 478 871 518 699 477 740 506 114 472 154 500 72 463 107 488 1114 0 1208 48 727 480 782 510 269 375 295 389
342 275 694 702 982 370 1279 620 0 399 145 687 910 465 998 515 775 477 869 517 114 472 154 500 699 477 740 506 72 463 107 488 1098 1 1204 43 726 480 780 509 269 375 295 389
342 275 693 702 982 370 1279 619 0 399 145 687 910 466 998 515 771 476 867 517 699 477 741 506 114 472 154 500 72 463 108 488 1098 1 1204 43 269 375 295 389 727 480 776 508
342 275 693 702 983 370 1279 619 0 399 145 686 909 466 998 515 755 478 855 516 700 477 743 506 114 472 154 500 72 463 108 488 1098 1 1204 43 269 375 295 389
342 275 694 702 983 370 1279 619 0 399 145 686 909 465 998 515 751 478 854 515 700 478 744 506 114 472 154 500 72 464 107 488 1114 0 1208 48 269 374 295 389 98 400 110 410
343 274 694 703 984 370 1279 619 0 399 145 686 910 465 998 515 747 478 849 514 700 478 744 507 114 472 154 500 72 464 107 488 1114 0 1208 48 269 374 295 389 98 400 110 410
343 274 694 703 984 370 1279 619 0 400 145 686 910 465 998 515 700 478 741 507 115 472 154 499 1114 0 1208 48 72 464 107 488 736 477 826 515 269 375 295 389 98 401 110 410
343 274 693 703 984 370 1279 619 0 400 145 686 910 466 998 515 734 477 824 515 700 477 739 507 114 472 154 499 1114 0 1208 48 72 464 107 488 269 375 294 389 98 401 110 410
343 275 693 702 984 370 1279 619 0 400 145 686 910 466 998 515 731 477 820 514 700 478 738 507 114 472 155 499 1114 0 1208 48 72 464 107 488 269 375 294 389 98 401 110 410
343 275 692 702 983 370 1279 619 0 400 145 686 910 466 998 515 728 477 815 514 114 472 155 499 700 478 738 507 1114 0 1208 48 72 464 106 488 269 374 295 389 99 400 110 410
343 274 691 703 983 370 1279 619 0 400 145 685 910 466 998 515 114 472 155 499 1098 1 1205 43 72 464 106 488 700 478 744 508 269 374 295 389 722 476 817 513 99 400 109 410 694 480 721 503
344 273 690 704 983 371 1279 620 0 400 145 685 910 466 997 514 114 472 155 500 1098 1 1204 43 72 464 106 488 703 477 794 513 269 374 295 389 752 478 799 508 802 479 856 506 99 400 110 410
345 273 689 704 984 371 1279 620 0 401 145 685 910 467 997 514 114 472 155 500 1114 0 1208 48 72 464 106 488 696 477 757 510 269 374 295 389 801 479 856 506 754 480 794 508 99 400 110 410
345 273 690 704 984 371 1279 620 0 400 145 685 910 466 997 514 113 472 155 500 694 477 756 510 1114 0 1208 48 72 464 106 488 268 374 295 389 802 479 856 506 752 481 790 507
344 274 691 704 984 371 1279 619 0 400 145 686 909 466 997 514 692 477 755 510 114 472 155 500 1114 0 1208 48 72 464 106 488 268 374 295 389 803 479 855 506 756 480 792 505
344 274 691 703 983 371 1279 619 0 400 145 687 909 466 998 514 691 476 755 510 114 472 155 499 1114 0 1208 48 71 464 106 488 268 374 296 389 804 479 854 506 760 479 795 503 99 400 110 410
344 274 691 702 983 371 1279 619 0 400 145 686 909 466 998 514 692 476 757 510 115 473 155 499 1114 0 1208 48 71 464 106 488 268 374 296 389 804 479 854 505 762 479 798 503 99 400 110 410
344 274 691 702 983 371 1279 619 0 400 145 686 909 466 998 514 695 477 753 511 115 473 154 499 1114 0 1208 48 71 464 107 488 268 374 296 389 804 479 854 506 756 479 798 505 99 400 110 410
344 274 692 702 984 371 1279 620 0 400 145 685 909 466 998 514 696 477 748 512 115 473 154 499 1114 0 1208 48 72 464 107 488 268 374 296 389 804 479 854 505 750 479 797 506 99 400 110 410
343 274 693 703 985 371 1279 620 0 401 145 685 910 466 998 514 697 477 742 512 115 473 154 499 1114 0 1208 48 72 464 107 488 268 374 296 389 804 479 854 505 744 479 798 506 99 400 110 410
343 274 695 703 985 370 1279 620 0 402 145 684 910 466 998 514 696 477 738 512 115 472 154 500 1114 0 1208 48 72 464 107 488 268 374 296 389 804 479 854 505 741 478 799 507 99 400 110 410
342 275 696 703 985 370 1279 620 0 401 145 684 910 466 998 514 696 477 736 510 115 472 154 500 1114 0 1208 48 72 464 107 488 268 374 296 389 804 479 855 505 99 400 110 410
342 275 695 703 984 370 1279 620 0 401 145 684 910 466 998 514 115 472 154 500 696 477 736 509 1114 0 1208 48 72 464 107 488 268 374 296 389 804 479 855 506 729 482 788 510 99 400 110 410
342 274 695 703 984 370 1279 620 0 401 145 685 910 466 998 514 115 472 154 500 698 477 736 508 1114 0 1208 48 72 465 107 488 268 374 296 389 803 479 856 506 99 400 110 411
342 274 694 703 983 370 1279 620 0 401 145 685 910 467 998 514 699 477 737 506 115 472 155 500 1114 0 1208 48 71 464 107 489 268 374 296 389 803 478 856 506 99 400 110 411
342 274 694 703 983 370 1279 620 0 401 145 686 910 466 998 514 700 476 737 506 115 473 155 500 1114 0 1208 48 71 464 107 489 268 374 296 389 803 478 856 505 98 400 110 411
342 275 693 703 985 369 1279 620 0 400 144 686 909 467 997 514 699 476 738 506 115 473 155 499 1114 0 1208 48 71 464 107 489 268 374 296 389 803 478 857 506 98 400 110 411 746 478 797 506
343 275 692 703 986 368 1279 621 0 400 144 686 914 465 1021 514 699 476 738 506 115 473 155 499 1114 0 1208 48 72 464 107 488 268 374 296 389 803 478 857 506 98 400 110 411 747 478 798 506
343 275 691 703 987 368 1279 621 0 400 145 686 699 476 738 505 912 466 1025 515 115 473 155 500 1114 0 1208 48 72 464 107 488 802 478 858 506 268 374 296 389 749 478 798 507 99 400 110 411
344 275 692 703 986 367 1279 621 0 400 145 685 699 476 738 505 115 473 155 499 1114 0 1208 48 73 464 107 488 908 467 990 515 803 478 858 506 268 374 296 389 749 478 798 507 99 400 110 411 950 470 1037 520
343 276 692 703 985 368 1279 621 0 400 145 686 699 476 738 505 115 473 155 499 1114 0 1208 48 947 469 1038 521 73 464 107 488 803 478 858 506 268 374 296 389 748 478 798 507 98 400 110 411 907 467 989 514
344 276 692 703 984 368 1279 621 0 400 145 686 699 476 738 505 941 467 1041 522 115 473 155 499 1114 0 1208 48 72 463 107 488 268 374 296 389 803 478 858 506 749 478 798 507 98 400 110 411
344 276 692 703 983 369 1279 620 0 400 145 686 913 467 1036 521 699 476 738 506 115 473 154 499 1115 0 1208 48 72 464 107 488 268 374 296 389 803 478 858 506 749 478 798 507 98 400 110 411
344 275 691 704 983 370 1279 619 0 400 145 686 912 466 1035 522 699 476 738 506 115 473 155 499 1115 0 1207 48 72 464 107 488 268 374 296 389 803 478 858 506 749 478 798 507 98 400 110 411
343 275 691 705 984 370 1279 619 0 400 145 686 908 465 1032 522 699 476 738 505 115 473 155 499 1115 0 1207 48 72 464 107 488 268 374 296 389 803 478 859 506 749 478 798 507 99 400 110 411
343 275 691 705 986 370 1279 620 0 400 145 686 902 464 1032 523 699 476 738 505 116 473 155 499 1115 0 1207 49 72 464 107 488 268 374 296 389 802 478 859 506 749 478 798 507 98 400 110 411
344 275 691 705 988 370 1279 620 0 400 145 686 886 464 1022 521 699 476 738 505 116 473 155 499 1115 0 1207 49 72 464 107 488 268 374 296 389 802 478 860 507 748 478 798 507 98 400 110 411
344 276 691 704 988 370 1279 620 0 400 145 686 879 464 1022 521 699 476 738 505 116 473 155 500 1115 0 1207 49 72 464 107 488 268 374 296 389 801 478 860 507 748 478 799 507 98 400 110 411
344 276 692 704 986 370 1279 619 0 400 146 686 698 476 738 505 116 473 155 500 875 464 1017 520 1115 0 1207 49 72 464 107 489 268 374 296 389 801 478 860 507 748 478 799 507 98 400 111 411
344 275 692 704 984 370 1279 619 0 400 146 685 698 476 738 505 844 465 1003 521 116 473 155 500 1115 0 1207 48 72 464 107 489 269 374 296 389 802 478 859 507 748 478 799 507 98 401 111 411
344 275 691 705 979 371 1279 619 0 399 145 685 698 475 738 505 115 473 155 500 826 464 977 521 1115 0 1207 48 72 464 107 489 269 374 295 389 802 477 859 507 747 478 799 508 98 400 111 411 81 436 88 446
344 274 691 705 978 371 1279 619 0 400 145 685 698 475 738 505 827 464 973 523 115 473 154 500 1115 0 1207 48 72 464 107 489 269 374 295 389 802 478 858 507 746 478 799 508 317 465 355 491 98 400 110 411 81 436 88 446
344 275 691 703 978 370 1279 619 0 400 145 685 698 475 738 505 824 465 968 523 115 473 154 500 1115 0 1207 48 72 465 107 488 269 374 296 389 317 465 353 491 746 479 800 508 98 400 110 411 81 436 88 446
344 276 691 702 978 371 1279 619 0 400 145 685 698 476 738 505 821 466 965 522 115 473 154 500 1115 0 1207 49 72 465 107 488 268 374 296 389 745 479 799 508 316 466 352 490 98 400 110 411 81 437 88 446
344 276 692 702 978 371 1279 619 0 401 145 684 698 476 738 505 811 466 945 524 114 474 154 500 1115 0 1207 49 72 465 107 488 268 374 296 389 932 463 1014 509 745 479 799 508 98 401 111 411
