






418 646 443 680
414 648 440 682
647 625 668 659 409 651 437 685
646 626 667 661 790 395 1279 698
790 390 1279 698 645 626 668 661 400 654 429 693
645 627 668 662 793 386 1279 698 396 655 426 694
389 655 421 695
645 627 666 663 384 656 415 694
371 655 405 695
368 652 402 694 764 458 788 520
361 649 396 693
640 620 662 657 350 646 380 693 764 446 790 512
344 644 380 691 817 278 1278 695 764 444 790 509
338 643 374 690 816 268 1279 699 764 441 790 507
814 251 1278 701 337 646 366 685 764 440 790 506
815 231 1278 705 316 643 353 691 635 620 657 655
819 213 1277 707 309 644 349 691 633 619 656 656 695 614 719 637
819 190 1274 708 632 619 655 657 694 615 720 637 290 642 339 699
822 162 1274 709 282 645 333 699
825 130 1275 714 263 643 315 704 581 629 615 655
837 91 1271 700 257 647 312 703 623 621 647 664
835 72 1272 710 623 621 647 666 250 647 306 703
839 49 1272 709 622 620 647 668 233 644 290 705
621 620 646 669 847 28 1274 706 226 642 284 705
620 619 646 670 204 644 266 708 859 12 1272 699
619 619 646 670
618 619 644 669
617 620 643 668
616 620 641 667 122 646 204 719
614 620 640 666 118 646 198 719
612 618 639 665
610 617 638 665 877 8 1261 693
609 617 636 665 875 6 1262 696
608 618 634 666 871 3 1262 694
606 617 633 667 867 6 1260 692
605 615 632 668 869 8 1257 683
605 616 631 668 925 7 1278 680
599 613 625 669 939 2 1277 677
584 586 672 646 596 614 625 672
584 586 670 647 590 605 625 677
586 607 624 680 584 587 669 647
584 606 622 681 584 587 669 647
580 606 619 684 582 589 667 647
576 605 615 686 580 590 666 648
573 606 612 690
564 605 609 691
561 606 606 693
557 606 603 693
554 623 599 702 741 620 769 650
551 624 597 704 740 622 770 653
547 621 594 708 739 625 769 655
534 619 586 709 738 627 767 656
531 619 581 711 738 628 766 658
528 618 577 713 738 629 766 659
522 616 574 714 737 627 766 658
736 624 767 657 509 616 564 713
504 613 561 715 735 620 767 655 548 604 648 670 792 403 1269 682
499 612 556 715 735 618 767 655
734 617 767 654 685 621 703 660
733 617 767 653 684 620 702 660
470 611 534 716 733 617 767 652 683 618 702 660
733 617 767 652 683 617 702 660
732 617 767 653 684 618 702 659 439 598 518 719
427 599 507 719 732 617 766 654 684 620 702 659
414 600 497 719 732 618 766 655 684 622 702 660
733 619 765 655 684 623 701 661 408 594 496 692
733 620 766 655 684 624 701 661 381 598 469 719
733 620 766 654 369 585 455 710 683 622 701 661
733 620 767 653 683 621 700 662 336 580 432 709
327 579 422 710 733 619 768 651 683 618 699 660
811 377 1242 679
733 607 768 641 810 372 1245 681
733 603 769 638 223 559 334 710 682 603 701 641
733 601 770 635 682 600 701 640 213 554 321 710
733 600 770 634 681 600 701 641 552 618 608 648
733 601 769 635 682 601 701 643 552 619 607 649
734 603 769 637 807 315 1268 668 26 540 216 719 551 621 604 651 682 603 701 644
734 605 768 640 788 291 1279 679 0 534 166 714
734 607 770 644 806 316 1264 666 259 584 409 652
805 318 1255 665
804 315 1242 667 679 617 695 655
735 608 771 646 803 309 1243 665
736 606 771 643 770 279 1269 682
737 604 770 638 681 603 702 647
737 601 770 634 681 602 702 645 547 620 599 650
737 600 769 632 681 600 702 644 616 606 638 633 330 630 429 695
737 600 770 631 680 600 701 644 616 605 638 633
736 600 771 630 680 599 701 644 616 604 638 632
736 600 772 632 677 600 696 645 616 605 638 632
736 600 773 634 676 601 696 646 616 606 638 633
676 601 696 646 530 622 587 652
681 603 703 646 737 603 776 639 277 630 391 707
276 628 385 711 682 604 704 646 737 605 777 641 616 608 639 641 530 626 582 655
