

782 417 936 518 460 426 759 656 914 380 1276 609 792 359 805 374 85 430 133 465 386 432 419 456
782 417 935 517 461 425 760 655 911 382 1275 607 792 359 805 374 84 430 134 466
781 417 935 516 462 425 760 656 909 384 1276 605 792 359 805 374 84 430 134 467
780 417 934 515 461 426 759 656 908 387 1277 601 792 359 804 374 85 430 135 467
778 418 934 514 460 428 757 657 908 388 1277 597 792 359 804 374 86 430 135 467
777 418 934 514 459 428 756 655 885 386 1259 602 792 359 804 374 86 430 135 467
776 418 932 514 458 427 755 655 885 387 1256 601 792 359 804 374 87 430 136 466
776 418 932 514 457 427 755 654 879 387 1259 600 792 359 804 374 86 430 137 466
458 427 753 655 776 420 918 509 873 388 1263 601 792 359 803 373 86 430 138 466
459 427 751 654 777 419 913 509 869 389 1265 602 792 359 804 373 86 430 139 466
459 426 749 655 776 419 909 509 867 393 1265 598 792 359 804 373 87 431 140 467
458 426 749 655 775 420 906 509 863 394 1267 597 792 358 804 373 88 432 141 467
457 427 750 655 775 421 905 509 857 395 1264 595 792 358 804 373 89 432 142 468
456 427 752 654 768 421 898 508 852 396 1255 595 792 359 804 373 90 432 143 468
455 428 754 654 769 422 896 507 846 398 1246 594 792 359 804 374 90 432 143 469 63 428 95 458
454 427 755 653 769 423 893 507 847 401 1229 593 792 359 804 374 89 432 144 469
454 426 754 653 769 423 888 507 849 403 1213 590 792 359 804 374 88 432 146 470 644 384 654 403
454 424 753 653 768 424 883 507 852 404 1196 588 792 359 804 374 698 421 739 465 87 432 148 471
454 424 753 654 766 423 880 506 850 404 1188 587 792 359 804 374 87 431 148 472
455 423 754 653 766 423 878 506 843 404 1183 585 792 359 804 373 87 431 149 473 59 426 99 461
455 424 755 653 765 423 876 505 833 404 1178 583 792 359 804 373 89 431 149 473 59 426 101 462 754 425 793 454
455 423 756 652 766 423 874 505 828 403 1169 581 792 359 804 373 1066 402 1187 490 60 426 102 461 754 424 792 453 90 431 149 473
454 423 758 652 765 423 871 504 825 404 1164 580 792 359 804 374 1066 403 1187 492 62 426 103 460 100 435 150 471 755 425 790 452 645 384 654 403
455 423 758 652 766 424 867 503 794 408 1146 579 1066 405 1186 495 792 359 804 374 99 435 151 471 63 426 103 460 645 385 654 403
454 422 758 652 795 408 1135 579 766 424 864 502 1063 407 1186 496 792 359 804 374 99 434 151 471 645 385 654 404 64 427 103 459
454 422 757 652 808 411 1111 565 1058 408 1188 498 767 428 850 500 792 359 804 374 98 434 152 471 645 385 654 404
455 421 757 653 804 411 1105 565 1052 409 1190 498 768 427 848 499 792 359 804 374 97 433 154 471 645 385 654 404
456 420 757 652 800 410 1099 566 1046 409 1189 499 768 427 846 499 791 359 804 374 97 433 155 471 0 560 90 712 645 385 654 404 745 363 755 376
456 420 757 651 798 408 1093 566 1029 403 1183 506 767 427 844 499 792 359 804 374 97 433 156 470 0 561 90 712 645 386 654 404 745 363 755 376
455 420 757 650 798 406 1086 566 1026 403 1182 507 765 427 843 498 792 359 804 374 97 434 156 468 644 386 654 404 0 561 91 712 745 363 755 376
453 420 759 649 782 407 1071 561 1024 403 1181 507 763 427 842 497 792 359 805 374 98 434 156 468 644 386 654 405 0 562 108 714
453 420 761 649 784 408 1062 559 1021 404 1180 506 762 427 841 496 792 359 805 375 99 433 156 468 644 386 654 404
786 408 1051 557 453 420 762 649 1018 404 1179 505 793 360 805 375 761 427 840 495 73 429 154 472 644 386 654 405
786 408 1040 555 453 421 761 650 1015 404 1178 505 793 360 805 375 73 428 155 472 690 422 727 458 645 385 654 404 760 427 839 494
786 408 1033 555 454 421 759 650 1014 403 1177 505 74 428 155 473 793 360 805 375 689 423 728 459 645 385 654 404 0 560 90 710 759 427 837 494
783 409 1028 552 453 422 760 651 1011 402 1176 506 75 428 154 474 793 360 805 374 764 430 824 492 690 423 727 458 0 559 89 711 645 385 654 404
783 410 1021 549 453 422 763 651 1007 401 1176 507 793 360 805 374 76 429 154 474 763 430 822 492 0 559 89 712 690 424 725 457 645 385 654 404
782 412 1015 546 452 422 766 652 1003 401 1177 506 793 360 805 374 763 430 821 492 76 429 153 474 0 560 89 712 644 385 654 404
782 414 1011 543 453 422 767 653 1000 402 1177 506 793 360 804 374 763 429 820 493 75 429 153 474 0 560 88 712 690 425 724 456 644 385 653 404
453 421 767 653 779 416 1008 541 998 403 1177 505 793 360 804 374 0 559 88 713 102 432 155 471 764 428 818 495 689 424 725 457 644 385 653 403
454 421 765 653 777 417 1006 538 981 407 1173 502 793 360 804 375 0 558 88 714 688 424 726 457 102 432 155 470 761 422 819 484 644 385 653 403
454 421 764 653 769 413 988 537 980 408 1174 501 793 360 804 375 687 423 726 458 0 557 87 714 101 432 154 468 644 385 653 403
453 421 764 652 770 413 982 535 980 408 1174 501 793 360 804 375 687 423 726 457 0 558 87 713 644 385 653 403 101 431 153 467
453 421 763 653 770 414 976 533 979 407 1174 501 793 360 804 375 687 424 725 457 0 560 88 711 101 431 153 468 644 385 654 403
452 421 763 654 771 416 969 530 979 407 1174 501 793 360 804 375 687 425 724 458 0 563 89 711 933 421 1015 473 100 430 153 469 644 385 654 403
453 422 762 654 978 408 1174 501 770 417 962 529 933 422 1016 472 793 360 804 375 99 430 154 470 0 564 90 711 687 425 724 459 644 385 654 402
453 422 761 654 769 416 957 529 977 408 1174 501 933 421 1016 471 98 428 153 477 793 361 804 375 0 563 90 712 687 426 724 460 644 385 654 402 721 434 737 455
454 421 760 654 767 416 951 529 977 408 1173 501 933 420 1015 471 97 429 154 477 793 361 804 375 687 426 723 461 0 561 90 712 721 433 738 455 644 385 654 402
454 421 761 654 765 416 945 528 976 408 1172 501 933 419 1014 470 97 429 154 477 793 361 804 375 687 427 723 460 720 433 739 456 644 385 654 403 0 562 91 712
454 421 762 654 762 416 941 528 976 408 1171 501 933 419 1016 470 96 430 155 478 793 361 804 375 720 433 741 456 687 427 723 459 644 385 654 403
761 416 938 527 453 422 762 654 976 407 1170 501 933 420 1017 469 96 430 156 478 793 361 804 375 719 432 742 456 687 426 722 459 644 385 654 403 757 431 783 456
454 421 762 653 761 416 936 526 975 408 1169 501 935 420 1017 469 793 361 804 375 718 432 743 456 93 431 165 477 687 426 721 458 645 385 653 402 757 429 784 455
453 421 764 653 761 416 932 525 974 409 1167 501 937 420 1016 469 793 361 804 375 719 432 743 455 687 426 720 457 645 385 653 402 91 430 167 477
454 422 764 652 759 417 929 524 966 412 1172 508 940 420 1016 469 793 361 804 375 0 553 90 712 645 385 653 402
453 422 765 652 758 416 926 524 974 409 1162 500 941 420 1016 469 793 361 804 375 0 552 89 713 644 385 653 402
453 422 766 652 758 416 923 523 974 409 1159 501 945 420 1006 467 793 360 805 376 87 430 169 476 0 553 89 713 644 385 653 402
453 421 767 652 749 416 915 520 973 408 1156 501 946 423 1006 465 794 360 805 376 85 431 170 476 0 552 87 713 644 385 653 402
452 420 768 651 750 417 912 519 973 408 1154 501 953 419 1025 462 84 430 170 475 794 360 805 375 0 551 87 713 735 427 765 456 644 385 653 402
452 420 768 651 749 417 910 518 972 408 1153 501 954 419 1026 463 794 360 805 375 84 431 171 475 0 550 87 713 644 385 653 402
452 419 769 652 747 418 906 516 970 408 1151 501 794 360 805 375 82 430 173 475 0 552 88 710 645 385 653 401 956 419 1028 463 735 426 766 456
452 419 771 653 743 420 902 515 968 408 1150 500 794 361 805 375 80 429 174 475 645 385 653 401 733 426 767 456 0 555 88 709 961 421 1022 456
453 418 772 654 742 421 898 515 967 408 1149 500 71 429 158 479 794 360 805 376 733 426 768 456 645 385 653 402 0 559 89 709
453 418 771 654 741 421 896 514 966 407 1147 501 69 429 159 479 794 360 805 376 644 386 653 402 0 560 89 710 736 426 766 454
454 418 769 654 739 420 893 514 965 407 1145 501 65 429 164 479 794 360 805 376 644 386 653 402 0 560 89 711
455 418 767 653 736 418 890 513 963 406 1144 502 60 429 169 479 793 360 805 376 645 386 654 402 0 558 90 711
456 417 764 652 962 406 1142 502 734 417 886 514 56 428 171 480 793 360 805 376 645 385 654 402 0 560 108 713
457 417 763 652 961 406 1141 502 732 417 884 514 53 428 170 480 793 359 805 376 645 385 654 402
457 417 762 653 960 406 1139 503 738 421 879 512 49 427 172 481 793 359 805 376 645 385 654 402
457 418 764 653 958 406 1137 503 739 421 878 512 793 359 805 375 45 430 133 479 645 385 654 402
458 418 763 653 739 421 876 511 957 406 1136 503 41 430 134 479 793 360 805 376 646 385 654 402 1 553 86 712
459 417 762 651 739 421 875 511 955 406 1135 503 37 429 137 480 793 360 805 376 0 554 86 712 645 385 655 402
460 416 760 651 739 422 874 510 953 405 1134 502 31 428 135 480 793 360 805 376 0 554 87 712 645 385 655 402
460 415 760 652 738 422 872 509 951 405 1133 503 27 427 132 481 793 360 805 376 0 553 87 712 128 424 186 476 645 385 655 402
459 415 760 653 737 423 870 508 951 405 1133 502 21 427 118 480 792 360 805 376 130 424 188 476 0 552 87 712 645 384 655 402
458 416 761 655 737 423 868 507 949 405 1134 502 17 427 119 480 792 360 805 376 132 425 189 476 0 550 87 711 645 384 655 402
457 417 763 654 736 424 865 506 949 406 1134 502 13 426 116 480 792 359 805 376 0 553 87 710 133 425 189 476 645 384 655 402
457 418 762 653 734 424 862 505 948 406 1134 501 8 425 114 480 792 360 805 376 0 557 88 709 645 384 654 402
458 419 759 651 733 424 859 505 948 406 1134 501 4 424 110 480 792 360 805 376 0 562 88 709 645 385 654 402
460 420 756 652 733 422 857 504 946 406 1135 501 2 423 108 480 792 360 805 376 0 563 88 710 644 385 654 402
459 421 757 653 732 420 857 505 944 406 1135 501 1 422 105 482 792 361 805 376 0 560 88 711 645 385 654 402 137 429 190 466
458 421 760 655 934 413 1142 507 732 418 855 505 1 421 102 484 792 361 805 376 0 560 88 712 645 385 654 402 136 430 191 466
458 421 762 657 732 418 853 505 931 407 1124 500 0 421 91 481 792 361 805 376 1120 396 1149 476 645 385 654 402
458 421 762 657 932 407 1123 500 734 419 849 505 0 421 89 481 792 361 805 376 1121 396 1149 476 136 425 192 476 645 385 654 402
458 421 762 657 932 408 1122 500 723 420 845 504 0 421 87 482 792 361 805 376 135 425 191 476 1122 396 1150 476 645 385 654 402
457 421 762 655 931 408 1120 500 725 420 843 503 0 420 83 484 792 361 805 376 1123 396 1152 475 134 424 191 476 645 385 654 402
458 421 761 655 930 409 1117 500 726 421 841 503 0 420 79 485 792 361 805 377 1 555 85 712 1123 397 1152 475 645 385 654 402
458 420 760 656 728 422 838 502 927 413 1116 507 0 420 75 485 792 360 805 376 1123 397 1153 476 1 557 86 712 645 385 654 402
459 420 760 656 728 423 836 501 925 413 1115 507 0 420 62 485 791 360 805 376 1123 397 1155 476 1 556 86 712 645 385 654 402 1196 413 1279 484
459 420 762 656 727 423 835 500 924 413 1112 507 0 418 58 487 791 359 804 376 1124 396 1157 476 1 555 86 713 132 423 188 477 1192 410 1279 483 645 386 654 402
459 421 764 655 725 423 834 500 922 413 1111 508 791 359 804 376 1125 385 1161 476 1 555 85 713 0 415 47 489 129 422 187 478 645 386 654 402
459 421 764 654 724 423 833 500 921 412 1111 508 791 359 804 376 127 423 186 479 1125 384 1162 476 0 559 85 712 0 413 44 488 645 386 654 402
460 422 762 654 723 422 832 500 922 409 1106 498 125 424 185 479 791 359 804 376 0 563 86 711 1126 381 1165 478 645 386 654 402
462 422 760 656 723 423 831 499 920 410 1105 497 791 359 804 375 122 424 197 477 0 566 88 711 644 386 653 403
464 422 758 657 722 424 829 499 918 411 1105 496 121 424 198 476 791 359 804 375 0 566 88 711 644 386 653 403
465 421 756 657 721 425 827 499 915 412 1105 495 119 425 197 477 791 360 804 375 0 564 89 712 644 386 654 403
464 421 755 656 720 425 826 498 913 413 1104 495 790 360 804 375 116 426 198 476 0 564 89 712 644 386 654 403 987 368 1276 606
464 421 755 656 720 424 825 498 911 413 1103 494 790 360 804 375 987 367 1274 609 644 386 654 403
465 422 754 655 719 424 824 498 911 412 1102 495 790 360 804 375 988 369 1272 611 644 386 653 403
