

639 434 652 445



639 436 652 446
638 436 652 446
639 435 652 446
639 435 652 445
638 435 652 445
386 445 425 464 639 435 652 446
380 444 421 465 639 435 652 446
365 444 405 465
359 444 403 465
337 443 383 466
332 443 379 465
336 444 375 462
287 442 332 464
278 441 334 463



155 438 263 469
130 435 242 469
125 434 242 466

12 429 157 469















623 439 634 447



514 440 532 450



495 442 516 454




491 440 510 450


469 440 493 453
467 442 491 455
465 443 489 455


446 442 474 456
444 442 472 457





401 432 448 449



364 439 409 459
360 439 405 460
360 440 400 458
331 442 380 460
327 441 373 459
308 440 360 459
307 440 352 459
261 442 308 464
253 442 310 466






21 431 147 471
18 432 146 472
5 431 112 474







