

766 522 964 625 734 522 816 596 569 467 722 616 726 529 773 590
768 521 966 625 735 521 817 597 727 528 772 590 569 466 723 616 590 499 613 532
771 519 968 626 736 521 819 597 727 527 772 591 590 499 613 533
772 518 969 627 736 520 819 598 724 521 772 586 590 499 612 532
772 518 970 627 735 520 819 597 723 521 772 585 590 498 612 533
771 518 970 628 735 521 819 597 724 521 773 585 591 498 612 533 636 484 665 519
772 518 972 627 736 521 818 596 725 521 774 585 591 498 612 533 635 484 665 519
772 518 974 627 737 521 819 596 726 521 773 585 591 498 613 534 637 484 665 517
774 519 975 625 736 521 820 597 726 521 773 585 590 499 613 535 638 484 665 516
775 519 976 625 735 521 819 596 725 522 774 585 590 501 614 535 639 484 666 516
777 518 976 626 735 521 819 597 727 521 775 585 638 483 668 518 590 501 614 534
778 518 978 628 727 521 776 585 737 521 819 597 637 483 669 519 591 501 614 532
779 518 980 630 728 521 776 584 749 515 840 603 636 483 670 520 591 501 615 532 813 477 826 497
788 517 991 637 750 514 839 603 727 521 776 584 637 483 670 519 814 477 826 498 591 500 615 531
787 517 993 637 750 514 839 603 727 521 775 584 637 484 670 519 814 477 826 498
787 517 994 638 751 513 840 603 637 484 670 519 726 522 775 583 570 468 725 615 815 478 827 497 591 499 616 531
787 516 996 639 751 513 840 604 570 469 726 614 637 485 670 520 732 532 765 589 591 498 617 531 816 478 828 497
787 515 998 642 751 513 841 604 726 523 775 582 591 497 617 531 570 470 728 614 637 486 670 519
786 514 999 642 751 514 841 603 725 522 776 581 591 497 617 530 571 470 728 613 637 486 669 518
786 514 1001 643 751 514 842 603 724 522 778 581 591 497 616 530 572 469 728 613 637 486 669 517 819 478 832 496
786 514 1002 644 751 514 843 603 723 522 778 581 590 497 615 530 572 468 728 613 638 486 669 517
788 514 1004 644 751 513 844 603 724 523 779 581 573 467 728 612 590 497 616 531
789 513 1005 643 752 513 845 603 725 524 778 580 574 466 729 611
789 512 1007 643 752 514 847 602 726 524 779 581 576 465 729 611
788 512 1010 643 753 515 848 602 726 524 779 581 576 465 729 612
787 512 1012 643 754 515 849 601 726 523 780 581 576 465 728 612
787 512 1015 643 755 515 849 601 726 523 780 579 576 466 729 612
787 511 1016 643 755 516 847 601 577 466 729 612 727 523 781 580
788 510 1019 643 754 517 846 600 576 468 731 611 743 518 797 586
789 510 1020 644 754 517 847 600 742 517 797 587 575 468 731 611
792 510 1022 643 755 516 848 601 742 517 798 588 574 468 730 610
794 511 1024 643 757 516 848 601 742 517 798 587 574 467 730 611
796 511 1027 643 760 516 848 602 743 518 797 587 575 466 730 611
798 511 1029 643 761 515 849 602 742 519 797 586 575 465 730 611
798 511 1031 643 768 512 867 604 575 464 731 611 742 518 797 585 641 485 666 511
799 510 1034 644 767 511 868 604 575 463 731 610 742 518 797 585 640 484 666 511
800 509 1037 643 768 511 868 605 743 517 798 585 576 464 731 610 639 484 668 512
801 508 1042 643 768 511 868 605 743 518 799 585 576 465 733 610 639 483 669 512
801 508 1044 643 767 511 869 605 743 518 798 585 575 467 734 610 638 482 670 512
800 508 1048 643 766 510 870 605 744 518 799 584 639 482 670 513
799 507 1051 642 767 510 871 606 744 518 799 584 640 482 669 514 833 470 844 489
799 507 1055 642 769 510 870 607 745 518 800 584 641 482 669 514 834 469 844 489
798 507 1058 641 770 509 871 607 746 518 801 584 640 481 669 513 575 466 736 610 833 468 845 489
798 506 1060 641 771 509 872 607 746 517 802 584 576 465 734 609 833 469 845 489 640 482 670 513
797 506 1062 641 773 509 873 607 746 517 802 584 577 465 733 609 833 469 846 489 640 482 671 513
797 506 1064 641 773 510 872 608 747 518 802 584 577 464 732 609 834 470 846 489
813 504 1070 647 775 510 872 608 748 519 804 584 578 464 733 610
812 505 1072 646 776 511 872 608 748 519 805 584 578 462 733 611
813 505 1072 647 778 510 874 609 749 519 806 584 578 461 733 612
815 506 1074 646 778 510 876 609 749 518 806 584 577 462 733 614
816 506 1076 647 779 510 877 609 749 518 806 584 575 463 734 614
817 506 1079 645 780 510 879 609 749 519 805 583 575 464 735 614 839 470 852 489
818 506 1083 643 782 511 877 609 748 520 805 583 578 464 735 613 839 470 852 489
817 506 1088 642 789 510 892 610 749 520 805 583 580 464 735 612 839 469 852 489
817 506 1092 643 789 510 892 611 750 519 806 583 580 464 736 612
817 507 1096 643 789 509 893 612 750 519 806 583 579 463 737 611
820 507 1100 644 790 509 892 614 751 519 807 583 577 462 736 612
822 508 1105 644 791 509 892 615 751 520 807 583 577 461 737 613
824 507 1107 644 792 509 892 616 752 520 807 584 580 460 736 615
825 507 1111 644 791 509 893 617 755 512 836 591 581 461 735 615 845 468 858 489
827 505 1115 645 791 509 894 617 756 513 836 591 581 462 734 614 846 468 860 489
827 503 1120 648 791 509 895 617 755 512 836 591 581 463 733 612 846 468 861 489
826 502 1123 650 793 510 896 617 755 512 836 591 581 463 733 612 846 467 861 490
827 501 1125 653 794 510 896 617 756 512 836 592 581 465 734 612 846 467 861 490
826 501 1127 653 795 510 898 617 756 512 836 592 580 467 736 613 846 468 861 491
826 501 1129 653 796 510 899 618 756 513 836 593 582 466 737 613 847 468 863 491
842 505 1142 658 796 510 902 618 756 514 836 593 583 465 737 614 848 468 864 490
844 505 1145 659 796 510 904 618 756 514 837 592 584 464 738 614 848 468 865 491
845 505 1149 658 796 510 905 618 758 515 838 592 583 466 739 614
852 489 1151 681 797 511 905 617 759 515 839 591 582 469 740 613
853 488 1153 683 798 512 905 616 770 524 828 596 582 470 740 613
855 488 1156 685 798 513 905 615 770 526 828 595 585 469 739 614
856 487 1161 684 812 508 913 625 770 527 827 594 587 467 738 615
856 488 1167 683 813 509 915 625 769 528 828 593 590 466 738 615
857 488 1170 683 813 509 916 626 770 528 828 593 592 467 738 615
858 487 1176 684 808 513 925 624 770 530 827 592 592 468 738 615
859 487 1184 685 809 511 932 624 771 529 828 592 593 468 740 615
860 485 1194 686 809 511 934 626 771 529 830 593 592 468 743 615
861 485 1200 687 808 512 936 626 769 526 840 595 591 467 745 615
862 486 1206 687 806 512 938 627 591 468 745 616 768 527 840 595
862 487 1211 688 808 511 938 625 592 468 746 617 769 528 841 595
862 485 1216 687 811 510 938 625 593 468 747 617 779 519 863 600
861 483 1220 688 814 510 939 624 778 519 863 600 592 469 747 617
857 484 1225 688 814 510 943 625 776 520 863 599 592 469 746 617
855 485 1230 689 813 511 945 625 777 521 863 598 591 470 746 617
853 486 1235 690 812 512 946 625 777 522 863 598 592 470 745 617
853 486 1241 693 813 512 946 625 777 522 863 599 592 470 746 618
856 486 1247 693 811 511 949 624 777 521 864 600 592 470 747 619
858 485 1251 694 820 508 971 631 779 521 864 600 592 471 748 618
863 485 1253 694 819 507 972 629 781 520 864 600 591 472 749 618
866 485 1255 695 819 507 972 629 782 521 864 600 590 473 749 617 869 469 882 489
867 485 1257 696 819 507 973 630 781 521 864 600 591 473 749 616 869 469 882 489
873 486 1260 696 821 507 973 629 782 522 865 601 591 473 749 616
874 485 1265 698 823 507 973 629 783 522 865 601 592 473 748 616
878 486 1267 699 824 507 974 629 783 523 865 600 594 473 749 616
880 485 1268 700 825 507 977 629 782 523 866 600 598 473 750 616
881 485 1267 700 827 508 981 630 782 524 867 600 600 471 752 617
913 482 1268 703 830 508 984 632 783 525 869 600 602 470 752 618
