

499 349 913 608 375 370 426 477 475 361 534 479 292 400 377 438 148 393 172 452
499 349 914 607 377 369 427 477 475 361 534 480 294 398 375 437
501 349 913 605 378 369 427 477 476 362 534 479 295 397 375 438 1147 334 1265 547
503 348 911 604 379 370 427 476 477 363 534 480 294 398 375 438 1148 332 1265 549
505 348 910 604 380 370 427 475 478 363 534 481 292 400 376 438 91 387 128 470
506 348 908 605 380 370 427 475 479 363 535 482 88 386 126 471 292 400 377 438
506 347 908 605 381 369 428 476 479 362 535 481 88 384 126 472 294 399 377 438
506 346 910 607 382 368 428 475 479 362 536 481 87 383 126 472
506 346 912 606 383 369 429 475 479 362 537 482 87 383 125 471
508 347 913 606 385 370 429 473 480 362 538 482 296 400 376 439
511 347 913 605 386 370 430 473 482 362 538 482 295 401 377 439 1148 329 1265 549
512 348 915 606 387 370 431 472 483 361 538 483 296 400 377 438 1148 330 1264 547
514 348 918 608 388 370 433 472 484 360 538 484 298 400 378 438
515 348 920 609 389 370 434 472 485 360 538 483 299 400 379 439
516 348 921 609 390 371 435 472 486 361 539 482 298 401 380 439 89 389 117 468
515 347 921 609 391 371 436 471 487 362 539 480 298 400 380 439
516 346 919 607 392 371 437 470 490 358 550 479 298 400 381 439 472 376 490 429
517 346 916 605 393 372 438 470 490 359 550 478 306 399 391 439 470 377 489 430
518 347 914 603 393 372 438 470 489 359 551 477 305 399 392 439 468 377 489 429
519 346 916 602 393 372 438 470 489 359 552 477 467 377 488 429 297 401 381 439
522 345 915 601 394 371 445 473 490 359 553 477 466 376 487 430 297 401 381 439 90 373 124 470
525 345 915 601 394 372 446 473 491 359 554 479 465 376 487 431 89 370 125 472 305 399 392 438
528 346 913 602 395 372 446 473 492 359 554 478 464 375 486 431 89 369 125 472 307 399 394 438
530 346 915 602 396 372 447 473 493 360 556 478 462 375 485 430 90 369 127 472 307 399 396 439
532 346 915 602 398 371 447 472 495 361 557 476 461 375 484 430 91 369 128 472 307 400 397 438
532 347 916 602 399 371 448 473 496 360 558 478 460 375 484 430 307 399 398 439 93 370 129 473
534 347 918 603 400 371 449 473 497 360 559 479 309 399 399 439 459 375 484 429
533 348 921 604 402 371 449 473 498 359 560 479 309 399 400 439 459 375 483 428
535 347 924 603 403 370 449 472 499 359 560 480 309 400 401 439
536 347 925 602 405 371 449 471 501 359 562 480 309 400 401 439 452 376 474 427 97 368 132 472
538 346 925 599 405 371 450 471 502 359 563 480 311 400 402 439 452 375 475 428 97 368 133 471
539 345 926 599 407 372 449 470 503 359 564 481 310 400 403 439 452 374 475 429 123 384 241 453 0 408 19 535
540 344 925 600 408 372 448 470 504 359 564 481 311 400 402 438 452 375 475 428 124 384 241 453 0 411 20 534
542 344 925 601 410 372 449 469 505 359 566 482 0 413 22 533 311 400 401 439
543 343 925 601 506 359 566 480 411 372 450 469 125 382 242 455 0 415 24 531 314 399 400 438
546 342 926 599 501 345 570 516 411 373 452 468 126 381 243 456 0 414 24 531 453 374 475 427 316 398 400 438
548 342 927 598 412 373 453 468 508 361 566 479 128 381 242 455 0 416 25 528 452 373 474 426 319 401 387 436
550 343 928 598 413 373 455 469 510 361 566 479 0 418 26 526 129 380 244 455 452 374 474 425
550 343 929 598 414 372 457 469 511 361 565 479 0 419 27 524 129 380 245 455 437 372 474 467
551 344 930 599 0 422 28 523 416 372 460 470 513 359 576 480 130 381 247 455
552 344 931 597 416 372 462 470 0 424 29 522 512 357 577 482 132 381 247 455
553 344 932 598 417 373 463 469 514 347 580 509 0 426 29 521 321 400 404 438
555 345 933 598 420 368 471 474 514 347 581 508 0 426 31 521 517 432 571 515 321 400 404 438
554 347 936 599 419 368 472 475 515 348 581 507 0 427 32 521 518 433 572 515 332 398 416 436
554 348 937 601 419 366 472 476 516 358 580 484 0 428 33 521 519 433 572 515 332 399 417 436
555 348 937 601 420 368 472 476 518 348 583 509 0 428 34 521 332 399 419 435
558 347 935 602 421 368 472 475 519 349 584 510 0 428 35 521 332 399 420 435
559 346 935 600 422 370 471 474 520 349 585 511 0 427 37 521 331 399 421 436
560 348 935 599 522 349 586 513 423 371 472 474 0 427 39 521 330 399 421 436
561 349 937 598 523 350 586 515 425 371 472 474 0 426 41 521 330 400 423 436
561 350 938 598 524 350 586 516 427 371 473 474 0 427 42 521 137 380 231 455 332 400 425 436
564 352 939 599 524 349 588 514 429 372 475 474 0 426 44 522 333 400 426 436
566 352 939 596 524 347 589 512 429 372 477 473 0 425 45 524 334 400 426 436 59 410 79 464
568 353 941 593 525 346 591 511 430 371 478 473 0 420 53 525 332 400 426 436 60 410 78 464
567 353 941 592 431 372 479 473 526 346 591 510 0 420 53 525 332 401 428 436
569 353 944 593 433 373 480 473 1 420 53 525 527 345 591 510 333 401 430 437
571 352 945 596 0 421 54 526 435 374 482 472 529 345 592 510 334 401 432 437 57 410 78 463
573 352 945 596 0 422 54 526 434 373 482 471 531 346 594 510 335 401 432 437 56 410 77 463
574 353 944 597 0 423 54 525 435 373 483 471 532 346 595 510 339 401 431 437
575 352 942 599 0 423 55 524 437 373 484 470 533 347 597 511 341 400 430 437
577 351 943 598 0 422 56 524 439 373 485 470 534 348 599 511 342 401 429 437
579 349 943 597 0 421 57 524 441 372 486 470 536 349 601 511 342 401 428 437
581 349 943 598 0 419 58 525 442 372 487 470 537 349 603 511 342 401 428 438
585 350 944 598 0 417 58 524 442 372 487 471 540 349 606 512 345 402 416 435
587 350 946 600 0 416 60 525 443 372 487 472 542 349 610 511
588 351 947 599 0 416 61 524 444 373 493 475 543 349 613 510 346 401 416 435
588 351 946 600 0 416 62 523 444 373 494 473 544 348 615 509 545 434 597 511
589 350 945 600 0 418 63 522 444 372 494 473 544 349 615 509 357 396 445 436
591 351 946 600 0 420 65 521 444 372 495 474 544 350 616 509 358 396 447 436 546 435 600 511
591 350 947 599 0 421 66 520 544 349 616 509 445 372 496 476 360 396 447 435
592 350 946 599 0 420 67 520 544 350 617 509 445 372 496 476 357 396 446 436
593 350 945 598 0 420 68 520 545 350 617 510 447 372 496 476 347 402 416 436
596 351 944 597 546 350 616 511 0 421 69 521 448 372 496 476 347 402 418 435
597 351 944 596 547 350 616 511 1 421 70 521 448 371 496 477 348 402 419 436
596 351 946 597 547 350 617 511 0 421 71 521 448 372 498 477 347 401 427 439
597 350 946 597 546 352 619 510 0 420 71 520 449 373 499 475 354 395 444 439
596 350 947 597 546 351 620 510 449 373 500 473 0 419 71 520 355 393 444 439 551 435 606 512
598 349 945 596 546 351 620 511 450 373 500 472 1 419 72 520 349 401 415 437 551 434 606 512
598 350 945 594 547 350 619 511 450 373 500 473 1 418 72 520 349 402 413 437 551 433 606 512 161 380 255 457
597 349 945 593 547 350 620 513 450 372 500 474 1 418 72 521 552 432 607 512 347 403 411 436
596 349 946 594 547 350 620 513 451 372 500 474 1 418 71 521 552 431 608 511 347 403 410 436
594 350 948 596 547 350 620 513 451 372 500 473 1 418 71 521 552 431 608 511 347 404 408 436
594 351 948 597 547 351 620 513 451 372 499 473 4 403 75 535 552 432 608 511 347 404 408 436
594 351 948 597 547 351 621 512 452 372 499 473 4 403 75 535 552 432 609 512 345 405 408 436
594 352 948 596 547 351 621 511 452 371 499 474 4 403 75 535 552 431 609 512
592 351 948 595 453 371 499 475 547 352 621 511 4 403 75 536 553 431 610 512 395 392 420 438
592 350 948 595 453 371 499 475 547 352 621 510 4 403 75 536 553 430 610 512 394 391 420 439
592 350 948 595 453 372 499 476 547 353 621 510 4 403 75 536 553 431 610 512 393 391 418 439
592 352 948 594 453 372 499 475 547 352 621 510 4 403 75 536 552 431 609 511 392 392 417 439
592 352 947 593 453 372 499 475 547 352 621 510 4 403 75 536 552 430 609 511 391 392 415 439
592 352 946 594 547 351 621 511 453 371 499 475 4 403 75 536 553 430 609 511
592 352 947 595 548 350 621 512 453 371 499 475 4 403 76 536 553 431 609 511
592 351 947 597 549 349 621 513 3 403 75 536 453 371 499 475 554 433 609 511
591 351 947 597 549 349 621 512 4 403 76 537 453 372 499 475 554 434 609 511 410 392 449 436
592 351 947 598 549 350 621 512 4 403 75 537 453 372 499 474 553 434 609 511
593 350 947 598 549 350 621 512 4 403 75 537 453 372 499 473 553 434 609 512
593 350 946 597 549 350 621 512 4 404 75 537 453 372 499 473 367 397 397 440 553 434 609 512
593 350 946 597 549 349 621 512 4 404 75 537 453 372 499 472 367 395 396 440 553 434 608 512
