

0 181 246 497 636 251 669 291 633 211 673 286 1103 291 1209 473 458 204 488 227 705 225 750 255 957 263 1055 399 1149 298 1252 492 279 206 339 236
0 194 230 555 637 211 677 287 638 251 672 292 1102 292 1207 470 460 204 488 228 708 226 752 255 95 182 242 286 963 260 1061 398 837 264 912 332 902 274 993 372 278 206 336 238
0 197 215 556 640 252 675 292 639 212 679 287 462 204 489 227 995 261 1105 419 277 206 336 237 922 273 1016 376 252 203 274 245 711 227 752 254
0 190 181 563 42 181 204 291 1002 260 1114 416 853 262 940 337 927 272 1019 377 275 203 337 234 647 209 686 285
2 203 162 549 29 179 191 293 861 263 942 336 1011 259 1116 412 464 195 494 219 649 209 689 284 1148 276 1279 698 723 217 769 244 274 201 339 231
8 177 161 294 2 214 139 543 1044 256 1162 430 465 192 495 217 722 215 770 242 872 258 965 340
4 182 141 301 723 212 775 241 466 189 495 214 879 259 966 340 1054 256 1165 431 1 215 126 548 1009 258 1107 400 276 192 337 225
724 209 777 239 1094 256 1213 443 2 257 70 511 892 251 1002 346 466 187 495 212 1008 259 1109 397 655 194 694 265 276 191 335 224
899 253 1001 347 661 231 691 273 725 207 780 237 658 191 696 264 1000 268 1135 404
660 190 698 263 726 205 781 236 910 250 1020 350
728 203 782 234 662 188 699 261 918 253 1020 350 254 185 276 227 1040 301 1193 440
666 228 694 263 666 200 696 249 730 202 782 232 1075 309 1228 449 250 184 273 225
667 226 693 258 731 200 781 229 666 183 692 218 244 183 269 222 1044 225 1247 327
666 205 695 248 729 191 778 223 1050 226 1250 332 665 180 693 222 453 167 492 194 566 156 605 189 968 278 1074 373
665 206 693 247 727 189 781 222 1053 227 1258 342 664 178 692 223 442 167 484 194 985 273 1118 396
665 207 692 245 725 185 782 220 438 162 481 189 663 176 692 223 975 218 1068 281 996 269 1132 402
663 206 690 243 723 180 782 216 662 174 690 224 433 156 476 183 1028 300 1190 441 979 216 1068 281
662 206 689 241 721 175 782 213 550 137 592 175 656 163 694 236 999 216 1087 287 1061 306 1231 462
661 205 688 239 1078 306 1236 468 658 174 687 225 720 173 783 211 1002 214 1090 289
658 205 686 238 656 174 686 226 718 174 784 211
655 205 684 237 654 174 683 227 537 130 579 169 717 175 784 212 1024 214 1119 297 415 144 459 175
1043 227 1146 311 412 144 454 175 532 130 574 169 715 177 783 212 652 206 682 238 647 163 685 232 371 156 388 185 689 165 718 189 1139 249 1244 346
408 144 450 174 714 176 783 212 528 129 571 170 642 161 681 233 1045 228 1148 313 951 210 1039 277 688 164 718 189 1146 247 1242 350
640 161 680 232 405 142 444 171 711 175 783 213 957 210 1037 275 1064 231 1168 321 685 162 718 188
640 176 672 228 404 141 441 168 709 174 782 212 682 159 717 188 962 210 1038 275
638 178 670 228 395 141 434 166 710 165 780 219 634 145 674 217 679 158 716 188 1037 228 1147 315 1219 299 1278 391 1112 253 1224 345
636 178 668 228 395 139 433 166 710 166 778 219 631 145 671 217 1038 229 1146 318 677 157 715 189 1126 242 1269 361
709 167 778 221 634 179 665 227 393 139 431 166 630 146 669 217 676 158 714 189 1044 232 1145 319
709 170 778 222 632 178 664 226 391 139 428 167 507 126 546 164 675 159 714 190 634 156 664 197 1160 274 1278 374 993 214 1092 295
709 172 780 223 632 177 662 226 387 139 425 168 503 125 544 167 1164 276 1278 376 634 158 663 197 141 157 171 196 677 161 714 191 999 213 1090 297 1091 254 1197 341
709 173 780 223 630 176 661 227 382 139 423 168 619 160 637 187 634 158 661 196 1009 231 1090 302
708 172 782 224 380 138 421 168 629 175 659 227 617 159 636 189 120 156 154 198 1160 277 1270 372
707 174 783 226 118 156 150 199 369 140 409 168 621 179 648 222
706 175 785 228 365 138 407 168 618 178 648 224 615 158 636 191 665 162 700 189 1168 257 1267 399
706 177 788 231 362 138 404 169 618 177 647 223 480 111 528 171 614 159 636 193 665 163 700 189 1049 230 1143 321
707 176 792 233 356 139 403 171 476 112 526 171 617 175 646 223 614 159 636 194 664 164 701 192 98 157 128 202 621 199 646 231
710 175 795 236 351 140 401 173 472 114 524 171 614 159 651 230 615 159 637 195 619 198 645 233 662 165 702 194 94 155 122 202
468 114 522 171 712 173 797 238 347 140 399 175 612 159 650 230 618 197 644 234 600 160 615 185 615 160 638 194 662 166 702 196 1 157 24 207
713 173 800 238 614 173 643 225 467 113 523 171 617 197 642 234 600 161 615 186 615 161 638 194 341 141 390 175 662 166 702 196 16 153 101 204 1097 241 1187 314
338 141 388 176 614 173 644 225 718 181 817 251 464 114 513 172 600 160 615 187 616 161 639 194
719 182 821 253 336 142 384 176 615 172 645 225 461 114 512 172 600 161 616 188 616 160 639 194 676 165 717 200
721 183 827 254 334 142 380 176 457 114 512 173 616 172 646 226 600 161 616 188 616 160 639 195 672 164 718 201 1144 260 1241 339
724 184 831 255 331 141 377 177 454 116 511 173 617 171 647 226 615 161 638 195 1163 263 1264 345
727 184 837 259 328 140 374 178 450 117 509 175 618 172 647 224 615 162 637 193 622 197 648 234
741 183 852 266 447 118 507 176 327 141 372 177 615 163 636 193 618 174 645 221
743 183 859 269 445 116 507 178 614 163 634 193 327 140 371 176 628 204 657 239 623 162 662 231
745 185 864 271 441 114 515 178 614 163 633 194 316 147 362 183 628 203 657 239 624 162 663 231
438 113 514 181 756 186 882 276 313 146 359 185 614 164 633 193 629 202 657 238 629 173 659 226
434 113 512 182 756 194 892 285 311 145 355 185 614 164 633 193 629 173 660 226 630 202 657 237 682 168 761 215
759 195 898 287 430 112 511 184 308 145 351 186 1023 212 1197 323 614 164 633 193 629 173 660 226 630 202 657 237 683 169 764 216
422 111 504 187 752 196 912 291 307 145 349 185 614 164 633 194 629 173 659 226 1029 211 1209 328 630 201 657 237 683 170 762 217
766 201 931 294 418 108 502 188 1066 209 1232 339 628 173 659 226 614 163 633 195 312 142 354 177 630 202 657 236 684 171 761 218
770 201 940 299 413 106 500 189 1078 209 1240 344 309 141 352 177 628 173 659 226 614 163 633 195 685 172 759 219 601 163 616 187 629 202 656 236 619 179 640 215 756 168 834 216
774 201 948 304 407 104 498 189 614 163 634 194 628 174 658 226 306 140 349 177 686 173 760 221 600 164 616 188 619 179 642 215 759 167 837 219 629 202 656 235
776 200 959 308 401 102 497 189 615 162 635 193 288 149 328 186 601 164 616 189 687 173 761 222 619 178 643 218 759 169 839 221 304 140 346 176
775 207 975 322 390 100 486 192 687 174 761 223 600 164 616 190 619 176 645 220 616 162 636 193 283 147 331 186 761 170 840 223 615 162 657 231
384 97 487 194 788 199 1002 315 687 175 761 225 600 164 617 192 618 175 644 221 763 172 842 224 616 163 636 194 280 145 332 186 622 198 648 234
795 207 1008 335 378 96 485 196 689 177 764 227 599 164 617 193 618 175 643 219 765 173 845 227 616 164 636 194 622 199 649 235
801 210 1023 344 372 94 484 197 691 178 767 229 600 164 617 193 776 174 859 230 616 164 634 195 623 199 649 235 279 144 328 186
693 177 772 232 356 90 483 201 600 165 617 193 826 216 1077 357 779 174 863 232 247 143 323 192 616 164 633 195 629 170 656 228 623 199 649 235
832 221 1088 374 349 91 469 200 700 177 785 237 783 175 869 233 600 165 617 193 244 141 318 192 629 171 656 228 616 165 633 195 602 179 619 204
342 84 465 204 838 229 1103 401 700 177 788 240 600 166 617 194 242 140 313 192 785 176 873 233 617 165 633 196 629 171 655 228 602 178 619 204 623 200 649 237
335 84 464 205 856 235 1137 408 701 176 791 242 599 166 617 195 250 147 308 189 793 176 887 238 601 178 618 205 622 199 650 239 617 166 634 196
870 239 1164 443 313 84 455 204 701 183 796 249 598 166 616 196 621 199 650 242 601 178 618 205 795 178 890 237 615 166 656 238
886 247 1200 457 300 83 453 208 699 184 800 252 620 199 650 244 799 179 891 237 229 146 293 196 600 178 617 205 618 172 643 222 598 167 616 196
907 256 1227 472 286 80 448 209 699 185 804 253 619 200 649 246 223 147 287 197 601 178 618 206 617 172 642 222 802 180 893 235 598 167 616 197
920 267 1231 482 275 77 443 212 701 186 806 254 618 199 649 246 600 178 617 206 617 172 642 223 804 184 898 246 598 167 615 196 218 159 264 198 142 174 173 216
949 272 1239 493 717 186 818 259 263 69 444 216 618 200 649 247 600 178 618 206 805 184 901 249 614 169 655 240 598 168 615 196 213 160 257 199
225 66 428 226 718 187 823 263 969 281 1242 503 619 200 649 247 600 178 618 207 1152 271 1279 691 817 185 921 254 616 175 640 220 613 170 656 240 598 169 615 195
204 58 424 235 719 188 828 267 822 187 922 256 601 179 618 209 1003 296 1239 500 621 201 649 247 615 177 637 218
189 54 424 238 722 189 830 270 826 189 926 259 601 179 619 209 615 178 635 217 622 202 649 247 1042 303 1250 496 539 166 564 181 625 170 659 243
724 190 834 272 151 55 406 239 602 180 619 209 841 188 944 261 613 180 633 216 628 199 657 248 1060 341 1245 519 632 178 657 225 540 167 563 183 386 159 429 198
125 41 412 272 738 189 850 278 846 190 948 263 629 199 658 249 612 181 631 216 378 159 428 200 603 181 619 209 633 179 658 224 539 168 562 184
98 35 394 283 737 192 862 286 632 199 659 249 612 182 630 215 853 193 952 264 371 159 426 202 634 181 659 225 1144 283 1241 361
67 31 386 289 740 194 870 286 612 183 630 215 633 198 661 248 866 192 971 268 634 181 660 226 368 159 426 203 1151 282 1242 366
743 193 890 296 38 23 384 298 614 184 632 214 635 198 663 248 872 193 976 270 636 182 662 224 360 161 420 206
10 10 357 314 748 197 899 299 617 185 636 214 637 198 667 249 357 162 419 208 637 183 663 221
6 1 349 344 749 200 911 301 621 187 639 215 349 164 419 214 639 198 669 250 897 198 997 287 639 184 663 219
772 197 929 307 9 1 340 368 346 165 419 216 623 188 641 215 641 199 670 248 640 186 662 219 902 199 1001 288
774 198 943 311 340 167 417 218 10 7 321 380 639 187 660 220 625 189 641 214 642 201 667 243 923 202 1019 294
781 197 955 316 334 169 415 221 639 188 657 221 13 16 299 371 927 203 1023 296 651 184 688 258
789 207 970 327 329 171 413 222 639 190 656 220 657 198 685 249 4 0 259 388 659 224 685 260 945 204 1044 297
799 209 985 330 319 171 407 227 640 190 657 220 4 31 240 427 654 186 693 260 661 223 687 261 951 207 1049 298
804 211 994 338 310 172 403 228 641 192 658 219 654 186 695 259 662 222 689 262 3 38 227 424 517 184 539 199 970 209 1068 295
813 211 1006 346 643 193 659 219 655 187 695 259 663 221 690 262 302 173 398 229 516 185 540 201 125 165 242 233 647 204 661 226
276 173 386 234 124 165 232 236 823 212 1019 353 656 189 696 259 644 194 660 219 664 222 691 262 515 186 541 202 647 205 660 225 998 214 1091 281
827 212 1029 359 269 172 380 236 110 168 224 243 662 199 692 249 665 222 692 263 645 194 662 218 514 186 541 202 648 205 661 225 567 185 587 200 997 216 1099 276 1074 257 1166 344
104 169 221 245 250 172 366 241 843 214 1059 366 662 199 693 249 665 221 693 263 646 194 663 218 19 166 110 238 515 186 541 202 649 205 662 224
97 168 215 247 848 214 1075 378 662 199 693 248 15 168 104 240 647 194 663 218 249 171 356 241 516 186 541 202
83 169 203 250 858 215 1089 388 216 171 344 247 662 199 693 248 647 194 664 217 12 169 98 242 516 185 541 202
77 168 202 251 189 175 328 254 871 217 1126 393 663 199 693 249 564 183 586 200
887 223 1159 435 68 176 198 251 662 200 692 249 190 176 319 253 563 183 586 201
905 226 1188 448 130 174 299 265 661 200 692 249 53 170 175 247 668 192 690 220 563 183 586 201
919 230 1217 465 78 175 273 268 661 201 691 248 665 219 694 263 50 171 169 240
936 239 1242 477 60 176 266 273 661 201 691 249 665 219 694 263
949 247 1245 491 21 177 228 283 660 200 691 249 664 221 693 263
967 253 1248 500 660 200 690 249 663 223 692 263 1147 255 1279 704 0 177 177 296 650 206 664 226
0 176 159 304 985 254 1253 506 659 200 689 249 662 225 690 264 1149 255 1279 704 649 206 664 227 968 223 1127 328
