

687 361 764 424 241 324 489 446 898 346 1011 505 668 356 683 376 2 298 213 543 644 356 657 376 0 475 1279 680
686 361 765 424 903 348 1015 506 227 322 488 447 668 356 683 376 2 293 159 556 34 424 1252 688 644 355 657 376
191 319 461 455 687 361 765 424 906 345 1020 506 668 356 683 376 33 421 1253 690 644 356 658 376 440 351 520 405
177 318 455 455 686 363 766 423 908 344 1024 505 668 356 682 375 645 355 659 376 34 418 1246 689
686 362 767 423 912 344 1028 506 135 317 436 459 667 355 682 375 645 355 659 376
913 344 1033 509 687 363 768 422 127 314 430 460 667 355 682 375 416 349 499 405 646 355 660 376
76 293 423 486 687 363 769 422 928 345 1051 516 667 355 682 376 405 349 501 406 646 355 660 376
52 290 411 494 929 342 1055 517 690 362 769 421 667 355 681 375
32 287 402 502 691 361 769 420 933 341 1059 516 668 355 682 375 383 349 487 407
21 287 396 508 694 361 769 419 915 349 1075 518 667 355 681 375 369 349 489 408
14 285 352 514 693 360 769 419 914 346 1081 521 667 356 681 375 354 351 495 424
694 359 770 420 916 346 1086 523 10 273 333 520 667 356 681 375 338 351 478 425
695 359 770 421 921 345 1093 524 6 260 313 527 667 356 681 376 277 345 472 437 1100 327 1140 432
696 360 772 422 262 344 465 441 926 343 1101 521 6 249 285 528 667 356 682 376
696 361 772 424 930 342 1109 521 667 356 681 376 246 345 470 446 8 247 276 530 565 354 598 373 951 434 1151 543
696 362 773 424 207 346 442 456 959 343 1128 522 667 356 681 376 10 253 273 519 948 431 1163 543
697 362 774 425 965 344 1139 525 667 358 680 377 645 358 659 376 186 345 451 454 565 355 597 372
697 362 775 425 969 343 1153 526 124 347 411 481 667 357 680 377 645 357 659 376 1000 442 1203 549
697 363 775 425 61 333 410 515 972 343 1163 526 667 358 681 377 689 359 708 383 646 358 659 375
697 363 776 425 38 337 402 525 1010 340 1181 529 668 358 681 377 690 359 708 383
697 363 776 425 1020 336 1191 533 3 342 340 538 668 358 681 377 690 359 709 383 354 356 462 393 954 334 1053 467
698 362 780 427 0 342 322 541 1026 331 1203 537 668 357 680 377 691 357 709 383 938 402 1093 529 348 357 465 391 961 334 1058 468
698 361 781 428 0 341 305 544 1062 318 1225 553 668 356 680 377 691 357 709 383 940 401 1099 529 645 357 657 376 964 336 1064 467
698 361 782 428 1067 316 1236 555 5 337 299 540 668 357 681 377 691 357 709 383 894 359 943 434 644 357 657 377 970 337 1068 467
699 360 783 427 1073 315 1247 558 9 336 290 542 897 357 949 435 668 358 682 377 974 337 1072 465
700 360 785 426 1112 306 1269 568 902 356 954 434 668 358 684 378 977 335 1075 465 328 360 439 389 0 519 1279 719
702 360 787 427 668 359 683 378 1122 306 1271 573 326 360 437 391 989 335 1091 468 0 519 1279 718
703 361 790 428 994 333 1098 469 668 359 682 379 691 360 709 384 914 357 969 438 1157 324 1269 562 0 518 1279 716 322 359 438 392 645 359 659 377
704 360 793 429 1001 331 1108 472 668 359 681 379 692 361 709 384 918 357 971 436 0 518 1279 716 646 360 658 378 301 358 418 393 64 362 253 424
705 360 794 429 669 360 682 379 692 362 709 383 1008 328 1118 474 29 366 242 418 646 360 658 377 302 358 413 395 0 520 1279 714
707 359 794 428 669 359 683 378 926 355 977 435 692 362 709 383 1011 327 1125 479 24 367 240 413
707 358 796 428 669 359 684 378 692 362 709 383 930 352 979 437 996 351 1149 494
707 358 798 428 669 358 684 377 691 361 709 383 1012 350 1179 503 644 358 656 375 939 352 989 437
707 359 800 427 669 358 683 377 941 353 994 437 692 360 710 383 1041 332 1164 507 643 358 655 376 0 366 126 426
709 358 802 426 944 353 999 438 692 360 709 383 669 357 683 377 1048 332 1167 502 643 358 655 376
709 357 804 426 692 360 709 383 669 357 683 377 947 354 1004 440 1033 357 1196 495 643 358 656 376
710 356 805 426 669 356 684 376 692 360 709 383 1041 353 1200 494 643 358 656 376 959 350 1018 443 1195 318 1239 416
711 357 806 426 961 350 1021 441 669 357 685 377 1057 351 1224 497 692 361 709 383 643 358 656 376 1194 327 1244 414
712 358 805 427 668 357 686 377 1061 356 1228 497 642 358 655 377 965 353 1024 438
713 358 806 427 668 359 685 378 1073 350 1234 500 970 357 1029 437
713 359 807 427 668 359 685 378 1083 351 1239 500 964 388 1045 452
716 357 814 431 668 361 683 380 1093 348 1242 502 693 362 710 385 974 390 1053 452 645 362 657 379
716 357 815 430 669 359 684 378 975 390 1058 452 693 362 710 385 1138 332 1253 510 644 361 657 377 0 518 1279 719
715 358 815 430 981 391 1066 453 669 359 683 379 693 363 710 386 1144 331 1259 518 644 360 656 377 17 408 1262 711
714 358 817 431 1146 331 1263 525 669 359 683 379 693 363 709 386 987 390 1069 452 17 408 1262 709 644 360 656 377 14 369 200 418
714 359 818 431 997 392 1078 455 669 360 683 379 1154 333 1266 534 694 364 709 387 22 413 1261 707 644 360 656 377 3 369 169 421 999 360 1060 437
714 360 818 432 1000 392 1084 456 670 361 683 380 694 364 709 387 20 412 1257 706 645 361 657 379 1161 328 1269 540 0 371 128 422
715 360 818 433 1005 389 1092 457 669 360 682 379 694 364 710 387 20 411 1258 707 645 361 656 379
714 360 818 434 693 364 711 387 670 361 682 380 20 401 1263 710 1009 388 1098 458 645 362 657 380
714 360 819 434 1016 388 1110 460 693 363 711 387 27 399 1262 715 670 361 682 380 3 324 322 433 646 363 658 380 1035 352 1096 445
714 360 819 435 1019 386 1117 461 693 365 710 387 670 362 682 380 646 363 658 380 32 404 1260 716 0 320 280 439 1037 355 1098 446
715 361 819 437 670 363 682 381 693 365 709 387 1025 385 1123 460 646 363 657 380 0 317 260 443 31 407 1255 714
715 361 819 437 670 362 682 380 693 365 709 387 646 361 657 379 1038 380 1138 465 30 411 1250 708 452 367 508 391
715 362 820 438 1040 377 1143 466 693 364 710 387 670 361 682 380 646 361 657 379 629 360 640 380 27 406 1250 708
715 362 821 437 693 363 710 387 1044 377 1146 465 670 360 682 379 646 360 657 378
715 362 822 439 692 364 710 389 670 361 682 380 646 361 658 380 1049 374 1151 465
714 361 822 439 692 363 710 389 670 361 682 381 647 361 659 381 1063 410 1168 478 1067 356 1159 444 48 365 219 421
714 360 821 441 692 364 710 389 1066 407 1176 480 670 362 681 382 648 363 658 382 7 366 213 425 1071 356 1163 445 627 362 639 382
714 360 821 442 692 364 710 389 670 362 681 382 1071 406 1181 482 648 363 658 382 627 363 638 382 8 365 204 425 1077 354 1167 446
714 359 820 443 670 361 681 381 692 363 709 388 1084 406 1197 482 648 362 658 381 627 362 638 382 716 362 732 386 0 364 174 427 1090 336 1191 466
713 359 821 442 671 360 682 381 1089 407 1205 482 692 363 709 387 647 361 658 380 1094 335 1195 467 626 361 637 381 716 362 732 385
713 358 820 441 670 358 683 379 693 361 708 385 647 358 658 378 1094 408 1209 480 626 359 637 379 717 360 732 384 23 338 318 529 1103 352 1194 444
713 358 821 440 671 358 682 378 693 361 708 385 647 357 657 377 17 346 316 433 717 359 732 383 625 358 636 377 1106 330 1209 467
714 357 822 437 671 356 682 377 693 361 708 384 647 356 657 374 716 358 731 381 626 356 637 375 13 345 314 435 32 420 1247 699
714 358 823 435 671 355 682 376 693 360 708 383 647 355 657 373 625 356 636 374 716 357 732 380 1114 314 1227 466 1119 424 1228 476 30 418 1249 702 2 336 244 442
713 357 824 432 671 353 682 375 647 354 657 372 692 359 707 381 625 355 636 373 22 413 1246 701 716 356 732 379 1133 310 1252 467
713 356 824 432 671 353 682 375 692 358 707 381 647 354 657 372 18 414 1248 704 624 355 635 374 1140 312 1256 468
713 357 823 434 671 354 682 375 648 355 658 373 692 359 707 382 11 416 1253 706 624 355 635 374
712 358 823 436 671 355 682 375 8 417 1262 709 648 355 658 373 692 360 707 383 625 355 636 374 10 346 221 442 212 357 352 400
712 359 823 437 671 356 682 376 648 356 658 374 7 418 1262 710 191 357 329 401 691 361 707 384 625 355 636 374 2 348 179 443
713 360 823 436 671 356 683 376 647 356 658 375 691 361 706 384 12 416 1257 709 4 350 172 446 625 355 636 374 181 357 333 403
714 360 823 435 671 357 682 376 647 357 658 374 691 361 706 384 625 355 636 373 15 418 1250 709
715 360 823 434 670 357 682 376 647 357 658 375 691 361 707 384 626 355 637 373 2 356 129 432
716 360 824 432 647 357 658 374 691 360 707 384 670 357 682 376 4 360 122 429 626 355 637 373 509 341 545 364
716 361 825 434 647 357 658 375 691 360 707 385 670 357 682 376 626 355 637 374 4 363 115 431 508 340 544 365
715 361 826 435 648 357 659 376 691 360 708 385 670 357 682 377 626 355 636 374
714 362 826 437 647 357 659 377 669 357 682 378 690 360 710 386 625 356 636 375 135 353 398 427
714 362 826 438 647 357 659 377 669 357 682 378 690 359 710 386 625 356 636 375 83 355 363 433
714 359 825 438 647 356 659 377 669 357 682 378 689 359 710 386 626 355 637 375 67 356 369 435
713 359 826 440 648 357 659 377 670 358 682 379 626 356 636 376 17 362 319 485
712 359 826 440 8 360 312 492 648 357 659 377 670 358 682 378 626 356 636 376
711 360 827 440 3 354 266 497 648 357 659 377 670 358 682 378 625 357 636 376
711 359 827 438 5 357 259 491 648 357 658 376 669 356 682 378 625 357 636 375
712 359 828 438 647 357 658 376 670 356 682 378 626 356 636 375 3 360 248 496
713 360 829 438 647 357 658 376 688 359 712 388 670 356 682 378 626 356 636 374
713 361 829 438 647 357 657 376 688 359 711 388 671 356 682 379 627 356 636 374 25 426 1241 706 385 347 479 399
714 362 830 439 689 359 710 387 647 357 657 377 671 357 682 380 627 356 637 375 385 347 477 399 945 356 1044 405 111 345 345 424 23 431 1241 703
715 362 829 438 689 358 709 387 647 357 657 376 94 349 346 430 628 356 637 374 671 356 682 379 377 348 480 399 24 434 1241 702
714 361 830 439 688 359 709 387 647 357 657 376 628 356 637 375 671 357 683 380 45 364 303 482 375 350 479 398 0 472 1279 686
714 361 829 438 31 356 312 477 687 359 710 387 647 357 657 377 628 356 637 374 671 358 683 380 352 353 461 400
713 362 831 440 20 353 305 485 688 361 710 388 647 358 657 377 627 356 637 375 349 352 460 401 671 359 684 381
713 364 832 440 10 354 261 486 688 361 709 388 647 359 657 378 627 358 637 375 672 360 684 382 342 351 463 401
712 364 832 441 688 362 709 387 647 360 657 378 5 354 250 492 672 360 685 382 627 358 637 376 325 354 436 403
711 363 833 442 647 359 658 378 688 362 708 387 672 360 685 382 3 355 233 489 627 357 637 376 318 353 439 403
710 361 832 442 688 361 707 386 647 359 658 377 671 360 685 382 627 356 637 375 299 353 418 406 4 353 217 492
710 360 832 443 647 358 658 377 687 361 706 387 671 360 685 382 627 356 637 374 5 347 161 453 278 356 432 417
711 358 830 442 647 358 658 376 671 359 686 382 686 360 705 386 627 355 636 373 250 357 413 420
710 357 831 441 671 359 686 383 647 357 658 376 686 360 705 386 214 347 433 433 626 356 636 373
