

462 122 783 465 1107 0 1271 665 766 254 876 355 848 224 952 322 292 360 463 427
449 126 777 466 762 253 873 355 845 224 947 319 274 361 444 428
442 126 775 467 1121 0 1273 692 270 361 441 430 752 256 863 353 841 223 945 317
436 127 770 468 1136 0 1274 683 748 257 859 353 265 362 439 431 842 222 941 317
438 157 758 483 743 256 854 354 245 363 421 433
423 149 742 490 736 254 851 355 205 361 421 442 156 397 260 446
414 145 737 496 726 254 840 354 817 221 925 316 213 365 400 439 139 402 233 451
406 142 728 501 725 262 837 366 816 220 922 315 197 364 376 442 134 401 231 452
395 141 716 504 719 260 832 368 815 219 919 315 196 366 370 444
381 139 710 507 713 256 826 374 801 218 913 319 171 372 363 453
364 138 704 508 699 255 822 374 798 218 910 316 167 373 355 453 94 414 183 462
342 138 702 507 693 254 815 375 793 218 907 315 85 415 183 465
323 137 697 508 686 254 810 376 153 378 312 452 61 417 162 469
308 136 693 510 680 254 809 376 52 416 162 470 137 378 291 453
304 135 689 512 666 251 797 379 132 379 287 455 37 417 139 472
291 127 658 519 660 253 796 378 114 377 261 457 29 416 139 469
274 127 650 519 654 257 794 377 81 374 262 467
249 129 645 517 648 259 791 376 71 373 255 467
217 48 657 532 643 259 787 376 29 371 233 475
209 109 644 541 634 261 782 376 23 370 224 475
198 110 634 544 625 262 778 375 17 371 213 475
618 264 774 374 11 371 201 476
613 264 772 374 171 115 632 545 6 371 174 474
604 260 764 377 5 370 163 474
120 111 602 546 599 261 762 378 4 369 148 475
105 105 595 549 594 262 760 380 0 379 126 468
92 99 589 555 591 263 755 382 0 378 114 470
587 263 750 384 0 378 89 471
584 263 746 384 0 375 82 474
580 262 744 385 0 368 59 478
578 261 744 385 31 75 578 576 754 229 849 327
573 261 744 385 13 65 549 593
570 260 743 386 8 53 545 602
566 260 743 387 1 48 541 608
566 259 744 389 0 41 534 616
565 258 744 389
566 257 746 389
568 257 749 389 0 19 521 580 336 8 579 377
570 256 750 388 0 19 520 578 336 8 580 380
573 256 753 387 0 22 515 573
574 254 756 386 0 24 516 571 783 237 866 319
577 253 760 384 0 24 510 573 784 236 868 319
579 252 762 383 783 236 870 321
582 251 766 381 783 235 873 322
585 249 771 380 783 235 877 324
586 249 778 379 798 235 886 321
595 252 792 376 798 232 890 325 691 182 710 209
0 10 485 636 600 234 790 372 800 228 895 326
604 232 794 370 804 226 898 324
608 230 798 366 806 224 902 322
614 229 803 364
9 11 477 585 619 227 808 364 818 225 916 322
3 14 474 636 625 224 816 364 820 226 920 321
2 14 475 642 628 223 823 363 821 226 925 320
1 14 476 643 631 222 828 361 823 225 927 318
3 12 476 646 633 224 831 359
4 8 478 647 650 221 841 356
4 7 479 648 654 221 842 355 1054 50 1275 415
3 10 481 648 657 219 844 354 1054 51 1276 412
661 217 849 353 0 13 482 647 843 221 945 311
666 214 855 354 0 16 484 645 850 219 944 289
670 211 861 354 0 18 484 642
672 211 865 353 0 17 485 643
675 211 871 354 0 18 486 641 857 220 955 312
676 214 876 354 0 20 489 643 858 217 957 313
678 215 881 356 0 24 488 644 862 218 967 312
679 217 883 355 0 24 487 649 865 220 968 312
694 216 892 356 0 24 484 651 868 222 969 312
698 215 892 356 0 23 483 654 873 222 970 312
703 213 892 357 0 24 483 654 878 222 970 314
706 212 894 359 0 24 483 655 883 221 971 314
710 211 898 359 0 21 481 659 886 221 973 316
712 211 903 360 0 18 478 659 887 221 974 317
715 211 907 359 0 15 477 660 888 224 975 318
716 210 911 360 0 15 474 659 892 228 984 318 709 157 745 180
718 210 913 361 0 13 471 659 894 230 984 318
719 209 916 363 0 12 471 659 896 232 985 318
720 211 917 365 0 13 472 659 897 234 987 318
722 213 919 366 0 16 473 659 897 235 988 318
725 216 922 368 0 20 471 657 899 236 989 320
728 218 924 370 0 22 469 658 899 237 990 321 685 162 723 186
728 222 926 372 0 25 468 665 683 164 720 187
727 224 925 373 0 25 466 676 681 164 719 189
728 226 927 374 0 23 463 688
3 19 460 697 729 226 928 375
5 16 454 703 730 225 929 375
6 17 451 701 731 225 929 376
6 17 448 698 731 226 930 377 662 170 697 195
7 14 447 695 729 228 931 377 662 171 694 195
6 9 445 692 728 229 931 378
8 7 439 692 727 230 932 377
7 5 434 694 726 230 933 377
6 6 428 693 725 230 935 376
4 4 421 692 724 230 936 377 634 181 669 203
4 6 418 692 725 230 935 378 633 181 667 204
3 5 417 691
0 11 422 691
1 16 419 693 741 231 942 376
