

796 364 843 516 561 395 650 439 575 263 592 286 541 73 631 110 636 402 663 432
797 356 859 517 561 395 650 439 541 68 630 103 574 262 592 285 636 404 664 432
800 355 861 520 540 64 631 101 562 397 651 440 574 261 592 284 636 404 667 433
803 351 862 522 538 60 631 98 563 399 652 441 574 261 592 283
804 349 862 524 537 56 630 94 565 398 655 441 574 260 592 283
536 53 630 91 809 355 875 529 571 396 670 438 574 260 592 283
812 354 877 530 536 50 631 89 572 398 671 439 575 259 592 282
815 353 881 531 576 399 670 440 537 47 631 88 575 260 592 282
818 351 884 532 578 399 673 440 540 41 630 81 576 259 593 281 568 402 586 439
822 351 890 533 581 399 676 441 539 39 632 79 571 401 589 441 577 259 593 281
827 350 893 535 582 397 679 441 537 35 634 76 573 400 591 441 578 258 593 281
836 346 901 536 536 30 634 71 599 396 694 440 574 402 593 441 580 258 594 280
845 343 906 540 603 398 696 440 537 25 635 67 575 404 594 441
853 341 911 542 608 400 699 440 545 19 642 64 592 404 609 435 575 405 595 441 587 257 603 280
859 351 927 544 547 16 642 58 611 400 700 441 592 405 612 436 587 257 603 280 575 406 595 442
863 350 932 548 549 11 645 57 591 405 612 438 588 257 604 280
868 350 939 553 550 7 648 54 590 405 612 439 633 403 716 443 590 257 606 281
874 350 947 556 552 2 650 49 637 405 720 443 590 405 611 440 592 257 608 281
880 348 954 557 554 1 651 44 640 407 721 443 591 406 611 441 594 257 609 281 617 408 632 432
887 344 960 560 556 0 655 40 593 407 613 442 642 406 723 443 618 409 632 434 597 256 611 281
892 341 965 561 594 409 615 442 558 1 658 38 618 410 633 435 599 256 613 281
906 343 980 564 595 409 616 443 658 407 733 446 559 1 662 37 619 411 634 436 601 256 616 281
910 344 985 563 596 410 617 444 667 412 731 445 560 0 663 36 620 412 635 436 602 256 617 280
922 352 996 578 597 410 617 445 670 413 734 445 620 413 636 438 603 256 618 280
932 348 1006 586 598 410 619 447 674 414 736 444 619 413 635 440 604 257 619 280
940 344 1015 591 599 410 620 447 617 413 635 441 678 414 737 444 605 257 619 280
948 344 1034 592 698 413 745 444 616 413 635 442 611 256 629 281 601 410 621 447
955 342 1038 596 694 413 748 445 615 412 636 442 612 256 629 281
963 341 1047 599 694 413 751 446 119 430 166 457 614 255 630 281 615 413 637 443
973 339 1057 604 697 413 754 445 118 430 167 457 616 254 631 281 615 413 638 443 1022 452 1106 599
979 336 1064 606 699 413 757 446 118 429 167 458 618 254 632 281 616 413 638 443 1026 459 1115 602
702 413 760 446 118 429 168 457 996 345 1089 603 619 253 634 281 616 413 639 444
999 339 1089 608 118 429 167 457 706 413 759 445 616 412 639 444 620 252 635 280 1049 452 1139 608
1008 338 1095 612 118 429 167 457 617 411 639 444 1057 455 1148 611 709 413 757 442 620 251 636 279
1015 337 1106 614 717 412 770 445 117 429 167 457 616 411 639 445 1063 459 1157 612 621 251 636 279
1024 334 1117 617 718 413 771 444 117 429 166 458 617 410 639 447 641 413 657 439 622 250 637 279
1031 330 1122 620 720 414 774 445 115 430 167 459 617 410 639 448 642 413 658 439 623 249 638 279
1038 334 1140 619 721 414 775 444 113 430 167 459 617 409 640 448 643 412 659 439
1043 333 1143 620 722 415 776 444 616 409 640 448 643 412 659 439
1051 332 1151 625 722 415 777 444 616 409 640 448 643 412 659 438
1058 333 1161 628 723 416 776 444 110 429 166 458 617 410 640 447 643 412 659 438
1066 330 1171 636 724 416 777 443 107 428 165 458 617 411 640 445 643 412 659 438 625 245 640 270
1071 327 1176 639 725 415 777 443 106 427 164 458 617 411 640 445 644 412 659 438 626 244 640 269
1080 327 1204 645 727 414 779 443 104 427 162 458 617 410 640 445 644 412 660 438 626 244 641 269
1086 324 1207 649 729 414 781 443 105 426 160 458 617 410 640 447 644 411 660 438 625 244 641 268
1092 323 1215 651 731 412 782 443 104 426 158 458 617 409 640 447 643 411 660 438 625 244 641 268
1098 322 1220 654 732 412 782 443 104 427 157 458 617 409 640 447 643 411 659 438 625 243 641 268
1107 323 1227 653 617 408 640 447 733 411 782 442 103 427 157 457 643 411 659 438 625 243 642 266
1114 323 1231 653 617 407 640 447 101 427 157 457 734 410 780 441 643 411 659 437 626 242 643 265
1130 319 1248 660 617 407 640 447 100 426 157 456 735 410 780 440 643 411 659 437 625 242 643 264
1134 319 1248 659 617 407 641 448 100 426 156 457 736 410 779 440 643 411 659 438 625 242 643 264
1138 319 1256 661 618 409 641 448 101 426 154 458 744 411 787 443 644 412 660 439 625 242 642 264
1141 319 1263 664 619 410 641 448 103 426 152 458 745 411 788 444 645 413 660 439 625 242 642 264
1145 319 1269 669 744 412 789 444 619 411 641 448 93 428 145 459 646 414 660 439 625 242 642 265
1150 319 1272 671 745 412 789 444 619 411 641 448 93 428 145 458 646 414 661 438
1157 317 1275 674 745 411 789 444 619 411 641 448 92 428 145 458 646 414 661 438
1162 318 1278 675 746 411 789 443 619 411 641 448 91 428 145 459 646 414 661 438
1166 318 1279 678 747 413 789 443 91 428 145 460 619 412 641 447 646 414 661 438
1168 320 1279 679 748 414 789 443 619 411 640 448 91 428 145 460 647 415 661 439
1172 319 1277 680 748 415 789 442 618 411 640 448 90 429 145 461 647 415 661 439
1174 319 1277 680 747 415 790 442 618 410 640 449 89 429 145 461 647 415 661 439
1175 317 1277 681 747 415 789 442 618 410 641 449 89 429 145 461 646 415 661 439
1190 302 1278 694 747 415 790 442 617 410 641 450 646 415 661 439
1192 301 1278 696 748 415 790 441 617 410 641 450 645 415 661 440
1193 300 1279 698 749 416 791 441 617 410 641 450 645 415 661 440
1194 299 1279 699 749 416 791 441 617 410 641 450 85 430 146 462 645 415 661 440
1202 303 1279 691 749 416 792 441 617 410 641 450 83 431 146 462 645 415 661 440
1205 300 1279 693 750 415 792 442 617 410 641 450 82 431 146 463 645 414 661 441
1208 299 1279 693 750 415 793 443 617 409 640 450 82 430 146 463 645 414 661 441
1211 295 1279 696 750 415 793 443 617 409 640 451 82 429 145 463 645 414 661 442
1213 296 1279 694 750 415 793 443 617 409 640 450 83 429 144 463 645 414 660 442
1214 296 1279 695 750 414 793 443 617 409 640 450 82 430 142 463 645 414 660 442
1215 298 1279 694 749 414 792 444 82 430 142 463 617 409 640 450 645 414 660 441
1216 300 1279 693 749 413 792 444 81 430 142 462 618 410 640 450 645 414 661 442
1217 306 1279 688 750 414 792 444 80 429 142 463 618 410 640 449 645 414 661 442
1221 330 1279 707 750 414 791 443 79 428 141 463 618 410 640 449 645 413 661 442
1222 332 1279 707 751 415 790 443 80 428 141 463 618 410 640 449 644 413 661 442
1223 334 1279 707 752 415 790 442 80 429 140 463 617 410 640 449 644 414 660 442
1223 336 1279 706 752 415 789 442 80 429 139 463 617 410 640 449 644 414 660 442
1225 340 1279 703 752 415 789 441 80 429 139 463 617 410 641 450 643 414 660 442
1226 344 1279 700 753 415 789 440 79 429 138 463 616 410 641 449 644 414 660 442
1227 347 1279 697 753 415 788 440 80 429 137 464 616 410 641 449 644 414 660 442
1227 351 1279 694 753 415 788 439 81 429 136 464 616 411 640 448 644 415 660 442
1227 354 1279 692 753 415 788 440 80 429 136 464 614 418 639 456 644 415 660 442
1228 357 1279 692 753 414 789 440 80 429 136 463 614 419 638 455 644 415 660 442 624 239 644 265
754 415 789 441 1229 357 1279 693 79 430 136 463 614 419 638 455 644 415 660 442 624 239 644 265
755 416 789 440 1230 355 1279 695 79 430 136 464 615 419 638 456 644 415 660 442 624 239 644 265
755 416 788 440 1231 352 1279 697 78 430 136 464 644 415 660 443 615 418 638 456 624 239 644 265
755 416 788 440 77 430 137 464 1233 351 1279 697 615 419 638 455 644 415 660 443 624 239 644 265
755 416 787 440 76 429 137 463 1234 351 1278 697 615 419 638 455 643 414 659 443 624 239 644 265
755 417 787 441 77 429 136 463 1234 352 1278 697 643 415 659 443 615 419 638 455 624 239 644 265
756 416 787 440 77 428 136 464 1233 353 1278 698 644 415 659 443 615 419 638 455 624 239 644 265
755 415 787 441 77 428 136 464 644 415 659 443 615 419 638 455 1233 352 1278 700 624 239 644 265
755 414 787 441 77 428 136 463 615 420 638 455 644 415 659 443 624 238 644 265
755 414 787 441 77 428 136 463 615 420 637 455 644 415 659 443 624 239 644 265
755 415 786 440 76 428 136 463 643 415 659 443 615 420 637 455 624 239 644 265
756 415 786 440 76 429 135 464 643 415 659 444 615 419 637 455 624 239 644 265
756 416 786 440 76 429 135 464 643 414 659 443 615 419 637 455 624 239 644 265
