

42 363 222 704 569 425 591 471 992 492 1088 640 864 137 913 229 820 426 1068 501 298 434 316 467 1176 419 1251 576 594 437 616 466 349 433 361 465 1009 190 1070 273
37 361 220 705 569 425 591 471 843 424 1062 502 993 490 1089 641 865 136 912 228 298 434 316 466 594 437 616 466 1179 420 1253 574 1010 190 1070 272 349 433 361 464
32 359 220 706 569 425 591 471 995 489 1091 641 866 135 913 228 861 421 1066 505 298 434 316 465 594 437 616 466 349 433 361 464 1182 421 1256 574 1012 189 1071 271 424 433 438 464 443 433 458 461
28 359 221 707 569 425 591 471 996 489 1091 641 868 134 913 228 594 437 616 466 348 433 361 464 298 434 317 465 1183 420 1260 573 424 431 439 464 1014 189 1072 269 925 422 1069 505 442 432 458 462
26 362 219 707 568 425 591 471 998 489 1092 640 869 133 914 227 932 422 1070 504 594 437 616 466 298 434 317 465 1184 420 1262 572 348 433 361 464 425 431 439 464
24 365 217 705 568 425 591 471 998 489 1092 639 869 132 914 226 954 423 1084 503 594 436 616 467 298 435 317 466 425 429 441 465 348 433 361 465 1185 420 1263 571 551 430 570 470
22 367 214 703 998 490 1094 639 568 425 591 471 870 132 915 225 594 436 616 467 425 427 441 465 296 434 317 467 347 433 361 465 965 417 1083 487 1184 420 1264 569
19 368 211 701 999 489 1095 640 568 425 592 472 871 132 916 225 424 426 441 465 594 435 616 467 295 434 318 467 347 433 361 464 993 412 1091 484
16 367 209 700 999 489 1097 641 568 425 592 472 1002 408 1090 481 871 131 917 225 424 426 441 465 594 435 615 468 294 434 318 467 347 434 361 464 1197 413 1277 576
14 367 207 701 1000 485 1098 642 568 425 592 472 1008 406 1088 474 872 131 919 224 424 427 441 464 594 435 615 468 294 434 318 467 347 434 362 464 1197 413 1277 578
12 366 205 699 1004 406 1085 470 1000 483 1099 644 568 425 592 472 873 131 919 223 424 428 442 463 595 435 615 468 295 434 318 468 347 434 361 465 1197 413 1278 580 552 429 570 472
9 364 204 700 1001 482 1101 645 568 425 591 473 874 131 920 222 995 409 1085 466 424 428 442 463 594 434 615 468 296 433 317 467 347 433 361 465 552 428 570 473 1199 414 1277 578
5 363 203 700 980 411 1075 465 1001 482 1103 646 568 425 591 473 876 131 921 221 423 428 441 463 593 434 614 468 296 433 317 467 552 428 570 473 347 432 360 465
0 359 184 699 877 130 922 220 567 424 591 473 1001 482 1105 646 968 412 1079 464 422 428 440 464 592 433 614 468 552 427 571 474 296 432 316 467 1201 414 1275 579 347 432 359 466
0 359 184 700 878 128 922 219 567 425 591 473 1001 480 1105 646 421 428 439 466 591 433 613 468 964 414 1075 463 1200 412 1275 581 552 428 571 473 296 432 316 467
0 357 182 702 567 425 591 473 880 126 922 217 1001 479 1108 647 420 427 437 467 591 433 613 468 1198 411 1276 582 553 428 571 473 296 432 316 466 347 432 359 466
1 357 180 700 1002 478 1110 649 567 425 590 473 881 125 923 216 419 428 436 467 591 432 613 468 296 432 315 466 553 428 571 473 348 432 360 466 1200 411 1276 583
2 358 179 697 1003 477 1113 651 882 125 924 215 567 426 590 472 590 432 613 468 418 429 436 466 553 428 571 474 295 432 315 466 348 431 360 467
2 359 178 696 1003 476 1114 652 882 125 924 214 567 426 590 473 590 432 613 468 418 430 436 465 553 428 570 474 296 432 315 466 348 432 360 467
1 359 178 697 1004 475 1115 653 883 125 925 214 567 426 590 473 590 432 613 468 418 430 435 466 553 428 570 474 1203 410 1276 580 295 432 315 465 348 432 359 467
1 358 175 699 1005 475 1115 653 883 125 926 213 568 426 590 473 1202 409 1276 579 418 430 434 468 854 410 938 469 590 432 613 468 553 428 570 473 296 433 315 464 348 432 360 466 400 430 413 466
1 358 173 699 1007 475 1115 653 883 125 927 213 568 426 590 473 845 411 939 470 1202 408 1277 581 418 429 434 469 591 432 613 468 398 429 412 467 553 428 570 473 295 433 315 464 348 432 360 466
1 359 172 699 1007 474 1116 654 884 124 928 213 826 412 930 471 1202 405 1278 584 568 426 590 473 418 429 434 468 398 429 412 467 590 432 613 468 553 428 570 473 295 433 314 465 348 433 360 466
0 358 172 699 1007 473 1118 654 884 125 928 212 1203 404 1278 585 568 425 590 474 810 411 933 471 418 430 434 468 398 429 413 468 591 432 612 469 295 434 314 465 553 429 569 473 349 434 360 466 326 434 339 467
0 357 170 700 1006 473 1118 655 884 125 928 212 1204 401 1277 586 568 425 591 474 788 408 919 472 399 429 414 468 591 432 612 469 418 430 434 467 296 434 314 465 552 429 569 473 349 434 360 466 326 434 339 467
0 356 168 701 885 124 928 212 769 409 926 473 1006 472 1119 655 568 425 591 474 399 428 415 469 1205 395 1277 587 590 432 612 469 418 430 434 467 296 434 314 465 349 433 360 466 326 434 339 467 552 429 569 473
1 356 167 700 885 124 929 212 569 424 591 474 399 428 415 469 1007 473 1118 654 747 408 903 472 591 432 613 469 1206 396 1278 587 296 434 314 466 349 433 360 466 418 430 434 466 326 434 339 467 552 430 569 473
1 356 165 702 886 123 929 212 569 424 591 475 399 427 415 469 1007 475 1118 653 591 433 613 469 296 434 314 467 348 433 360 467 552 430 569 473 1206 396 1279 588 326 434 339 467
2 355 164 703 886 123 929 211 569 424 591 476 1008 476 1118 651 398 427 415 469 593 433 613 470 717 410 878 473 295 433 314 467 348 434 360 467 552 431 569 473
2 357 163 703 886 123 928 211 1008 477 1119 652 691 408 857 475 569 424 591 476 398 428 414 469 593 434 613 470 295 433 314 468 552 431 569 474 348 434 359 468 1208 437 1278 608
2 358 162 701 886 122 928 211 1008 476 1120 653 569 424 590 476 398 428 414 469 671 408 834 476 593 434 613 470 295 433 314 468 1208 435 1278 608 552 431 568 474 348 434 359 468
1 358 162 698 886 122 929 211 1009 475 1121 654 398 428 414 469 570 424 590 476 592 433 612 470 1207 433 1278 607 295 433 314 468 348 434 360 468 552 431 569 474
1 357 161 698 886 122 928 210 1010 475 1121 655 398 429 413 470 570 424 590 476 629 410 778 478 591 431 610 470 1207 431 1277 609 295 434 314 468 349 435 360 467 552 430 569 474
1 357 161 698 1011 475 1121 655 886 123 928 210 397 429 413 470 570 424 590 476 610 417 789 477 1208 430 1277 610 295 434 314 468 349 435 361 467 552 430 569 473 377 434 390 467 419 432 433 465
1 357 161 698 1011 475 1120 654 397 429 412 470 886 122 928 210 588 414 762 479 569 424 589 475 295 434 314 468 1209 431 1277 612 349 435 361 467 552 430 569 471 419 432 433 465 377 434 390 467 327 436 339 469
0 356 162 698 1011 476 1119 653 397 429 412 470 886 122 929 210 295 434 314 468 349 435 361 467 1209 432 1277 613 566 428 588 466 377 433 390 467 419 432 433 465 327 436 340 468
0 355 162 698 1011 476 1119 652 396 428 411 470 887 110 928 209 295 433 314 468 349 435 361 467 1209 430 1277 614 376 433 389 467
0 354 162 698 1011 476 1118 653 886 122 929 210 396 428 411 470 519 413 689 482 295 433 313 468 349 435 361 467 1208 430 1277 615 376 433 389 467
0 354 163 699 1010 475 1118 654 886 122 929 210 395 428 411 471 295 433 313 468 498 415 663 483 1208 428 1277 614 349 436 361 467 376 433 389 467
1 353 162 699 1010 475 1119 656 886 122 929 211 395 428 410 471 295 433 313 468 500 418 657 480 1208 429 1277 612 349 436 361 467 1035 180 1097 262 375 434 389 467
1 353 161 699 1010 475 1119 656 886 122 929 211 394 428 410 471 461 410 594 482 294 433 314 468 375 434 389 468 1035 180 1097 261
2 353 160 698 431 406 610 486 1010 475 1120 657 886 122 929 211 393 429 409 470 1077 424 1108 466 294 433 314 467 375 434 389 468 1035 180 1097 261
2 354 159 697 1011 475 1120 657 886 122 929 211 418 410 589 484 1074 425 1107 468 391 428 407 468 376 433 390 467 294 433 314 468 592 433 612 468 1035 180 1097 261
2 355 160 697 1011 476 1121 657 886 122 929 212 592 432 612 470 570 428 591 474 1069 424 1107 468 294 433 314 468 1209 432 1277 610 1035 180 1097 261
2 356 160 696 570 427 591 476 1011 477 1121 656 886 121 929 212 593 433 613 470 294 433 314 468 1209 432 1278 609 1035 180 1096 261
2 357 160 695 571 426 591 477 1010 477 1122 656 886 121 929 212 551 428 567 475 594 432 614 471 1208 431 1278 609 293 432 314 468 1034 181 1096 261
2 357 159 694 571 426 592 477 1009 477 1123 657 886 122 929 212 551 428 567 475 594 432 614 471 1044 420 1105 471 1208 429 1277 609 1035 181 1096 261
2 357 158 696 1032 415 1111 471 570 425 592 476 886 122 929 212 1008 477 1124 657 551 428 567 475 594 432 615 470 1207 429 1277 608 1035 181 1096 261
3 358 157 697 1024 411 1112 472 570 425 592 477 886 123 929 211 1007 477 1124 656 595 432 615 471 551 428 567 474 1035 181 1096 261 96 432 120 470 1207 430 1277 607
1016 407 1113 472 3 360 157 697 570 425 592 477 234 394 421 487 886 123 929 211 595 432 615 471 1006 477 1124 656 551 428 567 474 1035 180 1096 261
1013 406 1113 472 3 361 158 696 570 424 592 477 886 123 929 211 596 432 615 471 1006 477 1123 655 551 428 567 474 1035 180 1096 260
3 360 158 696 1003 407 1103 473 571 424 591 478 886 123 929 211 596 432 615 471 1005 476 1123 656 551 428 567 475 379 428 394 470 1035 180 1096 260
995 405 1104 473 3 360 160 695 571 424 591 478 377 429 392 470 886 123 929 211 596 432 615 471 551 428 567 475 1004 475 1123 657 1035 180 1096 260
986 405 1104 475 2 358 160 696 571 424 591 478 377 429 391 470 140 397 318 489 596 431 615 471 886 122 929 211 551 428 567 476 1004 476 1122 658 1035 180 1096 260 348 437 361 470
981 405 1103 475 2 356 161 697 571 424 591 478 377 429 391 470 596 431 615 471 886 122 929 212 551 428 567 476 125 394 307 488 1003 475 1122 658 1035 180 1096 260 348 437 361 470
976 405 1104 476 2 354 161 697 571 424 591 478 376 430 391 470 596 431 616 471 886 122 929 212 551 428 567 476 1004 474 1122 658 1035 180 1096 260 347 437 360 470 1206 430 1277 606
971 404 1105 476 2 354 160 695 571 425 591 478 375 430 390 470 597 431 616 471 886 122 929 212 551 427 568 476 1005 471 1122 659 1205 429 1277 606 1035 180 1096 260 347 437 360 470
963 406 1092 476 2 358 161 693 571 425 591 477 374 430 390 470 597 431 617 471 886 121 929 212 551 427 568 476 1006 470 1122 660 1206 429 1277 607 347 437 360 470 1035 180 1096 260 294 435 314 466
962 406 1092 475 2 360 160 694 570 425 591 477 374 430 389 470 597 432 617 471 886 122 929 212 551 427 568 476 1006 470 1121 659 65 418 200 480 346 437 360 469 1206 429 1277 607 1035 181 1096 260
962 406 1086 476 2 363 159 693 570 425 591 477 597 432 617 471 373 430 388 470 886 122 929 212 551 427 567 476 1006 471 1121 659 1207 428 1277 608 346 437 359 469 1035 181 1096 260
962 405 1078 478 3 364 158 692 570 425 591 477 598 431 617 471 373 430 388 470 886 122 929 212 551 426 567 475 1006 470 1121 660 1207 428 1277 609 1035 181 1096 260
962 404 1071 480 3 367 159 690 570 425 590 477 598 431 617 471 886 121 929 212 373 430 387 470 551 426 567 474 1006 470 1121 660 1207 428 1277 610 1035 181 1096 260
2 366 159 690 964 406 1066 479 570 425 590 477 598 431 617 471 372 430 387 470 886 121 929 212 550 427 567 474 1007 469 1121 661 1207 428 1277 610 276 432 301 467 1035 181 1096 260
2 364 159 692 570 425 590 477 598 431 617 471 372 431 387 470 886 121 929 212 550 427 566 474 1011 457 1119 638 894 406 1052 477 1207 428 1278 610 276 432 300 467 1035 181 1096 260
2 361 158 694 570 425 590 477 888 408 1054 477 598 431 617 471 372 431 387 470 886 121 929 212 550 427 566 474 1012 456 1118 638 1207 428 1277 611 276 432 300 467
2 359 158 695 886 409 1051 476 570 425 590 477 598 431 617 471 886 121 929 212 1013 456 1117 638 550 427 566 474 372 431 386 470 1207 429 1277 611
2 359 158 695 570 425 590 477 1014 456 1116 639 599 431 617 470 886 121 929 212 550 427 566 474 888 410 1045 475 372 430 386 470 1207 429 1277 611
2 359 158 696 570 425 590 477 1015 457 1115 639 886 121 929 212 599 431 617 470 372 431 386 470 550 427 566 474 868 409 1034 477 1207 429 1277 611 293 433 314 467
2 359 158 696 570 425 590 477 599 431 617 471 1016 457 1114 639 864 409 1030 476 886 121 929 212 371 431 386 470 550 427 566 474 1207 429 1277 611 348 435 360 468 293 433 314 467 1035 181 1096 260
2 359 159 696 570 425 590 477 599 431 618 471 1014 478 1118 651 886 122 928 212 371 431 386 470 866 409 1022 476 1207 429 1277 611 550 427 566 473 348 435 360 468 293 433 315 467 1035 181 1096 260
2 359 159 696 570 425 590 477 599 431 618 471 1014 479 1119 650 886 121 928 212 371 432 386 470 1207 429 1277 612 549 428 566 473 837 409 1015 481 348 435 361 468 293 433 314 467 1035 181 1096 260
2 359 159 697 570 425 591 477 599 431 618 471 1015 482 1119 649 886 122 928 211 370 432 385 469 549 428 565 473 1208 429 1277 612 835 407 1010 481 348 435 361 468 293 433 314 467
2 358 160 697 570 425 591 477 599 431 618 471 886 122 928 211 1015 485 1119 648 370 432 385 469 549 428 565 473 1039 385 1109 582 1208 429 1277 612 830 406 959 485 349 435 362 467 276 432 300 467 293 433 314 467 919 420 984 631
2 358 160 699 815 406 940 485 569 425 591 478 599 431 618 471 1038 383 1108 584 887 107 929 212 1015 486 1118 647 369 432 385 469 548 428 565 473 1209 429 1277 612 349 434 362 467 277 432 300 467 293 433 314 467
807 406 942 484 2 358 161 698 569 425 591 478 1034 382 1108 584 599 432 619 471 886 122 928 211 1015 485 1118 648 369 432 385 469 548 428 565 473 1209 429 1277 612 350 434 363 467 277 432 300 467 294 433 314 467
802 407 940 484 2 357 161 698 569 425 591 478 1028 382 1105 584 599 432 619 471 886 122 928 211 1014 485 1117 650 368 432 384 468 547 429 564 473 350 433 364 466 1209 429 1277 612 277 433 300 467 294 433 314 467
794 407 940 485 2 358 161 698 569 425 591 478 1025 382 1104 586 599 432 620 470 886 122 928 211 1012 483 1116 651 547 428 564 473 368 432 384 468 351 433 364 466 1210 429 1277 612 277 433 300 467 293 433 314 467
2 357 161 699 778 408 930 486 569 425 591 478 1023 383 1101 588 599 431 620 470 887 107 929 212 1011 482 1115 653 351 433 365 466 546 428 564 473 1210 429 1276 612 368 433 383 468 277 432 300 467 293 433 314 467
770 410 934 487 2 357 162 700 569 424 591 478 1018 384 1099 589 887 107 929 212 599 431 620 470 1010 481 1115 654 352 432 365 466 545 429 563 473 1210 429 1277 612 369 433 383 468 277 432 300 467 293 433 314 467
760 412 936 488 2 357 162 700 569 424 591 478 1009 385 1095 590 887 107 929 212 599 431 620 470 1009 481 1115 654 352 432 366 467 1209 429 1277 613 544 429 563 473 369 433 383 468 277 432 300 468 293 433 314 467
2 357 162 700 755 410 933 487 569 424 591 478 1000 383 1090 591 886 122 929 211 599 431 620 470 352 431 367 467 1006 481 1115 654 544 429 563 472 1209 429 1277 613 368 433 383 469 277 432 300 468 293 433 314 467
746 411 912 490 2 357 162 700 569 424 591 477 998 383 1085 592 886 122 929 211 599 431 620 470 352 431 367 468 1004 481 1115 655 545 430 563 472 1209 429 1277 614 277 432 300 468 293 433 314 467 368 433 383 469
738 411 915 490 2 356 162 701 570 424 591 477 997 383 1082 593 886 122 929 211 599 431 620 470 352 431 366 468 1003 480 1116 657 547 430 564 473 277 432 300 468 1209 430 1277 613 293 433 314 467 369 433 383 469
723 404 916 496 2 356 161 700 570 424 591 477 886 122 928 211 599 431 620 470 990 386 1066 599 352 431 366 468 1002 478 1115 657 276 433 300 468 548 430 565 473 1209 430 1277 613 293 433 314 467
715 404 908 496 3 356 160 700 570 424 591 477 989 386 1061 607 887 107 929 212 599 431 620 470 352 431 367 467 999 477 1115 658 276 433 300 468 294 433 314 467 1210 430 1277 612
705 404 903 495 3 356 160 699 985 388 1055 608 570 424 591 477 887 107 929 212 599 430 620 470 351 431 367 467 889 483 1106 665 276 433 299 468 294 434 315 467 1210 429 1277 611
3 356 160 699 699 403 899 494 981 391 1051 604 570 424 591 477 887 108 929 212 888 481 1107 665 599 431 620 470 351 431 366 466 275 433 299 468 294 434 315 467 1210 428 1277 612
3 356 160 699 679 406 878 495 972 392 1044 605 570 424 591 477 887 108 928 212 891 479 1106 665 599 431 620 471 351 431 366 467 276 433 300 468 294 434 315 467 1210 428 1277 611
677 404 869 496 3 356 160 698 965 391 1038 610 570 424 591 477 887 108 928 212 599 430 620 471 351 431 366 467 895 478 1104 665 276 433 300 469 1209 427 1277 611 294 434 315 467
668 403 859 497 3 356 159 697 959 395 1034 638 570 424 591 477 887 108 928 211 994 472 1118 662 351 431 365 467 599 430 620 471 276 433 300 469 1209 427 1277 611 294 434 315 467
657 402 851 497 2 356 159 696 957 397 1030 636 570 424 591 477 887 107 928 212 994 472 1117 661 599 431 619 471 350 431 365 467 1208 427 1277 611 276 433 300 468 294 434 315 467
3 357 159 695 649 401 845 496 570 424 591 477 887 107 929 212 955 398 1028 635 995 472 1117 660 599 431 619 470 350 431 365 467 1208 428 1277 611 276 433 300 468 294 434 315 467
3 357 159 694 630 402 829 498 998 473 1117 660 570 425 591 476 887 107 929 212 936 388 1011 644 350 431 365 467 599 431 618 470 1207 429 1277 612 276 433 300 468 294 434 315 467
624 401 823 499 3 358 159 694 938 375 1011 627 1000 473 1117 661 887 107 929 212 570 425 590 476 350 431 365 467 598 431 617 470 277 433 300 468 1208 429 1277 612 551 430 569 475 294 434 315 467
617 400 817 500 2 358 159 694 936 370 1008 630 1000 473 1117 661 570 425 590 476 887 107 929 212 350 432 365 468 597 429 616 470 276 433 300 468 552 430 569 474 1208 429 1277 613 294 434 315 467
606 401 808 501 3 358 159 694 1001 473 1117 660 570 425 589 475 887 107 929 212 930 392 1005 646 350 432 364 468 595 428 614 468 552 429 569 474 276 433 300 468 294 434 315 467
598 401 801 501 2 357 160 694 1002 473 1118 660 570 425 589 474 887 107 929 212 925 399 1002 645 349 432 364 467 276 433 300 468 552 430 569 473 294 434 316 467
594 401 796 501 2 356 160 694 887 121 928 212 349 431 364 467 1003 473 1119 660 569 426 588 472 920 406 1000 646 276 432 300 468 294 434 316 467
