

807 150 892 207 354 155 452 202 568 142 619 188 3 231 88 317 124 210 235 273 940 157 961 197
808 151 891 208 352 156 453 202 3 232 85 317 567 141 619 190 117 211 215 277 942 158 963 197
808 151 891 211 351 156 452 203 3 232 80 319 566 141 619 191 113 212 214 278 943 160 963 197
809 151 892 211 351 156 452 203 107 211 212 279 2 232 68 321 567 141 618 191 944 190 1039 250 1086 193 1118 288
809 151 893 213 350 156 452 203 0 230 64 323 562 138 615 193 102 211 212 281 945 190 1040 250 1092 194 1133 291
810 151 893 215 349 157 453 203 563 137 614 193 1097 197 1136 292 0 230 59 323 98 212 212 281 949 189 1040 250
809 151 893 216 563 137 614 194 350 157 451 203 89 214 191 287 1103 198 1139 294 0 226 56 323 948 189 1042 250
809 150 893 216 562 137 613 194 337 157 440 205 83 214 186 288 1109 197 1142 298 0 234 40 320 953 189 1042 251
810 150 893 215 336 155 439 205 560 136 613 195 76 212 184 289 1117 193 1158 299 955 189 1043 251 1222 209 1270 282
810 149 892 214 333 154 439 205 558 136 612 195 67 212 168 294 1122 194 1161 298 960 189 1044 252 1226 207 1275 284
810 148 893 212 330 152 439 205 555 136 610 194 60 210 167 294 1128 195 1164 299 966 185 1064 255 641 137 663 152
811 147 896 211 328 151 439 205 552 136 609 194 966 183 1067 255 53 211 164 293 639 135 663 152 1134 193 1167 301
813 146 899 209 326 150 437 205 550 136 607 194 967 183 1072 255 1146 189 1185 304 40 213 143 295 638 134 662 151
814 145 901 210 325 150 434 204 548 136 606 194 31 211 143 297 1152 189 1190 307 969 183 1074 255 153 190 268 262
814 144 902 210 547 134 604 195 323 149 432 204 26 211 138 296 1157 188 1195 309 969 183 1075 256 182 192 283 253
817 146 910 212 543 134 603 196 323 149 430 204 1167 184 1212 313 16 210 118 299 972 182 1073 257
818 146 910 213 540 134 601 196 308 149 419 207 10 209 115 300 973 183 1073 258 1173 187 1219 315
818 146 911 213 537 134 600 196 305 149 420 207 988 185 1097 262 7 209 110 298 1189 191 1238 315 982 155 1004 197
819 146 910 216 535 135 600 197 304 149 420 206 989 184 1100 263 1192 184 1242 322 7 211 109 298 127 193 242 264
819 147 912 218 533 134 593 199 301 148 419 205 991 184 1101 265 7 211 111 298 986 155 1010 200
819 147 913 220 531 133 591 201 300 148 416 205 995 184 1100 266 7 210 114 298
820 146 916 221 528 132 590 201 298 148 414 204 979 161 1021 239 8 210 115 300 1011 187 1119 269 104 193 220 270
821 146 916 222 525 132 588 202 298 149 412 205 982 161 1023 239 7 209 118 300 1012 188 1120 271 108 193 216 270
822 146 917 224 522 132 587 203 295 150 412 206 7 209 118 301 1012 204 1133 281 110 194 211 271 984 161 1025 241
823 146 918 224 518 132 584 204 293 151 410 208 1016 205 1132 284 6 210 116 299 994 161 1033 245 108 194 208 271
820 154 921 225 515 131 582 206 276 149 401 213 1028 205 1153 290 998 160 1035 248 7 210 111 300 105 192 206 272 617 134 643 151
820 154 923 225 511 132 580 208 1029 206 1155 292 275 149 401 214 999 160 1039 249 7 209 110 300 88 208 187 275 618 135 642 151
821 154 927 226 510 135 579 209 1034 207 1158 293 271 150 401 214 1001 161 1043 249 85 207 183 275 618 136 640 152 6 209 111 300
822 154 931 227 266 150 399 214 504 134 572 210 1037 208 1160 294 1004 163 1046 249 60 208 165 280 617 136 639 152
822 153 934 228 501 133 571 212 262 150 397 215 1045 207 1181 299 1007 162 1048 249 60 209 165 280
822 152 936 228 499 137 572 213 259 150 394 216 1050 208 1186 300 55 210 163 281 1008 162 1049 250
495 135 569 214 824 151 938 228 259 151 392 215 1020 160 1059 253 1048 197 1194 304
491 135 567 215 825 149 940 228 246 150 382 218 1023 159 1062 254 1072 207 1206 301 29 212 141 290
488 134 563 217 833 145 947 225 242 150 385 218 1025 158 1067 254 1073 208 1213 301 1124 159 1171 239 24 212 139 293
484 134 560 218 833 144 949 226 239 150 386 218 1028 157 1070 255 1074 203 1226 307 9 212 122 297 1125 159 1174 237
833 143 952 227 235 150 385 218 480 132 558 218 1084 200 1237 309 6 211 122 299 1030 156 1072 253
473 131 549 222 833 143 954 227 233 150 383 219 1093 199 1246 310 3 210 119 302 1044 154 1085 255 1146 157 1191 233
832 143 957 227 468 128 547 223 229 149 380 219 1045 151 1089 256 1100 212 1252 318 1 209 115 303
832 142 959 227 465 127 544 225 228 149 377 219 1046 151 1093 254 1110 210 1264 320 2 209 111 302
832 141 964 227 459 124 541 226 1118 207 1267 324 228 149 372 218 1048 150 1097 254
832 140 968 228 454 124 539 226 1126 204 1270 328 214 148 361 219 1066 151 1113 256
834 139 972 228 446 126 531 229 210 148 361 219 1137 204 1273 332 1066 147 1116 264 1192 144 1236 220
441 126 529 230 836 138 973 229 207 148 361 220 1144 206 1275 333 1069 147 1121 264 1198 145 1241 220
433 124 527 234 837 137 973 229 204 149 361 220 1156 221 1275 330 1073 149 1123 262
425 121 525 237 835 127 985 233 199 150 361 220 1170 204 1274 341 1092 149 1139 265
838 128 986 235 425 114 522 240 196 150 359 220 1093 161 1145 270 1175 206 1273 342
418 114 520 243 838 130 988 237 194 151 357 219 1095 162 1150 273 1201 204 1276 349
410 115 514 247 839 132 992 239 184 153 339 226 1113 163 1164 276 1213 243 1279 352
841 134 998 240 400 115 508 251 182 154 337 226 1115 164 1170 278 1215 243 1277 353
844 135 1004 242 181 155 334 227 382 124 495 256 1109 156 1192 286 1222 245 1279 355 765 137 783 169
846 136 1008 243 377 124 494 259 184 157 330 229 1112 156 1198 286 764 137 783 169
849 140 1010 246 360 128 497 258 188 160 325 230 763 138 784 171 1118 157 1206 287
352 129 491 262 851 143 1012 248 187 163 321 232 762 137 784 173
859 149 1022 252 341 129 485 268 167 160 307 234 761 138 784 175 1165 178 1219 304 665 138 680 155
863 150 1022 254 331 129 481 273 162 161 310 236 761 137 783 175 1153 161 1239 303 665 139 681 155
867 151 1024 257 158 163 307 236 308 132 466 276 1157 167 1247 304 761 137 782 175 664 140 682 155
870 151 1025 260 298 126 465 286 159 164 302 237 761 136 781 176 1163 172 1257 306 664 140 682 155
871 151 1030 262 283 132 454 302 147 164 277 237 761 137 780 176 1167 176 1263 305 664 140 681 155
872 150 1033 263 269 128 450 307 143 164 271 239 760 138 780 176 1167 223 1267 311 1214 170 1273 329
874 149 1042 263 242 137 425 309 125 163 253 238 760 138 780 176 1174 223 1269 312 1034 189 1113 257
878 149 1052 264 217 130 430 320 126 163 243 239 759 139 780 175 1193 222 1279 315 587 137 610 153 573 140 591 156
881 149 1061 265 196 125 429 330 1197 223 1278 316 1046 181 1138 258 587 137 611 153 129 164 232 239 573 140 592 156
882 148 1067 266 177 142 392 331 1050 178 1144 261 1213 225 1278 319 587 137 611 152
884 148 1071 268 148 123 405 348 1217 227 1278 319
884 146 1076 270 120 122 391 366 1221 226 1279 319
893 146 1085 273 82 123 374 378 1242 228 1279 323
892 145 1091 274 56 122 364 390 1084 173 1189 264 513 143 540 168 666 138 680 155
896 145 1102 285 25 117 328 417 1088 171 1195 268 571 139 594 154 667 138 681 155
900 143 1109 288 11 110 312 446 571 139 594 154
904 142 1117 290 0 100 296 479 1108 170 1214 272 572 139 595 153
908 143 1123 290 0 96 281 497 1110 169 1222 274 572 138 596 153
912 144 1132 290 1 109 238 534 572 138 597 153 742 138 760 177
915 146 1140 290 572 139 596 153 161 189 254 248 8 101 208 552 741 137 760 177
927 145 1162 297 0 91 156 568 571 139 596 154 129 168 242 249
931 144 1165 299 1145 166 1270 286 571 139 596 154 0 96 130 559 120 170 245 246
939 145 1171 304 571 139 596 154 72 167 245 263
944 147 1181 308 45 165 227 266 571 140 595 154
946 148 1193 313 35 166 222 267 572 139 595 155
946 149 1204 315 27 166 218 268 571 139 596 155
959 150 1223 325 17 167 213 269 570 138 597 155
963 154 1229 329 8 168 210 270 569 139 597 156 1215 184 1279 317
968 157 1240 333 1 168 208 269 10 218 61 294 568 139 597 157 268 159 292 232
970 159 1257 333 0 168 208 270 569 139 597 158 267 160 291 230
968 150 1273 353 1 169 184 270 569 140 596 158 723 156 743 184 226 166 244 231
974 152 1279 359 0 168 181 273 722 156 743 185 568 140 596 158 224 166 242 233
983 153 1279 366 0 169 177 275 721 156 743 185 567 140 595 158 222 167 241 235 251 160 272 235
990 155 1279 373 0 170 172 275 721 156 743 185 566 140 595 159 250 161 272 235 223 168 241 235
999 155 1279 380 0 171 166 275 720 156 742 185 566 140 595 159 247 162 269 234
1006 158 1279 386 0 172 160 275 719 156 741 185 565 140 595 159 244 162 267 235 720 140 738 169
1011 158 1279 394 0 171 154 277 719 156 740 185 565 140 595 159 719 140 738 170
1015 159 1279 400 0 170 148 280 718 155 739 184 563 139 595 159 718 139 738 170
1023 165 1279 404 0 169 142 283 718 154 739 185 564 138 594 158 718 139 738 172 1002 155 1029 200
1056 156 1279 416 3 169 136 285 718 154 738 185 718 139 737 172 564 138 594 157
1065 159 1279 424 0 179 132 284 718 153 738 186 718 139 737 171 565 138 594 156 509 144 540 169 491 145 529 173
1071 157 1279 431 0 177 126 286 718 153 736 185 718 140 736 171 564 138 594 156 509 143 539 168 491 144 529 172
1091 159 1279 436 4 168 107 289 717 153 736 185 717 140 736 170 563 137 593 156 509 142 539 167
1100 151 1277 445 716 153 735 184 0 177 94 289 716 141 736 170 562 137 593 156 509 142 539 166
1111 161 1275 483 0 190 93 293 715 154 735 184 715 141 735 170 561 137 593 156 510 142 539 165
