





















688 322 808 414 513 313 588 378
688 327 812 419 517 318 592 383


638 375 669 408
654 376 693 409
658 376 694 407

749 329 901 445
590 333 672 404 755 327 906 446
595 329 675 402 976 441 1263 701 864 408 1043 568 802 375 912 514
605 330 683 399 985 428 1267 703 729 351 767 389 714 352 742 390 872 403 1042 569 807 376 915 512
607 331 688 400 992 412 1267 704 876 402 1045 567 828 374 989 510
609 332 692 403 790 312 953 448 684 347 708 399 829 373 985 514 992 400 1265 704 909 399 1097 585
609 333 696 408 793 308 957 451 732 353 764 393 685 346 707 405 830 373 983 518 991 393 1263 705 913 399 1094 586
794 307 962 459 611 338 696 414 989 391 1263 701
796 309 963 462 687 368 708 419 991 395 1264 693 612 342 695 416 829 364 985 515 736 374 760 410
612 352 698 430 802 304 985 470 687 366 709 425 733 373 761 414 864 389 1045 551
611 354 698 431 802 302 990 468 687 368 710 425 1008 437 1200 634
798 295 996 467 609 353 700 433 728 353 803 407 685 368 710 425 1057 395 1269 676
798 290 997 466 605 354 697 432 719 353 798 405 867 359 1057 524 683 368 708 426
795 283 995 467 600 353 694 433 716 353 796 404 868 354 1056 526 1118 401 1277 673 1013 399 1205 593
793 275 997 468 712 353 795 403 865 351 1062 527 591 353 681 428 1023 399 1204 593 1133 397 1279 676
707 351 790 403 586 352 677 428 866 348 1062 523 1042 391 1268 595
579 352 672 430 787 260 1001 447 862 326 1181 551 1058 388 1269 598 704 350 785 401 654 354 690 428
868 323 1193 557 775 255 983 451 650 352 686 431 689 350 771 400 1100 359 1279 621 573 353 668 432 758 359 786 387
870 320 1205 559 773 252 983 452 686 350 768 400 563 357 655 429 647 353 686 431
876 315 1216 563 770 247 986 448 557 357 650 433 681 351 765 401 638 355 680 434 1131 351 1279 631
749 214 1004 457 875 311 1235 561 632 357 675 434 552 359 646 434 678 351 762 401
749 211 1006 454 626 355 669 436 882 311 1244 559 665 351 748 402 540 360 631 433
750 207 1005 456 621 355 666 437 931 297 1263 557 663 351 746 402 537 361 628 430
751 202 1005 460 658 351 742 401 611 359 655 438 530 360 622 431
750 197 1006 465 605 359 650 440 654 353 738 401 523 360 620 432 895 357 1036 507
740 210 1051 455 598 356 644 443 511 361 606 433 640 353 723 402 898 358 1037 512 711 359 745 387
738 207 1059 459 595 354 642 446 507 361 605 440 637 354 721 404 908 355 1033 521
740 198 1074 467 589 359 635 446 503 360 601 447 636 355 719 404
744 189 1086 479 498 365 602 462 589 372 632 455
747 178 1105 493 588 372 631 456 494 365 598 463
748 169 1121 501 587 371 629 456 490 364 598 464 630 361 714 413
756 157 1137 509 585 371 628 458 485 363 590 464 629 362 713 414
762 146 1148 514 482 363 587 466 582 372 625 459 629 362 711 413
765 113 1263 534 476 364 584 466 577 371 622 460 617 360 698 416
764 109 1257 533 469 363 583 467 574 370 618 459 614 359 695 415 1112 340 1274 609
760 107 1253 535 609 359 691 415 462 362 582 469 566 373 607 459 1123 284 1277 600
758 105 1251 538 455 363 563 469 563 373 604 461 607 360 690 415
450 364 559 471 559 372 601 462 606 361 688 416
444 362 557 473 554 369 596 465
762 82 1275 563 550 366 594 466 448 360 553 479 593 361 671 419
766 68 1278 577 541 369 582 465 417 360 547 483 589 361 667 418
768 46 1279 596 537 367 581 464 413 357 543 481 657 358 696 391
775 14 1279 593 534 367 579 466 411 355 538 479 657 358 694 389
776 15 1279 631 531 365 575 468 404 356 532 482 657 358 693 391
783 5 1279 650 528 363 573 471 396 357 526 486 658 359 693 393
791 4 1279 667 523 359 570 470 389 355 522 487 566 359 649 418 659 356 691 393
802 2 1279 683 385 352 521 489 521 360 569 469
816 6 1275 698 382 349 520 492 520 360 568 469
832 1 1273 704 377 348 522 499 521 361 569 470 660 358 690 391
848 0 1272 703 373 345 523 502 520 361 570 470 561 357 653 419 655 359 692 389 638 359 677 390
860 0 1273 701 357 344 517 500 518 361 570 472 560 356 654 420 650 360 694 391
873 0 1271 702 353 343 515 503 558 356 655 420 513 359 560 476 645 357 696 392 846 345 895 431
882 3 1267 700 345 342 514 508 511 357 561 477 557 356 653 419 643 355 697 392 848 346 905 430
914 13 1269 697 337 340 512 511 507 355 561 478 555 355 652 418 639 348 698 399 866 352 918 427
928 13 1265 699 329 340 509 513 503 355 558 480 554 355 651 418 869 348 922 427 645 354 698 392
953 15 1265 702 320 342 504 522 553 357 651 420 498 355 553 485 871 346 926 432 648 357 697 392
981 32 1268 706 312 344 499 532 552 358 648 420 873 345 932 434 477 352 550 493 651 357 694 392
1006 49 1271 709 873 344 937 438 470 354 543 496 552 361 644 422 304 345 497 542 655 359 689 393 798 360 850 442
1030 56 1271 707 283 344 482 534 551 361 643 422 875 342 939 439 468 354 540 497 798 357 852 444
277 345 474 538 531 363 632 427 464 354 536 502 887 343 946 444 1058 97 1275 676 799 357 855 447
266 344 467 543 889 340 952 443 528 363 631 426 461 353 534 505 1122 121 1279 646 818 354 869 451
256 343 462 548 448 354 522 515 892 339 960 445 524 363 630 426 817 351 870 453
443 355 519 515 245 330 460 567 894 338 964 444 522 363 628 427 817 351 872 454
439 355 515 515 229 329 466 574 521 364 626 427 908 340 975 450 817 351 876 456
435 356 509 518 504 363 608 432 911 338 983 454 818 353 879 457
213 330 450 591 432 356 503 523 503 362 610 431 901 336 1003 459 801 355 893 456
205 328 448 595 429 358 499 526 502 362 611 432 907 335 1010 460 803 354 895 456
196 330 442 597 424 360 495 529 498 363 613 435 915 336 1019 460 776 371 820 453
181 330 442 602 419 362 491 533 496 363 610 437 777 369 822 456 942 338 1043 461 755 374 796 450 823 365 917 468
167 332 443 612 414 362 486 538 493 365 607 440 942 341 1045 464 777 368 824 459 755 373 796 453 821 361 909 476
