

139 651 214 719 780 401 831 455 22 412 1053 719 216 651 267 719
140 650 214 719 780 399 833 454 28 416 1051 719 216 650 267 719
140 650 214 719 781 398 835 453 216 650 268 719
140 650 213 719 782 398 835 453 34 417 1060 719 216 650 268 719
140 650 213 719 31 417 1062 719 0 621 36 719 216 650 269 719
140 649 213 719 15 443 1090 719 0 621 36 719 217 650 269 719
140 649 213 719 14 444 1090 719 0 618 35 719 217 650 269 719
140 649 213 719 18 446 1083 719 0 616 35 719 217 650 269 719
140 649 213 719 23 446 1072 719 0 618 36 719 217 650 269 719 793 402 846 457
140 649 213 719 18 448 1067 719 793 403 849 457 0 621 36 719 217 651 268 719
140 649 214 719 22 448 1065 719 0 621 35 719 794 403 852 456 217 651 269 719
140 650 214 719 20 448 1065 719 0 620 35 719 216 651 269 719 794 401 854 455
140 650 214 719 18 446 1072 719 0 621 35 719 216 651 270 719
140 650 214 719 11 448 1076 719 0 619 34 719 216 651 270 719
139 650 215 719 9 450 1073 719 0 618 34 719 487 418 514 459
139 650 215 719 8 450 1064 719 0 616 34 719
139 649 214 719 15 448 1049 719 0 616 35 719
139 649 215 719 0 615 35 718 23 449 1038 719
139 649 215 719 0 616 34 718
139 649 215 719 0 616 34 718
139 649 214 719 0 618 35 717 219 655 278 719
139 648 214 719 0 616 35 717 219 655 278 719
139 648 214 719 0 616 36 717 218 655 279 719
139 648 214 719 218 655 278 719 0 615 36 717
139 649 213 719 0 617 37 716 218 655 278 719
139 650 213 719 218 655 278 719 0 618 37 716
139 651 214 719 219 655 279 719 0 619 36 716
139 652 214 719 218 655 279 719 0 619 36 716
139 652 214 719 0 620 36 716 219 655 279 719
139 652 213 719 0 620 36 716 219 655 279 719
139 652 213 719 218 655 279 719 0 619 36 717 818 391 877 444 70 451 980 719
139 652 213 719 219 654 278 719 819 392 877 446 63 448 989 719 0 617 36 717
140 651 213 719 55 444 1003 719 820 393 878 446 219 653 278 719 0 617 36 717
55 444 1008 719 140 651 214 719 821 393 878 447 219 653 277 719 0 618 36 717
139 651 213 719 81 447 985 719 219 654 277 719 0 619 36 717
68 454 996 718 138 651 214 719 220 655 278 719 0 620 37 717
58 459 1012 713 138 651 216 719
820 389 876 443 31 462 1047 709
819 389 876 444 886 392 916 416 26 459 1060 709
818 390 878 446 882 392 912 416
818 391 878 446 138 651 217 719
817 392 879 446 137 651 217 719
815 393 878 447 50 459 1035 712 137 652 217 719
812 394 876 448
809 395 873 450
808 396 871 451
803 395 864 450 883 397 910 426
798 398 861 450 16 447 1063 711 138 650 216 719
793 398 865 452 21 447 1057 713 139 649 216 719
788 400 863 451 26 452 1050 716 139 649 215 719 760 404 797 429
787 400 863 452 13 454 1062 716 140 649 215 719 755 403 792 427
781 399 861 452 7 455 1078 718 140 649 215 719
776 397 859 454 0 456 1116 718 727 407 770 430 140 650 216 719
768 399 846 456 0 456 1147 713
766 400 841 459 705 411 746 434 0 455 1162 712
761 401 835 461
754 406 832 464 0 447 1112 716
747 407 811 463 0 448 1078 718
743 406 811 465 137 651 219 719
735 408 806 464 137 650 217 719
0 453 1080 719 139 649 216 719 729 409 805 464 216 652 268 719
0 452 1079 719 721 408 792 463 139 649 216 719 215 652 268 719
716 407 789 464 140 650 217 719 216 653 268 719
710 408 783 467 140 651 218 719 689 411 721 433 217 653 267 719
139 650 218 719 680 410 719 436 789 420 815 467 705 409 780 468
697 411 762 470 787 421 812 469 138 649 218 719 664 413 700 436 679 410 715 435
693 412 757 470 658 412 697 437 784 420 809 469 137 648 218 719
687 413 753 470 781 417 806 469 138 649 218 719 657 413 692 437 642 416 671 435 532 425 574 451
631 413 673 436 683 410 752 470 139 650 217 719 509 424 550 452
674 411 740 468 768 424 792 467 139 652 217 719 625 412 669 436 505 423 552 452
669 409 737 472 609 412 650 438 766 424 790 469 138 651 217 719
663 410 731 472 761 424 786 471 608 413 645 437 759 400 780 444 138 651 218 719 591 416 620 437
658 410 727 471 756 421 783 473 583 413 618 438
650 411 718 473 565 415 602 437
646 411 714 474 558 413 598 436 744 423 771 472
639 411 709 473 741 424 769 474 557 411 591 433 540 414 577 435
634 410 704 473 738 424 766 475 140 651 218 719 529 412 575 436 736 398 763 446
626 411 694 473 140 650 217 719 733 426 763 474 218 655 267 719 729 392 768 463
622 412 690 473 140 650 217 719 731 425 762 474 218 655 267 719 725 393 766 462 505 413 558 437
617 413 685 473 141 651 217 719 218 656 267 719 503 414 551 438 722 393 763 464
611 413 680 473 140 652 217 719 217 656 267 719 721 406 762 481
607 412 677 473 140 653 216 719 216 656 268 719
600 412 671 473 138 654 217 719 459 414 509 436
595 412 667 473 138 654 218 719 457 412 501 436 711 397 738 448 716 439 744 485
589 412 663 474 436 414 477 438 714 440 742 486 711 398 737 447
585 411 658 473 434 413 479 438 707 422 735 474 710 399 737 447
582 411 655 473 702 408 742 481 709 440 738 487 432 414 471 437 708 400 735 448
571 411 648 473 699 407 739 483 707 441 736 489
567 412 645 474 697 408 738 484 704 442 734 490 390 410 430 436
562 413 642 474 695 409 737 486 383 411 433 438
561 413 639 474 694 410 737 487 381 411 429 439 139 653 218 719
558 412 635 475 139 653 218 719 688 398 713 448
554 411 633 476 690 403 730 486 139 653 218 719 687 398 712 449
549 412 626 477 689 404 730 487 139 653 217 719
546 413 625 478 688 405 730 488 139 652 216 719
542 415 624 478 688 405 731 489 139 652 216 719
538 416 621 477 688 405 730 489 139 650 216 719
534 416 618 477 139 650 216 719 689 404 730 488 694 441 722 493
