


211 365 307 459

184 364 285 464 589 355 610 373
587 355 609 374 179 366 280 463
587 355 609 374 163 366 263 470
587 355 608 375
587 356 608 375
587 356 607 375
586 356 606 374
586 356 605 373
586 355 605 373
585 355 604 372


571 358 599 380
571 359 599 381
570 360 599 381
569 359 598 380
569 359 597 380
569 359 596 380
568 360 596 381 510 364 549 397
567 360 596 382 508 365 549 397
566 361 595 383
566 361 594 384
565 361 593 384
563 359 593 384
562 358 593 384

















535 357 571 385
535 358 570 385 435 372 477 416
534 359 568 386 435 373 475 416
533 361 567 388 435 374 474 416
464 376 501 410 531 363 566 390
530 363 566 390 463 377 500 410
531 363 564 390
458 377 494 413
437 378 477 419
436 377 478 418
436 378 478 418
436 378 477 418







409 381 454 421
410 381 452 420 623 350 639 359
624 350 639 360
756 363 802 397
757 364 804 396
208 375 307 463 668 358 690 372
204 371 306 465 668 359 690 374
667 361 689 375
667 363 688 377
667 365 687 378 776 367 820 417 287 384 382 451
667 366 686 379 779 368 822 417
666 365 686 379 777 367 828 422
666 365 684 379 779 367 831 422
666 363 684 378 263 384 352 455
263 386 353 455 666 363 683 378
262 388 354 454 665 363 683 378
446 363 517 412 261 390 350 454
441 363 515 412
439 363 512 412
435 361 511 412
432 360 509 413
430 359 508 414
650 357 666 373 421 362 506 418
416 361 505 420 649 359 665 374
410 360 502 421 648 359 664 375
404 359 499 421 647 360 664 375
401 359 497 421 647 360 665 375
401 359 494 421 646 359 665 375
385 359 490 426 645 359 665 376
380 359 489 426 644 359 665 377
376 359 484 427 642 359 664 378
373 360 479 428 642 360 662 379
372 360 476 430 643 362 659 379 759 371 847 430
349 360 473 433 761 372 847 432 834 375 1003 469
