

359 269 401 286
357 269 402 287
356 269 402 287
356 269 404 287
357 269 404 287
359 269 404 287 328 262 376 283
360 269 403 287 327 263 378 284 287 260 324 279
362 268 402 286 328 263 376 284 288 261 325 280
362 268 402 286 290 263 324 280 331 264 373 284
362 268 402 285 332 263 370 284 291 262 324 280
362 267 402 285 331 263 372 284 290 262 325 279
362 267 402 286 332 263 372 284 290 261 326 279
363 267 402 286 291 262 327 280 332 263 372 284
363 267 402 286 292 262 326 280 333 263 370 285
364 267 402 285 333 263 371 285 292 263 326 280
332 262 372 284 364 267 402 285
332 262 374 284 365 267 402 285
333 261 375 284 365 267 402 284
334 261 375 284 366 267 401 284 292 262 327 279
336 262 375 285 367 267 399 284 292 261 328 278
337 262 373 284 367 266 399 283 293 260 327 277
337 262 374 282 367 265 399 283 293 260 327 276
337 260 375 281 366 264 401 282
337 260 377 281
337 259 378 281
339 259 376 280
339 260 374 279 368 263 402 280
340 260 372 278 368 263 403 280
368 263 403 280 340 260 372 278
368 262 404 280 339 259 372 278
368 262 404 279 339 259 372 278
339 259 372 278 368 262 403 279
339 259 373 278 368 262 403 279
339 260 374 279 368 262 402 280
338 259 376 279
339 259 376 280
339 259 376 280
339 259 376 280 367 264 404 280
339 259 376 280
338 258 377 281
338 258 377 281
338 258 377 280 293 259 331 274
338 258 375 280 294 259 331 274
339 258 374 279 368 262 402 279 294 259 330 273
340 258 373 278 368 261 402 279 294 259 329 273
341 257 374 277 368 261 402 278 294 258 327 272
341 257 375 277 368 261 401 277
340 257 374 277 368 261 402 278 294 258 328 272
340 257 374 277 368 261 402 278 294 258 328 272
340 257 374 277 367 261 402 279 294 258 329 272 987 334 1015 375
340 257 375 277 367 261 402 278 985 334 1012 374
341 256 377 276 366 260 400 277
342 256 377 275
342 255 377 274
964 336 989 371 343 255 378 273
962 334 985 370
960 333 983 367
958 331 981 366
957 329 980 365 356 247 400 268
955 327 979 364 361 247 401 266
955 326 980 364 365 246 403 265
954 325 980 363 382 246 422 264
953 326 980 363 380 244 421 264 1 229 20 273 337 241 370 258 413 249 448 264
382 243 421 263 1 229 21 274 412 248 449 264 341 241 371 257
411 248 451 264 385 242 421 262 1 230 23 276 343 242 371 257
385 241 421 262 412 247 452 263 2 230 25 276 343 242 372 257
384 240 422 262 343 241 373 256 2 230 25 275 413 246 451 262 1 210 24 236
384 240 422 262 343 240 374 256 414 246 450 262 2 229 23 273 1 210 23 236
385 241 421 261 342 241 373 257 413 247 450 262 2 228 20 274
385 242 422 262 342 242 373 258 413 248 449 263 2 227 19 274
384 243 423 263 341 242 373 259 2 226 19 274 413 248 449 264
382 244 424 264 2 227 19 274 341 243 372 259 412 249 449 264
380 244 426 264 410 249 449 265
379 245 427 264 408 249 449 265
379 245 425 264 409 249 449 265
381 245 422 264 410 249 449 264
368 244 406 263 410 248 450 263
368 244 404 262 409 248 450 263
408 248 450 264 368 243 404 261
368 243 404 261 408 248 450 263 836 310 865 345
408 248 450 263 368 243 404 261 955 324 979 362
367 243 404 261 408 248 450 262
367 243 403 261 407 248 451 263
368 243 403 261 407 248 450 263 811 305 835 341
368 243 402 261 406 248 450 263
368 242 402 261 407 248 449 263
367 242 402 262 409 248 448 262
366 242 401 262
366 242 400 262
365 242 399 262 322 243 351 256 390 247 426 262
365 244 398 262 390 248 424 263 322 244 350 257
365 244 398 262 390 248 423 263
365 245 398 263 390 248 423 263
365 245 397 263 390 248 423 263
365 245 397 263 390 248 423 264
365 244 398 264 390 248 423 264
365 244 398 263 707 301 745 335 715 288 741 320 390 248 423 263
714 288 738 322 704 301 741 334 365 243 398 263 389 247 424 263
