

2 365 145 704 353 406 448 554 601 400 707 654 653 448 704 536 40 395 185 551 340 484 455 604 1009 473 1121 658 886 120 929 213 570 426 589 476 229 423 382 485 1204 412 1277 585
354 405 447 555 0 368 146 705 594 405 703 652 649 451 697 536 344 484 453 603 38 396 178 545 1010 473 1121 657 221 422 384 486 886 120 929 213 570 426 589 476 1203 412 1277 585
193 422 378 488 356 404 447 552 582 404 687 656 0 371 143 707 347 485 451 603 1010 473 1122 657 886 120 929 213 37 397 174 541 569 427 590 475 647 454 690 536 1203 413 1277 585
580 403 683 658 357 403 446 552 0 373 139 706 192 421 369 488 632 451 682 539 350 484 450 601 1010 473 1121 656 886 120 929 214 52 392 159 541 1204 413 1278 584 566 429 590 472 785 424 810 463 1035 181 1096 260
579 401 677 657 359 404 446 551 628 451 676 540 0 374 132 705 163 421 353 488 355 468 450 602 1010 473 1121 655 886 119 929 214 786 423 810 463 1205 414 1279 584 565 429 590 471 53 392 156 539 1035 181 1096 260
576 396 671 657 359 404 447 553 624 450 671 539 0 373 130 703 1010 473 1121 655 357 485 448 596 886 119 929 214 786 422 810 463 141 420 332 487 1206 413 1279 584 1035 181 1096 260
359 404 447 553 575 394 664 654 1 368 129 701 141 421 321 488 1010 473 1121 655 360 486 448 594 886 119 929 214 622 454 666 535 786 422 810 463 567 428 588 470 1206 414 1279 583 1035 181 1096 260
359 403 448 553 568 395 659 650 2 360 133 701 123 420 294 489 1010 474 1121 655 362 487 448 592 612 451 658 534 886 119 929 214 786 421 810 463 1205 414 1279 583 1035 181 1096 260
359 403 449 552 560 395 652 646 3 355 136 700 609 450 654 534 100 420 268 489 362 487 448 592 1009 475 1120 654 886 119 929 214 785 421 810 463 1206 428 1277 608 1035 181 1096 261
360 402 450 551 3 355 135 701 603 447 649 533 363 486 446 591 1009 476 1119 652 552 394 647 641 886 119 929 214 71 420 252 489 785 422 810 463
3 353 132 702 538 389 629 645 71 418 241 490 361 403 451 549 599 443 644 534 363 485 447 591 1009 477 1118 651 886 119 929 214 784 422 810 463 1035 181 1096 261
532 387 627 648 3 352 128 703 54 417 219 490 361 403 450 547 360 468 450 600 1009 477 1118 651 886 119 929 214 783 422 810 463 583 437 636 536 1208 430 1277 609 1034 180 1096 260
526 387 624 653 2 356 127 700 362 402 449 547 361 468 449 600 579 438 630 535 886 119 929 214 1009 477 1118 652 782 422 810 463 47 417 181 486 1207 430 1276 608 1026 416 1106 464 1034 180 1096 260
521 389 620 653 51 415 169 488 360 400 448 547 1 364 125 697 360 468 449 601 574 440 623 534 886 119 929 213 1019 411 1107 464 1008 475 1119 653 781 422 810 463 1207 431 1276 608 1034 180 1096 260
516 390 617 653 361 400 448 547 1 367 128 696 53 414 159 488 363 485 445 590 886 120 929 213 1003 411 1102 463 1007 475 1119 653 780 422 811 462 571 445 617 533 1207 431 1276 608 1034 180 1096 261
360 399 447 549 508 394 611 652 2 366 132 698 989 409 1104 466 363 487 445 590 886 119 929 213 557 443 605 536 1006 474 1118 654 779 423 811 462 1207 431 1276 608 1035 180 1097 261
361 399 446 551 3 363 135 701 487 377 622 672 978 410 1104 467 363 487 444 590 886 120 929 213 552 446 596 537 1007 476 1117 653 598 430 620 469 1207 431 1276 609
360 398 445 552 3 362 135 704 485 391 585 662 962 409 1087 467 362 487 444 590 886 120 929 213 598 430 620 470 570 422 593 472 535 440 584 540 1007 476 1117 652 1207 431 1276 609
360 397 445 553 482 392 579 662 3 360 135 705 362 486 444 591 533 443 579 540 963 411 1080 465 886 120 930 213 570 423 591 473 598 430 620 470 1008 478 1117 651 1207 431 1276 609
360 396 446 553 475 392 568 661 2 359 135 705 362 485 444 591 570 424 591 473 529 448 572 537 886 119 930 214 598 430 620 469 1008 478 1117 651 1207 431 1276 610
2 359 134 705 359 395 446 555 466 391 559 660 362 485 444 592 570 424 591 473 886 119 930 214 598 431 620 469 1008 478 1118 652 511 447 561 536 989 419 1104 469 1207 431 1276 610
2 360 134 705 359 394 446 557 457 387 550 659 509 450 557 534 570 424 591 474 361 486 443 592 886 119 929 214 990 417 1103 470 598 431 620 469 1008 478 1117 653
1 361 138 703 360 394 443 559 506 449 552 535 570 424 591 475 984 416 1103 471 361 487 443 592 886 120 929 214 598 431 620 470 452 384 545 659 1007 477 1117 654 760 427 795 463
1 361 141 703 360 395 441 562 431 391 534 657 571 424 591 475 983 418 1102 471 886 120 929 213 598 431 620 470 361 489 442 591 761 426 793 463 1007 477 1117 654 502 449 545 536
1 360 141 703 427 391 530 655 361 397 439 562 571 424 591 476 886 120 929 213 598 431 620 470 984 420 1098 470 762 425 791 462 1006 476 1117 654 482 442 536 537 362 490 442 590
1 359 140 704 422 394 524 652 480 445 530 538 362 399 438 564 571 424 591 477 966 420 1083 469 886 120 929 213 598 431 620 471 1006 476 1118 654 807 415 937 471 761 425 789 462 368 492 432 590
1 359 141 704 420 395 520 653 970 421 1073 467 363 401 437 565 477 449 523 538 571 424 591 477 886 120 929 213 598 431 620 471 1006 476 1118 654 369 494 431 590 1208 433 1277 606
1 359 143 704 411 396 515 654 571 424 591 477 886 120 929 213 599 431 620 471 1005 475 1119 656 970 421 1065 466 365 402 438 569 459 447 513 542 370 496 430 591 1207 433 1277 606
1 359 144 704 403 397 511 653 571 424 591 477 457 449 504 541 886 120 929 213 599 431 620 471 1004 474 1119 657 552 431 568 474 1207 433 1276 606 372 498 427 593
1 358 145 704 726 411 870 473 379 382 520 672 571 424 591 477 452 451 496 540 886 120 929 213 1004 473 1119 657 599 431 620 471 363 489 414 593 295 434 316 467 552 432 568 474 1207 433 1276 607
1 358 145 704 363 384 500 673 705 410 849 474 571 424 591 477 886 120 929 213 1005 473 1119 657 599 431 619 471 438 442 485 544 364 490 411 593 883 413 1017 475 296 434 316 467 552 432 568 474
1 357 145 704 375 397 474 659 434 448 477 542 571 424 591 477 886 120 929 213 1005 473 1119 657 599 431 619 471 350 433 364 468 296 434 316 467 552 432 568 474 1205 417 1276 580
1 357 144 704 371 399 466 661 571 424 591 477 886 120 929 213 1006 474 1118 656 598 431 618 471 429 454 469 540 350 432 364 469 846 418 943 476 295 434 316 467 552 432 568 474 1205 416 1277 581
1 357 144 704 367 400 454 662 626 412 778 477 820 418 937 477 570 425 591 476 886 120 929 213 1007 474 1119 656 350 431 365 470 597 430 617 471 295 434 316 467 552 431 568 473 1206 415 1278 582
0 357 145 703 808 416 939 478 363 399 448 662 886 120 929 213 570 426 590 475 1007 475 1119 656 603 410 756 480 350 432 365 469 295 434 316 467 552 432 569 472 1207 414 1278 583
0 358 144 703 886 120 929 213 1007 475 1120 657 358 398 445 656 801 415 939 478 602 409 749 477 349 431 363 468 294 433 316 468 1208 413 1277 584
770 417 927 483 1 358 144 703 339 394 431 665 886 120 929 213 1007 476 1120 657 293 432 316 468 1208 413 1277 584
1 358 143 704 744 420 912 484 332 396 431 662 886 120 929 213 520 411 685 481 1007 475 1121 657 292 432 317 468
736 421 911 483 1 357 142 704 327 400 428 661 492 413 666 481 886 120 929 213 1007 473 1121 658
1 357 142 704 319 402 421 658 718 420 882 483 886 120 929 213 1006 472 1120 659 500 412 652 477 1208 430 1277 608
1 358 142 704 309 405 415 655 696 421 856 484 886 120 929 213 1005 472 1119 659 369 401 453 561 1208 430 1277 608
1 363 141 702 281 393 432 677 437 405 583 482 366 401 453 559 662 422 846 485 886 121 929 213 1005 471 1119 660 599 431 620 469 1208 429 1277 608
2 366 139 701 438 402 571 480 365 404 451 556 656 423 840 485 886 120 929 213 286 402 388 661 598 432 618 469 1005 472 1119 659 572 427 592 472 1208 429 1277 608 362 493 447 588
3 367 137 700 286 401 380 662 569 423 590 474 365 403 449 554 630 423 824 485 886 120 929 213 598 430 618 468 1006 474 1119 657 1074 426 1107 460 361 491 448 588 1208 429 1277 609
283 402 367 662 3 363 137 703 569 424 590 474 365 402 448 551 605 422 797 486 1007 476 1119 656 886 120 929 213 596 428 617 466 362 490 448 588 1067 427 1108 462 552 429 570 474 1209 430 1277 610
277 398 355 661 2 359 139 707 580 422 779 487 365 399 448 551 1008 478 1118 654 886 120 929 213 567 423 589 470 362 490 447 588 1049 429 1107 462 593 425 615 460 93 431 122 471
269 395 347 659 2 358 140 708 366 399 449 550 1008 478 1118 653 886 120 929 213 577 424 771 486 565 422 589 463 364 491 447 588 1042 428 1109 464 93 431 123 471
2 359 142 708 366 398 452 553 886 120 929 213 1008 478 1120 654 1028 421 1108 468 261 391 345 655 561 424 741 485 364 491 448 588 93 431 122 471 1209 430 1277 609
242 386 332 659 3 360 140 708 1020 418 1108 468 366 398 454 553 539 423 710 485 886 120 929 213 1008 475 1122 656 364 489 448 589 288 442 335 542 94 430 122 470 1209 430 1277 609
236 385 329 658 3 361 138 708 364 400 455 551 1005 418 1103 469 284 447 331 541 528 421 688 486 886 120 930 213 364 487 448 590 1007 474 1123 657 747 427 770 465 1209 429 1277 609 94 430 122 470
236 387 325 657 994 419 1104 469 4 360 137 707 364 403 453 550 280 452 327 541 886 120 930 213 364 488 447 589 747 427 769 465 1007 473 1123 658 1209 429 1277 609
228 391 321 657 4 360 139 705 364 405 453 548 985 420 1102 469 886 119 930 214 364 489 447 589 747 425 769 465 1007 473 1123 659 1209 428 1278 609
217 395 317 659 4 358 140 704 364 405 453 550 970 421 1083 470 886 119 930 214 365 490 447 588 260 449 308 544 1007 472 1122 659 447 424 615 482 744 422 768 465 1209 427 1278 609 320 426 341 470
967 420 1079 470 194 377 325 680 363 406 452 551 5 356 140 703 448 424 605 483 254 452 302 545 886 120 930 213 365 490 448 588 1008 471 1121 658 83 410 238 481 1208 413 1278 584 597 429 623 467 319 427 341 469
968 419 1069 469 363 406 451 552 189 377 325 679 5 359 140 700 438 421 573 482 886 120 930 213 598 432 621 468 366 489 448 588 1009 472 1121 658 80 407 231 480 569 424 594 466 240 447 289 549 1207 414 1278 583 1077 425 1106 453 319 428 340 469
362 407 450 552 5 362 139 699 569 424 591 473 236 451 283 548 599 433 620 470 886 120 929 213 366 488 448 589 189 396 285 666 1009 472 1120 657 953 419 1053 469 71 406 199 483 425 420 544 483 1207 414 1277 582 747 425 767 464
362 407 450 549 186 396 276 668 4 364 140 697 569 425 590 474 427 420 532 483 599 432 620 470 365 487 447 590 886 120 929 213 747 426 766 465 1008 472 1120 656 782 428 810 466 231 456 275 547 58 404 166 483 1206 415 1277 581 957 418 1044 469
181 399 267 670 360 407 449 549 4 364 140 696 569 425 590 474 365 487 446 590 747 426 766 465 1008 473 1119 655 599 432 620 470 886 120 929 213 431 422 522 479 216 450 259 546 783 429 809 466 1206 416 1276 581
175 399 259 668 3 364 142 698 359 407 448 550 569 425 590 475 365 488 446 590 213 451 256 544 886 120 929 213 599 432 620 470 745 427 765 466 1008 475 1119 653 760 429 786 466 1206 417 1276 580
3 362 140 701 168 397 250 664 360 407 446 551 570 425 590 475 365 489 446 588 886 119 929 213 740 427 763 466 599 432 620 470 1009 479 1117 651 208 452 250 542 761 431 788 465 1206 416 1275 579 853 419 941 474 74 499 166 681
4 359 140 704 360 406 446 550 570 424 590 475 164 398 242 656 365 490 446 588 886 119 929 213 600 432 620 470 1010 482 1116 650 740 428 764 464 1206 415 1275 579 844 419 943 474 267 421 392 482
148 391 227 666 813 422 940 474 361 404 447 550 4 357 140 706 570 424 590 476 364 489 446 588 229 423 385 485 886 119 929 213 1010 480 1116 650 599 431 620 470 741 427 763 462 709 428 734 468 1206 413 1275 581 192 449 232 544 77 500 170 682
803 420 939 474 143 395 222 663 3 357 142 706 361 403 448 550 225 423 380 485 570 424 591 476 364 489 446 588 1008 477 1117 653 886 119 929 213 600 432 620 470 1206 413 1276 582 744 427 764 461 188 452 229 542 708 428 732 468 79 502 171 681
136 399 219 662 3 359 142 705 362 403 448 550 783 421 920 478 570 424 590 476 365 489 446 588 886 119 929 213 600 431 620 470 1007 474 1118 655 207 423 361 482 744 426 761 461 1207 412 1277 583 183 456 224 540
362 403 448 549 3 360 144 704 128 399 216 659 570 424 590 476 775 419 918 477 365 490 446 588 886 119 929 214 1007 473 1118 655 599 431 619 470 1208 411 1278 584 186 423 331 480 663 430 686 469 743 426 758 458
744 423 902 478 362 404 448 548 3 360 145 703 121 403 215 655 570 424 590 476 365 489 446 588 886 119 929 214 1007 473 1118 656 599 431 619 470 168 421 306 482 165 451 207 541 640 430 663 470 1208 412 1279 584 661 429 684 469 612 432 633 470
727 423 876 480 362 404 448 548 3 361 146 702 113 408 214 653 570 423 590 476 365 489 446 589 886 120 929 213 1006 473 1118 656 598 431 618 471 616 431 639 471 166 420 296 485 637 430 661 471 298 430 317 471 1209 412 1279 584
3 363 140 702 363 404 449 548 569 424 590 475 365 488 446 589 886 120 929 213 1007 473 1118 656 598 430 620 473 111 416 209 653 703 424 854 479 296 429 316 471 151 420 267 484 614 431 637 471 638 430 659 470 1209 414 1279 583
4 364 135 702 364 404 449 548 568 424 590 474 365 488 446 589 886 120 929 213 1007 474 1119 655 597 430 620 472 699 425 849 477 129 417 240 485 295 430 316 470 1209 432 1277 608
4 366 129 700 364 404 449 548 665 424 828 481 365 489 446 589 886 120 929 213 1008 475 1119 655 567 425 591 472 596 430 620 471 110 417 215 483 293 430 315 469 1209 433 1277 608 79 399 158 560
635 425 817 483 3 367 129 698 364 404 449 548 365 489 446 589 1009 475 1119 655 886 120 929 213 567 425 590 471 596 431 618 469 292 430 315 469 116 417 202 481 78 400 157 552 1210 433 1277 608
1 369 130 697 621 425 787 482 363 405 449 547 365 489 446 589 1009 476 1119 654 886 120 929 213 566 426 590 472 291 429 315 469 1209 431 1278 609 596 432 618 467
0 370 131 700 364 406 450 547 365 488 447 590 1009 476 1118 654 886 120 929 213 567 424 590 471 115 453 163 538 594 426 762 483 1209 430 1278 609 292 431 314 468
0 369 134 702 364 407 451 546 365 487 447 590 1010 477 1118 653 570 425 738 484 886 120 929 213 566 423 589 466 113 453 161 535 1208 429 1278 609 743 427 762 462
0 367 135 703 365 407 452 545 365 487 447 591 1009 478 1118 653 886 120 929 213 740 428 760 463 563 425 734 483 1208 429 1278 609 1075 423 1105 460
0 363 134 701 365 408 452 546 365 488 447 591 1009 478 1119 653 886 120 929 213 740 429 761 463 544 425 708 482 1209 430 1277 609
0 360 133 698 364 409 453 546 1009 476 1120 654 365 489 446 591 519 426 682 481 886 120 929 212 741 429 761 463 1048 412 1106 464
1 356 132 699 364 409 453 547 494 427 660 483 365 489 446 591 1009 475 1121 654 1043 411 1105 462 886 120 929 212 740 429 761 463
2 352 132 701 364 409 453 548 470 427 636 482 1032 408 1107 464 365 489 445 591 1008 475 1121 654 886 121 929 212 740 430 761 462 1209 411 1277 585
1022 407 1108 464 2 349 131 702 365 408 454 549 365 488 446 592 451 426 609 483 886 121 929 212 1008 475 1122 655 740 430 761 462 1208 412 1277 584
365 408 454 550 3 351 132 702 1015 406 1110 465 365 487 446 591 886 120 929 212 1007 474 1122 656 740 430 761 462 440 423 574 483 569 428 591 463 1208 412 1278 583
995 406 1104 466 365 409 453 551 4 354 134 700 365 487 447 591 570 425 591 472 437 423 567 483 886 120 929 212 740 431 761 462 1007 473 1122 657 598 434 620 469
988 406 1101 467 364 410 451 552 4 356 133 700 427 422 538 484 569 425 590 474 365 488 447 591 886 120 929 212 740 431 761 462 1006 472 1122 658 599 433 620 469
4 359 134 699 363 409 451 551 570 426 590 475 365 487 447 591 974 407 1078 468 886 120 929 213 739 431 761 462 1007 472 1121 658 599 433 620 469 428 424 529 480
4 361 133 698 968 407 1075 467 363 408 450 550 365 488 446 590 570 426 590 475 886 120 930 213 738 431 761 462 1007 471 1121 659 599 433 620 469
3 364 137 696 364 407 450 548 966 406 1065 467 366 489 446 589 570 426 590 475 886 120 930 213 738 431 760 461 1007 470 1121 659 599 432 620 469
3 364 137 697 364 406 448 549 365 491 446 589 570 426 590 475 887 107 929 213 738 431 760 462 1007 470 1121 659 599 432 620 469 271 422 394 483
3 363 139 700 364 404 448 550 570 425 590 475 364 492 446 589 887 107 929 213 1008 470 1120 659 737 432 760 462 599 432 620 469 275 420 388 485
3 361 136 703 363 403 449 549 570 426 590 475 1009 470 1119 659 887 107 929 213 737 432 759 462 599 432 619 469 357 489 448 590 241 423 372 484
4 361 135 704 365 402 453 547 200 424 360 485 570 426 590 474 1009 471 1119 658 891 405 1010 471 737 432 758 462 887 107 929 213 599 432 619 469 357 487 449 591
4 360 135 703 367 401 458 548 570 426 590 474 1010 471 1118 658 172 426 346 484 887 107 929 212 737 432 758 462 599 432 620 469 890 405 1002 469 359 484 450 591 690 436 706 467
4 361 137 702 368 400 458 548 1010 473 1118 657 360 462 453 596 887 107 929 212 568 426 590 474 736 433 757 462 854 403 942 472 154 425 318 484
3 359 138 702 367 400 455 547 1010 475 1117 655 844 402 945 472 886 120 929 213 568 426 590 474 365 485 447 590 736 433 757 462 138 423 282 485
3 356 139 703 817 402 938 473 1010 476 1117 655 367 401 452 544 361 463 452 595 886 120 929 213 568 426 590 474 107 424 264 484 734 433 757 462
807 403 937 472 2 353 139 704 1010 476 1117 655 367 401 452 545 569 426 590 474 365 487 446 590 886 120 929 213 114 422 249 484 598 431 621 469
3 349 135 705 1010 478 1117 654 367 401 452 545 569 426 590 475 362 463 452 595 886 120 929 213 68 420 207 485 599 431 621 469 252 425 273 467
3 350 131 704 66 419 199 485 1010 478 1118 654 569 426 590 475 368 401 452 544 362 464 452 596 780 406 916 474 886 120 929 213 251 424 271 467 599 431 620 469
2 354 128 702 52 419 173 483 1009 478 1119 654 569 426 590 475 368 401 453 544 362 464 452 596 886 120 929 213 759 406 890 474 249 424 270 467 599 431 620 469
