

1035 320 1268 421 13 402 72 523
1034 319 1270 422 11 404 72 522
1034 319 1270 423 9 407 70 522
1033 319 1270 424 7 408 66 522
1033 319 1270 424
1034 318 1270 423
1033 319 1270 423
1032 319 1271 424
1030 318 1273 424 0 405 33 527
1029 318 1274 424 0 406 30 527
1029 318 1275 423 0 404 27 529
1029 318 1275 422
1029 319 1274 422
1029 318 1274 421
1030 318 1273 421
1028 316 1274 422
1026 317 1273 423
1024 317 1273 424
1024 317 1272 424
1024 317 1272 424
1025 316 1272 424
1026 315 1273 424
1026 315 1273 425
1024 315 1274 425
1024 315 1275 425
1024 316 1274 424
1024 316 1273 424
1024 317 1272 424
1023 317 1274 424
1022 317 1273 425
1022 317 1272 425 1 431 66 630
1020 317 1272 426 2 429 76 634
1019 317 1273 426 6 433 131 628
3 343 175 637 1017 318 1275 426
7 347 209 633 1017 321 1215 423
6 344 235 629 1017 321 1214 423
6 348 275 620 1014 317 1277 424
11 345 310 621 1013 316 1278 425
15 343 335 620 1012 316 1279 425
16 341 357 627 1012 316 1279 426
14 339 368 631 1013 316 1279 425
12 336 411 633 1012 315 1279 425
11 337 434 633 1011 315 1279 426
5 341 463 630 1010 315 1279 426
0 342 496 623 1011 316 1279 427
0 341 521 618 1012 316 1277 427
3 337 539 611 1014 321 1216 425
16 335 541 597 1012 316 1277 426
38 340 585 587 1011 316 1278 426
60 338 591 585 1009 316 1279 425
83 339 599 584 1009 316 1279 426
111 338 611 578 1009 317 1279 426
135 337 617 572 1012 324 1218 424
178 343 632 561 1012 325 1217 424
191 344 638 554 1010 324 1217 424
210 345 654 547 1010 324 1218 424
236 343 664 543 1009 324 1219 424
262 343 673 541 1006 318 1279 428
279 342 673 538 1005 318 1279 428
292 341 671 535 1004 318 1279 428
318 344 686 534 1002 318 1279 428
327 344 693 531 1005 324 1222 424
339 346 702 528 1004 324 1221 424
358 345 709 526 1003 324 1218 424
377 343 714 522 1003 324 1215 425
413 346 698 514 1003 324 1214 425
420 346 701 511 1001 324 1215 425
435 346 703 509 1002 323 1215 426
448 347 706 506 1002 322 1215 425
460 347 706 504 1002 321 1214 425
464 348 706 502 1001 320 1216 425
485 347 710 503 1000 320 1219 424
492 348 711 501 999 321 1222 425
501 349 712 499 5 226 156 649 996 320 1225 425
506 349 712 496 994 319 1227 427 6 228 206 638
512 349 712 494 2 215 234 642 991 319 1231 428
517 350 711 492 988 320 1231 428 0 88 301 662
523 350 711 491 0 84 331 661 987 321 1235 428
527 351 711 489 0 74 349 663 985 321 1234 427
533 352 711 487 0 68 364 666 982 320 1235 428
539 353 710 483 0 65 425 668 979 319 1230 428
545 354 711 480 0 68 442 668 977 318 1230 428
549 355 710 476 0 67 457 666 977 317 1232 429
553 356 708 474 0 69 479 662 977 316 1238 429
556 356 704 473 0 65 504 667 975 316 1244 430
560 356 700 472 0 62 532 671 975 316 1246 430
0 55 550 678 563 355 697 472 975 316 1246 430
0 53 565 679 568 364 695 464 974 316 1248 429
0 47 579 678 579 363 689 463 973 317 1252 430
0 43 587 677 589 362 685 463 972 317 1256 429
0 29 621 686 600 361 686 464 971 317 1258 429
0 32 628 678 969 316 1263 429 615 361 679 463
0 39 639 667 968 315 1267 429 623 363 677 464
0 46 651 654 965 314 1269 429
0 51 660 644 963 314 1269 429
8 56 665 633 961 314 1266 429
12 60 675 623 961 314 1262 430
21 66 686 614 957 315 1261 430
