

418 210 613 366 708 231 794 283 951 233 1277 502 0 274 124 479 95 243 263 363 682 231 719 259 955 237 1082 309
416 208 613 367 709 232 791 282 934 235 1274 492 0 272 133 480 94 243 266 361 682 231 720 260
415 207 612 368 709 231 788 282 140 243 266 357 883 234 1248 472 0 270 139 478 682 231 719 260
413 206 613 369 873 230 1219 462 709 231 786 282 140 241 270 356 0 249 157 506 682 231 718 260 1170 251 1273 396
412 206 613 369 860 228 1180 453 710 231 783 281 137 240 276 354 0 247 162 507 1160 247 1276 397 683 232 716 259
413 206 612 369 709 231 781 281 137 240 283 354 683 232 715 258 0 243 171 512 852 227 1151 447 1142 245 1278 394
413 206 610 369 710 232 774 281 137 240 288 352 684 232 713 257 0 248 184 441 842 236 1093 415 1139 244 1278 392 671 230 695 249
414 205 608 370 709 230 772 279 837 237 1073 406 143 240 295 353 0 247 192 442 684 231 712 256 671 230 695 249
413 205 607 369 2 250 207 430 704 226 767 277 147 242 300 352 1021 235 1123 316 837 225 1052 377 683 231 711 255 671 230 695 249
412 206 608 369 817 227 1020 374 183 242 296 346 705 227 766 276 0 255 215 424 1009 234 1127 317 683 231 711 254 671 230 696 249
412 205 608 369 812 229 1004 366 705 227 764 275 2 259 225 421 199 240 303 345 990 236 1102 309 682 231 711 253 670 230 696 248
412 205 608 369 703 226 762 273 203 237 310 344 982 235 1105 308 1 260 238 423 808 231 988 358 682 230 709 253 762 232 798 255
411 204 606 369 208 236 315 343 2 260 247 427 702 226 760 272 976 235 1109 307 759 232 799 255
411 204 606 370 0 259 258 430 212 235 319 343 960 235 1085 305 783 228 945 347 701 228 756 266 757 231 797 255 924 231 1009 280 49 228 164 267
411 204 604 370 0 258 267 427 701 228 755 267 957 235 1082 306 780 227 929 344 226 237 324 339 755 231 796 255 920 230 1009 281 51 228 167 267
411 204 603 371 0 259 278 423 699 229 753 267 954 236 1081 305 232 236 330 340 780 225 914 330 755 232 792 256 912 232 993 282
409 205 603 374 0 260 283 420 698 230 751 267 774 226 909 326 950 236 1082 305 239 237 334 340 908 231 990 283 756 233 788 257 0 246 88 339
408 206 603 377 768 227 888 324 0 257 310 430 697 231 749 267 935 237 1064 302 244 240 338 339 0 247 91 343 906 230 987 284 75 229 190 269 669 231 695 247
407 208 602 379 764 228 882 322 5 260 310 411 696 232 747 267 935 235 1061 302 0 245 117 346 255 243 342 335 904 228 985 284 668 232 693 247 79 230 192 271
405 210 603 379 3 262 321 409 696 232 746 267 937 235 1055 301 0 245 122 347 755 229 861 317 261 246 345 304 901 228 984 284 667 232 692 247
404 212 602 377 9 262 331 406 751 231 855 313 695 233 745 267 937 236 1049 300 0 246 128 345 267 246 349 300 898 228 983 283 666 232 691 247
404 214 601 377 19 261 337 405 747 232 847 308 694 233 745 267 936 236 1047 299 0 247 134 342 891 232 970 283 271 246 353 296 104 232 209 270 665 232 689 247
404 214 599 377 33 260 336 403 746 232 840 306 693 234 745 268 933 236 1048 300 0 252 171 344 891 233 968 282 272 246 357 296 109 232 214 272 665 232 689 247
405 215 598 379 57 256 352 398 693 235 743 268 747 231 834 304 917 237 1034 299 8 251 156 334 888 233 967 282 109 232 221 274 285 245 362 296 665 233 688 248
402 215 599 379 65 257 351 395 745 234 821 303 918 238 1029 300 694 237 741 269 8 249 162 334 109 233 224 276 287 246 365 294 885 233 964 283 665 234 687 249
400 215 599 381 79 258 353 390 744 234 817 300 918 239 1024 298 687 240 729 268 8 249 221 336 291 245 370 295 122 233 234 276 882 233 963 282 665 235 687 250
398 215 599 380 90 257 362 387 739 233 814 298 917 240 1023 296 686 241 729 269 12 248 224 334 129 234 235 275 294 245 373 293 880 233 962 282 665 235 686 250
397 214 598 380 100 256 368 385 736 233 808 294 686 240 728 269 972 53 1273 683 133 233 240 276 16 246 229 331 294 245 378 293 878 234 961 282 914 240 1025 294 665 235 685 251
396 214 598 379 106 256 371 384 939 64 1274 660 686 240 727 269 733 234 804 293 27 247 194 330 135 232 244 280 876 234 960 282 664 235 685 251
394 213 599 379 129 255 379 380 914 82 1275 621 686 240 726 269 731 234 800 291 29 247 190 329 149 230 258 280 664 235 685 252
135 255 380 379 393 213 600 379 686 241 725 270 864 100 1274 583 729 237 792 290 153 231 259 280 36 248 184 328 663 235 684 253 315 242 390 291
381 217 593 382 145 254 382 377 686 240 725 269 859 166 1263 504 728 238 788 288 158 231 262 280 53 245 214 318
378 216 594 383 154 254 385 376 844 173 1253 485 685 240 724 269 58 244 215 318 725 234 783 283 164 231 265 281
376 215 595 383 164 255 390 374 835 173 1229 471 685 240 722 268 62 243 215 318 722 235 779 283 166 231 267 281
375 215 595 383 170 254 395 373 818 162 1214 441 685 239 721 266 720 235 777 282 77 243 233 315 173 229 278 280
374 215 595 383 176 249 398 359 796 173 1115 425 685 238 719 264 718 235 774 282 84 242 233 314 175 230 281 279
375 215 595 382 193 249 409 358 793 180 1080 414 684 237 718 262 716 235 772 281 91 241 235 314 177 229 284 278
201 250 405 356 375 213 594 380 783 185 1050 402 683 236 716 262 715 233 770 280 112 239 249 311 181 229 287 278
207 250 405 355 376 212 593 379 786 183 1010 386 682 235 715 261 720 237 769 274 113 239 249 309 184 226 289 278
215 248 407 352 377 211 593 377 765 182 981 376 682 234 715 260 720 236 768 272 187 225 292 278 116 239 251 307
223 248 408 348 375 210 592 376 763 185 960 366 680 233 714 260 185 224 296 280 708 235 757 272 122 239 251 305
229 248 409 343 376 211 591 375 757 188 943 357 679 232 712 260 708 233 758 272 201 224 304 279
374 211 590 375 234 247 411 339 755 191 933 351 708 233 755 271 678 232 710 260 205 224 304 278 149 237 264 301
373 212 588 375 745 196 907 343 240 245 410 337 707 233 751 268 678 232 708 259 209 225 306 278 900 227 995 288
369 212 586 376 744 197 891 338 706 232 748 267 260 244 396 337 890 226 1002 290 678 232 708 259 212 225 308 277
367 212 583 377 265 244 395 336 705 232 744 265 736 192 880 321 876 229 970 287 678 232 708 259 212 225 312 278
366 212 581 378 270 243 394 335 705 232 742 264 738 202 873 330 883 228 1009 289 679 233 708 259 209 224 314 280
362 212 579 379 275 243 394 335 704 231 739 264 735 201 863 303 887 229 1004 288 681 233 711 258 207 224 317 282 854 230 899 273
358 213 579 378 279 243 394 334 733 203 856 305 704 231 736 263 874 230 971 285 684 233 714 259 849 230 896 274 231 225 324 279
354 213 577 377 286 245 410 332 724 201 841 305 873 230 972 285 704 231 733 262 687 233 717 259 845 230 894 273 234 224 325 279
354 213 577 377 723 204 836 305 290 246 406 331 873 230 971 285 687 234 717 260 705 232 731 262 842 227 895 278 235 225 328 279
351 214 576 377 721 206 828 305 297 247 404 330 686 235 717 261 873 230 971 286 840 229 894 279 235 226 331 279
346 215 576 379 719 208 821 305 686 235 718 262 309 248 403 312 833 230 913 280 875 235 972 292 235 226 335 280
340 214 575 381 718 210 815 303 688 236 718 262 317 248 403 309 832 231 914 281 878 235 970 293 237 227 337 281 666 233 693 254
334 214 574 382 710 212 805 299 689 236 718 262 876 235 971 293 832 232 915 281 321 247 402 307 665 234 692 254
330 215 574 382 688 237 715 261 877 236 971 292 831 232 915 281 665 235 692 254
330 215 571 383 685 237 713 262 665 235 694 255 874 236 970 292 927 274 1279 620 831 232 915 281
331 216 569 386 705 216 791 293 906 243 1279 519 683 238 712 262 665 236 696 256 873 236 971 292 831 233 914 281
334 215 567 389 705 217 788 291 665 235 697 257 897 244 1279 502 682 237 711 262 831 234 913 281 873 236 970 291
333 214 568 391 853 239 1257 502 705 217 784 288 664 234 697 257 830 234 912 281 683 237 710 261
330 211 569 392 832 239 1229 484 705 216 780 284 665 233 697 256 827 233 912 280 682 236 709 260
327 209 569 394 820 238 1195 466 706 215 777 282 665 233 698 255 1248 308 1278 436 681 236 708 259 814 228 892 277
788 238 1139 448 326 209 570 392 706 215 774 281 665 232 699 254 1239 314 1279 430 290 225 371 276
315 212 559 392 786 236 1097 436 701 212 772 283 664 231 698 253 1218 309 1279 429
316 211 558 392 700 212 768 282 778 236 1059 427 664 230 697 252 1199 287 1279 419
314 210 559 393 698 213 764 281 776 250 1025 403 664 230 696 252 1190 283 1279 420
314 209 558 392 697 214 760 280 664 230 696 252 1172 297 1276 399
314 208 557 393 764 233 969 368 697 215 758 280 663 230 696 252
314 208 556 394 760 234 950 365 663 231 695 252
312 208 555 395 759 236 932 360 696 217 756 279 662 231 695 253 0 260 87 407 1122 265 1279 415
312 207 553 397 745 235 912 352 1126 266 1279 413 696 218 755 278 663 231 694 252 0 259 105 399
311 207 551 400 1118 265 1279 414 743 234 901 347 694 219 753 277 0 256 112 395 663 231 693 252
310 208 547 401 1109 264 1279 411 740 231 889 343 692 221 750 276 0 257 134 387 663 232 692 252
1099 265 1279 408 309 208 545 402 0 254 143 385 740 231 867 328 691 223 747 276 663 233 691 252
1093 266 1279 405 308 209 545 401 737 233 865 326 1 254 152 385 663 233 691 252
1072 265 1275 399 288 222 546 408 733 235 860 322 4 254 159 387 663 234 689 252
1064 262 1275 397 283 221 547 410 4 254 165 389 730 236 855 318 662 233 688 252
1056 260 1274 394 279 220 545 411 724 235 834 316 5 253 167 391 684 230 731 270 662 233 687 252 529 227 566 261
1049 260 1274 389 276 219 545 411 723 234 828 313 4 253 164 391 683 229 732 270 529 227 566 261 661 232 687 252
272 217 544 412 1039 260 1270 383 722 233 821 308 683 229 732 268 1 253 163 389 530 226 565 260 662 232 687 251
268 216 543 413 722 233 813 302 1030 260 1268 375 684 228 731 267 0 252 165 388 529 224 565 260 803 248 851 279
266 214 542 415 723 233 807 298 1023 253 1224 356 0 251 167 385 684 227 729 265 527 223 566 260 802 248 853 277
264 215 543 414 721 234 799 294 0 251 172 383 1017 253 1211 351 685 226 728 264 526 222 567 260 1035 295 1278 666 802 248 854 277
262 214 541 415 719 236 795 292 685 226 726 263 0 250 180 382 527 222 567 259 1007 252 1222 347 985 292 1274 620 801 248 853 277
259 212 542 418 0 249 229 381 715 229 790 284 950 275 1275 599 685 227 725 263 529 222 568 260 800 248 852 277
258 210 541 420 924 253 1274 524 0 249 232 380 712 229 786 284 684 227 723 263 530 222 570 260 798 248 850 277
255 209 542 422 908 253 1275 502 4 241 235 368 717 231 781 284 684 229 722 263 532 223 571 261
863 251 1248 483 255 209 543 425 8 242 242 367 715 231 778 285 684 231 720 264 532 226 573 262
849 242 1209 463 251 208 545 430 11 244 250 366 714 233 775 285 683 233 719 263 1118 267 1277 401
249 209 547 433 16 245 256 365 812 234 1135 450 712 233 773 284 682 234 718 263 1112 263 1277 407
246 210 550 433 815 230 1114 448 712 234 771 284 1099 261 1279 410 682 234 717 262 46 246 277 359
243 210 554 433 804 228 1083 441 1061 261 1275 400 49 247 277 358 683 234 718 263 711 234 770 282
236 212 540 432 1044 261 1275 404 59 247 280 357 791 226 1061 434 683 235 717 263 711 234 769 281 997 252 1088 295
235 210 540 435 790 242 1020 391 1027 260 1273 403 67 248 281 355 684 236 717 262 992 251 1084 297 704 244 769 283
236 207 538 436 789 237 1002 371 1021 259 1270 400 75 248 286 354 684 236 717 262 703 244 768 283 976 249 1073 336
235 206 538 437 773 241 973 362 993 263 1243 391 80 249 287 350 685 237 717 261 705 244 767 282 967 247 1073 335
232 204 540 437 768 244 961 354 685 238 717 260 112 247 306 340 705 240 759 274 987 250 1227 352 948 248 1053 331
228 202 542 438 762 245 946 348 551 230 588 261 705 240 758 273 942 248 1052 329 985 251 1216 346 686 238 716 259
