

704 351 835 435 904 350 1121 473 509 341 679 408 1197 350 1271 507 343 367 375 390 867 358 961 429 355 363 399 394 245 365 269 378 390 364 423 393 170 365 194 378 433 364 475 392
709 346 838 434 905 344 1126 466 512 340 675 407 872 358 964 427 343 365 375 389 354 362 400 393 244 363 269 376 389 363 424 392 170 363 194 377 1216 382 1271 499 433 362 475 391
712 344 842 432 929 348 1156 472 513 339 677 407 878 359 965 424 354 360 399 391 343 363 375 387 389 361 424 390 243 360 268 374 168 360 193 375 120 365 150 381 432 359 476 389
927 341 1164 468 717 342 858 432 512 335 679 405 343 359 375 384 355 356 400 387 388 357 425 387 889 355 985 421 432 354 477 386 119 361 150 378
940 340 1173 467 718 340 863 431 512 331 682 403 343 357 374 382 387 353 424 384 433 350 478 384 357 353 401 385 894 356 987 420 118 357 147 375 76 357 105 374
722 335 865 429 955 337 1168 467 343 354 374 380 434 347 479 381 387 350 423 382 358 349 402 383 900 344 993 413
727 334 868 428 968 338 1223 469 514 326 682 401 912 342 1016 416 356 347 403 381 388 349 423 380 343 352 375 378 435 346 477 379
726 332 888 428 978 336 1227 470 490 322 661 392 916 342 1015 415 356 346 403 380 388 349 423 379 343 351 375 377 435 345 477 377
730 333 894 427 989 335 1214 471 516 326 678 401 355 346 402 379 921 343 1016 414 388 349 423 378 223 345 241 356 344 350 376 376
735 334 900 428 1001 334 1197 471 499 326 654 400 357 347 402 380 343 351 376 377 387 350 422 379 222 346 241 357
739 335 907 430 1010 336 1192 469 498 326 650 400 343 351 378 379 356 349 400 381 387 351 423 380 433 347 476 378
756 336 920 431 1027 334 1262 474 497 327 648 400 342 353 378 379 356 350 401 381 386 352 423 381 433 347 476 378
759 336 928 432 1044 334 1256 474 497 326 647 400 341 353 379 380 355 350 401 383 387 352 424 382 433 346 477 380 220 349 240 360
764 335 939 430 1063 333 1253 473 355 347 403 382 341 351 377 379 220 348 241 360 387 350 423 380 435 345 476 378 146 349 172 364
771 333 947 431 1075 332 1255 470 359 346 402 382 498 325 650 400 341 351 377 379 387 350 423 381 220 348 242 359 437 345 476 378 145 349 172 363 413 347 440 380
779 332 956 434 1105 327 1273 480 500 325 650 402 342 351 376 379 360 345 401 381 388 349 422 380 220 347 242 359 413 347 440 380 144 349 171 363 438 345 474 377
783 332 965 438 1119 326 1273 480 502 323 647 404 341 351 378 380 359 346 401 382 388 349 423 381 219 347 242 359 438 345 475 378 412 347 441 380 143 350 171 363
798 333 985 443 1153 333 1267 499 505 325 643 406 341 353 378 381 388 350 426 382 358 349 400 383 437 346 476 380 219 348 242 360 409 348 441 382
801 337 991 446 484 327 621 407 341 356 378 383 388 353 428 385 1169 343 1265 498 436 348 477 384 356 353 399 385 700 345 790 403 138 354 170 370 406 350 441 384
810 339 1003 449 484 332 619 410 341 358 378 384 390 355 428 387 356 356 398 387 138 355 169 370 436 352 475 387 93 359 127 376
818 339 1015 455 502 334 648 416 341 358 379 385 391 356 428 388 355 357 397 389 477 329 579 404 435 352 474 388 45 359 77 379 708 347 798 407 92 360 125 377
836 336 1038 458 340 357 381 385 504 334 647 416 390 355 429 388 475 329 579 405 435 352 473 387 724 347 804 409 41 357 75 377
840 336 1046 459 340 356 381 385 390 355 431 388 505 333 647 415 721 344 807 409 435 351 473 387 474 329 579 405 122 355 151 371 1072 341 1241 443
850 338 1059 460 340 357 380 385 721 344 813 410 390 356 430 389 488 335 611 415 121 355 152 370 354 357 397 389 436 353 471 387
859 339 1073 461 724 344 819 411 341 359 378 385 120 354 152 370 390 356 429 389 487 336 612 417 354 357 398 390 70 357 106 375 1114 339 1269 447 249 360 263 370 437 354 470 388 223 357 242 368
877 338 1101 464 340 358 380 385 485 336 612 418 118 354 151 371 728 344 825 410 390 356 430 389 69 357 106 375 437 353 468 387
882 338 1111 465 340 357 382 385 389 355 432 388 471 332 587 412 117 354 151 371 69 357 104 375 743 344 832 412 437 353 468 386
892 335 1127 463 340 353 384 383 470 328 589 411 391 352 431 385 743 341 838 407
900 331 1137 459 479 325 661 408 746 338 844 404 349 348 399 384 392 349 428 382 197 346 216 357
926 322 1166 460 482 322 662 406 750 334 850 400 119 343 147 358 197 343 216 354 457 314 553 387 349 343 400 381
933 319 1184 459 479 320 662 405 767 335 860 401 120 341 146 356 198 341 216 352 389 340 429 372 339 342 376 368 439 339 467 372 224 343 240 353 353 340 399 372
960 319 1220 459 478 318 665 405 767 334 866 400 118 339 146 354 389 338 430 371 352 338 400 372 340 340 378 369 224 341 240 352 198 340 216 350 439 339 467 370
965 317 1237 464 475 313 663 399 768 334 872 399 341 341 378 368 353 338 399 371 388 338 430 371 117 340 144 353 224 342 240 352 198 340 215 350 455 311 554 382
977 319 1252 464 479 319 666 406 454 312 553 385 771 335 877 400 342 341 378 369 224 344 240 354 198 342 215 352 405 339 444 373
988 323 1253 463 479 320 660 408 791 338 888 404 454 313 551 389 198 345 215 354 224 346 240 356
1007 321 1273 472 478 320 659 411 789 339 895 405 453 313 550 392 405 342 446 381 342 348 381 379 355 343 401 383 198 346 216 355 224 348 240 357
1027 320 1268 472 474 319 659 413 791 338 900 406 404 342 447 382 342 349 382 379 355 343 401 382 453 313 549 392 198 346 216 356 224 348 240 357
1047 318 1266 474 470 317 659 415 404 342 447 382 357 343 402 383 795 339 899 406 342 348 382 380 453 312 549 393 223 347 240 358 199 346 217 356
1061 317 1266 478 467 315 659 417 405 343 447 383 358 343 402 384 810 341 921 410 342 346 381 381 452 312 549 394
1093 317 1273 483 468 317 657 418 811 342 928 410 405 345 447 384 359 345 402 385 342 347 381 382
1109 318 1272 485 470 321 652 418 343 351 381 383 814 342 928 411 356 349 402 387 404 346 448 385
470 325 646 418 1145 320 1265 485 352 351 402 388 402 347 450 387 820 343 925 410 271 355 289 370
1161 337 1263 502 469 325 642 418 348 351 403 388 402 346 451 387 621 341 675 407
469 324 641 418 346 349 406 387 402 345 453 386 622 341 678 405 1174 344 1263 502 199 350 219 361
469 321 639 417 345 345 407 385 403 343 454 386 612 341 690 404 199 349 219 359 97 347 124 362
468 319 638 418 613 341 690 403 403 341 455 385 345 343 407 384 95 346 122 361 200 348 220 358
467 317 638 418 615 340 692 403 404 340 455 385 346 341 405 384 200 347 219 357 221 349 239 359 95 345 121 360 177 343 192 352
468 318 637 420 615 339 696 406 346 344 406 385 403 341 455 385 199 348 220 358
469 321 636 423 614 341 700 409 346 347 404 387 403 343 456 387
469 324 635 429 624 343 711 412 347 351 403 390 403 347 454 389 270 358 289 372
624 344 713 415 468 326 634 433 347 353 403 392 404 350 454 391 270 361 291 374 311 354 343 377 224 361 239 371
468 326 633 436 625 344 716 417 346 354 403 394 403 352 453 394 270 362 291 376 309 356 343 379 200 359 218 371 224 362 239 373 248 361 267 374
468 326 632 437 626 344 720 417 346 354 403 394 399 347 457 395 72 355 109 372 270 362 290 376 200 359 218 371 308 355 342 379 729 353 811 408 234 339 242 349 248 361 267 375
469 325 633 437 632 353 724 420 346 353 403 394 399 346 457 395 71 354 107 373 200 359 218 371 234 339 242 348 270 362 290 376 247 361 267 375 732 353 815 408
468 323 635 438 632 353 729 421 346 353 403 393 399 345 458 394 70 353 106 372 200 358 217 370 247 361 266 374 233 338 242 348 270 361 290 375 295 359 323 376
468 321 637 438 633 345 730 417 346 352 403 392 400 344 458 393 68 352 104 373 200 359 217 370 246 360 267 374 294 358 324 376
467 318 641 439 638 352 745 420 347 350 404 390 402 343 459 391 753 350 840 407 67 352 101 373 246 358 266 372 295 356 325 375
640 340 750 416 466 314 647 436 346 347 405 388 402 342 460 388 753 348 844 404 68 348 96 363
642 339 756 412 466 310 653 434 346 343 405 386 404 341 459 386 753 344 848 401 68 344 95 361 173 347 191 357
646 337 761 408 465 307 655 431 774 341 865 400 405 341 459 384 347 340 405 384 294 343 327 364 175 344 192 354
660 334 773 407 464 305 656 430 778 339 870 398 403 331 461 380 350 334 406 380 294 340 327 361 223 341 243 355 176 341 192 352 268 343 290 359
664 332 777 405 464 303 656 430 404 330 464 380 351 333 407 379 794 337 883 399 294 338 326 359 224 340 243 353 269 341 291 357 176 340 191 350 201 341 216 352
667 330 783 405 466 302 657 432 351 335 404 377 797 338 888 398 405 329 465 379 294 337 326 358 269 340 290 357 201 340 216 352 224 339 244 353 176 339 192 349
681 328 798 409 468 302 659 433 353 335 407 377 406 329 467 380 295 338 325 358 801 338 895 398 201 340 216 352 175 339 191 349 224 340 243 353 269 341 290 357 245 340 266 355
683 329 806 410 471 302 663 435 357 336 408 377 417 329 472 382 295 339 324 359 175 339 192 349 201 341 216 352 224 341 242 354 269 342 290 358 153 335 169 345 245 341 266 356
688 330 813 411 472 301 670 435 419 330 473 383 824 335 921 402 362 337 408 376 295 341 324 360 175 339 191 350 200 341 216 353 154 335 170 345 224 342 243 355
702 330 826 417 474 302 675 436 421 330 474 385 295 342 324 361 370 334 424 381 200 343 216 355 175 340 191 351 154 337 170 346 270 344 292 360
703 332 836 420 476 305 681 438 424 337 480 387 372 339 425 386 199 346 217 357 174 343 192 354 295 344 325 363
428 341 485 390 373 343 427 387 709 334 842 421 480 309 678 441 174 347 191 357
722 335 862 424 376 348 430 388 432 343 489 392 493 313 698 447 312 353 343 374
732 347 867 426 441 341 495 394 379 349 433 389 493 312 701 448 312 354 341 374 295 356 318 371 271 357 293 371
749 346 888 427 442 342 498 396 495 310 705 450 384 350 431 388 313 354 342 373 270 356 293 371
739 335 905 428 444 342 502 397 498 306 709 452 391 345 451 395 316 353 343 373 271 356 292 370
767 343 917 429 447 341 506 397 393 344 453 394 503 303 714 454 317 352 345 372
767 336 934 430 450 338 510 396 396 344 456 394 506 301 719 454 318 352 346 372
777 335 947 428 454 336 513 395 402 341 459 393 509 297 726 454
783 335 958 426 407 339 462 392 512 295 733 454 458 335 515 394 320 347 350 368 246 348 269 361
803 335 981 429 465 335 522 395 514 294 739 457 415 338 471 392 320 347 352 368 246 347 269 361 201 348 218 358
810 336 993 430 466 337 526 397 515 299 745 460 415 340 472 393 387 347 417 378 199 348 219 359
820 339 1007 436 468 343 530 402 531 306 759 464 418 345 474 397 387 352 420 381 320 354 351 376 292 357 314 373
532 309 766 471 472 348 536 407 421 350 477 402 822 342 1017 439 386 356 423 386 320 359 351 380 293 362 314 378
857 348 1046 451 536 310 774 477 476 351 541 412 424 354 480 406 319 363 351 384 385 360 425 391 294 366 315 382 248 364 269 380 224 366 240 377 198 363 217 375 1063 358 1166 431
868 348 1058 453 540 308 781 482 478 349 544 414 428 359 485 413 319 364 352 385 384 360 426 393 249 365 269 381 295 367 316 383 199 364 217 376 224 367 239 378
544 306 791 484 488 349 548 415 889 347 1093 455 430 354 487 407 385 359 426 392 320 363 350 384 294 366 315 382 249 364 268 380 199 363 217 375 224 366 239 377
899 346 1106 457 490 349 552 414 548 306 799 484 433 353 489 406 386 359 425 391 295 365 315 381 320 363 348 382 332 360 366 385 249 364 268 379 199 363 216 375 225 366 240 377
911 344 1121 458 492 348 556 414 552 305 804 482 438 351 499 409 295 365 315 380 387 359 424 390 333 359 366 383 249 364 267 377 225 365 240 375 408 358 439 391 252 338 261 348 321 362 346 380 271 364 289 378
932 345 1148 459 495 347 561 414 440 352 501 409 567 311 821 486 295 365 315 380 387 360 423 390 408 359 441 390 333 359 367 383 226 365 240 376 249 364 266 377 253 338 261 348
944 343 1164 459 496 345 565 414 443 351 503 406 554 297 868 483 296 364 316 379 334 358 367 382 408 357 445 389 387 359 422 389 225 363 241 374 271 363 289 376 249 363 266 375 320 361 344 378
559 294 877 482 446 349 507 404 499 343 569 413 955 341 1176 454 296 362 317 377 335 357 368 380 407 355 448 387 387 356 422 387 318 360 341 377 883 327 1003 415 271 361 288 373 225 362 241 373
983 338 1220 454 564 293 883 479 449 346 511 399 505 341 579 410 406 351 449 384 336 355 368 376 295 360 318 374 318 358 340 374 387 353 422 383 270 358 289 370
996 338 1232 452 565 293 891 480 506 340 581 410 452 345 514 398 406 351 449 383 317 358 340 374 336 355 368 376 295 359 319 373 388 352 423 382 270 357 288 369
1020 338 1265 456 512 340 586 413 569 293 905 482 456 344 514 397 408 352 449 385 336 355 369 377 317 359 340 375 295 360 318 375 387 353 422 384
1042 340 1266 459 517 342 592 417 573 291 923 484 463 347 525 404 336 356 371 380 388 357 421 386 296 362 319 377 408 355 451 388 316 361 338 378 269 360 289 373 69 358 101 376
1065 341 1267 462 581 292 936 487 520 355 599 419 464 349 528 406 337 358 372 383 389 359 421 388 224 362 241 374 411 358 450 390 69 361 101 380 297 364 318 379 316 363 338 380
1091 339 1273 467 524 353 611 422 585 295 943 489 462 348 533 406 338 360 372 385 389 360 420 390 224 363 242 375 410 360 450 391
1112 345 1271 479 528 355 617 422 589 298 950 493 468 357 540 417 338 361 373 386 224 364 242 377 389 360 420 390 411 361 448 392 425 361 471 394
533 356 623 422 618 300 979 498 471 357 544 417 1130 346 1271 481 338 362 374 386 224 364 242 376 409 361 449 392 389 361 420 390 425 362 473 395
623 295 991 502 536 356 628 422 474 357 546 417 1164 345 1262 488 339 362 375 386 224 364 241 376 410 362 448 392 426 363 470 395
