

459 397 604 557 341 435 438 514
460 398 604 558 328 435 442 518
460 397 605 561 314 435 442 521
461 398 604 561 291 423 445 525
462 399 604 562 282 425 433 527
462 398 604 562 273 426 427 531
462 398 604 562 256 428 405 536
462 397 604 561 236 427 397 544 401 438 444 471
462 397 604 561 401 438 443 472
172 425 367 565 462 397 605 561 396 438 433 472 365 421 393 442
462 397 606 561 151 422 365 570 395 437 434 472 361 421 391 442
463 397 607 561 394 436 434 473 358 420 389 442
463 396 608 562 392 436 435 474 352 419 376 437
463 394 609 563 8 413 283 616 348 418 375 439 391 436 435 473
463 393 609 563 0 411 253 634 346 418 374 439 390 437 434 473
462 392 610 563 343 417 371 439 388 442 433 479
461 392 611 562 385 441 432 480 340 417 368 439 2 384 148 692
461 391 612 562 382 441 432 481 337 418 363 439
460 391 613 562 379 442 432 482 322 419 351 438 338 419 359 438
459 390 613 563 375 443 432 483 320 419 350 439
458 390 614 566 371 445 431 486 320 426 345 447
367 446 430 488 319 426 344 449
459 392 613 568 365 441 426 495 318 426 343 451
459 393 611 567 316 427 344 453 362 442 420 494
458 392 610 566 357 444 418 495 314 428 345 454
456 392 609 567 351 446 416 497 311 429 346 456
455 391 609 566 346 445 416 499 311 429 346 457
455 392 608 567 341 447 411 499 310 430 346 459
454 392 608 566 336 448 408 500 311 430 344 459 293 419 317 438
453 391 608 566 327 449 403 504 310 429 343 458 439 429 460 466 290 418 315 439
452 390 608 565 319 447 402 507 309 429 342 456 437 428 459 466 287 418 314 439
451 390 607 564 309 445 398 509 306 429 344 453
451 390 606 564 301 442 396 513 427 435 453 468 307 430 345 450
450 391 605 563 283 439 388 517 423 433 454 470
449 391 605 564 273 435 385 521 420 432 454 470
447 391 604 564 417 432 453 469 255 444 367 530
445 391 604 565 413 432 451 469 242 439 366 536
443 391 602 565 216 438 354 542 410 432 449 467 304 431 346 456
443 391 601 566 199 441 347 549 408 431 448 466 303 429 346 460
440 390 599 567 404 429 446 466 303 429 346 464 248 413 279 436 180 440 342 553
435 389 596 570 302 429 346 466 245 412 275 437 401 429 444 467 129 444 317 559
430 390 593 571 301 431 346 468 104 450 317 573 242 412 272 437 394 432 435 470
427 392 590 573 63 445 294 581 301 432 346 469 390 433 435 470 240 412 269 437
424 392 586 574 386 433 433 470 300 433 345 470 239 411 266 436 43 443 286 591
421 391 581 576 382 433 430 468 8 441 236 613 300 433 344 472 237 411 262 434
419 389 578 578 378 433 427 468 295 433 338 473
294 433 337 473 376 432 423 467 231 413 255 435
415 388 577 579 293 434 336 472 228 412 252 435 376 431 419 466
410 393 569 573 290 434 334 472 224 410 248 434 368 430 409 464
409 392 567 573 287 433 332 471 362 428 410 464 221 406 245 434
406 391 566 575 284 432 331 471 357 428 408 463 218 404 242 433
401 390 564 575 353 428 406 462 281 432 330 472 215 403 239 432
396 390 561 574 349 427 404 462 278 432 328 474 213 403 236 431
392 390 558 572 347 426 401 461 277 431 327 481 209 406 231 429
389 390 555 572 274 431 326 489 348 427 397 461 209 406 230 430
385 389 553 572 271 432 326 490 343 427 384 461 207 406 228 430
382 388 550 573 339 427 384 461 268 433 325 491 205 406 227 431
379 389 546 574 264 434 320 492 335 428 384 461 204 406 225 431 968 478 1267 596
376 389 543 575 259 435 320 494 332 428 383 461 203 406 225 430 981 481 1262 595
373 388 539 576 330 428 382 460 254 436 318 496 203 407 225 429 1014 480 1271 601
370 388 537 577 329 427 380 460 249 438 319 500 202 407 225 429 1030 483 1272 600
368 388 535 579 244 440 313 502 328 426 377 460 201 407 225 429 1053 485 1272 601
367 388 535 580 239 441 310 503 325 425 376 460 200 408 224 429 1072 488 1272 600
366 387 532 581 324 423 373 458 228 439 305 507 198 408 222 429
365 387 531 582 221 439 302 512 324 422 370 456 196 407 221 428
211 438 298 517 360 392 521 577 320 421 362 456 195 406 221 428
360 393 520 577 204 436 295 521 319 421 362 457 195 406 220 428
358 394 519 576 189 435 287 523 317 421 360 456 193 406 219 428
354 393 518 577 175 437 286 531 316 421 358 455 192 406 217 427
351 393 516 577 314 420 356 454 154 438 275 533
348 392 514 576 312 419 355 454 141 438 273 538
346 391 511 574 311 419 353 454 110 439 258 550 190 405 214 427
91 439 248 558 343 390 509 574 310 419 351 453 189 405 214 427
340 390 506 574 308 419 349 452 68 434 243 562 188 405 212 426
26 436 230 567 337 391 504 574 307 418 347 451 189 405 212 425
332 391 501 575 5 437 222 587 306 418 345 451 190 404 210 425
330 391 498 575 306 418 343 452 0 441 180 596 191 405 210 424
327 391 493 575 305 418 342 451 0 438 164 616 190 406 209 425
326 391 490 575 0 438 124 631 304 417 342 452 189 407 210 426
325 389 487 575 189 407 211 427 305 416 342 446
323 388 484 575 190 407 213 428 301 421 332 453
323 388 480 575 190 407 214 428 301 421 332 453
322 389 478 574 191 407 216 428 302 421 331 452
322 388 477 574 193 407 218 428 302 421 331 452
321 387 476 574 196 407 221 427 303 421 330 451
320 386 476 575 199 408 223 426 303 420 330 452
320 385 476 574 201 408 225 425 304 420 329 452
320 385 476 575 203 409 227 425 305 420 329 453
320 385 475 575 306 420 328 452 204 409 227 425
320 384 475 574 214 408 238 426 307 420 327 452
320 383 476 573 215 407 240 425 307 421 327 451
319 382 476 571 217 406 242 424
319 383 476 570 220 405 244 423
319 384 476 569 222 407 247 424
319 384 476 570 224 408 248 425
319 386 475 572 226 411 250 428 198 407 215 420
319 388 476 574 228 413 250 431 197 408 217 423 238 413 265 432
320 389 475 576 238 415 266 435 199 410 220 426 229 415 250 432 1021 482 1272 587
