

1053 269 1275 388 0 217 241 545 675 239 713 263 559 239 592 262 757 240 809 275 541 244 575 266 376 233 405 309 736 244 760 264 874 249 923 290 827 244 877 282
1045 269 1275 387 0 217 236 546 675 240 712 263 559 239 591 262 757 240 809 276 380 235 409 312 543 244 575 266 669 238 698 257 872 247 921 289 735 244 759 264 826 240 871 276
0 216 227 547 1038 267 1275 386 380 236 410 310 559 239 590 261 756 240 808 276 543 244 575 266 676 240 711 263 868 246 920 287 734 243 759 264 825 240 869 276
0 217 220 549 1031 265 1274 385 383 240 410 302 559 239 590 261 755 240 808 275 543 244 575 266 864 246 919 286 669 239 700 259 734 243 759 264 824 240 867 276
0 215 213 553 1026 264 1273 383 384 240 411 301 755 240 807 275 559 239 591 260 543 245 574 265 669 239 700 259 863 246 916 285 734 243 759 264 823 240 865 277 454 249 506 277
0 215 208 553 1021 263 1269 379 385 239 413 300 754 240 806 274 559 239 591 260 669 239 700 260 544 245 574 265 734 243 758 263 857 247 904 283 819 245 867 281 453 249 506 276
0 216 189 557 1018 267 1221 370 387 239 415 299 753 240 805 274 559 238 591 260 669 239 700 260 544 246 573 265 855 247 904 283 454 249 506 276 734 242 758 262
0 222 185 550 1015 268 1216 369 560 238 591 259 389 238 417 298 669 239 699 260 752 240 804 273 544 246 573 265 854 247 903 283 454 249 507 276 734 242 759 262
1 228 181 546 1010 268 1208 368 560 238 591 259 391 238 419 298 669 239 699 259 751 241 804 273 543 246 572 265 853 247 901 282 454 248 508 277
3 228 175 550 1005 266 1201 367 561 238 591 259 392 238 421 298 668 239 698 259 543 246 571 265 750 241 803 273 454 248 509 277 852 247 899 282
4 229 168 554 1000 264 1192 366 395 238 422 298 560 238 591 259 668 238 698 259 544 245 572 265 750 241 802 274 851 247 897 283 451 245 511 273
4 226 156 557 993 265 1158 361 397 236 425 298 667 237 698 257 560 236 590 258 544 243 573 263 749 240 801 273 851 245 896 284 451 243 513 273
4 227 143 554 667 235 698 256 981 252 1155 357 560 235 590 257 749 240 799 271 399 234 428 297 544 241 573 261 452 241 514 272 851 244 893 284 809 238 851 277
3 229 130 552 667 234 697 254 560 234 590 256 975 251 1150 356 749 240 796 270 543 240 573 260 809 237 851 276 454 239 514 270 408 234 433 297 850 244 892 283
3 231 121 555 667 235 697 253 559 234 589 256 407 232 434 297 971 250 1148 355 750 240 795 268 544 240 574 259 808 237 851 275 868 235 981 300
3 226 111 561 409 234 436 296 667 235 696 252 559 234 590 256 966 253 1146 354 748 240 794 268 544 240 573 259 808 238 849 275 870 238 978 301
5 216 103 571 411 235 437 295 666 234 696 251 560 234 590 256 963 256 1142 352 748 239 793 267 872 238 976 302 545 240 573 259 807 238 846 273
414 234 439 295 970 258 1126 347 0 207 88 580 666 233 695 250 561 234 590 256 746 238 793 266 872 233 975 303 545 241 572 259 455 237 514 267 806 238 844 273
0 200 85 589 957 260 1138 348 416 233 441 294 665 232 695 250 561 234 590 255 745 236 793 265 872 231 975 303 544 241 572 259 455 236 515 267 804 237 843 272
1 209 75 575 959 255 1125 344 665 231 696 250 743 235 793 265 561 234 590 255 420 233 442 294 869 228 973 303 26 238 208 333 805 237 843 272 544 240 572 258 457 237 514 267
953 256 1124 342 742 235 794 265 1 216 64 566 665 230 695 250 560 234 589 255 422 233 444 294 867 229 969 302 804 237 841 272 27 241 214 332 830 241 875 275 480 240 519 266
952 253 1104 335 665 231 695 250 559 234 589 255 742 236 793 267 424 232 447 285 851 233 955 298 1 221 50 559 804 237 841 272 477 240 521 267 830 241 874 274 35 241 220 331
950 254 1101 335 558 235 589 256 665 231 694 250 743 238 792 268 851 234 953 298 425 232 448 284 0 224 40 559 475 240 522 267 40 241 223 330 803 238 840 272
945 253 1099 335 558 235 589 257 665 232 694 250 744 239 790 268 852 235 950 299 472 239 524 268 425 233 447 281 38 239 229 329 830 246 872 282
942 253 1092 335 559 234 591 257 665 232 695 250 745 239 789 268 853 233 948 300 473 239 524 269 830 246 871 282 74 239 238 318 434 232 457 281
940 253 1089 334 666 232 695 250 560 234 592 257 474 239 525 269 745 240 788 267 852 232 947 300 435 232 459 282 829 246 871 281 62 240 264 322
931 254 1075 332 474 240 525 269 850 232 946 300 666 232 695 250 744 240 789 267 560 235 592 257 436 233 460 281 828 246 871 281 67 239 265 323
928 253 1075 331 475 241 526 270 848 233 945 299 560 237 592 258 666 234 694 250 744 241 789 268 437 235 461 281 828 247 869 281
926 254 1072 330 847 233 943 299 561 239 592 260 475 242 527 271 667 235 694 251 743 242 789 269 99 243 261 316 439 236 462 281 827 246 868 282
847 232 941 299 923 254 1069 330 561 241 592 261 476 243 527 272 100 243 266 317 667 236 694 253 743 243 789 270 440 238 463 289 827 247 867 282 714 244 737 257
849 232 938 300 922 255 1065 330 563 241 593 260 478 243 527 272 668 237 694 254 100 243 270 318 742 243 789 271 442 238 464 289 827 247 868 282
563 240 594 259 849 233 936 299 480 243 527 272 667 236 694 253 741 242 790 271 922 256 1062 329 444 238 467 290 107 242 270 315 827 247 868 282
564 240 595 259 482 243 528 271 666 235 694 252 849 234 934 298 737 239 778 264 447 236 470 291 912 255 1042 326
563 239 595 259 483 243 529 271 666 234 694 251 909 256 1040 325 737 239 779 264 448 234 473 292 848 235 933 297
563 239 595 259 483 243 530 271 666 234 694 250 907 259 1039 325 737 239 779 264 449 234 475 293 837 240 923 291 789 241 825 272
563 240 595 260 482 243 531 272 736 239 780 264 666 234 693 250 907 263 1035 324 450 234 476 292 835 241 920 291
564 240 595 260 482 243 531 272 735 240 781 265 666 235 692 251 833 240 917 291 452 235 477 292
564 240 595 260 482 243 531 272 735 240 781 265 666 236 691 251 891 249 1013 307 830 228 917 285
565 240 595 260 481 243 532 272 735 240 781 265 887 248 1015 308 666 236 690 251 829 229 914 284 458 236 480 291
565 241 595 260 735 239 781 265 482 244 532 272 886 248 1010 308 665 236 689 251 828 230 912 283 460 238 480 290
565 241 595 260 735 239 780 265 483 244 532 272 665 236 689 251 886 248 1004 307 827 230 909 282 460 239 481 289
566 242 595 260 735 240 779 266 485 245 532 272 665 236 689 251 826 231 907 282 886 248 999 307 461 240 482 288
565 243 595 261 735 241 778 266 485 245 532 273 665 238 689 252 827 231 906 282 887 249 996 305 462 241 482 288
565 244 595 262 735 243 777 267 664 239 689 253 485 245 531 273 462 241 483 288 826 231 906 283 887 251 995 304
564 244 595 263 734 244 776 268 486 246 532 273 664 240 689 254 462 242 483 288 188 244 326 310 881 251 978 302
564 243 596 263 733 244 776 269 487 245 532 272 1017 250 1130 300 189 244 329 310 462 241 484 289 664 239 689 255 877 252 980 305
562 243 596 264 732 244 776 269 873 251 979 306 487 245 533 272 190 244 330 308 663 239 688 254 463 241 484 287
870 250 977 307 564 242 597 263 732 245 774 270 191 244 332 308 487 246 533 272 662 240 687 254 464 242 485 288
868 250 972 306 565 242 597 262 732 245 773 269 661 240 686 255 194 245 332 307 486 246 534 272 464 243 485 288 782 240 820 274
866 250 969 305 565 242 597 262 732 246 772 270 660 240 686 255 486 246 535 273 197 244 331 307 781 240 819 275 466 243 487 287
865 249 966 305 564 242 597 263 731 245 773 270 660 240 686 255 486 246 536 272 210 242 343 306 780 240 820 275
864 249 967 306 563 242 597 263 731 246 772 269 660 240 686 255 486 246 537 272 780 240 820 274
863 250 966 307 565 243 597 263 731 247 771 269 660 241 686 255 485 246 537 271 469 243 491 286
862 251 965 306 566 243 597 263 730 247 770 269 660 241 685 255 472 244 493 286 504 246 540 270
860 252 952 302 567 244 597 263 730 247 769 269 660 241 685 256 473 244 493 287 504 247 541 271 780 242 818 274
859 251 950 300 566 243 597 262 729 246 769 269 475 245 494 287 661 241 685 255 504 246 541 270 780 242 817 274
856 250 948 299 566 243 597 262 728 246 769 269 475 246 494 288 505 246 541 269 662 241 685 254 779 242 817 274
855 248 945 299 565 241 597 261 729 245 768 268 1223 305 1279 394 476 247 495 287 506 245 540 268 662 240 684 253 242 243 362 295
854 247 943 298 1219 305 1279 397 729 244 768 268 565 240 597 259 241 242 365 293 508 244 540 267
854 245 939 295 730 243 767 266 1213 304 1279 396 566 239 597 257 242 240 368 290
854 244 936 293 729 242 768 266 243 239 370 289 1199 303 1279 393 567 238 596 256
853 243 934 291 729 242 768 265 1193 301 1279 392 245 238 372 288 567 237 596 255
851 243 933 289 728 241 767 265 567 237 596 255 1188 300 1279 390 245 238 375 288
566 236 596 255 728 241 767 265 850 243 932 288 248 231 373 287 1176 297 1275 386 661 233 682 248
566 237 596 255 728 241 766 264 1170 296 1278 385 250 238 375 288 848 244 933 286 661 234 682 248
567 238 596 256 1161 294 1279 384 728 242 766 265 254 238 373 288 660 235 682 249 838 245 924 287
1154 295 1279 384 568 240 596 257 727 242 766 265 838 245 923 289 253 237 374 289 660 235 682 249
1137 272 1279 380 568 240 596 256 838 244 922 289 726 242 766 265 487 237 509 275 659 235 683 249 268 240 383 287
1131 272 1279 381 567 239 596 256 838 244 919 287 726 241 765 265 488 236 509 275 961 243 1069 292 660 235 682 248
1126 275 1279 381 836 244 916 285 566 238 595 255 726 242 765 264 944 244 1057 290 488 236 509 275
1122 277 1279 385 835 244 914 286 566 238 595 255 727 243 764 265 943 244 1057 290 489 237 510 275 643 233 668 246
1120 276 1278 385 833 244 913 286 566 238 596 255 727 243 764 265 490 237 509 275 940 244 1056 290 642 233 668 246
1118 272 1277 386 832 244 913 286 565 238 596 255 726 243 763 264 940 244 1055 291 279 234 383 281 489 237 509 274 509 239 542 263
1116 268 1275 385 831 244 913 285 565 238 596 256 941 243 1053 291 726 242 763 264 281 234 384 281 509 239 543 262
1114 268 1276 385 830 244 912 286 565 238 596 256 940 244 1052 291 280 236 386 280 725 242 763 264
1112 270 1277 386 830 245 912 286 939 244 1049 291 566 239 596 256 281 235 386 282 725 243 764 264 717 238 747 258
1111 272 1279 386 829 246 911 286 938 245 1047 292 568 239 596 255 283 234 386 283 717 239 748 258 725 243 764 265
827 247 910 284 1110 274 1279 386 567 240 596 257 937 246 1045 291 287 233 387 284 717 240 747 259 727 245 763 265
567 241 596 258 827 248 909 285 937 247 1043 291 1110 274 1279 385 717 241 747 259 728 246 762 265 288 233 388 284
566 243 595 260 1111 273 1279 383 826 249 909 286 937 248 1041 291 717 243 747 261
566 244 595 261 1068 270 1268 375 921 251 1033 291 716 242 749 263 492 243 511 273 821 252 883 281
564 245 595 262 1066 270 1267 375 921 250 1032 291 820 252 883 281 716 243 750 264 662 242 683 253 492 244 511 273
1064 270 1269 375 566 245 595 261 919 250 1032 291 820 252 883 281 715 244 749 265 299 243 405 284 780 253 822 277
1062 269 1269 375 917 250 1033 292 567 246 595 261 820 252 881 281 715 245 749 265 300 243 407 284 780 253 823 278
913 250 1033 292 1061 271 1265 376 299 242 409 285 714 245 750 266 568 246 595 261 820 252 880 281 780 252 824 278 491 247 509 280 510 247 542 269
912 250 1033 293 714 244 751 266 1059 270 1262 377 820 252 880 282 301 242 410 285 567 247 595 261 491 247 509 280 779 251 824 279 510 247 542 269
912 250 1031 292 714 245 750 267 817 251 881 283 565 248 594 262 1056 268 1261 378 303 242 411 285 646 243 665 256
912 249 1027 292 816 251 882 284 713 246 749 267 564 248 592 263 1054 266 1263 377 306 242 409 286 645 244 665 256
912 250 1024 292 814 251 882 284 563 249 591 263 713 247 747 267 1048 267 1264 376 645 244 665 257 309 242 408 286 511 249 544 269
911 250 1021 292 813 251 881 283 564 249 591 263 712 248 746 267 312 242 406 286 645 244 664 257 1045 270 1262 375 510 249 544 269
908 250 1022 291 565 248 592 263 813 251 878 282 712 248 746 268 312 242 406 287 1035 285 1160 360 645 244 663 257 509 249 544 270
895 253 1013 289 566 248 593 263 711 248 745 268 314 243 406 287 1033 286 1158 359 814 252 876 282 507 250 544 274
896 252 1011 289 313 242 407 287 711 248 745 267 567 248 593 263 1033 287 1153 359 813 252 873 282 644 245 663 257
897 251 1009 288 711 247 745 267 566 247 593 262 811 250 873 282 315 242 407 286 1035 286 1148 359 643 243 663 255
898 249 1008 288 711 245 745 267 808 248 873 281 565 246 592 261 642 241 663 254 315 241 407 286
898 247 1006 288 710 243 744 266 806 246 875 282 565 243 593 259 641 240 663 253 509 246 542 268
897 246 1005 289 711 243 743 265 566 241 593 258 801 248 861 281 640 238 662 252 493 243 514 273 509 245 541 267
898 245 1003 290 565 239 594 256 711 242 743 264 800 247 862 281 639 236 662 250 494 242 514 273 508 243 541 266
