

845 348 1041 716 511 159 559 306 344 137 365 167 913 271 1034 492 956 91 1225 306 270 139 288 166 1 143 250 513 367 122 392 138 569 146 850 370
825 355 1026 710 511 160 560 306 343 136 365 167 956 91 1225 307 917 268 1031 492 270 139 288 167 1 172 267 491 366 122 392 139 571 147 849 371
819 355 1024 709 511 160 561 306 956 90 1225 309 342 135 365 167 5 174 274 484 915 266 1028 497 269 139 288 167 570 148 850 372 366 122 392 139
811 350 1021 709 511 159 562 305 955 89 1225 309 342 135 365 167 10 179 280 479 911 263 1034 599 571 150 851 373 367 122 392 139 453 136 496 171
803 347 1020 713 512 159 562 304 905 261 1032 598 955 89 1225 310 341 135 365 167 17 185 285 472 452 135 497 171 571 149 853 372 367 122 392 138 478 139 517 220
795 346 1019 716 513 158 563 303 897 260 1028 597 340 135 364 166 955 90 1226 309 450 135 499 171 479 141 518 219 366 122 392 138 21 190 291 464 572 148 855 372
787 343 1018 718 513 157 563 303 339 135 364 165 955 90 1227 308 891 262 1023 597 450 135 501 170 366 122 392 138 480 143 519 218 572 146 855 373
513 157 565 303 782 339 1014 718 339 135 364 165 886 261 1004 518 953 89 1228 307 452 135 502 170 366 122 392 138 573 145 855 375
512 155 565 302 765 347 983 707 338 135 363 165 450 116 507 177 952 87 1229 307 573 143 857 375 883 261 1013 607 366 121 392 138
518 154 571 299 761 342 978 705 338 136 362 165 450 117 508 177 573 143 860 375 871 260 978 518 946 92 1232 378 366 121 393 139
518 154 570 299 757 337 972 704 866 257 978 613 338 136 361 165 574 143 865 374 451 116 508 176 5 184 104 275 365 122 393 139 207 116 301 272 944 91 1233 381
518 155 570 299 747 330 965 705 858 255 969 619 576 142 866 373 3 184 113 276 338 136 361 164 453 115 510 175 365 122 393 139 212 109 308 267
519 155 569 300 851 256 961 621 578 141 866 371 1 184 118 279 749 294 952 693 459 131 503 169 365 122 393 139 955 105 1241 245
726 306 915 693 2 184 121 279 845 255 955 625 519 156 570 301 581 141 865 367 953 104 1241 245 460 131 503 169 365 122 393 140
842 250 951 627 720 299 900 697 4 185 113 280 519 156 570 303 585 143 864 365 461 131 506 169 953 104 1241 245 365 121 393 140
840 244 945 631 710 285 891 705 520 157 570 303 588 145 865 362 0 224 49 433 462 131 507 169 7 186 104 277 952 103 1241 245 365 121 394 140
840 242 941 633 520 157 570 302 591 148 866 361 695 289 862 704 1 217 63 432 464 132 507 169 951 104 1240 244 156 120 355 363 366 121 394 139 0 188 89 272 731 126 776 218
830 244 928 626 686 288 854 706 521 157 570 300 591 149 867 359 0 186 81 400 952 104 1240 243 466 133 507 169 162 118 359 354 732 128 777 218 366 121 394 139
825 243 927 623 676 289 846 708 521 157 569 299 591 149 865 358 0 178 85 401 951 104 1240 243 467 134 507 169 169 117 364 349 732 128 777 217 367 121 393 138
817 242 922 618 667 287 839 710 521 157 569 296 588 151 864 357 3 177 107 396 949 103 1240 243 469 135 508 168 732 128 777 217 366 122 393 138
808 239 915 614 660 278 836 718 521 157 569 292 3 172 115 395 587 153 866 358 947 103 1239 243 470 135 507 167 182 135 377 342 732 127 777 217
800 238 907 612 652 270 838 719 521 157 568 287 1 172 122 398 584 155 874 356 945 103 1239 243 474 128 518 165 189 132 380 333 733 127 777 217
795 238 902 613 646 260 843 719 521 157 569 287 0 143 136 439 475 126 518 165 585 155 879 357 948 103 1238 243 783 461 833 571 733 127 777 217
644 277 805 709 791 238 899 608 521 156 569 288 0 141 144 431 476 127 520 165 586 155 884 355 949 104 1239 243
637 271 795 705 787 239 897 602 521 154 570 289 2 144 157 417 479 127 520 165 586 155 880 355 949 104 1239 243
627 266 786 697 774 240 884 591 521 153 571 289 3 148 169 405 482 128 521 165 587 156 872 356 948 104 1239 243 223 133 391 313
620 261 783 692 768 237 880 591 522 152 571 289 2 150 178 398 484 127 522 165 585 159 863 360 949 104 1239 242 228 136 393 311
613 259 786 690 762 225 873 576 523 153 571 290 486 125 524 164 584 160 861 362 0 150 183 355 948 104 1239 243
756 225 867 572 607 258 791 692 524 154 572 291 0 148 188 354 488 125 526 164 584 161 863 362 946 104 1240 243
750 224 858 570 602 257 796 693 526 156 574 292 490 125 527 163 584 161 865 362 14 150 196 351 250 144 404 301 945 103 1240 243
745 222 855 570 599 259 764 690 526 156 574 292 10 148 201 350 491 129 526 162 256 142 408 298 586 162 864 363 944 102 1240 244
739 219 852 572 598 256 760 683 527 156 576 291 8 147 209 343 575 142 782 333 494 132 524 161 260 141 412 295 944 102 1240 244
735 219 852 572 597 256 756 675 528 156 579 290 3 146 216 336 577 144 779 331 496 134 524 160 944 102 1240 245
732 219 851 572 591 242 752 662 530 156 582 290 277 123 426 282 6 145 223 330 579 145 777 331 944 103 1241 245
731 220 851 573 589 246 747 652 531 155 583 290 280 125 428 283 10 145 230 327 578 143 776 334 944 103 1242 244
720 226 841 568 585 242 740 638 533 154 583 289 286 124 430 280 20 145 238 321 577 143 776 333 944 104 1243 243
718 223 837 565 582 236 731 624 535 154 583 287 301 119 424 278 28 145 246 315 575 142 776 331 945 104 1243 243
714 220 833 560 579 230 722 614 536 153 583 286 307 117 426 275 54 147 255 306 574 142 778 329 946 104 1242 243
710 218 828 551 578 228 716 610 60 148 256 303 312 117 427 273 536 152 583 286 275 139 291 169 573 141 780 329 946 104 1243 243
706 216 823 541 70 146 261 299 569 228 696 611 315 117 429 272 537 153 582 285 276 139 292 168 574 141 782 331
705 214 817 534 565 227 692 611 79 145 267 296 318 118 431 271 537 154 581 284 576 140 779 332
706 217 808 525 88 129 279 286 560 224 689 614 320 116 434 270 538 154 581 284
705 218 806 523 93 129 281 284 324 114 437 269 556 222 686 618 538 152 582 285
700 220 802 520 97 129 284 280 552 222 681 616 327 114 440 266 538 151 581 285 955 78 1230 309
696 222 798 519 549 226 678 609 120 130 284 278 329 117 442 264 537 152 581 286
693 220 794 519 126 130 285 275 544 228 672 603 537 150 580 287 330 120 444 262
691 219 792 519 541 211 663 586 132 130 289 271 537 149 579 288 332 122 445 262
537 210 658 576 683 220 784 515 138 128 295 267 536 149 577 288 346 116 453 261
682 216 783 518 535 210 656 565 145 129 302 264 0 96 76 399 349 117 453 260 535 148 576 287
680 211 781 521 534 208 655 558 153 128 308 261 353 115 454 259 0 104 84 389 537 147 579 260
678 209 778 522 529 216 644 556 159 130 312 257 357 115 455 257 537 144 578 264 0 104 87 387
673 207 775 521 527 211 645 555 164 128 313 252 361 114 457 255 538 143 579 263 585 147 817 331
525 208 646 556 670 207 773 520 179 126 325 250 363 113 459 252 0 74 127 416 537 143 580 262 583 147 818 331
523 206 644 555 671 195 772 512 183 124 325 248 366 111 461 250 0 70 136 418 537 143 581 259 583 147 818 332
524 209 642 554 668 196 773 509 187 122 327 249 1 66 140 417 367 109 462 250 536 142 582 261 584 148 818 334
522 209 639 550 653 201 779 496 192 121 329 247 2 71 150 407 536 141 583 262 585 150 817 336 370 104 462 247
519 205 637 547 650 200 781 496 197 122 334 244 2 77 160 394 536 141 582 262 587 153 817 337 370 100 463 246
647 199 784 495 517 201 634 543 203 133 328 234 2 84 172 379 536 142 581 259 587 155 817 337 373 96 464 244
647 198 784 495 515 197 632 540 2 85 177 369 213 131 334 233 586 156 817 337 537 142 581 258 374 97 466 243
647 198 784 494 214 131 339 232 514 200 629 533 1 89 181 356 585 155 817 338 537 141 582 257
648 199 784 493 216 131 342 229 514 194 624 510 0 92 185 346 539 128 583 224
650 200 784 493 218 128 345 228 510 197 617 505 0 69 189 341 371 118 392 136 540 129 583 218 383 72 473 223
652 201 785 492 219 127 345 226 507 192 612 511 0 98 213 336 370 118 392 136 384 74 475 224 935 103 1248 243
668 206 780 496 502 192 607 511 224 126 345 225 0 70 219 331 370 118 393 136 936 103 1247 243
670 206 782 493 498 196 604 508 230 127 346 223 0 66 223 327 370 118 393 137 937 104 1247 243
673 206 784 490 494 199 600 504 0 64 228 323 247 128 350 221 369 118 394 137 938 104 1247 243 549 139 592 254
676 205 786 484 493 200 599 502 249 130 351 221 3 69 243 316 370 119 394 137 549 138 592 256 939 104 1247 243 502 114 518 142
680 204 787 477 253 131 353 220 494 201 598 497 6 72 253 311 369 119 394 137 502 114 518 142 548 136 592 260 940 104 1246 244
690 198 798 478 256 131 354 219 486 204 586 484 16 84 244 299 369 119 395 137 502 114 519 142 548 135 592 263 940 104 1245 244
694 200 800 473 485 202 585 481 259 131 356 217 26 80 250 295 368 119 395 137 577 141 769 342 502 114 519 143 411 136 489 219 940 104 1245 245 549 136 592 266
698 200 803 469 482 200 583 478 261 130 358 217 31 77 253 291 576 140 769 344 413 136 491 219 367 119 395 137 502 114 519 142 941 104 1244 245 550 138 592 266
704 199 807 467 479 198 581 472 264 128 360 216 50 80 265 288 575 139 769 345 415 133 494 218 367 119 395 137 502 113 519 142 941 104 1244 245 551 139 592 266
710 197 812 466 476 197 579 466 60 81 270 284 269 129 360 215 576 138 767 345 367 119 394 137 503 114 519 141 552 140 592 266 941 104 1245 244
715 194 815 466 474 196 577 463 74 81 275 280 271 127 362 214 577 138 764 345 368 120 393 137 552 140 593 266 503 114 519 141 955 76 1226 309
719 193 816 465 472 195 576 461 85 77 279 276 278 124 367 212 578 138 763 346 551 141 593 265 368 120 393 138 956 76 1226 310 504 114 520 141
720 193 818 466 471 196 573 461 95 75 281 274 281 122 367 213 579 138 762 348 552 143 594 263 368 120 393 139 955 75 1226 310 504 114 519 142
722 192 819 466 468 197 570 460 100 77 283 270 284 122 366 212 579 138 762 349 553 144 593 261 368 121 392 139 955 75 1226 310
723 191 819 465 468 199 567 460 115 81 287 269 288 124 368 211 581 130 761 368 955 75 1226 310 368 121 392 139 555 145 592 259
724 190 819 461 467 199 565 456 121 86 286 265 290 125 370 209 578 139 764 350 955 75 1226 310 555 146 592 258 368 121 392 140
726 188 820 456 468 199 563 452 131 88 289 262 294 127 373 207 582 131 764 369 556 146 592 257 956 75 1226 310 368 120 392 140
727 187 821 451 466 198 563 446 140 89 292 259 298 128 374 205 582 132 766 369 556 146 592 257 957 76 1226 309 368 120 392 140
728 186 824 449 150 90 295 257 466 198 563 443 579 141 768 352 302 129 375 202 557 146 592 256 958 78 1225 309 368 121 392 140
729 187 827 446 154 90 297 255 464 197 564 440 579 142 767 351 303 125 375 193 557 147 592 256 958 79 1225 309 368 121 392 139
732 188 830 444 159 89 302 251 463 198 564 435 578 142 766 351 305 124 376 193 558 148 592 256 957 79 1224 309 368 121 392 139
163 89 306 248 734 191 832 441 460 187 564 425 578 142 766 350 307 125 373 192 442 134 504 208 559 149 592 257 958 79 1224 310 369 120 392 139
744 191 839 439 459 185 563 426 166 91 311 243 579 134 769 368 318 123 379 191 560 150 593 256 958 79 1223 310 370 120 393 139
744 192 842 437 460 185 561 426 181 93 320 242 578 134 771 368 317 123 379 191 560 149 593 256 958 79 1223 310
746 195 848 436 460 186 560 426 185 93 321 242 577 133 774 369 560 149 593 253 958 79 1224 310
746 197 855 435 460 188 559 424 190 92 324 240 577 131 778 369 561 150 594 250 958 79 1224 311
461 190 557 422 746 198 862 435 194 87 326 229 321 122 383 189 577 130 780 370 561 151 595 247 941 105 1243 245
462 193 556 420 744 198 866 435 196 88 327 227 323 123 383 188 576 130 783 369 561 153 595 246 941 105 1243 245 563 145 598 197 370 119 394 138
462 194 554 417 746 199 867 435 200 90 329 225 326 124 383 188 577 130 783 368 561 152 595 247 942 105 1243 245 564 144 597 197 371 119 394 139
461 193 552 412 752 198 868 435 203 91 332 224 328 124 383 187 587 136 842 370 562 152 595 246 958 79 1223 311
461 191 551 407 759 195 870 436 207 91 335 224 331 125 383 186 587 136 844 372 562 152 594 246 958 79 1223 310
461 187 549 403 767 193 872 438 217 89 332 226 331 125 383 186 588 136 841 373 562 151 594 245 941 104 1244 243
459 184 548 399 776 195 875 434 221 90 335 225 334 124 383 186 589 134 843 373 562 152 594 244 941 104 1244 243
456 180 547 396 226 90 339 224 784 200 877 429 590 132 844 372 336 123 383 186 561 153 594 243 941 104 1243 243
454 180 546 395 798 195 884 433 230 90 343 222 590 131 847 372 339 122 384 184 561 153 594 242 942 105 1243 244
