

328 307 422 370 1202 341 1279 400 785 316 822 335 647 315 659 324
322 305 422 370 1204 342 1279 400 647 314 658 324 785 316 824 335
306 306 411 374 1207 341 1279 402 647 314 658 324 785 315 825 334
298 307 408 373 1217 340 1279 403 646 314 658 324 569 319 595 339
281 308 396 375 1221 339 1279 405 646 314 657 324 567 319 595 339
275 308 393 375 1223 339 1279 406 566 318 595 339 646 314 658 324
262 307 394 376 564 315 596 338 646 315 658 325 215 317 255 341 1226 338 1279 407 789 317 821 332
249 305 370 378 563 313 597 338 646 315 658 325 213 317 254 341
562 312 597 337 646 315 658 325 209 315 251 340
562 312 596 336 217 302 349 382 646 315 658 325 370 316 403 329
185 300 351 387 561 312 595 336 368 315 404 329 646 315 658 324
561 313 594 336 646 314 659 323 367 315 403 329
561 314 593 335 133 304 307 397 645 314 659 322 364 314 403 329 790 318 819 332
562 314 593 335 363 314 404 330 645 313 659 321 77 303 275 404 790 317 819 332
65 304 262 407 562 314 594 335 362 313 403 330 645 312 659 321 1033 320 1056 357
562 313 594 334 645 311 659 320 26 305 234 421 362 314 402 329
562 314 594 335 645 311 659 320 0 301 175 435 361 314 402 330
0 297 150 438 561 314 594 336 644 310 659 319 188 316 233 336 360 314 401 330
0 298 133 437 560 315 594 337 645 310 659 319 187 316 232 337 359 314 399 330
559 315 595 338 0 298 84 441 645 311 659 319 184 316 229 336 360 314 398 330
558 315 595 339 645 311 659 319 182 316 227 336
558 315 597 339 645 311 659 320 181 316 225 336
557 314 597 340 644 310 659 320
556 313 598 340 644 311 660 320
555 311 599 340 644 311 660 321 803 316 847 335 969 322 1017 355
555 311 599 341 645 312 661 322 972 322 1021 355 804 317 846 335
556 312 598 341 974 322 1024 354 645 312 660 321 805 317 845 334
557 312 599 341 645 312 660 321
560 313 600 341 645 312 661 321 809 318 842 334 354 313 398 333
646 313 661 322 810 320 841 334 354 314 397 333
558 311 601 342 645 313 660 322 811 321 842 335 351 314 397 334
556 308 601 342 350 314 398 334 646 313 659 322 162 317 209 338 812 321 842 335
555 307 600 343 348 314 398 334 160 317 209 338 998 322 1044 356 646 314 659 322 813 321 843 335
555 307 600 343 349 314 398 334 158 317 208 338 1000 323 1048 356 647 314 660 323
555 308 600 343 158 317 207 338 350 315 397 335 828 319 869 337 647 314 660 323
556 309 601 343 157 317 206 339 826 319 871 337 350 315 397 334 647 313 660 323
826 318 872 338 156 317 206 339 647 313 660 322 348 315 398 334
826 319 872 338 155 317 205 339 1014 323 1066 361 346 314 399 334 647 313 661 322
1013 324 1070 362 826 319 873 338 156 317 204 339 346 314 398 334
560 312 604 345 1016 324 1074 361 826 320 875 338 348 315 397 334 159 317 202 339 648 314 662 323 584 167 634 179
557 313 604 345 826 320 875 339 1018 325 1078 362 648 314 663 324 350 315 396 334 584 166 635 178 141 316 188 340 666 315 680 324
555 313 603 345 827 321 874 339 1020 325 1082 362 648 314 665 325 351 316 395 334 138 316 189 341 582 165 636 177 665 314 680 324
554 313 602 344 827 321 872 340 647 314 666 325 136 316 190 342 1023 324 1079 363 353 316 394 334 583 164 636 176
553 313 601 345 828 321 871 340 647 315 666 326 133 316 191 342 582 162 637 174 338 316 386 336
552 313 601 345 829 322 871 340 647 315 666 326 130 316 190 341 582 161 637 173 338 317 387 336
550 313 600 345 830 322 871 340 647 315 667 326 337 317 387 337 126 316 188 340 581 159 638 172
549 314 600 345 337 317 387 337 831 322 872 340 647 314 667 326 124 316 187 339 665 314 680 324
549 314 599 345 336 317 386 337 832 322 872 340 647 314 666 326 1042 328 1103 364 666 314 680 323
336 316 384 337 550 313 599 345 832 322 872 340 647 314 666 326 1045 328 1106 364 582 151 635 165 849 320 891 341 666 314 680 323
336 317 383 337 551 313 598 345 833 321 872 340 109 317 171 341 647 315 666 326 848 320 893 341 582 148 636 164
335 316 382 337 106 317 171 341 550 313 598 345 647 314 666 326 848 320 894 341 833 321 872 340 581 147 637 162
334 316 381 337 849 320 895 341 550 313 596 345 647 314 666 326 580 144 638 160 103 317 169 340 834 322 869 339
332 316 380 338 851 320 895 341 550 313 595 344 580 142 638 158 647 313 666 325 1066 328 1122 364 835 322 867 339
331 316 379 338 851 320 895 341 581 140 637 156 552 315 594 344 647 313 667 325 1066 328 1126 364
330 317 378 338 851 320 896 341 581 140 637 155 553 316 593 344 647 313 666 325 1066 329 1128 364 97 316 165 340
328 317 377 338 851 320 898 341 580 137 638 152 647 314 666 325 554 315 593 343 95 317 164 340
327 317 376 338 852 320 899 341 647 314 666 325 578 135 639 151 368 140 408 157
326 317 375 338 852 320 900 341 366 138 405 155 647 314 666 325 85 317 149 342 576 132 641 149
853 320 901 341 326 317 373 337 81 317 150 343 530 315 583 346 363 136 403 152 647 313 665 324
852 320 902 341 527 315 583 347 79 317 148 343 325 317 372 337 647 313 665 324 361 134 399 150 577 122 640 142
525 315 582 347 852 320 902 341 76 317 145 344 578 119 641 139 324 317 372 336 647 314 665 325
523 315 581 347 74 316 142 344 852 320 903 341 315 317 364 337 578 116 641 136 647 313 665 324
525 315 580 347 852 320 902 341 71 316 141 345 315 317 364 338 578 115 641 135 647 313 665 324
314 317 364 338 525 315 579 347 852 321 901 341 578 113 641 132 72 317 137 344 647 312 665 324
313 317 363 338 853 322 900 341 526 315 577 345 62 317 121 344 577 110 643 129 342 120 384 142
313 317 362 338 58 318 122 344 339 118 381 139 1103 330 1180 376 854 322 898 341 575 108 644 127 872 322 917 342
1106 330 1183 377 312 317 360 339 56 318 121 344 498 307 575 348 335 116 379 136 872 322 918 342 855 322 897 341
311 317 360 339 53 318 120 344 1110 330 1188 377 331 114 376 133 524 312 574 347 871 322 920 343 573 97 645 118 855 322 896 341
309 317 359 339 51 318 118 344 574 93 645 116 523 312 573 348 870 322 921 343 328 112 373 130 1111 329 1192 377
308 318 359 339 48 318 117 343 574 90 646 112 870 321 922 344 1120 329 1200 377
307 318 358 339 46 318 117 343 572 89 648 110 870 321 923 345 1122 330 1201 378
306 318 357 339 571 87 649 106 46 317 117 342 1125 331 1204 378 870 320 922 345
305 318 356 340 1130 332 1208 379 571 84 649 104 870 321 922 345 51 317 114 342 314 100 360 121
305 318 354 340 1134 331 1213 380 507 312 560 350 310 98 357 119 872 321 920 345 36 319 94 343 571 82 649 102
303 318 354 340 508 313 559 350 1136 330 1216 381 33 319 94 343 306 96 354 116 875 321 918 343
507 313 557 350 301 317 353 340 31 319 95 342 1145 330 1227 381 877 322 917 343 572 72 650 93
506 312 554 349 299 317 352 339 1149 331 1229 381 28 318 97 342 573 66 650 88 878 322 917 342
298 317 351 339 504 313 550 348 28 318 96 343 1154 332 1233 381 879 322 918 342
472 308 546 350 298 317 349 338 1156 331 1236 381 285 81 339 102 573 55 661 81
469 308 543 351 298 317 349 338 280 72 333 96 1157 332 1240 381 879 322 918 342
466 308 540 352 298 317 348 338 275 69 329 93 573 39 661 66 878 321 918 343 1166 330 1254 382
572 34 663 59 481 311 533 352 1171 331 1256 382 290 317 341 338 878 322 919 343 902 327 939 349
289 317 341 338 482 312 530 351 1176 331 1259 382 570 31 666 56 899 327 941 349 261 61 317 85
289 317 340 339 897 327 943 349 570 21 665 48 1181 332 1264 382 484 314 525 348 5 316 73 344 254 57 313 80
288 317 339 339 570 14 666 41 896 328 946 349 5 316 72 345
286 316 339 340 569 8 667 34 4 316 71 346 895 328 948 349 1196 336 1273 389 437 308 515 353
285 316 338 340 1201 335 1274 390 895 328 949 350 5 316 69 347 568 5 668 30 436 309 512 352 231 37 294 63
284 316 336 340 3 316 68 348 895 328 948 350 1204 334 1276 391 413 308 506 352
282 316 335 339 1213 337 1277 390 896 328 948 350 3 315 67 348 412 310 500 352
280 316 333 340 1 314 65 348 898 328 950 350 1217 338 1279 391 87 119 129 141
278 316 334 340 900 328 951 350 1 315 63 348 1221 339 1279 391 49 105 80 152
277 317 332 340 902 328 949 350 0 314 35 348 1223 338 1279 394
276 317 331 340 2 320 36 356 904 328 945 350 920 330 972 352 430 310 479 353
276 317 329 341 2 320 35 356 921 330 973 352 906 329 943 350
2 320 33 356 275 318 328 341 922 331 971 352 904 329 943 350
1 321 31 355 275 318 327 342 922 331 971 352 903 329 944 350 885 329 919 347
1 323 29 353 275 318 327 342 923 331 973 353 903 329 942 350
922 331 974 353 1 324 26 352 275 318 327 342 904 329 943 350
