

















































971 447 1276 694
975 448 1273 696
975 448 1271 697
974 446 1269 697
972 444 1268 696
968 442 1266 695
963 442 1266 695
954 441 1265 695
946 439 1264 695
937 438 1263 694
933 438 1263 695
930 442 1262 695
927 445 1262 695
889 453 1248 692
886 453 1251 692
882 449 1252 692
881 446 1253 691
880 442 1254 692
876 440 1258 692
869 440 1264 694
861 440 1270 694
855 441 1273 695
852 442 1274 696
849 445 1272 694
845 448 1271 693
840 450 1269 692
835 451 1269 692
829 451 1269 694
825 451 1268 695
822 453 1261 695
816 451 1259 693 1 423 212 546
809 449 1256 692 1 425 215 547
803 445 1259 692
801 447 1258 692
799 447 1258 692
795 447 1257 692
792 449 1255 691 0 430 227 548
789 452 1251 691 0 429 228 548
788 456 1248 690 0 429 230 548
784 459 1248 691 0 431 232 543
780 461 1250 691
774 461 1249 691
774 462 1244 691
772 463 1242 690
772 462 1242 691
763 470 1176 681
759 470 1178 683
755 470 1173 685
753 470 1172 687
749 470 1166 686
