



1240 402 1279 541
1239 400 1279 538
1238 400 1278 535
1227 399 1275 531
1224 390 1274 510 1222 459 1267 534
1220 388 1271 506 1218 455 1262 531
1214 385 1266 503 1213 451 1258 527
1209 382 1262 500
1200 383 1249 501
1192 383 1243 498
1174 386 1221 497
1166 384 1215 498 1258 419 1276 477
1162 388 1209 495
1146 387 1194 499
1127 395 1169 495 1209 449 1231 481
1118 395 1165 494 1204 446 1225 484
1102 401 1147 493 1098 456 1143 524 1187 450 1207 485
1099 403 1141 488 1183 452 1202 485 1092 455 1139 525

1049 407 1095 495 1047 460 1092 527
1042 408 1088 491 1113 455 1132 485
1025 422 1069 512

978 424 1021 512 981 474 1014 522 1062 470 1082 504
970 422 1016 510 978 473 1008 518 1055 474 1075 503


988 454 1010 489 906 427 949 510 910 472 943 517
898 422 944 510 983 448 1007 496 903 469 938 516
897 414 940 485
936 452 960 487 859 410 898 489 862 471 893 513
851 412 893 492 932 448 957 493 853 466 889 513
829 411 874 489 915 452 938 488 837 469 870 511
912 451 932 489 829 411 871 488 833 471 862 508

868 451 889 487 783 412 825 487 789 469 819 510
778 412 820 489 860 448 883 491 780 467 814 510
841 451 861 487 775 413 816 483 754 413 797 485
816 453 839 487 742 474 771 509 734 411 774 484 752 414 793 486
813 449 837 495 732 468 768 512 731 428 771 505 737 425 764 473
730 471 759 511 723 428 765 505
709 471 744 512 706 431 748 506 791 471 812 503
699 430 741 505 694 475 723 511
687 471 720 513 686 432 725 506 766 452 791 494
760 450 786 496 679 431 718 505 680 470 714 513 687 430 713 473
757 448 779 494 673 431 714 504 680 472 707 510 758 472 778 503
663 472 694 511 743 451 765 491 659 432 699 506
737 450 762 496 655 471 688 512 653 430 692 506 661 429 686 474 742 433 759 460
733 449 758 496 652 472 684 511 648 431 688 506
642 471 674 510 731 448 753 495
638 469 670 510 639 448 670 492 719 452 744 494 643 430 666 473
716 451 741 496 633 469 664 509 635 447 666 493 639 430 664 474
713 451 738 495 629 469 661 508 632 447 662 493 636 429 661 475
709 449 734 496 637 428 660 472 628 471 657 506
706 448 731 497 619 471 649 505
616 470 645 506 620 428 642 472 698 452 722 494
614 448 644 494 696 451 722 497 619 429 641 472
692 450 719 498 611 447 641 495 610 470 639 507 616 429 639 473
689 450 715 497 608 447 637 496 606 470 636 507 613 429 637 474
686 450 712 497 605 446 634 497 612 428 636 473
685 450 709 496 605 448 632 496 599 473 626 503
683 450 707 496 597 471 624 503
681 450 705 496 595 451 624 497 596 423 617 474
592 451 623 497 678 449 705 497 594 423 617 474
591 451 622 497 673 453 698 495 594 423 618 474
590 452 621 496 673 452 699 496 593 423 618 474
590 451 620 495 671 451 699 496 593 425 618 473
589 451 619 493 670 452 698 496 592 427 617 471
587 449 617 493 668 451 697 496 589 428 616 472
666 451 695 496 586 447 615 493 587 427 614 474
665 451 694 495 584 447 613 492 579 416 618 487
583 447 612 491 664 451 692 495 579 415 616 486
582 448 611 490 664 451 690 495 578 414 616 485
582 447 611 490 662 450 689 495 578 413 615 485
661 450 688 496 581 446 610 490 577 412 614 485 663 429 686 468
661 449 688 496 581 446 610 490 576 411 614 485 663 429 686 468
661 449 688 495 581 446 610 490 576 410 614 484 663 429 686 469
583 446 610 488 661 448 688 495 577 411 615 484 663 428 686 469
584 446 611 487 661 447 688 494 578 410 615 484 662 427 686 469
582 424 611 475 661 447 687 493 661 427 685 471
582 424 612 475 660 447 686 493 661 427 685 472
659 447 686 492 583 425 612 473 661 429 684 472
585 425 613 473 659 448 685 492 660 429 684 472
586 425 614 473 659 447 685 491 660 429 683 473
586 425 615 474 658 447 685 491
586 424 615 474 658 447 684 491
586 424 615 475 658 446 684 491
587 424 616 475 657 446 684 491
588 424 616 475 657 446 684 491 564 398 581 450
589 425 617 475 657 447 683 491
589 427 617 475 656 447 683 491 657 426 681 474
591 428 617 474 656 447 682 493 657 426 681 473 563 399 579 452
591 429 618 474 656 447 682 494 657 427 681 472 562 399 579 452
592 429 619 473 656 447 682 494 657 427 680 471
595 446 619 482 656 449 682 493
596 447 621 482 657 450 681 493
