

692 341 730 366
692 341 730 365
692 339 730 363
691 336 730 361
696 331 735 360
696 330 736 360
696 330 736 360
696 331 736 361
697 333 736 362
698 334 736 363
699 336 736 364
699 337 736 365
700 337 736 366
700 336 737 367
699 335 739 367
700 334 739 367
700 334 740 365
701 334 740 364
702 333 739 362
703 332 739 361
704 332 739 361
705 334 739 362
705 334 738 362
705 335 738 363
705 335 739 363
706 335 740 363
705 334 740 364
705 334 740 363
704 335 740 363
704 335 740 363
704 335 741 363
704 335 741 364
703 334 741 365
704 332 741 365
704 330 741 364
705 329 742 363
705 329 743 362 623 293 724 356
706 329 744 361 622 293 724 357
622 292 724 357 706 329 744 361
622 291 725 357 707 328 745 362
623 290 725 355 706 326 746 362
624 290 725 353 706 325 746 363
623 289 728 353 706 325 746 363
623 290 729 352 707 326 747 363
707 325 747 363
623 316 670 342 707 325 747 363
708 326 747 363 624 316 670 342
709 327 748 362 626 317 672 342
710 328 748 362 627 317 673 342
709 330 747 362
708 330 746 362
707 331 746 362 942 332 993 409
707 330 746 362 946 332 997 408
707 331 746 362 950 331 1001 409
707 331 746 362 953 331 1003 410
706 330 745 361 624 317 673 344
705 330 744 360 965 325 1016 412
968 324 1021 410 705 330 744 359
971 326 1024 410 704 330 743 359
976 326 1028 409 703 329 743 359
988 327 1041 411 702 329 743 359
990 324 1045 412
993 322 1050 413
997 321 1054 415


1018 318 1076 423








697 333 742 362
623 316 672 342 696 334 742 363
624 315 673 342 694 335 742 364
624 315 671 342 694 334 741 363
696 334 740 364
697 334 740 364







697 336 739 369
697 334 740 369 626 316 673 344
696 334 740 369 625 316 674 344
695 334 740 368
694 334 739 368
694 334 739 368
695 336 739 368 626 314 673 344
694 337 739 368 628 314 672 344
694 338 739 367 627 314 671 344
693 336 740 365 626 314 670 344
