

606 322 996 577 966 339 1270 544 209 352 310 496 328 364 428 420 9 227 204 650 433 359 494 476 567 354 597 402 341 182 373 210 3 431 273 697
604 321 994 574 960 341 1271 543 17 227 217 644 328 362 428 419 222 353 319 492 431 327 519 469 568 354 597 402 2 420 275 695 443 407 501 478 340 179 372 206
604 320 990 569 959 339 1274 542 32 233 226 634 234 320 329 473 448 336 507 461 327 359 429 418 568 352 597 401 2 413 274 690 447 406 503 474
606 319 986 566 958 340 1278 546 72 235 253 626 259 324 348 468 452 338 510 458 10 412 276 680 569 352 597 399 332 356 428 418
607 317 983 564 959 341 1278 548 91 243 260 610 267 323 357 466 457 338 512 457 27 408 288 667 570 351 596 396 336 346 429 414
582 318 968 561 959 340 1278 551 277 327 367 462 460 337 515 455 71 418 276 647 126 247 290 598 571 350 595 393 1 334 140 456
582 317 962 557 959 334 1278 553 142 253 293 587 287 328 376 459 1 339 137 458 468 331 525 454 88 420 280 630 586 346 615 393
584 315 952 553 962 329 1279 557 470 332 528 450 154 260 301 576 118 410 310 620 0 333 111 465 292 330 380 458 67 344 162 409 585 344 615 395
593 315 942 549 966 327 1279 565 475 335 531 447 136 400 316 598 186 270 329 536 320 337 385 451 0 337 94 464 585 343 614 396 63 343 167 410
598 314 936 547 969 324 1279 572 190 275 337 532 479 339 533 444 0 338 91 464 153 404 317 594 326 342 390 449 585 345 614 396 60 342 166 412
600 313 931 544 972 322 1279 577 194 275 346 557 1 337 86 466 483 344 536 442 586 348 614 394 56 341 167 413 161 407 317 582 321 158 353 191
595 313 926 544 975 319 1279 579 0 334 74 470 200 403 354 577 351 346 413 447 484 329 538 421 586 349 614 391 220 288 344 508 41 350 133 427 96 337 258 435 318 156 350 190 487 380 536 451
591 312 920 544 977 319 1278 581 90 339 268 440 225 398 393 562 254 286 372 519 494 345 546 444 34 348 133 429 314 155 346 191 0 327 62 476 586 350 614 388
587 315 915 545 981 320 1276 583 83 341 283 446 268 292 382 511 241 401 393 552 370 346 432 445 496 343 548 445 1 358 35 479 309 155 342 192 27 348 135 428 586 352 612 386
582 320 909 546 75 343 290 452 983 322 1274 584 276 301 390 501 254 402 399 546 498 344 549 445 377 349 435 443 1 359 29 481 14 354 111 433
572 330 903 547 65 345 291 457 988 321 1273 590 501 349 550 443 300 309 412 494 8 354 112 434 279 406 382 548 384 381 437 454 296 155 331 193 825 361 983 468
564 335 893 550 51 346 289 462 991 318 1274 598 302 310 416 524 503 352 551 441 822 361 975 468 4 351 114 436 289 154 326 193
559 340 884 551 41 352 287 472 996 320 1273 605 315 313 419 490 822 362 968 469 505 355 552 441 313 411 415 540 248 366 330 429 403 355 451 440 0 355 112 436
559 341 874 552 33 352 283 475 1017 307 1273 653 324 315 426 487 822 362 965 470 506 355 552 441 321 411 422 537 244 367 331 435
558 343 860 549 16 350 262 483 1017 303 1275 659 820 361 963 473 332 318 433 484 332 414 431 535 238 366 333 441 507 357 552 441
556 344 848 543 10 353 258 485 1016 299 1275 663 815 360 964 475 341 417 432 533 336 320 437 483 231 364 336 445 507 358 552 440 461 379 504 409 262 152 297 193
552 343 839 538 0 357 251 486 803 356 956 477 1015 300 1275 662 226 363 339 449 353 339 445 496 354 418 440 526 462 381 503 410
800 355 956 478 0 357 241 488 547 337 820 541 1014 300 1275 660 355 340 447 496 220 370 342 453 359 418 441 524
796 355 956 480 545 337 815 541 0 358 231 489 1016 297 1275 657 211 372 346 452 359 345 452 493 364 418 445 519
792 356 958 482 1022 293 1274 657 541 338 810 542 0 360 220 490 182 369 355 463 364 349 458 490 368 419 450 514
788 356 961 484 1028 289 1272 658 536 337 803 542 0 363 213 491 176 369 358 463 369 353 463 488 372 420 453 509
787 356 964 485 534 350 781 526 1032 287 1273 660 0 364 207 492 167 367 355 464 373 353 466 487 385 420 442 508
782 355 966 487 527 348 775 526 1035 285 1274 662 0 361 189 499 161 366 353 464 379 354 471 486
777 354 968 488 522 346 770 525 1042 288 1275 660 0 360 176 497 137 366 325 462 389 404 467 495 382 332 474 471
510 344 756 524 770 352 971 492 1049 290 1274 662 130 367 322 461 0 359 162 495 391 406 467 489 383 332 475 470 274 373 352 432
509 344 749 522 766 351 972 494 1057 295 1273 662 122 366 317 462 2 360 148 491 395 410 456 488 275 375 348 431 398 346 458 454
506 344 743 521 766 351 976 496 1066 306 1270 655 115 366 311 461 4 359 136 488 398 411 456 483 271 376 344 430 398 344 459 456
767 351 980 497 501 344 737 522 1076 320 1269 646 3 357 116 488 76 365 288 463 265 377 341 429 402 409 458 481
767 350 985 500 496 344 731 521 1098 335 1276 642 62 364 284 462 1 374 111 479 260 376 339 428 406 407 461 477 347 381 407 416 389 331 478 468 418 342 439 361
493 346 727 523 767 352 987 505 1105 339 1275 644 55 363 281 462 249 377 330 429 0 358 90 484 410 407 462 476 346 382 407 417 421 342 440 361
492 347 721 525 782 354 1001 512 1115 335 1275 650 244 376 328 429 55 356 276 454 1 357 81 485 346 381 406 417 413 407 463 473
490 347 716 529 787 356 1001 512 1131 379 1276 679 55 351 273 456 239 375 326 428 1 371 66 476 338 376 410 422
792 358 1004 511 489 347 712 533 52 348 268 457 234 374 324 427 1155 420 1276 654 0 367 59 475 422 381 479 465 336 377 410 421
487 346 711 535 795 358 1009 511 23 347 255 458 232 372 322 425 1162 422 1276 659 426 383 482 465 0 364 41 476 337 377 411 420 441 342 462 363
801 358 1016 513 486 347 711 533 20 346 253 455 231 369 321 424 430 386 485 462 1 360 32 476 322 375 400 419
804 356 1027 513 484 342 712 528 17 342 252 453 222 366 310 423 435 388 487 459 332 372 418 417
809 355 1037 516 483 336 712 523 10 339 249 449 217 363 310 422 439 388 488 454 319 371 402 414 1009 355 1138 399
808 354 1046 516 482 331 712 521 7 336 242 446 212 360 310 421 322 368 402 413 446 385 494 453 1003 355 1143 401
827 353 1063 522 484 328 710 521 3 334 229 443 207 357 310 420 324 367 400 411
833 356 1071 522 484 328 708 515 2 333 222 441 204 356 309 420 323 366 400 410 457 391 492 445
837 357 1083 525 475 326 694 506 0 331 218 440 204 348 307 413 322 366 399 408 462 390 494 443
838 356 1096 526 477 328 693 500 0 329 216 440 202 347 306 413 321 365 399 408 411 365 465 399
837 355 1109 526 478 330 692 499 0 330 212 441 197 346 307 414 320 364 398 409 429 365 474 394
489 329 703 503 0 329 210 442 824 352 1123 530 191 346 309 414 316 356 397 407 751 376 802 409 428 364 475 396 1053 355 1183 403
848 354 1158 532 491 330 702 502 0 327 193 444 178 344 301 416 313 356 398 407 427 364 477 397
850 355 1170 535 494 333 702 501 0 328 190 446 176 345 297 417 312 363 399 410
858 353 1185 540 498 333 700 500 0 331 184 448 172 351 293 424 310 364 400 412 421 372 481 402
866 353 1200 543 501 333 699 499 0 333 176 452 169 354 289 424 308 365 399 414 767 378 823 412 418 372 485 404
876 350 1217 551 504 333 696 500 0 333 167 457 155 358 279 427 308 366 398 417 767 378 827 412 416 375 488 406
879 346 1230 555 505 334 695 500 154 360 277 428 0 333 161 459 306 367 398 419 769 378 827 411 410 375 499 408
885 340 1244 554 506 333 692 500 148 362 275 432 0 335 151 463 305 368 396 421 768 377 829 410 408 376 499 409
506 331 690 500 888 336 1255 548 141 364 272 436 0 338 140 465 303 369 395 422 409 376 499 410 767 375 831 408
917 327 1271 547 504 328 686 480 291 370 384 425 3 352 128 477 126 367 260 442 408 377 500 413 763 374 834 406
921 323 1273 547 505 329 684 478 287 373 380 427 122 368 257 443 2 352 111 488 407 379 498 414 762 373 835 406 865 359 885 399
924 317 1276 549 494 330 676 470 116 376 248 453 282 375 375 430 759 372 836 405 401 383 463 415 456 384 502 412
928 312 1276 551 494 338 674 490 97 383 230 457 265 373 361 436 398 383 461 417 454 387 498 414 756 372 834 404 863 357 882 397
932 305 1278 553 492 340 669 489 261 387 358 443 90 386 228 461 387 386 476 421 752 371 830 403 452 390 494 417
933 302 1278 552 489 342 661 487 254 388 352 446 81 391 200 466 383 388 475 422 169 386 259 447 742 371 823 406
934 298 1278 552 482 343 651 485 237 391 338 450 6 346 109 541 167 392 251 451 739 371 820 405 86 391 194 468 376 394 439 430
937 294 1279 555 475 345 642 484 233 393 330 453 16 339 117 541 0 410 161 577 166 396 243 454 736 371 813 405 370 395 438 431
940 291 1279 558 469 346 635 485 26 335 127 543 0 413 173 577 227 396 325 455 360 394 451 433 147 396 227 460 730 371 809 405
944 291 1279 564 466 347 630 487 211 398 314 461 38 339 134 540 146 399 221 460 22 418 188 569 355 395 449 433 728 370 808 403
453 345 618 487 950 291 1279 577 36 423 196 568 207 398 307 461 64 349 170 535 715 370 801 404 340 397 427 437 405 402 452 431 141 400 222 459
451 347 612 489 959 285 1277 594 77 355 177 535 57 448 202 576 713 369 798 404 334 397 426 437 188 410 286 464 404 406 450 432 1 406 86 493
447 350 607 492 964 279 1278 604 91 360 184 533 186 412 281 467 709 371 791 405 0 406 90 498 79 431 233 553 330 400 427 438
966 274 1278 609 442 354 601 490 109 366 202 529 324 405 386 442 706 372 787 404 187 412 275 467 87 435 235 549 0 406 110 499 382 409 434 435
972 271 1276 623 437 355 594 490 119 367 211 524 0 404 114 501 380 410 431 437 702 372 784 405 313 404 398 444 98 434 243 545
430 355 585 489 980 265 1273 638 131 368 219 519 0 403 114 501 309 402 400 443 131 448 229 544 377 409 428 436 701 372 783 404 67 411 154 478
425 358 580 489 987 261 1270 652 143 371 229 517 0 402 89 505 65 410 152 477 298 408 366 445 975 304 1120 458 692 372 773 407
421 360 576 489 1010 240 1277 655 145 369 233 515 47 410 135 479 0 405 84 502 978 304 1121 454 296 407 361 444 353 407 413 438
1017 253 1278 689 406 364 570 488 980 306 1126 451 160 376 247 512 44 412 130 479 0 402 66 502 353 409 407 438 298 407 358 443 160 450 249 530 686 373 770 409
1023 256 1278 690 406 367 565 488 984 308 1137 453 163 376 251 511 281 411 339 447 0 404 62 499 170 453 251 526 679 372 768 411 16 411 110 485 95 419 177 479 356 410 401 437
1030 259 1277 690 403 368 559 489 988 309 1145 457 91 420 180 484 16 412 105 484 182 384 241 506 0 395 37 505 275 412 334 447 674 372 765 413 331 410 387 441 793 355 813 396 177 455 255 522
1031 238 1279 652 400 368 554 487 994 309 1151 458 86 420 181 485 13 413 100 482 185 387 244 501 329 411 385 441 276 413 330 444 1 395 30 505 659 371 754 412 792 354 813 396
1040 245 1279 644 394 369 547 488 997 310 1152 458 188 432 266 516 80 419 181 485 3 414 84 485 327 411 381 440 658 371 751 414 1 400 32 499 280 412 329 443
1049 250 1279 635 389 371 540 491 1014 306 1168 461 192 435 268 513 58 418 167 486 657 373 750 417 311 411 359 444 5 414 62 488 285 413 329 442
384 373 535 492 1056 252 1279 634 204 384 261 502 1017 309 1169 462 49 416 171 487 310 410 363 445 656 374 747 419 4 412 60 489 285 412 327 442
380 375 532 490 207 386 265 499 1060 278 1279 670 1022 312 1176 464 47 413 169 485 310 412 361 444 652 375 746 419 264 414 306 445 2 410 57 486
376 376 528 488 1028 315 1186 465 212 387 268 498 1100 291 1279 670 28 416 150 487 306 412 359 444 266 413 306 444 648 376 746 420
371 377 525 487 1035 316 1196 463 1114 312 1277 657 21 414 148 486 215 389 270 496 303 412 355 442 267 412 303 441 783 364 808 413
359 379 516 482 1040 316 1208 460 1130 323 1278 651 218 399 281 494 17 412 144 483 300 410 353 439 268 409 301 438
360 377 513 479 1051 314 1233 467 5 408 129 483 219 406 283 490 1144 325 1278 650 302 407 350 435
357 376 510 477 1059 315 1244 468 5 405 124 479 223 370 282 475 1150 322 1279 651
352 378 508 477 2 405 118 478 1070 318 1254 466 230 412 288 484 1200 339 1279 640 286 406 338 434
348 378 504 478 2 405 110 479 1078 320 1261 466 236 413 291 482 285 405 336 434 1217 339 1279 636
344 379 502 480 0 404 94 482 1079 321 1265 465 239 415 292 482 285 406 333 435 781 363 809 418
1107 323 1274 476 339 382 498 482 0 406 88 483 240 414 292 480 285 408 329 438 780 365 808 422
1117 322 1277 474 335 383 493 484 0 407 82 482 240 414 292 477 780 366 807 426 285 411 326 440 466 400 505 430
343 396 476 482 1125 323 1279 475 240 411 292 475 0 407 75 482 780 367 806 427 463 400 506 432
338 394 474 481 1132 322 1279 476 241 409 293 473 0 406 62 481 780 365 805 427 461 400 505 433 169 405 246 451
333 393 472 481 1148 326 1279 504 781 363 805 426 163 402 254 450 457 399 503 431 241 382 291 467 1 405 56 479 760 381 782 420
330 385 469 469 1163 314 1279 489 154 398 263 446 783 358 806 424 454 398 500 430 250 379 296 462 0 402 41 478 762 378 784 418
328 381 467 469 1187 315 1279 485 148 395 267 442 784 358 808 422 252 377 298 458 452 396 498 428 0 386 38 469 762 377 785 416
