

211 356 446 436 0 322 183 468 689 347 709 399 666 347 687 399
199 356 438 438 1191 346 1278 440 666 348 687 402 689 349 708 399
189 355 431 439 1190 346 1279 443 667 348 687 404 521 340 541 401 691 349 709 400
180 356 427 441 1189 348 1279 445 643 349 664 404 666 347 685 404 519 340 539 401 493 345 515 402 618 352 638 401
165 357 403 442 1188 348 1279 447 641 349 662 407 665 348 685 403 617 351 637 404
154 358 396 443 1186 349 1279 447 639 349 662 405 617 351 640 406
143 357 386 444 1186 351 1279 446 971 364 1022 393 613 350 637 407
133 358 381 443 1173 347 1279 445 1142 362 1198 411 614 351 636 406 970 363 1018 394
111 359 356 445 1173 347 1279 446 591 350 614 407 1134 361 1194 411
99 360 348 444 1173 347 1279 446 591 350 612 406 1115 356 1184 416 568 351 589 405
87 360 338 445 1170 346 1279 447 1107 355 1181 417 567 350 589 407 591 350 610 404
1165 346 1279 445 60 361 310 446 1095 355 1181 417 567 350 588 405
51 361 298 447 1160 347 1279 443 1052 350 1147 411 897 362 947 390
36 361 286 448 1154 347 1279 440 1052 348 1138 415
1150 345 1279 438 23 364 257 459 1032 346 1120 414
16 364 242 458 1139 335 1279 439 1021 343 1121 408
4 363 227 460 1134 330 1273 434 847 354 900 382
0 363 215 460 1128 327 1266 429 973 334 1071 404 445 343 465 404
0 363 187 461 1124 329 1258 427 962 332 1070 402 444 343 463 404 2 347 19 390
0 358 170 451 940 333 1052 401
1100 329 1240 425 0 355 150 450 889 334 1007 401 1079 350 1113 382 397 343 417 401
0 357 128 446 1085 331 1237 426 887 331 1001 406 1074 345 1108 386
865 332 978 408 0 353 114 445 1076 332 1232 426 1057 347 1092 387
1074 332 1212 425 0 353 86 442 1052 347 1088 390 858 333 977 403
0 354 63 441 719 347 776 382
1055 332 1191 426 789 331 907 413 999 349 1044 388 654 353 707 384 719 348 777 383
766 332 884 415 1000 348 1043 390 652 355 702 382
656 353 703 383

1017 351 1129 429 918 349 980 397 853 351 895 379
632 335 797 430 1012 351 1126 429 968 342 1028 408 915 347 972 397 1132 355 1162 385
897 346 953 397
561 332 755 436
522 331 711 441 837 351 909 399 918 339 980 409
499 330 709 443 814 352 889 398 1081 354 1106 384 912 338 975 409
803 351 892 397
758 353 843 399 860 341 944 404 931 363 1020 428
363 335 574 456 856 339 936 408 923 359 1020 430 754 351 837 403
732 351 817 405 916 356 1019 431 838 342 919 410 1198 344 1276 519
1196 346 1275 519 902 357 997 431 830 343 916 409
1173 348 1274 517 805 342 888 414 891 347 996 435 662 350 748 403
1167 348 1277 525 657 352 745 409 868 345 985 434 788 342 871 416
1160 347 1278 532 780 342 865 417 860 346 979 436 633 351 723 409 0 553 1195 700
1152 348 1277 533 846 349 956 435 760 343 844 415 626 349 725 404 122 345 406 480 0 549 1187 701
1130 350 1279 524 0 546 1179 702 735 345 825 413 362 359 409 394
4 335 277 509 1123 350 1279 526 729 343 818 415 816 348 933 433 554 356 650 416 357 357 407 392 0 546 1175 703
0 326 237 509 1117 348 1279 530 810 349 926 433 709 340 799 417 533 355 631 418 0 545 1181 704
1108 346 1279 539 795 353 905 431 701 339 794 413 524 349 630 409 0 331 224 509
1099 343 1279 548 678 337 770 414 472 354 585 419 778 357 883 427
1093 342 1279 552 770 354 878 428 657 337 752 414 452 352 564 422
1090 341 1279 553 648 334 747 414 763 354 872 427 448 347 557 415
1088 340 1279 554 631 337 726 412 749 352 853 427 422 352 541 421
1073 338 1276 554 622 336 721 411 743 352 846 427 368 353 497 423
604 336 705 413 1069 326 1277 567 726 354 830 426 366 348 490 426 235 350 280 388
600 336 696 413 1068 326 1276 569 719 353 823 426 339 347 468 429
1066 326 1274 572 584 336 681 415 286 346 457 435 716 354 818 425
1065 324 1273 574 579 335 673 415 276 344 441 437
243 349 406 443 1063 322 1272 576 551 333 658 412
1062 322 1271 577 551 332 651 413 230 347 392 444
1061 321 1273 580 677 331 775 424 190 349 362 446 552 333 644 412 511 352 549 390
1059 319 1275 582 501 350 550 391 671 332 769 422 173 349 351 449
130 350 316 454 1058 318 1277 584 487 353 536 393 638 347 661 366
1058 318 1276 584 479 352 535 390 113 350 305 454 660 330 749 426 635 347 659 365
1061 319 1275 585 654 329 744 428 73 350 278 456 477 351 529 386
1065 317 1272 586 649 329 740 427 16 347 240 457 614 348 641 366 457 352 507 386
4 350 229 473 1068 315 1273 588 646 331 736 425 445 345 507 393 611 348 638 364
642 332 727 423 1069 315 1273 587 0 346 212 478 439 345 510 393
0 342 177 486 638 332 726 423 1065 325 1279 610 427 345 490 394 480 332 574 404
633 332 723 424 0 339 152 491 1064 326 1279 611 420 344 484 393
628 334 721 424 1067 329 1279 612 0 337 116 497 407 345 469 396
1093 338 1279 607 401 345 469 396 0 341 82 492 870 348 920 439
620 337 716 421 392 344 465 397 1102 345 1279 602 464 333 552 372
619 337 714 420 384 343 463 398 460 332 548 372 1113 346 1279 599
611 335 705 421 369 343 452 400 457 332 542 370 1123 369 1279 576 426 246 443 261 0 359 34 395
609 335 702 422 360 344 448 401 456 332 538 370 865 349 920 444 1138 366 1279 580 423 246 439 260 2 359 31 395
605 334 696 420 864 347 919 448 1146 375 1279 581 354 344 444 401 2 358 27 394 418 244 434 259
603 334 691 419 335 342 428 403 864 347 918 447 429 335 536 407 2 357 23 393 1155 385 1279 581
327 341 423 402 422 334 532 410 865 345 918 445 1 354 17 395 403 243 421 259
315 340 411 403 419 332 526 411 867 346 919 443 399 243 417 258 521 346 546 364
596 333 676 415 307 339 406 404 415 328 526 416 868 345 921 447 518 346 544 364 394 242 412 257
595 333 673 414 403 327 515 417 299 340 402 405 515 345 539 363
279 339 386 409 397 328 511 418 592 332 669 413 864 362 926 474 494 344 527 365 378 240 396 255
391 328 506 418 273 339 382 410 590 332 668 413 864 361 928 474 494 345 525 364 374 240 393 255 31 316 51 380
254 340 363 412 383 327 494 419 593 332 658 412 872 351 931 449 368 240 388 254 492 345 520 364
379 327 491 422 245 339 361 414 873 351 934 450 489 346 515 364
373 327 486 424 222 342 354 414 353 236 373 253 863 352 955 483 472 345 501 366
215 341 350 415 367 327 482 425 351 237 370 254 865 351 958 483 471 345 501 367
360 325 467 428 869 350 960 484 468 344 496 367 201 342 322 414 346 237 364 253
353 326 465 429 191 342 323 417 874 349 961 484 464 345 491 367 525 348 543 362 342 237 359 252
344 326 464 429 880 347 962 486 174 345 305 413 523 347 541 362 328 236 348 252 447 344 478 368
338 327 462 428 162 348 307 426 884 345 964 489 447 345 478 368 520 347 539 361 328 237 347 252
332 328 447 429 888 343 965 494 324 237 342 252 149 352 277 426 446 346 474 368 519 347 537 361
324 328 448 430 135 345 279 431 319 237 337 252 891 344 966 496 442 347 469 367 499 349 516 361
318 328 447 428 119 351 260 432 500 349 517 362 439 350 462 372 315 236 334 251
111 352 258 434 309 324 445 440 499 349 518 363 302 236 323 252
84 350 252 443 304 324 439 442 301 237 321 254 496 349 515 363
299 326 433 443 74 351 241 446 299 238 317 253 492 349 514 364 422 348 448 376
293 328 426 443 49 353 222 449 295 239 313 254 418 348 443 376 489 349 512 365
