

1153 444 1197 558 893 440 953 508 85 421 187 565 934 422 1042 573 533 416 960 702
1151 445 1194 556 43 458 194 580 893 441 952 507 532 413 954 703 926 426 1032 570
1149 445 1192 555 893 441 950 506 531 410 952 701 927 429 1030 568 66 419 166 565
1146 445 1189 554 530 408 953 700 892 441 949 505 31 423 135 565 927 431 1027 568 1244 437 1278 550
1144 445 1187 553 23 424 126 567 529 408 955 697 102 446 215 507 928 433 1025 566 892 443 947 505
90 445 225 508 13 424 113 571 1141 445 1184 552 529 409 956 698 892 444 946 506 1051 447 1092 536 929 434 1022 566
71 443 202 507 1139 444 1182 553 528 410 956 698 7 424 104 572 1049 447 1088 533 1225 446 1276 543 891 444 945 504 928 435 1020 565
60 443 206 508 528 411 956 701 1137 445 1181 553 1224 445 1277 543 0 422 81 573 891 443 944 503 1047 447 1086 532 925 436 1021 627
53 444 210 509 528 413 957 705 1223 442 1277 544 1136 446 1181 551 890 442 943 502 1046 446 1079 498
49 444 212 508 532 416 956 708 1222 440 1276 544 1133 449 1174 545 891 441 943 501
47 445 214 509 1222 439 1274 544 533 422 957 708 1131 450 1172 543 891 441 942 502 475 445 670 540
47 445 213 509 1220 440 1271 543 537 426 961 705 1127 452 1168 541 468 445 666 543 892 440 941 503
46 445 214 509 1218 440 1268 545 462 445 662 546 539 427 964 703 1124 452 1165 542 891 438 941 503
46 445 214 509 539 431 971 699 1216 441 1266 547 458 444 660 547 1120 453 1162 544 891 437 941 503
47 445 214 509 538 433 971 697 1214 441 1263 550 1117 453 1160 545 448 448 615 544 891 437 941 503
47 445 214 509 535 435 975 696 442 450 616 547 1212 441 1262 549 1114 452 1157 547
47 445 214 509 533 434 977 698 436 449 613 551 1210 442 1263 547 1110 452 1148 543
48 445 213 509 431 449 610 553 530 432 980 699 1109 452 1147 543 1204 440 1249 542
48 445 213 509 426 448 603 555 530 428 979 702 1107 452 1146 544 1203 441 1248 541
417 447 598 557 47 445 213 509 533 427 977 704 1104 451 1144 546 1201 442 1245 542
410 445 597 559 46 445 213 509 535 431 975 703 1199 442 1243 543 1100 451 1142 546
401 443 600 561 44 443 188 507 538 435 972 703 1197 442 1241 543 1097 451 1140 544 635 388 862 483 1249 447 1279 543
385 446 580 557 44 443 188 507 539 431 968 705 1194 442 1240 543 1095 452 1139 541 1247 447 1279 541
375 445 581 560 46 445 213 509 539 427 965 708 1191 442 1238 543 881 429 973 561 1093 453 1136 541
369 445 577 578 46 445 213 509 537 424 964 709 1188 442 1236 544 881 429 974 562
357 444 577 580 46 445 213 509 536 426 964 708 1185 442 1235 545 880 429 974 563
347 443 573 581 45 445 213 509 538 424 962 708 880 429 973 564 1178 444 1226 541
332 442 574 585 44 442 188 508 538 423 962 706 880 429 973 564 1176 445 1224 540 1226 447 1276 541
307 441 551 589 44 442 189 508 538 421 961 705 879 430 972 564 1174 446 1220 539 1081 452 1120 548 1224 447 1273 539
293 437 550 595 43 442 189 508 537 417 960 705 879 430 971 563 1221 446 1269 538 1171 446 1217 538 1080 448 1117 553
278 437 550 597 43 442 189 508 537 413 958 707 879 431 970 564 1218 445 1266 538 1170 445 1213 539 1080 448 1114 551
259 437 554 618 43 442 189 509 537 410 958 709 879 430 970 565 1215 444 1264 538 1167 445 1210 540
247 435 555 623 44 442 188 509 539 409 959 711 879 430 970 565 1212 443 1262 539 1165 445 1207 541
224 431 528 626 43 442 189 509 540 411 958 711 879 430 970 565 1210 443 1260 540 1163 446 1206 541
202 431 522 626 43 443 190 509 541 412 958 711 878 430 969 565 1208 444 1258 541
172 431 510 631 42 443 190 509 542 412 957 712 1201 446 1251 540 878 430 968 565
139 431 504 643 42 443 189 508 544 408 956 714 1199 447 1248 539 878 430 967 565 1155 450 1197 538
115 428 501 652 42 443 185 507 545 407 954 715 1196 448 1244 541 880 430 966 565 1153 450 1195 538
77 425 477 660 544 411 953 713 45 444 178 506 1192 447 1241 542 879 430 966 565 1055 450 1092 536
49 421 463 667 544 415 953 710 1189 446 1238 543 54 441 165 500 879 431 966 565
22 416 448 679 543 415 953 710 1185 445 1237 544 896 438 961 546
3 413 434 681 543 415 953 709 1182 443 1236 545 896 440 961 546
0 412 425 680 543 414 955 710 1178 445 1227 541
1 409 415 683 544 416 957 709 1176 446 1225 540 1131 449 1175 534
0 408 374 684 543 416 958 710 1174 447 1220 540 1130 449 1173 532
8 402 354 689 542 417 959 710 1171 448 1216 539
11 396 332 687 541 414 960 712 1168 450 1212 538
11 385 306 688 541 411 961 713 1166 450 1207 537
542 408 960 714 6 381 280 683
544 407 960 715 0 368 246 699 529 460 584 491
545 409 959 714 2 372 222 697 528 460 583 491
544 410 960 714
542 412 960 714
540 414 959 714 65 430 164 557
539 415 958 714 82 441 190 509 54 476 155 560
539 413 957 714 80 442 194 508
539 413 957 713 74 443 198 509 494 455 577 500
540 413 957 712 62 443 202 510 491 456 576 500 0 472 87 566 1214 492 1279 685
541 414 956 711 56 444 204 510 1207 495 1279 683 489 456 574 501 0 473 78 564
543 414 957 712 44 444 188 508 486 456 572 503 1198 492 1279 683
544 413 957 713 43 443 189 508 483 454 570 504 1173 486 1275 683
544 412 957 714 42 443 190 508 1165 479 1275 682 477 457 567 511 389 464 435 531
544 411 957 714 43 443 190 508 1160 473 1272 680 473 456 569 513 385 463 431 532
43 444 190 509 544 411 955 715 1150 464 1272 678 471 458 549 513 379 462 425 532
544 410 954 715 43 443 189 509 466 458 549 514 1142 458 1273 675
1119 413 1278 677 544 409 952 715 43 443 189 508 459 457 549 514 360 462 407 535 1076 450 1106 497
1112 414 1277 676 454 457 549 514 543 409 952 715 43 443 189 508 355 458 400 536 1076 450 1105 498
1105 413 1277 674 449 457 547 515 542 408 952 716 43 443 189 508 351 456 397 533
1098 414 1277 673 541 407 954 716 43 443 189 509 445 456 546 516 334 455 379 538
1094 415 1277 674 438 457 536 516 540 404 956 717 43 443 189 509 328 452 372 537
1092 415 1279 678 432 457 535 517 43 443 189 509 538 403 958 716 164 469 247 518 310 451 361 540
1073 420 1279 672 427 456 534 519 44 443 189 509 536 405 958 714 164 469 248 518
1071 420 1279 668 421 455 530 520 44 443 189 509 534 411 959 711 280 451 334 538 164 469 249 519
1069 422 1279 663 417 454 527 521 43 443 189 509 533 415 959 709 277 447 328 539 164 470 249 519
1067 423 1279 660 410 453 515 522 43 443 189 509 533 415 960 710 260 451 316 542
1061 436 1279 642 404 453 516 523 43 443 190 509 533 416 959 712 256 446 308 542
1057 438 1279 638 398 454 515 523 44 443 190 509 534 414 957 714 229 447 282 539 213 482 299 552
1053 441 1277 633 392 455 511 523 44 443 190 509 533 415 956 714 192 480 281 554 226 446 278 539
1049 443 1275 631 44 443 189 509 388 454 509 525 531 412 954 714 206 447 264 545
1044 443 1272 628 44 443 188 509 532 414 953 713 375 452 500 528 166 479 256 557
1040 441 1272 627 44 443 185 509 533 414 954 712 370 452 499 529 143 483 234 556 505 456 601 533
1036 440 1272 626 536 415 954 712 365 452 496 530 45 443 178 508 138 480 230 561 499 455 604 537 882 433 972 562
1034 439 1274 626 538 417 956 710 360 452 492 529 47 444 170 507 118 482 206 561 482 451 662 549 137 446 192 546
1029 438 1276 623 540 417 955 708 345 452 477 530 47 442 170 507 478 450 658 550 106 485 211 556 884 432 973 562
1023 438 1278 620 542 417 955 707 338 452 475 534 470 450 656 550 49 440 172 507 884 432 973 562 60 479 157 563
1018 439 1279 618 317 454 486 544 542 416 954 706 458 450 605 553 883 432 973 562 81 442 191 507 56 479 155 564
1015 440 1279 615 293 455 475 542 454 451 603 554 541 419 954 705 98 446 216 508 883 432 973 563 35 438 127 560
1012 439 1278 613 292 454 472 543 447 452 599 555 540 423 953 703 74 445 200 507 884 433 973 564
1007 437 1277 608 288 453 469 545 442 452 593 556 62 445 205 508 541 424 953 702 884 433 973 564
1001 435 1276 605 282 452 463 546 438 454 582 566 49 444 213 510 541 423 954 703 884 433 973 565
997 434 1276 601 277 452 455 545 428 453 585 568 45 445 215 510 538 420 957 704 885 432 973 565
993 434 1256 598 270 452 446 544 414 450 590 571 42 445 217 510 538 419 960 706 885 431 973 566
995 436 1248 598 263 451 441 545 393 450 568 574 41 445 219 510 537 419 962 708 885 430 973 566
994 437 1240 597 384 449 571 578 246 449 426 545 41 445 218 510 539 418 963 712 885 430 973 566
991 439 1233 596 374 448 570 581 239 447 420 548 42 445 215 510 539 413 963 713 886 429 973 567
987 440 1224 592 355 447 569 586 228 445 409 550 44 444 191 509 541 409 962 713 885 429 974 568 420 346 601 461
983 442 1215 590 339 445 567 592 216 443 400 553 44 444 191 509 542 408 961 712 885 429 974 569 414 347 609 479
321 443 540 597 980 443 1211 588 193 445 383 553 43 444 191 509 542 410 961 711 884 429 974 569 416 346 603 481
