

347 334 595 403 616 334 781 391 893 312 1128 415 0 479 1279 697
613 334 780 391 334 333 582 403 900 313 1134 414
612 334 777 390 905 314 1140 413 300 333 559 404
294 334 537 405 613 334 774 390 909 314 1145 413
614 333 772 391 929 316 1153 414 251 333 512 408
247 333 491 407 932 316 1157 414 598 334 766 390
935 316 1165 414 596 333 765 390 234 332 480 408
939 315 1173 413 202 332 446 408 595 333 764 391 904 323 988 380
951 313 1177 412 596 333 763 391 191 331 429 408 896 323 988 381
880 323 973 383 594 332 763 391 960 311 1183 414 155 333 398 409
867 320 981 383 144 332 381 408 593 331 761 391 967 309 1186 416 1196 332 1230 374
854 319 987 384 974 307 1207 419 590 328 758 385 105 332 348 410 1193 327 1235 373
846 319 988 385 979 307 1211 419 593 328 753 385 1183 320 1242 376 91 329 336 410
824 320 975 387 56 329 291 413 988 302 1207 410 597 329 748 383 1173 317 1248 378
819 319 969 388 996 300 1212 411 601 329 743 382 1170 316 1251 377 43 328 278 414
1004 299 1220 412 797 319 952 388 569 328 741 385 13 329 236 416 1170 314 1255 376
1010 298 1229 413 572 330 736 383 770 319 928 387 7 330 216 417
762 320 924 388 1014 297 1236 412 572 331 734 383 0 333 173 409
746 320 919 389 1015 298 1237 412 0 334 165 410 571 331 735 383
744 319 911 389 1018 299 1235 411 569 330 735 384 0 331 135 411
1036 302 1247 408 573 330 726 383 752 317 895 385 2 331 123 409
1046 303 1251 408 541 332 714 391 624 316 900 383
1052 304 1254 407 544 331 704 391 664 317 835 391 170 351 191 393
1055 301 1259 409 583 316 845 387 522 331 687 392
1059 301 1261 409 580 316 836 388 1011 322 1092 383 889 320 910 361
1063 307 1268 418 1007 319 1094 388 539 318 802 390 888 320 909 363
1068 309 1267 417 994 315 1100 390 551 324 776 400 887 319 908 364 493 328 511 369
1074 308 1267 418 980 314 1103 392 535 324 776 401
1080 307 1267 419 960 316 1093 392 499 324 732 403 99 349 119 397
945 317 1098 394 1085 306 1269 420 494 325 714 402 99 349 119 398
920 313 1097 396 466 324 686 404 1092 312 1279 415 867 323 886 363
450 323 675 405 1098 313 1279 414 902 311 1094 396 864 323 884 364
1104 312 1279 415 435 321 669 408 865 312 1069 396 861 323 881 363
399 322 646 408 1109 311 1279 416 860 313 1052 399
1112 310 1279 417 381 321 642 407 844 317 1046 406
1117 311 1279 416 333 321 628 410 817 312 1017 400
801 317 1006 407 1123 312 1279 416 308 318 642 413 516 329 640 401
1128 309 1279 419 774 317 982 408 293 319 536 413 503 329 641 400
761 317 971 407 1132 307 1279 421 480 333 632 400 260 320 496 413
1138 306 1279 424 246 319 487 413 745 317 961 408 469 333 633 398
1143 309 1279 425 705 315 925 410 422 333 634 399 202 320 439 414
406 331 623 405 1147 310 1279 425 688 315 914 410 196 320 421 414
404 330 618 406 654 315 890 411 159 321 388 416 1150 311 1279 424 1 346 18 398
398 331 613 405 1162 321 1279 421 648 315 871 410 104 321 352 416
100 321 333 417 392 330 608 405 593 314 838 413 1167 320 1279 422 419 322 438 355
372 330 586 404 54 319 299 417 1172 320 1279 423 578 313 827 414 417 322 436 354 397 323 415 358
529 311 805 418 370 329 572 406 42 320 285 415 1175 321 1279 423 397 323 414 356
9 319 248 418 1177 321 1279 424 366 334 549 400 493 310 746 422 396 323 413 355
3 319 227 419 1179 322 1278 425 475 309 744 425 372 324 391 359
415 309 712 427 0 320 178 421 371 325 391 358
370 309 674 427 0 320 156 421 1186 325 1278 423 791 325 812 379 765 329 785 371
0 323 124 420 375 307 652 431 1187 326 1278 422 788 323 809 381 765 328 786 375
316 309 609 434 0 325 66 420 766 326 787 380 787 323 807 381 741 330 760 374
271 310 569 437 767 323 788 384 1 323 65 422 741 330 760 374
764 323 786 386 225 314 531 439 1147 347 1199 385 739 331 758 375 619 319 639 380
211 315 524 442 739 329 760 379 1142 347 1195 384 762 326 783 382
166 316 472 444 739 328 761 382
123 315 423 449 370 339 497 414 740 326 761 385
58 313 431 455 1196 328 1279 425 367 344 493 410 715 340 736 387
1196 326 1279 428 56 322 377 447 714 340 735 391
1195 328 1279 429 261 347 473 430 6 321 252 460 692 341 713 392
0 319 236 467 241 352 468 431 1193 346 1277 433 690 343 712 397 667 345 686 393
211 355 446 436 0 322 184 468 1192 346 1277 436 689 345 709 398 667 346 687 398
196 356 437 437 1191 346 1278 441 666 349 686 402
184 356 430 439 1189 347 1279 445 666 347 686 403 643 351 663 402
165 358 403 442 1188 348 1279 447 640 349 662 407 665 348 685 403
154 358 395 443 1187 349 1279 447 639 349 661 405 617 352 640 405
139 358 387 442 1186 350 1279 446 616 351 637 405
1173 347 1279 445 109 359 358 444 591 352 613 406 0 353 1223 719 617 352 637 402
100 360 348 444 1172 346 1279 446 1118 359 1180 413 591 350 611 406 569 353 589 403
88 359 337 445 1169 346 1279 447 1107 354 1180 417 567 351 588 406 591 351 610 404
1165 346 1279 445 61 361 309 446 1095 355 1181 417 567 352 588 402
51 361 297 448 1160 348 1279 443 1052 350 1147 411 897 362 947 391
36 360 286 448 1155 348 1279 439 1052 348 1138 415
23 364 258 459 1150 346 1279 437 1032 346 1120 414
16 364 242 459 1139 335 1278 438
5 363 227 459 1134 329 1272 433 846 354 900 382
0 363 215 460 1131 329 1262 429 973 334 1072 404 446 344 466 404
0 363 187 460 1125 328 1257 427 962 333 1070 401 444 345 464 403 2 347 19 390
0 358 169 451 941 333 1052 401
1100 329 1239 426 0 355 150 450 888 334 1007 401 1079 350 1112 382
0 356 128 447 1086 331 1237 426 886 331 1002 405 1074 345 1108 386 1224 351 1265 380
0 353 114 446 865 332 978 408 1077 333 1233 427 1056 347 1093 388
1074 332 1213 424 0 353 86 443 1052 347 1088 390 858 333 978 403
0 356 63 440 720 347 777 382
1055 331 1192 426 789 331 907 413 999 350 1044 388 654 353 706 383 720 347 777 382 1028 348 1067 393
1051 331 1185 426 766 332 884 415 995 345 1051 397 651 354 702 383 1021 343 1071 399
654 353 703 383 994 346 1049 400
1031 333 1154 426
1017 347 1133 430 918 349 979 397
632 335 797 431 1010 347 1130 431 968 343 1028 408 1130 353 1163 384 915 347 972 397
592 334 816 431 1133 355 1158 382 1012 350 1122 430 898 346 952 397
562 331 755 436
522 330 711 440 838 351 909 399 918 339 980 407 1088 357 1109 384
499 329 708 442 814 352 889 398 1081 354 1106 384
804 352 892 397
757 354 843 400 860 341 943 402 931 363 1022 429
364 335 575 457 923 358 1022 430 856 340 936 407 754 352 838 403 1036 356 1058 381
