

562 211 581 233 566 257 580 276 560 316 591 335
562 210 580 232 566 257 580 275 560 315 590 335
562 210 581 231 566 257 580 275
563 209 582 231 566 258 580 276 560 314 590 334
563 209 583 231 567 258 581 277
564 208 584 231 567 259 581 278
564 208 585 230 568 261 581 279
565 207 585 230 569 262 582 280
565 206 586 229 569 262 582 280 211 354 264 385
569 262 582 281 565 204 587 229 209 355 261 386
568 262 582 281 565 203 588 229 207 355 261 387
567 261 582 280
566 258 581 278 565 191 588 220
565 188 588 216
565 185 588 213
565 182 589 210
565 180 590 208
564 178 590 208
564 177 590 207 735 290 750 315
736 291 752 317 564 176 591 207 144 352 222 394
737 291 753 317 566 254 583 274
738 290 754 317 116 358 208 399 565 254 583 275
114 357 205 400 739 289 755 316
111 355 200 400
86 354 194 403 566 162 590 191 687 327 723 350
86 352 188 403 744 287 759 311 566 157 590 187
87 351 181 403 745 287 761 310
59 351 170 407 747 287 763 309 567 243 586 267
57 351 165 408 567 241 586 265
55 349 159 410 701 326 739 350 566 241 586 264
29 357 151 416 701 326 742 351 567 241 585 264
30 357 146 416 703 326 745 350 567 240 585 263 758 286 775 310
32 350 139 411 760 285 777 309 566 238 586 263 705 326 747 350
5 356 128 417 763 284 780 308 565 236 587 264 707 325 750 350
4 355 125 418 765 283 783 308 565 235 587 263 707 325 751 351
4 357 117 418 768 283 786 309 566 235 587 262 709 325 753 352
6 357 107 418 771 283 789 309 567 235 587 261 709 325 754 353
7 357 97 418 774 283 791 308 568 235 587 260
1 359 88 425
0 358 81 427
785 284 803 313
788 282 807 312
790 281 810 311



740 326 798 363

811 281 831 311
815 281 835 313
817 283 838 312


830 279 854 309 758 331 836 375
832 277 857 308 760 331 840 375
837 277 861 308 763 332 845 376 654 328 708 358
841 277 865 308 766 332 848 379 655 331 705 360
773 331 859 381 845 278 868 308
773 338 864 384 855 280 877 311
857 279 880 312 778 339 869 386
861 278 883 313 656 335 706 363 782 339 874 388
865 279 886 312 656 335 705 363
869 279 889 310 796 339 888 390 657 335 704 362
798 339 893 390 657 333 703 360 572 295 582 309
803 338 897 389 572 294 582 307 657 329 704 357
889 268 910 293 572 293 582 305 657 326 704 354



673 334 724 366
673 336 724 370
674 338 725 372 569 295 578 310
674 337 727 372 568 295 577 310 937 276 963 312 641 329 676 351
675 336 730 372 567 295 576 310
674 335 732 372 566 295 576 310
664 330 743 376
668 340 745 386
672 342 745 391
679 345 755 396
681 348 757 399 571 314 581 329
683 348 760 399
686 344 763 397 962 365 1137 469
688 340 766 393 966 361 1155 470 569 296 580 312
690 339 770 389 569 294 579 310 660 335 693 365
703 336 784 389 569 293 579 308 566 321 590 339 660 333 694 363
705 336 787 391 569 294 579 308 565 320 590 339 661 333 694 363
708 336 790 394 569 294 578 309 566 320 590 338
709 338 794 400 569 295 578 310
709 341 798 404 569 296 579 311 563 329 596 348
724 344 813 410 569 296 580 311 563 330 596 349
725 346 815 412 570 297 580 311 564 331 596 349
723 345 818 415 571 297 580 311 564 331 595 349
722 343 825 418 571 297 580 311 565 331 596 348 640 339 665 358
720 343 832 417 571 297 580 311 565 330 597 348 661 342 690 365
719 343 838 416 571 297 581 311 660 342 692 366 565 330 598 349
745 352 851 425 571 296 581 311 660 340 693 365 565 329 599 348
748 349 858 427 571 296 581 310 661 339 692 364 565 329 598 348
764 346 879 431 571 295 581 310 661 337 691 361 565 328 599 347 680 340 718 370
