

812 399 897 456 1084 434 1273 719 738 389 762 410 691 386 710 400
812 398 896 455 1084 434 1272 719 737 388 761 410 690 386 709 400
1084 435 1272 718 812 398 895 455 737 388 761 410 690 386 709 401
1084 434 1273 718 811 398 895 454 737 387 761 410 690 385 709 400
1083 433 1273 718 811 398 894 455 737 388 761 410 690 385 709 400
1082 431 1274 718 811 398 894 454 737 388 761 410 690 385 709 400
1082 432 1275 717 811 399 893 455 737 389 761 410 690 386 709 401
1081 432 1275 716 811 398 892 454 736 388 761 410 689 385 709 401
1081 431 1275 715 811 399 892 455 736 389 760 410 689 385 709 401
1081 430 1275 714 810 398 891 454 736 388 760 410 688 385 709 401
1082 429 1275 714 810 398 891 454 736 388 760 410 688 384 708 400
1081 428 1275 713 810 397 890 453 736 386 760 409 688 384 707 399
1080 427 1275 713 811 396 888 452 735 385 759 408 688 384 707 399
1079 424 1275 713 811 394 887 450 735 384 759 407 688 383 707 398
1079 422 1276 713 811 394 886 450 734 384 759 407 688 383 707 398
1078 422 1275 713 811 394 886 450 735 385 759 407 688 383 707 399
1078 422 1275 713 810 394 886 451 735 386 758 408 688 384 707 399
1078 423 1275 713 809 395 885 451 735 387 759 408 688 385 707 400
1078 423 1276 713 809 395 884 452 734 387 758 409 688 385 708 401
1078 422 1276 713 808 396 882 453 734 388 759 410 688 387 708 402
1078 422 1276 714 807 398 880 453 734 390 759 411 689 388 708 403
1078 422 1276 714 806 400 879 454 734 391 759 412 690 390 709 404
1078 422 1276 713 805 401 878 455 733 392 759 413 690 392 709 406
1078 422 1276 712 804 402 877 455 733 393 759 414 689 393 709 407
1077 423 1275 711 804 402 875 455 733 394 759 414 689 394 709 408
1077 423 1274 712 805 402 874 454 733 395 758 414 690 394 709 407
1076 424 1274 714 804 401 874 454 734 395 757 414 690 394 709 407
1075 424 1274 716 803 400 874 453 734 394 757 414 690 393 709 406
1074 422 1274 719 802 399 873 452 733 393 757 413 690 391 708 405
1071 421 1273 719 801 398 874 451 733 392 756 413 690 390 708 404
1070 420 1272 719 800 394 870 450 733 392 756 412 690 390 708 404
1068 419 1272 719 800 393 869 450 733 392 755 412 691 390 709 403
1065 418 1271 719 800 393 869 450 733 392 754 411 690 390 708 403
1061 417 1271 719 800 393 868 450 732 392 754 411 690 391 708 403
1059 417 1269 719 800 393 868 450 732 391 755 411 690 390 708 403
1056 415 1268 719 800 391 867 450 731 390 755 411 690 389 709 402 620 386 636 399
1053 414 1267 719 799 391 866 449 731 389 755 410 690 388 709 401 620 386 635 399
1050 414 1266 719 799 392 866 449 731 389 755 410 690 387 709 400 619 386 636 399
1048 414 1266 719 799 391 865 449 731 389 755 410 690 387 709 400 619 386 636 400
1046 414 1268 719 799 391 865 450 732 390 755 410 690 388 709 401 619 386 636 400
1044 414 1269 719 799 392 864 450 732 391 755 410 689 389 708 402 619 388 635 401
1043 414 1268 719 798 394 864 450 732 392 754 410 689 391 708 403 618 388 635 402
1040 413 1268 719 796 395 863 449 732 393 755 411 689 391 708 404 617 388 635 402
1036 413 1267 719 795 397 862 450 731 393 755 412 690 391 709 404 617 388 636 401
1032 413 1268 719 793 399 861 451 731 393 755 412 690 392 709 404 617 389 636 402
1030 413 1267 719 793 400 861 451 731 393 755 412 690 392 709 404 617 389 637 401
1028 413 1267 719 792 400 861 451 732 393 754 412 690 392 708 405 618 389 636 401
1027 412 1267 719 792 398 861 450 732 392 754 410 690 391 709 404 617 387 636 401
1024 410 1268 719 791 395 860 450 732 390 754 408 689 389 708 402 617 386 636 400
1022 409 1269 719 790 392 859 449 732 388 754 406 688 387 708 401 616 384 635 399
1022 409 1269 719 789 390 858 448 732 387 754 404 689 386 708 399 614 383 634 397
1019 409 1271 719 788 388 858 448 732 385 755 403 689 384 708 397 614 382 634 396
1014 407 1275 699 787 388 858 447 732 384 755 402 688 383 707 396 613 381 634 395
1012 406 1275 697 787 388 857 448 732 384 754 401 688 383 707 396 613 381 634 395
1011 408 1275 696 789 392 853 444 733 386 755 402 689 384 707 397 614 382 635 396
1007 410 1277 694 788 395 853 445 734 388 756 405 689 386 708 399 614 383 636 397
1003 412 1278 695 788 398 852 445 734 390 756 408 689 388 708 401 614 384 636 399
999 414 1279 695 787 401 852 446 733 393 756 410 613 386 637 401 690 391 709 403
997 415 1279 695 787 402 851 446 733 393 756 412 691 392 709 404 614 388 636 402
996 416 1279 694 787 402 851 447 734 394 757 412 691 392 710 404 615 389 635 402
995 415 1279 694 787 399 850 446 734 393 757 411 691 391 710 403 615 388 635 402
994 415 1279 693 786 398 850 446 734 393 757 411 691 390 710 403 615 387 636 401
992 413 1279 691 785 396 849 446 734 392 757 410 692 390 710 402 615 387 635 401
991 412 1277 686 785 394 849 446 735 391 757 408 692 388 710 400 613 385 635 400
989 409 1274 683 784 392 849 446 735 390 758 407 692 387 710 400 613 384 634 399
986 407 1273 682 784 391 850 446 736 389 758 405 691 386 710 399 612 383 634 398
984 407 1273 683 784 391 850 445 736 388 758 405 691 386 710 399 613 384 634 398 599 387 617 400
982 406 1273 683 783 391 849 445 736 387 759 405 691 385 710 399 598 386 616 399 615 384 634 397
981 406 1273 682 783 391 849 445 735 387 759 405 690 385 710 399 598 386 616 399 614 384 634 398
980 406 1273 681 783 392 848 444 735 387 759 405 690 385 710 399 598 385 617 399 612 383 634 397
980 406 1273 679 783 392 848 444 736 388 759 405 691 386 709 399 13 393 161 451 610 382 635 397 597 385 618 399
978 405 1273 678 784 393 848 445 736 388 759 405 692 387 709 399 609 381 634 397 10 395 155 450
975 405 1273 677 784 394 847 445 737 389 759 405 692 387 710 399 609 381 634 398
973 405 1273 675 784 394 846 445 737 389 758 406 692 388 710 400
971 405 1273 671 784 394 846 445 737 389 759 406 692 388 710 400 599 386 617 399
969 404 1274 667 784 394 846 446 737 389 759 406 692 389 709 400 599 386 617 399
967 403 1274 663 783 393 846 446 737 388 760 405 692 388 709 400 598 386 618 399
964 403 1275 659 784 393 845 446 737 388 761 405 692 389 709 401 597 386 617 400
962 403 1275 656 783 393 845 446 738 387 761 404 692 388 709 400 597 386 617 400
960 404 1274 654 784 393 844 446 738 388 761 404 596 386 617 399 693 389 710 401
958 404 1273 652 783 392 844 446 737 387 762 403 596 385 617 399 692 388 709 400
956 405 1272 650 783 392 844 446 738 387 762 403 595 385 618 399 692 389 709 400
955 405 1274 648 783 392 844 446 739 388 762 404 595 385 617 399 693 390 709 401
953 405 1274 643 783 391 844 445 740 388 762 404 595 385 617 399 692 389 709 401
951 405 1273 638 783 390 844 444 741 388 762 404 595 385 616 399 692 389 709 400
949 404 1271 632 782 387 840 439 740 387 762 403 594 383 616 398 692 387 709 398
947 404 1270 628 783 389 844 443 740 386 761 402 593 383 616 398 692 387 709 398
945 404 1269 626 783 388 844 443 740 386 761 402 592 381 618 398 693 387 709 398
944 404 1269 626 783 388 844 442 740 386 761 402 591 380 618 398 693 388 709 399
942 403 1270 627 783 388 843 442 740 386 761 402 591 380 618 398 693 388 709 399
940 403 1270 627 782 386 840 438 740 387 761 403 591 381 618 399 693 388 709 399
937 403 1269 626 782 386 839 439 740 387 762 403 590 381 619 400 694 389 709 399
935 405 1267 626 782 387 839 440 741 388 762 403 588 381 619 401 693 389 709 399
933 406 1266 624 782 387 839 440 741 388 762 403 587 380 620 401 694 389 708 399
931 407 1265 623 783 387 838 440 741 388 762 404 587 379 621 401 694 389 709 399
928 407 1262 622 783 386 838 439 741 387 762 403 585 377 621 400 694 387 709 398
927 407 1259 621 783 386 838 439 741 386 762 402 584 376 621 400 694 386 709 397
927 407 1257 621 783 386 838 439 741 386 762 402 583 376 620 399 693 386 709 396
