

850 516 957 585 484 2 683 55 743 531 756 545 637 525 678 562 697 528 708 540 1043 531 1142 614 765 530 784 547 507 525 559 553
854 514 984 587 483 3 684 55 637 524 679 562 743 530 757 545 764 530 785 547 505 524 557 553 697 528 708 540
855 514 988 589 483 3 684 55 637 524 679 563 743 530 757 544 765 529 785 546 504 524 554 553 696 528 707 540
857 514 996 591 483 3 684 55 636 525 678 563 503 525 552 553 743 530 756 544 766 529 785 546 695 528 706 540
636 527 676 563 483 3 684 54 743 530 755 545 858 520 998 600 504 525 550 554 767 529 784 545 694 528 705 540
636 525 677 562 865 515 1023 605 483 3 684 54 743 530 755 545 505 524 547 553 767 529 784 545
869 516 1043 611 636 524 678 562 483 3 684 53 742 530 754 545 506 523 544 552 768 528 783 545
875 515 1051 613 635 522 679 561 483 3 684 54 742 529 753 544 482 525 541 554 695 522 704 534
882 514 1057 614 635 522 679 561 483 3 684 53 477 524 544 555 741 529 752 545
882 514 1069 615 635 522 679 561 483 2 684 54 475 523 544 555
892 511 1109 619 635 523 679 561 475 524 541 555 484 3 684 54 240 580 1252 715
900 509 1122 624 634 524 678 561 483 3 684 54 475 523 536 554 209 581 1277 714
634 525 677 561 483 3 685 53 909 508 1132 629 476 523 533 554 202 581 1276 713 693 521 703 534
923 506 1202 639 634 525 676 561 482 3 685 53 476 522 529 554 692 522 704 534 205 578 1267 713
933 505 1210 643 634 525 676 562 482 4 685 53 479 521 527 553 692 522 705 534 221 577 1245 714
951 509 1262 648 632 526 677 562 482 3 685 53 452 524 516 557 226 582 1234 717
958 506 1277 649 632 527 677 562 482 3 686 54 448 523 514 556 227 585 1228 717
966 505 1279 651 632 526 677 562 482 3 686 54 742 529 756 548 232 590 1227 718
991 505 1279 661 632 524 677 561 483 3 685 54 433 517 515 558 242 590 1232 716
1014 505 1279 664 632 525 676 562 483 3 683 54 257 591 1223 716
1043 503 1276 667 632 526 676 562 484 3 683 54 452 522 505 557 258 592 1221 714
1069 502 1272 671 631 526 675 562 423 519 502 561 483 3 684 54 769 528 785 549 262 593 1213 714
1098 500 1276 672 419 519 500 561 631 525 675 561 742 530 756 550 484 3 684 54 788 528 807 551 768 529 784 549 263 589 1215 713
412 519 496 559 630 525 675 560 742 529 757 549 788 527 808 550 483 3 684 54 768 528 783 548 1110 507 1275 671
630 526 674 560 407 518 492 559 742 529 757 548 788 527 809 550 484 3 684 54 768 528 783 548 717 521 732 536
629 527 673 560 743 529 758 548 789 527 808 550 484 3 684 54 716 521 732 536
628 527 673 560 395 517 481 561 484 3 684 53 715 520 733 537 720 526 735 541
627 527 673 560 388 517 479 560 484 3 684 54 715 520 733 536 280 618 536 719
627 526 673 560 381 516 475 559 484 3 684 53 715 519 733 536 279 616 536 719
627 527 673 561 376 516 471 560 483 3 684 53 279 615 535 719 716 519 732 536
627 528 673 562 375 514 469 562 483 3 684 53 279 614 534 719 790 528 810 551 716 520 732 536
626 528 673 562 355 516 465 563 280 614 533 719 483 3 683 53 790 528 811 551
348 515 462 563 625 526 672 560 281 613 535 719 484 3 682 54 790 527 813 551
344 514 456 564 624 524 672 559 281 614 535 719 485 3 682 54 716 519 732 537 789 525 814 553
624 524 672 559 486 3 681 54 346 513 452 563 280 614 536 719 715 519 733 537 788 524 813 554 809 526 835 555
320 515 447 565 623 524 672 559 486 3 681 54 788 525 811 555 810 527 836 557 716 518 733 536 764 526 786 553 279 616 536 719
312 514 443 566 487 3 680 54 622 524 671 558 809 526 838 559 787 524 812 555 762 526 789 554
299 518 428 567 486 3 680 54 621 524 671 557 808 525 840 560 761 525 790 554 786 525 812 555
289 516 429 567 485 3 680 54 621 523 670 557 808 525 841 560 714 516 735 535 741 529 764 552 762 526 790 554 786 525 812 555
485 3 680 54 284 515 423 567 621 523 670 557 809 527 842 560 741 528 763 552 763 526 788 553 786 526 811 555
485 3 680 54 621 523 670 558 267 514 402 570 715 515 734 537 809 528 843 560 785 525 812 556 280 618 538 719 764 526 788 554
258 512 402 571 485 3 681 54 621 523 669 558 714 515 735 538 281 618 536 719 810 529 843 560 784 524 812 556 763 525 789 554
484 3 681 53 622 522 667 559 253 512 397 572 281 617 536 719 712 515 736 538 810 528 841 559
228 513 389 575 484 3 682 53 623 523 667 559 826 530 865 566 280 617 539 719 712 516 736 538
218 514 388 575 484 3 681 53 624 523 666 559 829 529 867 567 280 616 540 719
192 515 376 578 485 3 681 53 625 525 666 558 832 529 869 568 784 528 814 558
184 514 375 577 485 3 682 53 625 525 665 558 832 530 869 567 712 525 735 544 254 606 1216 719 784 529 814 559
165 514 354 581 485 3 681 53 614 525 655 556 710 525 736 544 257 606 1209 719 759 531 789 561 784 529 815 562 832 529 869 567
485 3 681 54 613 524 655 557 260 606 1207 719 758 529 790 564 711 524 736 545 783 529 816 563
484 3 680 54 117 499 344 586 612 524 655 558 759 527 788 564 261 604 1209 719 711 524 735 545 784 529 816 563
484 3 680 53 107 497 335 587 612 524 655 558 712 525 736 545 785 529 816 562 262 602 1211 719
484 3 680 54 613 524 654 558 94 496 330 587 711 525 736 545 785 529 815 562
485 3 680 54 613 523 654 558 48 501 309 594 712 525 736 545 785 528 815 563
31 502 307 594 484 3 680 54 612 521 654 558 762 528 789 563 711 524 737 545 784 528 816 563
22 498 301 594 485 3 680 53 611 518 656 559 761 526 789 564 713 524 738 545 785 528 814 562
484 3 681 53 29 494 293 593 611 516 657 559 761 524 791 564 712 513 743 541 787 527 814 562 806 529 841 565 261 602 1219 719
483 3 682 53 611 515 657 559 38 493 284 591 761 523 792 564 712 513 743 540 808 527 841 564 788 526 813 561 831 527 865 566
482 3 683 53 611 515 656 558 710 513 744 540 762 525 793 564 20 493 247 599 810 527 839 563 831 526 866 567 790 526 813 561 764 545 794 576
482 3 683 53 25 494 231 596 612 515 656 557 711 513 743 539 762 525 794 564 810 526 838 563 692 518 710 534 830 526 866 567
481 3 683 53 612 518 654 557 20 491 217 593 711 513 744 541 763 525 793 565 810 526 838 564 692 517 711 535 828 527 867 569
481 3 684 53 611 518 654 557 711 513 746 542 11 488 211 592 762 521 794 567 807 525 839 567 692 517 711 536 827 526 868 572
0 485 162 601 611 521 653 557 480 3 684 53 711 514 745 542 692 518 712 536 826 526 868 573
611 521 653 556 1 480 149 605 481 3 684 52 949 534 1039 601 713 522 743 547
610 522 653 556 481 3 684 52 713 523 744 548 946 533 1046 604 2 474 143 605 777 546 815 586
610 522 653 557 481 3 683 52 942 533 1051 607 779 547 819 589 713 524 744 549
610 522 652 559 482 2 683 52 781 548 826 592 713 526 744 550 962 534 1079 617 692 527 712 545
610 523 652 559 483 2 683 52 783 547 829 593 714 526 743 549 731 524 761 551 988 532 1101 621 692 527 712 545 780 509 824 585
611 524 650 559 483 2 682 52 729 523 761 552 714 526 745 550 987 531 1099 622 692 528 710 545
611 525 649 558 482 3 682 52 728 521 761 553 714 526 743 550 692 528 710 545
612 525 650 558 482 3 682 52 727 521 762 553 1019 530 1187 645 795 536 848 598 713 526 741 550
612 524 650 557 482 3 681 53 729 523 762 552 804 552 845 595 1022 529 1197 641 956 536 1041 610 714 526 739 548
613 523 651 556 482 3 682 53 730 523 763 552 1062 528 1243 650 974 531 1065 614
613 522 651 556 483 3 682 53 730 522 764 552 1071 527 1247 648 997 528 1089 619
731 520 767 553 483 3 682 53 614 520 651 556 819 556 875 613 903 527 989 607 1004 527 1090 622
731 520 769 553 484 3 681 53 613 516 653 557 823 555 879 613 901 527 996 608 711 513 732 534
733 519 770 554 484 3 681 53 612 514 655 559 712 513 733 534 710 524 732 545 901 529 998 607 827 554 884 616
734 519 773 554 484 3 681 53 611 511 656 561 712 512 734 533 710 524 733 545 842 552 900 620
736 519 774 555 484 3 680 53 611 506 659 562 712 512 734 534 710 523 733 546 840 551 915 623
737 519 775 555 485 3 680 53 611 505 660 563 711 512 736 536 709 523 733 546 852 552 933 625
484 3 680 53 611 506 660 563 738 519 774 555 711 524 734 546 712 513 736 535 854 554 941 629 520 515 541 532
484 3 681 53 611 506 660 563 518 515 541 534 713 523 736 546 713 514 736 535
484 3 681 53 612 507 660 563 516 514 542 535 744 517 792 560 714 523 741 548
484 3 681 53 612 506 660 564 744 518 794 560 516 514 542 535 714 522 742 548 713 514 739 536
484 3 682 53 747 518 795 560 713 522 744 549 612 506 661 563 515 514 541 535 714 514 740 536
483 2 682 53 612 506 660 562 748 519 797 561 715 523 740 548 515 515 539 535
483 2 682 52 611 506 660 562 1112 491 1201 666 753 519 799 562 715 522 740 549 514 515 538 534
610 506 660 562 484 2 682 53 750 512 805 565 715 522 740 550 1158 498 1257 674 514 517 538 534 945 492 1054 661
610 506 661 562 483 2 682 53 753 512 810 565 714 522 743 551 253 564 1233 710 513 517 537 534 960 492 1063 658
610 506 661 562 483 3 682 53 754 511 812 566 714 523 744 551 238 570 1249 712 512 516 537 534 731 522 761 555
482 3 683 53 611 507 662 563 762 511 823 569 235 577 1250 715 510 516 537 535 728 521 761 555 1011 492 1110 655 714 524 743 550
481 3 683 53 763 512 825 569 612 507 662 564 509 516 537 537 726 520 763 556 236 584 1248 717 1049 489 1159 662 715 525 740 551
481 3 683 53 765 512 828 570 612 507 662 564 724 520 765 556 1064 495 1164 660 509 516 536 537 250 590 1225 719
764 512 837 573 480 3 684 53 612 507 662 564 726 520 766 557 1063 557 1267 689 509 517 535 537 1096 494 1200 665
767 513 842 575 480 3 684 53 726 521 767 557 971 531 1026 611 1108 558 1275 691
769 511 844 576 612 506 663 564 728 521 768 558 481 3 684 52 1119 556 1275 687 995 532 1046 615
777 514 857 579 611 506 663 564 728 520 770 558 481 3 684 52
778 514 862 582 729 519 772 558 481 3 684 53 498 515 523 536
778 513 868 584 481 3 684 53 730 519 774 557 495 513 525 538
