

889 381 951 459 258 337 308 364 50 343 177 412 568 258 586 280
889 386 964 460 255 337 306 365 51 345 170 413 568 258 586 280
893 383 968 464 254 337 304 365 568 259 586 281
907 372 975 472 568 259 586 281 251 337 303 366
907 373 987 472 567 259 585 281 250 338 302 366
567 259 585 280
567 258 585 280
928 399 1008 483 567 257 585 280 1 357 108 429
933 400 1014 486 567 257 585 280
937 403 1019 489 567 257 585 280
947 404 1032 494 567 256 585 280
953 405 1039 499 567 256 585 280
969 418 1061 509 567 257 585 281
974 417 1066 514 567 256 585 281
981 420 1072 517 567 256 585 281
993 423 1090 521
998 425 1097 523

161 343 246 384
143 347 236 386
143 347 229 387
142 348 223 389 674 306 685 326
157 350 218 388 674 305 685 326
152 347 215 387 675 304 686 325
149 345 209 387
119 344 198 388
117 343 196 387

89 344 182 391
87 345 175 394 561 233 583 268
68 350 165 400
64 352 161 404
60 354 156 406
59 361 149 411 311 338 353 367
42 363 141 412 310 337 351 366
41 362 137 412 308 337 349 365
39 361 134 412
41 353 130 409
37 352 125 409

287 333 336 364
285 334 336 365
285 336 334 365 1 365 83 423
283 336 330 364
279 336 328 365


264 338 315 368
263 338 314 369
262 338 312 370
260 339 310 371
259 339 308 371
257 339 305 372 561 217 579 239
562 217 579 237 256 339 304 371
562 215 580 236
562 213 581 234 565 257 580 277
562 211 581 233 566 256 580 276
563 210 581 232 566 257 580 275
563 209 582 231 566 258 581 276
564 209 583 231 567 259 581 277
565 208 584 230 568 261 582 279
565 207 585 230 569 262 582 280
565 205 586 229 569 263 583 281 211 354 263 385
569 263 582 281 209 354 261 385 565 203 587 229
568 262 582 281 206 354 260 385
567 260 582 279 1069 344 1114 455 203 353 258 385 564 192 588 221
565 191 587 219 566 258 581 278 1074 341 1120 459
565 188 588 215
566 185 588 211
565 181 589 209
565 179 590 208

564 177 590 207 735 290 750 315
736 291 752 317 566 254 583 274
737 291 753 317 566 254 583 275
738 290 754 317 116 357 205 399
113 356 203 400
109 353 200 400 685 327 723 350
85 354 195 402 565 161 590 190
86 352 186 402 745 288 760 310
746 287 762 310
57 349 170 408 567 242 587 266 748 287 765 309
56 349 165 409 701 326 736 349 566 241 586 265 750 286 766 310
701 326 739 350 56 350 158 409 566 240 586 264
702 325 742 350 25 357 151 416 567 240 586 263
26 357 146 415 704 325 745 349 759 285 775 310 567 239 585 263
29 352 137 409 706 325 748 349 761 284 777 309 566 238 586 263
566 236 587 263 763 284 781 308 707 325 751 350 5 357 125 416
6 357 118 417 565 235 588 262 767 284 784 309 708 325 753 351
5 358 110 417 566 234 588 261 770 284 788 309 709 325 754 352
7 359 103 417 567 234 587 261 772 283 790 309
7 358 98 418 568 234 587 260
568 233 588 261
0 356 78 429 784 285 801 312
0 355 73 429 786 284 803 312
789 283 808 312 2 355 60 429
792 282 811 311 730 329 776 361
795 282 815 310
