

743 333 1180 553 432 298 703 552 1237 364 1278 442 0 225 305 421
746 330 1185 554 429 296 702 553 1242 364 1279 441 0 225 301 420
748 327 1188 555 426 293 701 552 1250 358 1279 442
750 323 1192 556 423 293 700 550
751 321 1196 557 419 294 699 547 1 235 240 410
749 318 1204 558 415 294 699 545 116 354 143 407
751 321 1239 557 410 293 702 545 117 354 143 406
751 320 1245 558 407 293 702 545 118 354 143 405 2 356 18 421
751 320 1251 560 402 292 702 546 119 354 143 405 1 356 17 421
752 319 1257 561 399 292 700 547 322 262 483 437 119 355 142 405 1 355 15 423
754 319 1262 562 398 290 698 549 323 261 486 440 119 356 142 405
758 319 1267 562 397 291 697 549 324 262 489 443 692 341 804 433 119 357 142 406
763 319 1267 563 396 290 695 552 691 340 808 433 118 361 142 414
768 318 1267 565 395 289 694 554 117 361 142 415 693 341 811 433
390 287 691 555 771 316 1267 567 116 362 143 415
384 289 688 552 775 315 1265 571
378 292 683 548 782 314 1265 573 346 283 470 457
375 293 679 547 789 312 1265 576 178 169 517 384 345 285 471 460 737 340 851 439
793 312 1270 576 373 293 673 548 183 166 520 394 651 349 705 435 738 340 852 441 346 289 472 463
797 311 1274 577 369 293 672 549 182 166 525 399 649 352 710 437 344 292 473 465
801 313 1275 578 365 295 671 546 639 353 721 437 182 166 529 399 343 293 471 469
808 314 1274 581 362 298 672 545 641 355 723 439 342 293 473 471
811 318 1273 582 361 299 668 543 642 357 725 442 342 294 474 473
359 299 664 545 814 321 1270 581 653 360 738 445 198 168 537 403 339 288 494 455
356 296 660 546 818 324 1269 582 655 360 741 448 200 165 539 403 339 289 492 454
354 296 660 547 824 326 1269 581 659 358 746 449 189 163 548 406 788 341 902 445 339 289 491 452
353 297 659 545 826 327 1271 581 661 358 751 448 176 164 558 402
827 324 1272 580 348 299 658 542 672 359 764 446 174 160 564 404
345 299 656 540 829 321 1271 581 675 357 766 446 228 160 576 397
831 317 1271 581 341 296 658 539 678 356 772 446 221 158 586 402 793 335 943 445
837 314 1274 582 341 295 657 540 681 354 777 442 218 158 591 403
846 309 1279 581 335 292 638 541 693 351 793 440
854 305 1279 581 335 289 637 542 700 347 796 438 835 323 975 440
333 286 637 543 860 301 1279 580 707 344 802 436 840 320 976 437
329 285 639 543 863 302 1279 578 710 341 807 435 842 320 984 436
330 284 637 544 869 302 1277 577 722 340 821 437 845 323 989 438
331 282 635 546 874 305 1275 578 730 340 828 436
331 280 634 549 879 306 1272 578 740 338 844 440
331 280 634 549 896 307 1279 579 745 339 848 439 877 320 1030 433
331 281 635 548 900 305 1278 580 755 333 857 452 879 321 1035 436
331 282 636 547 906 306 1273 579 763 335 869 453 887 325 1041 440
330 283 638 547 909 304 1271 579 770 341 881 446 942 318 1051 422
329 283 640 546 914 305 1270 577 776 341 885 447 923 322 1077 434 116 369 148 420
329 288 640 542 926 300 1267 579 790 340 902 451 925 324 1082 439
331 293 640 539 940 298 1265 579 802 338 909 458 934 327 1088 445 145 368 173 421 119 374 148 425
328 297 669 537 952 298 1264 581 809 344 928 455 148 371 175 425 121 376 149 429
331 297 668 537 959 302 1266 582 813 345 937 457 150 370 177 427
332 298 669 537 967 309 1268 583 831 341 970 462 149 372 178 426
337 298 666 536 975 316 1270 584 841 343 976 463 136 371 184 433
339 300 666 536 984 327 1274 585 852 345 983 462 135 372 185 434 744 347 857 447 647 373 704 438
341 299 669 537 991 335 1275 585 637 372 715 437 862 350 989 455 136 371 186 435
344 299 673 537 1002 343 1277 586 880 344 1020 465 639 373 721 437 766 348 876 449 139 371 186 436
348 300 675 536 1013 350 1277 586 896 356 1021 468 653 373 743 439
352 301 680 535 1026 356 1279 586 907 356 1032 468 655 373 748 439 165 373 208 439
356 301 685 535 1036 358 1279 585 661 373 752 438 913 357 1041 468 166 373 211 439
363 303 695 534 677 373 768 439 933 355 1066 470 1053 337 1268 607 163 371 212 441
372 303 702 535 943 354 1078 470 682 372 773 439 1059 339 1273 606 356 131 791 433 160 370 215 442
379 303 710 535 1061 393 1279 578 952 346 1091 464 695 373 794 440 357 129 798 434 158 369 214 443
386 301 715 536 701 374 797 438 1067 392 1279 580 971 351 1114 472 363 125 795 438
391 299 722 537 981 343 1120 467 1074 397 1276 582 396 125 825 433 708 374 801 433 187 370 232 441
401 297 726 538 993 341 1132 468 721 373 823 433 1085 399 1279 581 189 370 234 441
408 293 731 540 1090 407 1279 579 728 372 825 429 999 338 1147 467 188 369 235 440
412 291 733 542 1092 412 1279 576 1016 336 1176 470 739 368 852 432 187 367 237 441
414 288 740 544 1027 336 1186 469 746 368 850 429 1099 410 1279 576 415 121 831 422 184 366 238 442
415 288 746 544 1107 406 1279 576 753 367 851 427 422 121 836 418 1034 335 1200 468 183 364 237 443
419 289 749 543 1118 401 1279 579 1049 328 1250 470 425 119 844 418 768 366 871 429 180 364 236 445
772 366 874 428 421 292 750 540 1059 330 1248 469 1125 403 1278 580 423 116 852 415 179 363 235 445
423 291 778 543 1071 331 1250 471 1132 408 1278 580 777 367 878 428 424 111 860 418 178 363 235 445
421 287 787 546 1080 332 1257 473 1137 413 1279 578 790 368 898 431 431 111 866 419 179 364 235 444
420 284 797 549 794 369 901 431 1142 418 1279 574 438 112 871 425 1098 331 1277 474 179 365 235 445
421 284 801 550 798 371 901 432 1103 331 1275 476 1155 424 1279 574 440 113 878 427 179 364 235 445
424 285 807 550 1111 330 1276 479 803 373 901 432 1157 430 1279 573 406 87 903 498 182 364 236 446
425 287 812 548 1120 340 1277 487 808 373 901 432 1158 431 1279 574 437 111 889 422
426 287 814 548 817 374 920 434 1126 328 1278 480 1159 431 1279 574 440 110 885 417
427 285 814 550 820 374 920 433 1130 327 1278 479 1160 429 1279 575 442 111 889 414 191 373 235 456 162 377 209 454
429 283 818 552 1160 427 1279 574 1144 320 1265 479 823 372 923 432 442 108 894 417 190 371 235 457 160 376 209 455
430 281 821 554 1148 318 1268 475 1159 423 1279 575 440 107 904 416 826 370 926 431 191 370 233 456 158 376 207 455
431 280 825 554 1154 313 1272 470 1157 419 1279 574 437 105 908 411 835 370 948 435 157 374 207 457 193 369 231 457
432 279 827 555 1157 308 1275 469 1154 416 1278 575 838 370 946 434 441 105 907 409 156 372 206 459 193 369 230 456
434 279 828 554 1163 306 1277 467 1151 413 1278 574 840 370 945 433 436 105 912 407 157 369 207 460
436 279 830 555 1136 422 1279 572 1168 306 1278 465 842 369 945 431 467 113 954 400 140 374 188 458
438 278 830 555 1130 422 1279 572 842 368 945 430 1171 309 1279 462 136 374 186 456 466 115 959 400 159 357 204 450
438 278 831 556 1124 420 1279 573 842 367 947 430 134 373 185 455 184 359 221 445 160 357 205 449
438 277 832 557 1116 413 1279 575 844 368 947 430 133 358 189 448 164 355 206 447
438 275 833 558 1106 400 1279 577 848 370 947 430 131 357 188 447 164 354 208 446
437 273 834 560 1098 390 1279 579 850 371 946 430 131 355 186 446 164 354 208 444
437 274 835 560 1092 387 1279 580 850 371 946 430 132 356 184 445 407 71 925 487 161 356 207 444
436 274 832 560 1087 385 1279 579 413 71 916 485 850 369 945 430 132 356 182 445
434 273 828 562 1069 338 1279 602 415 71 909 482 852 367 945 431 113 359 166 449
431 272 823 563 1068 335 1279 600 410 72 903 478 854 365 944 431 111 356 165 451 140 354 181 447
429 275 822 559 1067 330 1276 603 405 73 902 478 854 364 944 431 110 354 164 452
427 277 820 555 1061 327 1272 606 401 72 900 479 854 364 944 431 108 356 162 451
425 280 817 552 1055 322 1271 611 400 69 899 482 855 364 943 431 108 356 160 451 139 351 175 442
421 279 813 553 1046 320 1271 617 400 67 898 481 856 364 943 432 108 357 158 450 137 351 170 440
418 279 813 554 400 67 898 478 1041 321 1271 619 857 363 943 432 84 367 143 461 111 356 158 449
415 276 811 557 1039 339 1273 583 401 65 897 478 858 364 944 433 83 368 140 461 945 361 1054 422 116 355 156 447
413 274 810 558 1030 336 1271 583 404 63 892 483 859 363 944 432 84 358 136 451 117 354 154 445
410 273 807 559 1018 333 1269 583 401 59 892 489 61 372 115 460 859 363 944 432 84 359 134 451 116 353 150 443
