

938 403 1268 626 782 386 839 439 740 387 761 403 590 381 620 400
936 404 1267 625 782 386 839 439 741 388 760 403 589 380 621 401 693 388 708 399
935 405 1267 624 782 387 839 440 741 388 761 403 589 381 621 401 693 388 708 399
933 406 1266 623 782 387 839 440 741 388 761 403 588 380 621 401 693 388 708 398
931 407 1265 622 783 387 839 440 741 388 761 403 587 379 621 401 694 388 708 398
929 407 1262 621 783 386 838 440 741 387 761 403 586 377 621 400 694 387 709 397
928 407 1260 620 783 386 838 440 741 387 761 402 585 376 621 400 693 386 709 397
927 407 1259 620 783 386 838 439 741 386 761 402 585 376 620 399 693 385 709 396 764 388 779 402
927 407 1258 621 783 386 838 439 741 387 761 402 584 376 618 399 694 386 709 396 764 389 779 402
927 407 1256 621 782 387 838 439 742 388 761 403 583 377 617 399 694 387 708 396 764 389 779 402
927 409 1254 620 782 388 838 441 582 377 617 401 743 390 761 404 764 391 779 404 695 389 707 398
928 412 1251 619 782 389 838 443 582 380 617 403 743 393 761 406 764 393 780 405
929 414 1249 617 783 391 838 445 742 395 762 409 763 394 781 408
931 414 1247 616 783 391 838 445 741 396 762 410
931 413 1246 615 782 391 838 445 741 396 762 410 764 396 781 409
938 403 1239 600 782 389 838 442 741 394 760 407 766 394 781 407
939 401 1237 598 782 388 839 439 742 390 761 404 579 378 616 403 765 390 781 404
939 398 1235 595 742 385 762 399 779 388 841 436 580 376 615 400 764 385 781 399
940 395 1233 589 742 382 763 396 781 380 839 428 763 382 780 396
926 388 1223 585 782 378 839 426 743 380 763 394
927 386 1219 583 782 377 838 425 562 361 607 398 743 379 762 393
927 387 1216 585 783 378 837 427 560 361 605 400 743 380 762 394
925 391 1215 587 783 380 836 429 743 383 761 397 764 383 781 398
924 396 1211 591 555 373 599 408 778 392 839 438 741 389 761 403 763 389 783 403 695 389 711 399
922 401 1204 594 777 399 838 442 551 376 597 415 740 394 761 408 762 394 784 408 695 394 710 404
920 406 1199 596 776 405 836 446 547 380 595 422 739 399 760 411 763 398 783 411 695 398 710 408
916 418 1197 606 774 407 835 448 545 380 594 425 739 399 760 412 694 399 709 410
915 414 1190 607 775 406 833 448 738 399 759 412 539 379 586 426 693 398 709 409 764 399 783 411
910 413 1187 607 774 405 832 445 537 377 585 426 739 398 760 411 763 398 783 411 693 397 709 407
906 410 1183 594 775 402 831 442 535 375 582 422 740 396 760 409 763 396 784 410 694 394 709 404 594 390 611 405
907 408 1178 591 774 399 832 439 533 371 579 417 740 393 760 406 764 394 784 408 694 391 709 401 592 388 611 403
909 402 1173 587 773 394 832 436 527 363 578 417 740 388 759 402 764 389 783 405 695 388 709 398
908 396 1171 583 522 360 574 414 740 384 760 399 772 391 830 434 764 386 782 401
907 391 1169 580 518 359 571 412 740 382 760 397 773 389 828 433 763 383 781 399
906 389 1170 578 775 386 824 425 740 381 760 395 515 359 570 412
905 390 1169 576 511 357 564 416 740 382 760 396 775 387 823 424 764 383 782 400
901 395 1153 567 508 358 562 418 740 383 760 397 775 387 823 424
901 395 1150 567 503 359 559 420 771 389 829 433 740 384 760 399 571 382 598 400 764 385 783 402
901 396 1148 567 499 361 558 422 771 389 829 433 740 385 760 400 570 382 597 399 764 386 783 403
900 396 1144 565 494 363 555 423 771 389 828 433 740 385 760 400 569 382 597 399 763 386 783 403
899 395 1141 564 771 390 827 432 489 363 553 424 740 384 760 399 568 382 596 398 764 386 783 402
898 392 1138 561 481 360 544 427 772 390 825 431 740 383 760 398 568 381 594 397 565 194 628 213
897 388 1137 560 477 359 548 426 773 388 822 423 740 383 760 396 568 380 594 396 563 190 627 210
894 385 1133 556 771 387 822 422 471 357 544 425 740 381 760 395
894 382 1129 554 770 386 822 421 464 357 541 424 741 380 761 394
893 381 1125 551 769 386 821 420 740 379 761 394 458 358 537 423
892 382 1123 552 768 386 820 421 739 380 760 394 441 355 527 426 548 166 617 187
889 384 1119 554 771 388 816 421 431 355 526 428 740 382 759 396 543 162 616 183 597 381 621 403
886 387 1116 557 739 385 758 398 423 360 525 431 774 389 812 420 537 157 614 181 558 378 587 397 596 382 620 403 692 385 709 397
880 391 1112 559 764 394 817 431 404 355 508 438 739 389 757 403 556 380 585 399 596 385 621 405 693 389 709 399
878 392 1109 561 763 395 818 433 395 358 508 442 738 391 756 406 555 382 584 401 595 386 621 407 491 387 532 418 694 390 709 401
877 394 1106 562 762 398 818 435 381 357 486 443 737 394 756 408 489 389 528 418 547 387 575 406 594 388 621 410 694 392 710 403
877 395 1103 564 763 399 817 436 487 389 523 416 737 394 755 408 547 386 575 406 370 357 487 446 593 387 621 410 694 392 710 403
877 396 1101 564 763 399 816 436 546 386 576 407 484 388 518 416 736 394 755 408 353 353 463 448 693 391 709 402 592 387 620 410
875 397 1102 563 763 398 816 435 545 384 575 405 482 387 516 413 736 392 756 407 336 346 477 453 592 385 619 408 693 390 709 400
873 396 1102 558 762 396 817 434 543 382 574 403 736 390 756 404 481 386 513 411 310 344 457 453 692 388 709 399 591 383 618 405 512 113 601 143
872 396 1087 549 300 340 451 458 761 396 817 432 541 379 574 400 736 388 757 402 465 384 506 411 693 387 710 397 590 380 618 403
872 392 1086 544 285 336 444 462 462 382 508 410 760 394 818 430 539 378 573 399 737 386 758 399 692 385 710 396 588 378 618 401 500 89 595 121 766 388 791 407
871 390 1085 543 272 333 441 465 460 382 506 411 538 377 572 399 737 385 758 398 760 393 817 430 495 84 594 114 693 384 709 395 587 378 618 402 766 388 793 408
870 389 1083 541 240 332 417 472 455 382 502 412 535 376 570 400 737 384 758 398 760 392 817 430 766 388 795 410 692 384 709 394 586 377 616 401
869 389 1080 541 534 377 569 400 452 382 497 413 216 328 415 479 737 384 758 397 761 392 816 430 766 388 795 412 693 385 709 395 476 59 586 93 586 377 616 402
868 389 1078 540 532 378 567 402 182 327 379 484 736 385 758 398 440 384 487 415 763 392 815 429 693 385 709 396 766 389 796 412 585 377 616 403 468 52 583 87
868 389 1076 540 531 378 565 404 151 332 384 495 437 384 488 418 736 385 758 398 763 392 814 429 693 385 709 396 766 390 795 412 584 378 616 403
865 390 1073 539 430 385 486 421 528 379 564 406 736 386 758 400 764 392 813 429 693 386 709 397 766 391 796 414 583 379 616 404
862 391 1070 537 423 386 482 423 736 387 757 401 527 380 562 406 764 393 808 428 693 387 709 398 30 328 331 521 583 379 616 405
858 391 1067 536 521 383 555 408 735 387 757 402 25 327 307 520 763 392 809 429 419 385 478 424 693 387 709 399 286 332 326 381 582 380 614 404
857 392 1064 534 520 384 554 409 6 329 289 524 734 387 756 402 762 392 810 430 693 388 709 399 410 386 467 426 582 380 612 403 268 332 307 378
855 392 1060 535 518 384 552 410 734 387 756 402 761 391 811 430 402 385 468 427 693 388 709 399 766 392 797 416 0 322 274 537 271 334 304 373 580 381 610 403
854 392 1057 534 515 384 549 411 733 387 755 402 761 392 811 431 396 386 462 426 693 388 709 400 766 392 796 415 578 381 611 404
853 393 1054 534 512 383 546 411 733 387 756 402 761 392 811 430 693 388 709 399 766 392 796 415 393 387 456 424 576 380 612 405
852 393 1051 534 510 382 544 412 733 387 756 402 761 393 810 429 693 388 709 399 378 386 447 428 766 392 796 414 575 380 613 404
852 394 1047 533 506 381 542 411 733 386 755 401 761 394 809 428 370 385 442 429 693 387 709 398
852 396 1043 529 503 381 541 411 733 386 755 400 761 394 807 427 362 384 436 429 693 387 709 398
853 398 1040 526 733 386 754 399 761 394 806 427 501 381 539 410 350 384 425 429 693 386 709 397 135 311 180 381
853 399 1038 524 345 383 420 430 733 386 754 400 761 394 806 427 494 383 533 411 694 386 709 397
851 399 1035 524 491 383 531 413 760 394 806 428 733 387 754 400 694 387 710 398 335 387 415 435 566 381 598 405
850 400 1033 524 487 383 528 414 759 394 806 428 733 389 753 402 694 388 709 399 315 389 401 439 521 283 539 300
849 401 1029 524 483 384 525 415 306 388 395 440 758 396 806 428 733 390 753 402 695 389 709 399 765 395 795 414 721 390 737 401
849 402 1028 523 480 384 523 416 758 396 806 428 734 392 753 403 293 389 384 444 695 390 709 399 721 391 737 401 766 395 794 414
843 401 1020 522 758 397 806 427 477 383 519 417 733 392 753 403 283 389 379 444 695 390 709 400 721 392 737 401
842 401 1019 522 758 397 806 427 733 392 753 404 476 383 516 417 695 390 708 400 722 392 738 402
841 402 1017 522 250 391 355 447 465 383 508 419 759 397 805 426 733 391 754 403 694 390 709 400 722 392 738 402 558 383 591 407
840 402 1015 521 462 382 508 419 759 397 803 425 232 390 341 449 732 390 754 403 694 389 709 399 557 382 590 407
839 402 1012 520 456 381 506 418 759 397 802 424 733 389 754 402 694 389 709 399 225 390 336 448 557 382 589 405
838 402 1009 519 451 379 503 417 759 397 802 423 197 388 315 451 732 387 754 400 694 388 708 398
837 394 1007 515 171 387 299 453 448 377 500 417 759 398 802 423 733 387 753 399 694 387 708 397 721 388 737 399
837 393 1004 515 762 394 797 418 733 386 753 398 448 376 497 417 166 386 291 453 694 387 708 397 722 387 738 399
835 393 1001 514 758 398 802 423 733 386 753 399 435 377 486 420 694 387 708 397 143 386 275 456 721 388 738 399
833 395 997 512 429 378 483 420 758 397 802 423 732 387 754 400 694 387 708 398 92 391 234 460 721 388 738 399
831 397 994 510 423 379 479 420 762 393 800 419 732 387 754 400 86 388 231 467 694 387 709 398 721 388 739 399
828 397 992 510 415 376 478 422 60 390 212 468 759 397 801 423 732 388 754 401 694 388 709 398 721 388 738 400 537 381 580 409
826 397 989 510 759 397 799 424 733 389 754 402 694 388 709 399 408 377 468 424 58 403 204 469 721 389 738 400 536 380 578 407
826 397 986 511 402 379 464 424 759 398 799 425 733 390 754 403 694 388 709 399 8 398 156 476
827 396 983 510 393 378 462 427 0 396 133 480 759 398 799 425 733 390 754 403 694 388 709 399 536 379 573 402
827 396 980 510 0 395 119 482 388 378 457 427 758 398 799 426 732 390 754 403 694 388 709 399 535 379 572 401
827 396 978 509 758 398 798 426 732 390 754 403 379 379 443 428 694 388 709 399 0 399 113 481 534 379 571 401
826 397 976 507 371 379 441 429 759 397 798 426 733 389 754 403 694 387 709 399 533 379 570 401 789 2 854 89 782 386 809 406
825 396 974 506 362 379 435 430 760 398 798 426 733 389 754 403 694 387 709 398 782 386 810 406 789 2 853 89 532 379 569 400
