

566 342 643 401 79 302 442 499 477 337 530 377 471 241 489 260 533 338 573 370 324 257 338 281
566 342 643 401 77 302 442 498 476 337 529 377 470 241 488 259 533 337 573 370
566 343 643 402 76 301 443 500 476 337 528 377 468 240 486 258 534 337 572 370
77 316 444 515 566 343 643 403 476 337 528 378 466 239 484 257
78 317 440 515 566 343 643 403 477 337 528 378 465 239 483 257
77 316 437 517 566 343 643 404 477 337 528 378 464 238 481 255
75 316 435 518 566 343 643 404 477 336 528 378 463 238 480 255
72 314 435 519 566 343 643 404 477 337 527 378 537 336 571 367 462 237 480 253
69 313 436 521 566 343 643 404 477 337 527 378 537 337 570 367
66 312 437 522 567 343 643 405 477 338 528 383 538 339 569 367 456 234 472 254
64 312 435 522 567 342 643 405 477 337 527 378 537 338 569 367 455 234 471 255
61 312 431 523 566 341 643 404 477 336 528 379 453 232 469 254 537 337 570 367
54 311 428 524 566 340 642 403 476 335 529 379 451 231 467 253 537 336 570 366
48 309 427 525 565 339 642 402 476 334 530 379 537 335 569 364 449 229 467 251
44 308 427 526 565 338 642 402 475 335 529 378 538 334 569 362
40 307 426 527 565 337 642 402 475 335 529 377 537 333 569 362 441 225 464 243
35 306 423 530 566 337 642 403 475 334 528 377 537 332 570 362 438 224 463 241
30 305 421 532 565 336 642 403 475 334 528 377 536 331 570 363 434 223 462 240
26 304 420 532 565 337 641 403 474 335 529 377 535 332 569 363 431 222 462 240
26 304 418 533 564 339 641 405 475 336 528 378 535 334 568 364 536 202 569 215 427 217 450 239
23 306 417 534 564 341 640 406 476 333 527 380 534 335 569 366 423 218 449 239 533 201 568 215
22 307 415 536 564 343 640 408 471 338 529 384 420 218 448 239
18 308 414 539 563 345 639 410 470 339 529 384 418 217 446 238 530 199 565 213
14 308 412 544 563 345 639 412 468 339 529 384 416 217 444 237 529 197 564 211
11 307 411 548 563 346 639 412 467 341 529 384 413 216 442 236 528 194 564 209
8 307 411 552 563 346 639 412 466 341 530 383 526 191 564 208 410 215 441 235
6 307 411 553 562 345 639 412 465 341 530 383 525 189 562 206 405 214 440 233
4 306 411 554 562 344 640 412 465 342 529 382 526 186 561 202
2 303 409 555 561 343 640 411 470 333 526 380
1 302 407 555 560 341 640 408 469 334 526 379 515 175 555 192 399 204 429 226
0 299 384 555 560 339 640 406 514 172 554 189 474 337 526 375 397 204 427 225 535 333 567 361
0 301 384 557 559 338 640 405 513 168 553 185 474 337 525 375
0 302 384 561 558 337 640 405 511 165 552 181 474 337 525 375 449 332 477 353 382 197 420 220
0 303 383 562 558 337 640 405 509 162 551 178 446 331 477 353 474 337 525 375 379 197 419 218
0 304 382 562 558 337 639 405 444 331 476 355 508 159 550 175 475 338 524 375 377 196 417 217
0 305 380 561 556 339 639 406 442 332 474 357 475 338 524 375 506 156 549 174
0 306 379 561 554 340 639 407 439 332 472 358 469 333 525 380 369 189 404 212 505 150 545 167
0 307 378 561 553 341 639 408 437 332 469 359 469 332 525 380 502 147 544 165 366 188 402 209
0 308 377 561 552 341 638 408 434 332 468 359 469 333 525 380 500 144 543 162 362 186 399 207
0 306 374 562 552 340 637 408 467 333 526 380 432 332 466 358 499 139 541 158 357 185 395 204
0 305 371 563 552 340 637 408 467 333 526 380 422 332 456 356 490 134 535 153
0 304 369 566 552 339 637 408 419 330 457 357 466 333 525 379 487 124 533 144
0 303 369 566 552 339 637 408 417 329 456 357 466 333 525 379 483 121 533 140 340 171 382 197
0 302 371 565 551 338 637 407 414 329 452 357 479 115 532 135 465 332 525 377 334 169 378 194
0 301 370 564 551 338 637 407 409 329 449 357 464 332 526 376 475 109 530 130 328 168 373 190
0 301 369 563 550 338 636 407 404 329 446 358 469 337 524 371 476 100 525 120
0 300 367 563 549 338 636 408 474 96 523 118 404 330 444 358 459 333 529 375 317 161 361 185
0 301 363 563 549 339 636 410 392 331 430 362 309 160 359 183 454 334 525 374 474 90 520 112
0 301 359 563 549 340 636 412 388 331 427 363 302 159 354 181 459 84 513 108
0 301 355 564 549 342 636 413 383 330 423 365 454 75 512 97 299 156 348 179
0 301 353 565 549 342 636 414 380 330 422 366 450 71 510 94 451 333 524 378 288 154 341 179
0 302 349 566 550 343 637 415 444 63 508 87 381 331 418 365 449 332 524 379 278 146 337 174
0 302 346 568 550 343 637 414 366 332 406 370 447 331 524 380 438 339 471 364 274 145 330 171
0 303 344 569 550 343 637 413 360 331 403 370 429 41 495 68 468 342 526 382 435 339 471 364 265 140 316 168
0 301 342 570 550 343 637 412 354 329 401 369 260 137 314 164 424 33 494 62 435 339 470 364
0 299 340 571 549 341 638 412 467 342 526 382 254 132 308 159 420 18 489 45
0 299 337 573 549 340 639 412 337 330 381 371 468 332 525 381 428 338 468 365 415 11 485 38
0 300 334 576 549 339 640 412 330 330 378 371 468 332 525 381 231 120 291 147 421 338 451 360
0 302 332 577 550 338 641 412 468 333 526 380 226 115 286 143 418 338 450 360
0 302 325 581 550 337 641 411 467 333 525 380 417 338 451 361 227 109 276 136 506 226 543 236
0 302 322 585 550 337 642 411 468 333 525 379 417 338 453 362
0 301 319 588 550 337 643 412 468 334 525 380 416 338 454 363
0 299 317 589 551 338 644 412 468 334 525 380 415 339 454 364 186 91 243 121
1 300 313 590 551 339 644 411 271 328 344 381 467 334 525 381 178 86 241 117 413 341 454 365
2 301 309 593 551 339 645 411 466 334 525 381 410 342 455 367 669 339 682 363
551 340 645 412 2 303 306 591 465 334 525 380 669 340 681 363 408 342 454 368 489 218 532 230
551 339 646 413 4 306 307 589 465 334 526 380 238 328 316 383 668 340 680 362 488 216 531 229 405 342 454 369
552 339 646 414 3 308 305 584 466 334 526 380 668 340 680 362 488 213 530 227
3 309 304 584 552 339 646 413 466 334 525 380 667 339 680 362
1 307 304 582 553 340 646 413 466 334 525 381 667 339 680 363
1 308 303 584 554 340 646 413 467 334 525 381 666 339 680 364 385 343 423 365
554 340 647 414 0 305 299 584 467 334 525 381 666 340 679 364
554 340 647 415 0 301 292 585 467 334 525 381 665 340 679 365 382 347 438 377
554 340 647 416 1 299 287 586 468 334 525 380 376 348 440 379 665 340 679 365
555 339 647 416 0 299 285 583 468 334 524 380 373 348 438 379 359 340 398 363
555 339 647 416 0 304 286 581 469 334 524 380
0 306 285 580 555 338 647 416 470 334 524 380 341 342 378 365
0 307 284 581 555 338 648 416 470 334 524 380 340 344 373 365 1072 337 1115 422
0 305 282 584 555 337 648 416 470 334 524 380
555 337 649 416 1 303 279 586 470 333 524 381
554 336 649 415 1 304 278 586 469 333 524 381 428 337 474 362
554 337 648 416 0 304 276 587 465 342 528 381 427 337 472 361
0 301 275 589 555 338 648 416 464 343 528 381
0 298 273 591 555 340 649 417 463 344 529 381 290 342 333 370
1 295 269 593 556 341 649 417 463 344 530 382 286 342 333 371 411 340 455 360
1 294 267 593 556 342 649 417 463 344 530 382 407 341 454 362 281 342 331 371
1 295 264 594 557 343 650 417 462 343 530 383 405 341 451 362 277 343 327 371
0 295 263 593 558 343 650 417 462 343 531 383 261 346 309 378 403 342 447 362
0 294 261 593 558 344 650 418 461 344 531 383 257 347 306 378 384 342 439 363
0 293 261 593 558 344 650 418 461 344 531 383 381 342 436 364 237 350 287 380 443 266 465 281 495 271 512 284
1 295 260 593 558 344 650 418 462 345 531 383 380 342 432 365 230 349 288 382 443 266 465 281 495 271 512 284
2 295 258 593 558 344 650 418 461 344 531 383 378 342 427 365 213 346 294 385 495 271 511 285 444 265 465 281
0 272 261 606 559 344 650 418 461 344 531 383 198 349 281 387 376 342 423 365 495 270 510 284
559 344 650 418 0 272 260 607 461 343 531 383 194 347 276 387 358 341 414 366 496 269 510 284
559 343 650 417 0 272 260 606 355 341 410 365 462 342 530 383 191 346 271 387 415 137 459 155
559 342 650 416 0 273 260 606 463 341 529 382 351 340 403 364 555 273 566 285 495 267 509 281
0 272 260 604 559 339 650 415 469 331 525 380 334 339 391 365 554 272 565 284 406 122 453 141
0 271 259 602 559 337 650 413 328 336 389 365 400 115 450 136 468 331 525 378 554 270 565 282
