

131 342 284 420 433 372 469 410 596 390 611 403
123 341 282 421 430 371 469 408 596 390 611 404
117 341 268 419 430 373 469 408 596 391 610 405
112 341 268 418 354 353 448 412 927 394 1006 460
105 340 265 417 337 350 434 411 595 391 610 405
95 338 265 415 333 349 434 412 595 391 610 405 572 388 585 402 417 372 457 410
69 332 269 413 594 390 610 405 415 370 458 409 546 386 561 401 572 388 585 401
65 330 264 411 334 345 432 410 594 388 611 403 637 385 663 411 571 385 585 399
63 328 260 409 334 343 431 409 594 386 612 402 639 384 665 409
59 325 258 407 332 342 434 408 594 386 612 401 639 383 667 410
54 323 257 406 595 386 613 401 640 383 668 410
38 323 241 403 325 339 438 404 595 385 613 400 641 382 668 410
37 323 236 401 326 338 436 402 595 384 614 400 639 382 668 409 416 357 463 402 463 360 500 393
42 314 225 399 326 337 435 402 597 385 612 401 415 357 463 403
36 313 221 400 325 338 437 403 599 388 611 402
28 311 214 401 324 337 438 405
21 309 209 401 324 337 436 407 619 394 634 411 658 389 689 419
15 307 203 401 326 336 435 409 619 395 635 411 657 389 690 420
11 306 202 402 325 337 435 409 417 358 475 406 619 395 635 410 656 388 691 421
9 306 199 403 323 337 434 410 620 395 635 410 417 358 474 406
5 308 180 403 320 338 435 411 619 394 634 410
5 306 173 407 300 336 422 411 618 395 634 409 409 362 467 410
3 304 166 409 300 337 418 412 638 392 657 417 618 394 634 409 405 362 465 410
0 309 160 416 300 337 415 414 401 361 464 412 618 394 634 408
0 308 151 419 299 338 412 416 398 361 461 412 638 392 656 416 618 394 634 409
1 306 139 422 298 338 408 418 395 362 459 411 638 392 656 415 620 394 636 410
4 306 128 423 297 337 404 419 391 362 455 410 637 390 657 415 622 393 636 410
273 336 395 417 2 305 109 426 386 358 454 413 660 387 689 416
270 336 389 418 379 356 446 417 0 305 92 426 660 387 689 416 598 389 613 405
269 337 384 418 374 357 441 417 2 301 82 429 597 389 613 405 659 387 688 416
250 335 377 418 369 359 437 415 0 310 64 426 596 389 612 404 659 388 687 416
247 336 374 418 363 358 434 415 595 388 612 403 658 389 686 416 0 313 58 425
245 335 369 418 359 357 433 415 595 388 612 403 658 388 686 416
242 334 364 419 355 357 427 418 594 389 613 404 616 392 631 410
240 333 362 419 355 357 425 417 593 387 614 404 657 386 685 417
220 331 351 418 352 356 421 416 593 386 614 404 547 382 564 399 657 387 685 417
216 330 347 416 346 355 419 410 592 385 614 405 637 379 671 413 545 382 563 398 571 385 586 399 656 386 684 419
340 355 416 409 213 328 342 416 593 386 613 405 545 383 563 398 571 385 588 400 638 381 671 413
336 355 414 408 212 325 340 415 594 387 612 405 572 386 587 400 547 384 562 399
334 354 412 408 193 322 333 415 595 388 612 406 572 387 587 400 547 385 562 399
332 353 410 408 188 319 328 414 595 388 613 406 547 385 562 399 573 387 586 400
327 350 404 409 174 314 336 415 595 388 613 406 654 387 684 420 547 385 562 399 573 387 586 400
325 349 402 408 168 314 335 413 595 388 613 405 654 388 685 420 615 387 634 408 573 387 586 400
321 348 401 405 154 312 320 413 595 387 614 405 614 387 633 406 654 387 686 420
150 301 317 410 317 346 401 404 594 387 614 404 654 387 687 419 614 387 633 406
143 299 312 411 314 344 401 403 655 386 688 419 595 386 614 404 615 387 633 406
136 298 308 411 312 344 400 402 594 386 614 404 656 386 689 418 616 388 633 407
127 296 302 411 311 344 399 402 422 374 452 412 594 386 614 404 657 386 691 419 617 388 633 407
121 296 298 412 311 344 398 402 417 375 447 414 595 387 614 405 658 387 692 419 618 389 633 407
308 344 395 403 113 295 296 413 411 376 441 416 595 388 614 405 657 387 693 420
303 344 398 404 90 295 288 413 595 388 613 406 658 387 693 421
82 294 278 415 297 343 404 407 594 388 613 405 659 386 694 422 548 385 564 400 390 374 424 417 573 387 585 399
73 293 269 415 286 344 387 406 659 387 694 421 595 388 613 405 616 389 633 407 718 383 767 450 549 387 564 400 573 388 584 400
62 293 259 416 282 342 384 406 657 387 695 421 595 389 613 405 719 382 767 451 615 389 635 406 573 388 584 400
55 293 257 416 277 340 381 407 657 387 695 420 720 381 768 452 595 390 613 405 615 389 635 406 573 388 584 400 359 369 396 421
27 289 242 418 265 341 359 408 721 381 771 453 656 387 694 421 595 391 612 406 615 391 635 407 574 389 586 401
20 286 233 420 260 341 356 410 721 380 773 454 655 387 694 422 594 391 612 406 574 389 587 401 615 392 634 408
10 284 222 421 721 379 776 456 256 339 353 410 654 387 694 423 574 389 589 402 594 391 611 406 309 362 357 429 614 393 634 410
3 282 216 423 721 378 778 457 654 387 694 423 572 389 589 402 253 337 353 408 596 390 611 406 614 392 633 411
722 376 781 459 2 277 208 424 654 387 694 424 572 388 590 403 256 336 350 408 596 390 610 406
0 274 188 421 721 375 784 460 653 387 692 423 572 389 589 403 259 337 346 409 596 391 609 407
0 269 177 418 723 373 789 462 258 337 343 409 652 386 690 424 573 389 589 403 595 390 609 406
0 267 168 417 724 373 792 463 651 385 690 424 238 336 336 408 572 389 589 403 595 391 608 406
230 333 334 408 0 263 156 416 738 373 800 467 651 385 692 425 572 389 589 404 595 391 609 407
222 330 331 408 1 258 153 417 741 373 807 471 653 386 694 425 334 196 561 411 573 389 589 404 595 392 609 408
200 329 328 406 3 245 128 419 740 374 821 473 655 390 699 431 573 390 588 404 335 195 561 410 596 392 610 408
198 328 324 404 9 243 123 419 335 196 561 408 656 391 700 431 747 375 837 478 573 389 589 403 595 390 610 406 615 390 634 407
192 325 321 403 753 373 840 480 335 195 560 408 11 243 114 414 657 390 702 430 573 388 591 402 595 390 610 405 615 389 635 406
188 323 317 404 336 194 560 406 758 370 846 482 659 386 702 426 9 240 107 416 573 387 591 402 594 389 608 405 616 389 635 406
181 321 317 403 335 192 561 404 0 237 83 419 765 365 857 493 661 385 704 426 594 389 608 404 573 387 590 401 617 389 635 405
168 321 311 403 0 233 77 412 769 364 869 495 335 191 561 402 594 388 609 404 573 386 589 400 662 385 704 424 618 389 635 405
161 315 310 398 594 387 610 403 338 189 558 399 572 385 589 399 672 385 715 425 618 388 635 404 776 362 878 496
153 315 307 398 593 386 611 403 340 189 557 398 573 384 589 398 673 385 718 425 793 359 896 508 618 387 634 404
136 311 301 402 592 385 611 402 673 385 721 425 342 188 556 396 796 355 907 509 573 384 589 398 618 388 635 404
131 311 294 402 592 386 611 402 674 386 720 425 790 358 935 502 573 384 589 398 618 388 635 404
126 310 289 403 593 387 611 402 336 184 600 405 676 385 721 425 795 355 946 504 618 389 636 404
112 318 293 406 593 389 610 404 331 186 597 406 677 385 721 426 619 390 635 406 806 348 1004 519 545 382 565 399 573 387 588 400 290 351 331 375
94 318 277 408 329 185 540 406 594 391 610 406 812 351 993 523 289 353 332 378 673 388 726 435 618 391 636 408 573 389 588 403 547 385 564 401
89 319 268 410 325 185 540 408 672 388 726 435 594 392 609 407 289 356 331 379 818 352 1008 525 574 391 589 404 617 391 637 410 267 354 298 377 547 386 563 402
79 318 260 412 321 184 539 408 669 385 727 437 593 391 608 408 574 391 590 405 287 357 330 381 263 354 297 380 616 390 638 410
64 318 258 412 284 191 580 401 667 386 727 436 824 337 1230 549 593 391 608 407 574 390 589 404 616 390 638 409 263 355 299 381 286 357 327 380
53 318 256 411 833 338 1225 559 283 189 579 398 668 385 727 436 573 390 589 404 593 391 608 407 264 355 302 381 615 390 637 408 244 353 278 378 285 357 323 380
35 316 234 411 847 347 1198 560 282 190 576 397 666 385 725 436 573 390 590 404 265 356 305 381 243 354 275 379 593 391 607 406 616 390 636 407 523 385 542 401
25 314 222 410 860 340 1208 564 284 190 577 398 572 389 591 404 666 380 722 433 241 352 277 380 263 355 306 381 593 389 607 405 522 384 542 401 615 389 636 407
872 335 1226 570 18 304 208 407 571 388 590 404 284 189 578 397 664 380 723 433 239 351 276 378 262 354 306 380 593 389 608 404 522 383 541 400 615 389 636 407
878 332 1257 581 11 298 200 409 572 387 589 403 283 187 576 399 659 383 726 438 261 352 304 380 237 350 275 377 594 388 609 403 614 389 636 408 521 382 540 400
884 335 1267 597 0 298 187 407 570 388 589 405 659 382 728 439 283 187 573 400 262 352 304 379 237 350 272 376 615 389 637 408 595 388 610 404 520 383 540 400
908 321 1279 633 0 292 177 405 571 388 589 404 661 382 730 440 260 351 302 378 614 391 636 408 594 389 609 404 240 349 274 375 223 342 255 369
927 315 1275 654 0 285 166 402 571 387 589 404 661 382 733 441 923 379 965 469 221 340 256 369 615 391 636 408 594 389 609 404 259 349 301 376
953 308 1271 669 0 278 155 398 662 381 737 441 930 380 970 476 572 387 589 402 220 339 256 367 594 388 609 403 616 391 636 407 235 341 274 368 262 344 299 368
974 309 1269 661 0 272 151 396 666 381 740 442 571 386 589 401 594 387 609 403 220 337 256 364 235 339 274 366 618 389 637 407 933 381 971 474 163 331 204 366 950 380 986 473 263 343 300 367
1019 294 1276 675 0 266 144 394 670 383 744 442 594 387 609 403 572 385 589 400 235 338 276 365 953 380 991 478 619 389 637 407 219 335 255 362 906 371 937 467 262 342 300 366
1046 296 1274 676 0 262 136 393 672 383 747 443 595 387 609 404 571 385 589 400 236 337 276 365 619 390 637 408 219 334 254 362 961 387 996 485 263 341 301 366 977 378 1013 477 912 374 942 470
1 255 118 395 679 383 758 448 1097 308 1279 670 594 390 609 405 973 384 1015 491 237 337 275 365 573 388 588 401 117 306 198 358 618 391 637 408 264 341 301 366 1053 402 1085 494 218 334 255 362
1 253 111 393 1119 306 1279 679 681 381 762 448 980 384 1020 492 595 389 610 404 236 336 275 365 932 374 961 473 573 388 588 401 111 306 199 358 1057 405 1090 496 619 391 636 407 265 341 301 366 633 390 660 414 217 334 255 362
682 382 768 448 595 389 611 403 0 249 94 392 236 336 275 363 1146 363 1276 696 999 384 1040 494 618 390 635 405 981 388 1020 488 574 387 588 399 216 333 256 361 264 341 302 365
687 382 771 448 0 245 84 392 597 387 611 402 236 335 276 363 1003 384 1046 494 89 303 183 355 572 385 587 398 619 389 634 404 638 392 661 411 215 332 257 361
690 384 775 448 0 245 73 394 597 388 612 404 1017 382 1064 497 236 336 276 364 84 304 182 356 638 392 662 411 572 386 588 400 618 390 634 405 215 333 257 362
