

796 306 907 390
795 304 910 390












824 379 866 410
828 380 867 411
833 380 870 411
836 382 873 412

849 380 891 414







910 365 1034 426
915 363 1034 430
925 365 1068 437
931 365 1068 439
931 360 1108 450
954 363 1148 463
964 362 1160 464
973 361 1173 467
988 359 1222 470
1001 357 1233 474
1026 355 1277 484
1046 352 1279 490
1066 348 1275 495
1104 346 1279 495
1126 341 1278 497
1155 346 1275 502
1168 351 1277 508





























750 297 843 387
748 299 845 388
744 301 848 389
742 300 850 390





















