

648 298 680 340 735 255 763 297 589 287 612 308
650 300 681 342 736 258 762 297 737 276 765 309
651 304 683 343 737 277 765 310 737 263 759 296 1152 142 1230 293
653 305 683 344 738 278 765 311 1170 138 1241 300
654 306 684 346 748 278 774 318 687 284 700 297
655 306 685 346 749 277 776 317 687 284 700 297
655 305 685 345 750 277 778 317 688 283 701 296
654 304 685 345 750 278 779 315 753 261 780 300
652 304 683 346 749 277 778 315
751 277 780 318
752 277 781 321 654 325 681 362
656 325 687 366 757 277 785 322 714 288 726 304 687 290 698 303 760 301 785 333
655 325 687 367 758 278 786 321 761 302 787 336
654 325 687 368 760 277 788 323 762 302 790 338
651 324 683 368 759 279 789 325 761 301 790 337
760 278 791 323 650 323 680 361
760 279 793 321 758 255 789 300 648 321 679 358
760 277 792 321
631 289 678 363 756 264 801 331 771 297 799 340 639 325 674 369
772 298 803 344 763 268 807 338 636 326 676 377 628 290 676 365 666 291 678 309 712 286 724 302 589 307 610 329 637 291 652 309
774 297 804 343 627 288 675 364 764 267 807 337 636 324 675 374 712 284 723 300
627 288 673 360 636 321 673 368 767 262 808 334 778 296 806 339
636 318 671 363 777 278 809 325 768 248 810 314
635 320 670 365 783 297 812 338
633 323 670 370 777 260 820 335 625 289 669 361 784 299 817 343 634 286 657 310
631 323 668 371 779 260 823 334 623 289 667 362 635 287 657 309 785 301 819 342
630 320 665 368 780 258 825 332
620 284 663 360 781 243 825 315
786 242 833 316 664 267 676 282 799 279 833 328
790 241 836 314 617 286 659 359 800 280 837 328 565 284 585 309
793 241 840 313 616 286 658 359 564 284 584 309 803 281 841 328 708 260 724 276
796 236 844 314 563 282 582 307 805 276 844 326
799 231 848 314 608 262 653 338 561 281 580 306 613 302 650 350
606 263 652 337 611 302 651 353 821 273 856 326
811 230 862 317 605 265 651 337 611 303 650 353 825 277 862 328
815 230 865 315 606 285 651 357 821 265 871 335
818 229 869 314 605 283 650 358
602 282 648 360 821 226 873 315 838 271 883 337 541 303 559 328
601 282 647 360 841 272 888 337 536 304 556 329 824 223 876 313
846 271 895 335 599 282 644 361 608 316 640 364 834 225 889 316
598 282 641 361 607 317 638 363 833 212 889 295 849 267 899 333
592 262 639 340 840 205 895 298 861 264 910 332 606 316 636 362 689 259 708 275 663 265 677 278 638 270 653 282
867 262 916 332 591 262 638 341 845 201 901 299 638 270 654 282 603 316 634 362 689 259 709 274 662 264 677 278
593 282 636 363 854 199 916 300 871 263 922 333
590 281 636 366 859 199 919 302 884 262 937 339 598 319 631 370
587 281 637 368 890 262 946 343 709 263 728 282 595 321 631 373 829 234 849 275 866 199 924 305
585 281 630 365 710 263 728 282 828 232 851 275 590 321 625 372 866 185 950 323
582 283 627 364 908 261 967 343 874 182 957 322 829 232 852 274
585 321 624 373 879 174 963 324 831 232 853 274
583 323 621 373 893 172 988 321 576 285 623 363 833 232 856 275
900 167 997 322 582 324 620 372 575 284 622 362 835 232 857 274
909 165 1011 328 581 325 618 372 574 283 621 363 707 264 728 283 836 231 859 275
581 324 617 374 573 281 620 365 709 264 728 285 917 159 1018 334 439 334 460 366 642 285 655 296
938 154 1057 347 571 281 618 368 580 325 615 375 642 287 655 298
948 146 1070 346 569 280 618 368 580 326 614 377 642 288 655 299
566 279 616 368 577 326 612 377 971 138 1105 352 641 288 653 299
564 279 616 368 973 116 1134 370 574 325 610 376 639 286 653 297 613 289 628 300
563 278 616 368 1005 108 1171 373 573 325 609 376 614 289 628 300 639 285 652 296
1018 97 1184 378 562 276 618 370 574 326 611 377 639 288 653 299 614 291 629 301
566 309 615 386 1050 85 1231 388 870 199 920 287
1069 83 1239 387 565 308 615 390 574 344 609 395 872 195 924 293
563 309 614 389 1080 80 1246 389 455 330 499 364 572 345 607 394
558 309 607 385 1134 54 1260 401
552 280 607 372
557 310 605 384
556 310 605 387
556 311 605 386
554 310 603 386 802 249 881 296
551 309 602 387 799 247 887 296 560 343 597 393
797 247 893 295

538 279 590 364
538 281 591 366 332 331 373 408
539 307 591 391 814 244 924 302 552 343 586 395
539 306 592 391 553 346 587 398 689 290 706 309 705 288 727 306 832 244 942 311
538 307 591 389 830 240 953 311 552 347 586 395
538 308 589 385
530 283 584 372 847 217 979 297 614 289 630 300 703 267 730 287
533 308 583 384 614 292 630 304 852 228 983 301
530 308 581 389 871 229 1006 309
282 333 372 403 868 221 1031 311 703 283 728 302
263 333 347 405 525 309 576 391 704 285 731 305 443 334 463 369 613 308 628 319 874 219 1046 316 688 288 707 307 589 310 605 321
525 307 576 388 663 291 679 310 260 332 343 404 704 283 732 302 534 342 572 396 689 286 707 306 898 216 1086 314 613 307 627 318 589 308 604 319
523 307 575 387 663 290 680 308 895 179 1116 318 704 283 729 301 533 342 570 393
522 309 574 387 663 287 680 304 617 297 630 307 924 172 1163 317 639 293 652 303
518 308 571 389 661 287 679 304 616 296 631 307 926 170 1178 320
514 307 568 393 660 290 678 307 953 172 1240 328 616 299 630 310 701 281 733 301
977 157 1256 353 506 305 560 393 658 292 676 311 699 281 734 305 592 308 605 319
1001 162 1265 364 504 306 559 394 700 282 733 306 658 292 676 311 593 309 605 320 465 331 487 359 566 311 580 322 611 306 624 319
1020 161 1262 345 508 332 557 403 700 281 734 305 593 308 605 319 566 310 579 321 141 328 305 431
498 305 554 393 701 280 734 304 1056 182 1256 360 644 292 662 311 592 307 605 318 614 300 627 312 127 323 306 429 566 309 579 320
495 303 551 392 700 279 735 302 643 291 662 309 437 331 464 359 87 325 265 440 843 156 1041 334 614 299 626 311 593 302 606 313
494 303 549 391 701 279 735 301 644 291 662 308 849 150 1055 337 65 318 276 443 613 298 626 309 593 302 605 312
491 302 547 391 32 314 221 455 703 280 736 302 644 290 662 308 614 299 626 309 592 302 604 312 858 152 1063 337
489 301 546 392 14 307 232 455 704 280 736 303 645 291 662 308 614 299 626 309 593 302 604 312
487 301 545 393 1 306 236 452 704 280 738 304 614 300 626 311 593 302 605 313 438 327 461 352
486 301 544 394 703 279 740 304 645 292 663 310 614 300 626 310 593 302 606 313 4 310 236 446 437 327 458 352
487 302 543 394 939 96 1248 379 703 279 742 305 614 299 627 310 593 302 605 313
