

557 411 760 570 301 423 430 475
557 411 761 569 299 423 431 475
557 410 761 569 298 424 432 475
557 409 761 567 298 424 432 475
557 409 761 567 298 424 432 474
556 408 761 567 297 423 431 474
555 406 761 567 296 423 431 475
554 405 761 564 296 423 431 475
295 423 431 476 554 404 761 563
296 423 431 476 554 404 761 562
297 423 430 475 553 403 761 558
298 422 430 476 553 403 761 554
298 421 430 477 552 403 761 547
551 403 761 546 298 419 430 477
551 402 761 541 298 419 430 477
552 400 761 539 297 418 430 475
551 399 762 537 295 418 431 474
549 399 762 538 294 418 431 472
295 417 431 472 549 400 762 544 599 611 796 663
296 417 429 473 549 400 760 548 600 611 795 662
296 417 429 473 551 399 758 551 580 614 775 664
297 417 429 473 551 399 757 555 580 614 774 664
297 417 430 472 551 399 757 561 580 613 774 665
298 417 429 473 552 399 758 568
551 399 758 572 300 418 429 473
552 399 758 574 301 418 428 473
552 399 758 575 301 418 429 473
552 399 758 575 303 417 441 473
552 399 758 575 303 417 440 473
550 399 758 572 302 417 441 473 113 419 207 461
550 400 758 571 301 418 441 472 110 420 214 461 740 400 762 451
549 399 757 569 302 418 441 472 110 420 214 462 740 400 762 452
549 400 758 567 302 417 442 473
548 400 758 565 302 417 443 473
547 400 758 564 302 417 444 473
548 399 758 565 301 417 445 473
548 399 757 565 301 417 445 473 106 420 221 461
302 417 445 473 548 399 757 565 104 421 222 461 738 400 762 451
303 418 446 473 548 400 757 564 103 421 221 461 740 400 761 450
548 400 757 562 303 418 447 473 103 423 221 462
549 401 756 561 302 419 448 473 102 423 220 462
548 401 756 560 301 419 449 474 101 423 221 463
549 402 757 560 301 418 449 474 99 422 222 464
549 403 757 561 300 418 449 474 97 422 222 465
549 402 756 561 302 418 449 473 95 421 223 465
549 402 755 560 302 418 449 473 94 422 223 465
548 401 755 559 303 419 450 473 92 422 223 466
548 401 755 559 304 419 451 473 91 423 223 466 740 404 760 444
305 419 452 473 548 401 754 559 91 423 222 466 740 404 760 444
307 419 453 474 548 401 754 558 92 423 223 466 740 404 760 445
308 420 454 475 548 401 754 559 92 423 224 467
310 421 456 477 548 402 754 559 92 425 224 468
309 423 459 479 548 404 753 559 91 425 222 469
307 425 461 481 548 404 753 559 92 426 220 471
304 426 462 483 547 404 752 559 94 426 218 472
301 426 464 484 547 405 750 559 94 427 218 473
299 427 465 485 548 406 749 559 94 428 217 474
298 427 467 485 548 407 748 559 94 429 216 475
301 427 467 485 548 407 748 560 95 429 215 476
303 427 466 485 548 407 748 561 96 429 214 476
305 426 465 485 548 407 749 562 96 428 213 475
306 425 466 485 548 407 749 563 96 427 213 475
307 425 466 485 549 408 749 564 84 422 192 472
306 426 468 485 550 408 748 563 95 425 215 475
305 426 469 485 550 409 748 562 96 424 217 475
305 426 470 485 550 409 748 560 96 424 219 475
305 426 471 485 550 408 748 560 95 425 219 475
306 426 471 485 550 408 747 559 93 425 222 476
306 425 472 485 551 408 746 559 91 423 225 476
308 425 471 485 551 408 746 558 91 422 228 476
308 424 471 485 551 408 745 558 91 422 227 476
307 424 472 486 551 409 746 559 91 422 226 476
305 424 473 486 550 410 746 559 91 423 225 476
304 425 475 487 549 411 746 558 88 423 225 477
303 425 476 487 549 412 746 557 87 424 225 477
302 425 478 486 549 412 745 557 87 424 225 477
301 425 479 486 550 412 744 560 88 424 224 477
300 425 480 486 551 412 743 562 89 424 223 477
300 425 480 486 551 411 742 564 89 425 223 477
551 411 742 565 301 425 480 486 89 425 224 477 742 405 760 440
551 411 742 565 300 425 481 486 89 424 224 477 742 405 760 441
552 412 741 564 300 425 481 486 90 425 223 477 741 405 759 442
552 413 740 563 299 425 482 486 90 426 223 478
552 414 739 563 300 424 481 486 89 425 224 478
552 414 738 564 314 424 478 486 87 424 225 477
553 414 736 564 313 424 479 487 86 424 227 477
553 414 735 565 313 424 479 487 85 423 227 478
554 414 735 566 315 423 479 487 85 423 228 478
554 414 734 567 315 423 480 487 86 423 229 478
554 414 734 567 316 423 480 487 88 422 229 478
554 414 733 567 315 424 481 487 89 422 230 478
554 413 733 566 316 424 481 487 89 421 231 479
553 413 734 565 316 423 482 487 88 421 232 480
552 412 734 564 317 423 482 487 88 421 231 481
552 413 735 563 317 424 483 487 89 421 229 481
317 424 485 487 552 413 735 562 88 422 229 481
317 424 487 487 552 414 735 561 88 422 231 482
318 424 489 487 551 414 735 561 87 422 232 482 714 410 737 439 695 413 717 432
