

321 425 496 488 549 420 735 562 90 420 234 488 691 411 717 431
320 425 497 488 549 419 735 562 90 421 235 488 691 410 717 430
320 425 498 487 548 418 737 561 89 420 236 489 716 409 737 437 691 410 717 430
321 426 498 487 544 418 729 558 90 420 236 489 716 409 737 438 690 410 716 430
322 426 498 487 543 419 729 559 91 419 236 489 689 410 716 430
322 426 500 487 544 419 729 560 90 420 237 489 688 410 716 431
323 426 500 487 543 420 729 560 90 420 237 489 688 409 716 432
323 425 499 487 543 420 729 559 90 420 238 489 717 408 738 438 688 410 715 432
324 425 498 488 543 421 728 559 91 420 238 489 717 408 738 438 688 410 715 431
324 424 498 488 543 421 729 559 91 420 239 489 718 408 738 438 689 410 714 430
324 425 498 488 543 422 728 559 89 419 240 489 718 408 737 438 689 410 714 430
544 422 726 559 323 425 500 488 88 419 242 490 718 409 737 438 690 411 714 431
544 422 725 559 324 425 500 488 87 419 243 490 718 410 735 437 690 412 714 432
545 423 724 559 324 424 500 488 86 419 243 491 718 410 734 437 691 413 713 433
545 423 724 559 328 426 500 493 86 419 243 491 718 410 734 436 691 413 713 433
545 423 723 558 327 426 500 493 85 419 243 491 718 410 734 436 690 414 713 433
544 423 723 557 327 425 500 494 83 419 244 491 690 414 714 434 718 410 734 436
543 423 723 556 326 425 501 494 81 419 243 491 690 413 714 434 718 410 734 435
543 423 723 554 326 425 501 494 81 418 243 492 690 413 715 434 718 410 734 435
543 422 722 554 324 425 503 494 82 417 243 492 690 412 714 434
544 420 721 555 324 425 502 495 81 416 244 493 690 412 714 434 715 409 735 433
544 420 720 556 321 425 505 495 81 415 243 494 690 412 715 433 714 409 736 432
544 419 720 556 319 424 507 495 79 415 244 495 690 412 715 434 715 409 735 432
544 419 720 556 317 424 508 495 77 416 245 494 690 413 714 434 717 409 735 431
543 418 720 556 318 424 508 495 76 416 246 494 690 413 714 434
544 418 719 556 318 425 508 495 74 417 248 493 690 413 714 434
543 418 719 556 318 425 509 495 73 417 249 493 690 412 713 434
543 418 719 555 318 424 510 495 72 417 250 492 690 412 713 434
543 418 719 554 319 424 510 496 71 417 251 492 690 412 714 434
337 425 505 496 544 418 717 554 70 417 250 492 690 411 714 435
338 425 505 496 545 418 717 553 71 417 249 493 691 411 715 435
337 425 506 497 545 418 715 555 72 416 247 493 691 410 716 436
336 424 507 497 546 418 714 555 72 415 246 493 690 410 717 435
546 418 713 556 334 424 509 497 72 415 245 494 689 410 717 434
546 419 713 556 334 423 511 497 72 415 245 494 688 410 716 433
546 419 714 556 331 423 514 497 72 415 246 494 689 410 715 432
328 423 518 497 546 419 714 553 71 416 247 493 690 411 714 432
325 423 523 498 545 419 714 551 61 412 257 493 691 411 714 433 720 406 733 428
324 422 525 498 545 419 714 550 59 412 257 492 690 412 714 434
323 422 527 498 545 419 714 550 58 410 255 493 689 411 714 433
322 422 529 498 546 419 714 549 58 410 255 493 688 410 714 431
547 419 714 548 321 422 531 499 59 410 253 494 688 408 714 429 0 562 1269 705
547 419 714 548 323 421 525 501 59 410 253 493 689 408 713 429 0 561 1271 704
547 419 713 547 322 421 525 501 57 410 255 493 689 408 713 429 0 563 1272 704
548 419 713 548 323 421 527 502 56 410 256 493 688 408 714 429
549 418 713 547 323 421 529 502 54 410 257 493 688 407 714 429
549 418 714 549 323 421 531 501 54 409 257 493 688 407 714 429
549 417 713 548 322 420 531 501 54 409 257 494 688 408 714 430
549 417 712 546 322 419 531 502 55 409 256 495 688 408 714 430
549 416 712 544 54 408 256 495 320 419 531 502 688 407 714 430
549 415 713 542 52 407 258 495 321 418 532 502 688 406 715 429
550 413 713 540 327 413 527 497 51 407 259 494 687 406 715 430
551 412 712 537 327 413 527 496 49 405 263 494 688 406 714 431
325 413 528 496 552 411 712 534 55 404 264 495 686 405 713 432
324 411 529 496 554 412 711 533 685 405 713 430 714 395 736 413 58 402 267 495
325 410 529 497 555 412 710 533 685 405 713 429 711 395 737 414
326 410 529 497 555 412 710 532 685 405 713 427 710 394 737 414
327 409 529 498 555 412 710 531 686 405 713 426 710 394 737 414
328 409 531 498 556 411 710 532 687 405 713 426 712 395 736 413
328 409 533 499 558 411 709 533 686 405 712 426 713 395 735 413
328 408 534 500 559 411 708 534 685 404 713 426 714 395 735 413
329 407 534 501 560 411 709 532 684 404 713 427
329 407 534 501 560 412 709 532 684 403 712 427
330 407 533 501 560 412 709 532 684 403 712 425
330 408 533 502 561 412 708 531 684 403 711 424
331 409 534 502 562 412 707 530 684 403 711 423
331 409 535 501 562 413 707 531 685 403 712 423
332 410 537 500 562 413 708 531 685 403 713 423
332 412 538 498 563 414 708 531 685 402 713 424
332 412 538 498 564 414 707 529 684 402 714 425
565 415 706 528 331 412 539 498 683 402 715 426
325 418 546 503 565 415 706 527 683 402 716 426
326 418 547 504 566 415 706 527 683 402 717 427
567 415 706 528 327 418 547 505 683 403 718 429
568 416 705 528 328 419 547 505 683 403 718 429
568 416 705 529 328 419 547 506 683 404 717 429
338 420 557 506 569 416 704 530 683 404 716 428
338 420 557 507 569 416 704 529 683 405 714 429
339 419 556 508 569 415 705 528 683 405 713 430
342 419 555 509 569 416 705 527 683 405 713 430
346 418 554 510 574 416 711 523 683 405 714 431
349 418 552 512 575 417 711 522 684 406 714 432 347 419 423 473
351 418 551 513 576 417 710 523 686 408 714 432 349 419 424 475
351 419 552 513 576 418 710 523 686 409 715 432
352 420 552 513 576 419 710 524 685 409 715 432
352 421 554 511 577 419 712 524 685 408 715 432
353 421 554 511 577 420 712 525 685 408 715 432
354 421 555 511 575 422 713 517 685 408 715 432
356 421 556 511 576 423 713 518 684 407 715 431
358 420 558 511 578 423 711 517 683 406 715 431
360 420 558 512 578 424 711 517 683 406 716 431
362 421 558 512 578 424 712 517 683 405 716 431
363 421 559 513 579 425 714 519 684 406 716 431
363 422 560 514 579 425 715 522 685 406 716 431
363 422 562 514 581 425 715 521 685 405 717 431
363 422 564 514 584 425 714 519 684 404 717 430
364 422 566 513 587 425 713 517 683 403 718 430
365 423 567 513 590 425 712 516 683 403 717 429
