

521 411 581 431
504 411 561 429 13 401 67 426 384 399 420 454
504 411 561 429 11 400 64 426 384 400 421 454
503 411 562 429 7 400 61 426
504 411 562 429 4 399 58 427
504 411 562 429 0 399 56 428
505 411 562 429
504 411 562 429 0 401 39 430
518 410 583 431 1 400 37 431 372 407 396 450
504 411 561 430 371 406 395 452
506 411 559 430 369 405 394 453
507 411 558 430 367 405 392 454
507 411 558 430 366 405 391 455
365 405 388 456 507 411 558 429
364 406 386 456 507 411 559 429
507 411 559 430 363 405 385 457 401 404 426 454
507 411 559 430 401 403 426 454 362 405 385 457
506 411 559 430 401 403 425 455
507 411 559 430 401 404 425 454 356 418 376 455
508 411 559 430 354 418 374 456 401 404 424 453
508 411 558 430 350 417 373 457
347 417 370 458 509 411 558 431
509 412 559 432 345 418 370 457
508 413 560 432 394 407 418 453
507 413 560 433
507 414 559 433
507 414 558 434
507 414 559 434
507 414 559 434
505 414 561 434
505 413 561 434
504 413 560 433
505 413 559 433
505 413 558 433
506 413 558 433
505 413 559 433
503 413 561 433
501 413 562 433
500 413 562 433
499 413 563 433
499 414 563 434
499 414 563 434
499 414 563 435 313 396 357 463
497 414 565 436 307 396 352 464
495 415 567 437
494 415 569 438
495 415 567 438 186 406 232 477
498 415 565 438
499 415 564 438
261 411 314 474 499 416 564 438
255 412 309 474 134 409 185 486 498 417 565 439
497 417 565 439 112 432 164 494
499 418 563 439
500 418 561 439 61 433 116 500
210 410 263 478 501 418 558 439 54 432 112 500
502 418 557 439 247 422 276 465
504 417 555 439 243 422 272 466 489 419 524 439
505 417 554 439 237 423 267 467 488 419 525 439
506 417 554 439 487 419 525 439
221 420 253 468 485 419 526 440 507 417 554 439
215 418 248 470 484 420 527 440
482 419 528 440 509 418 553 439 589 410 607 445
482 419 529 441 104 404 162 490 508 417 553 439 589 409 607 445
480 418 531 441 508 416 552 439
478 418 534 441 507 416 551 439
476 418 535 441 163 426 199 474 508 417 549 439
476 419 534 441 509 418 548 439
476 419 534 442
475 419 535 442
474 419 537 442
107 411 154 483
92 410 136 485
84 410 132 484
61 414 111 488 460 424 510 447
456 424 512 448
450 423 515 449
446 422 516 450
442 421 520 451
442 421 519 450
439 421 520 450
437 420 528 450
433 421 526 449 891 424 918 472
429 422 524 448
427 422 523 448
427 422 485 448
429 423 483 447 485 425 518 446
484 425 517 445 431 424 480 447
461 424 501 445 483 425 516 445 911 424 937 478
482 424 515 446

480 424 513 446
463 423 502 446 405 422 455 448
461 423 502 447 404 423 454 448
460 423 502 447 542 411 558 446 382 426 424 447
460 423 501 447 540 409 557 447
460 423 498 447
459 423 496 447 360 425 405 448
458 424 494 447 355 424 403 449 415 423 458 447
