

215 328 311 386 342 322 421 385 0 336 135 389 106 326 197 383 804 319 951 416 301 326 358 376 715 345 740 366 414 330 449 360 1220 364 1275 397 637 342 665 363
211 328 307 386 340 323 418 384 0 337 132 389 98 325 188 384 808 327 941 419 297 325 355 376 713 344 738 366 411 329 447 359 1218 363 1275 396
206 327 304 387 337 323 415 383 92 324 185 382 0 336 128 389 803 328 935 418 709 343 735 365 295 323 353 373 1216 362 1274 395 408 328 444 357
203 327 299 386 86 322 181 381 334 322 412 381 786 314 928 417 0 327 119 388 707 343 731 365 1213 362 1271 392 286 324 345 374 406 327 441 356
200 327 298 385 322 317 403 381 790 320 917 414 0 324 90 387 82 320 176 380 281 324 341 372 696 339 720 363
188 325 288 384 322 316 400 380 784 319 913 412 0 325 85 385 276 322 336 371 70 320 164 380 693 338 719 363 395 326 429 356
184 323 284 382 317 316 396 378 66 319 162 378 0 326 81 384 272 320 332 370 779 304 906 404 690 336 715 362 391 325 430 356
181 322 279 380 316 315 395 377 64 319 158 377 777 301 904 402 0 327 80 383 270 318 330 367 688 336 713 360 389 323 429 354
180 320 278 379 313 313 393 375 776 297 906 400 0 326 79 381 269 318 329 365 63 317 157 375 687 334 713 358 388 321 430 354
178 318 276 378 311 311 394 374 766 300 899 398 0 325 80 380 63 316 156 374 687 333 712 356 266 315 339 367 388 316 430 347
176 318 274 378 308 310 393 373 762 301 898 397 0 322 80 379 62 314 155 373 685 332 711 355 263 314 341 366 387 315 428 347
174 318 273 378 766 302 889 396 307 309 393 373 62 314 153 373 1 320 81 378 685 331 709 353 261 313 343 366 385 314 426 347
174 318 273 378 765 305 884 394 307 308 393 373 63 312 153 372 686 330 710 352 386 315 427 346 1 319 81 377 262 313 341 365
173 317 273 377 765 308 882 393 308 307 395 372 65 311 153 371 388 315 429 345 264 312 339 364 688 329 710 351 1199 329 1273 377 2 320 81 377
173 317 273 378 311 306 397 372 764 312 881 392 390 316 431 346 64 310 153 372 266 311 336 364 689 329 712 351 1199 329 1275 377
173 317 273 378 314 305 399 372 765 312 881 392 264 313 330 362 392 315 431 346 63 309 153 372 689 329 713 352
168 316 268 379 314 305 400 372 763 312 880 392 264 312 331 363 392 315 431 346 61 309 152 373 689 329 714 351 1215 338 1270 371
165 316 268 378 314 305 400 372 265 310 333 364 761 310 879 392 392 314 430 346 1215 337 1270 370
161 315 268 377 313 305 399 371 758 310 878 390 263 310 334 364 391 314 431 346
157 314 265 376 312 304 398 371 755 306 862 389 256 309 327 365 391 314 430 346
153 314 262 376 311 304 397 371 255 309 326 365 751 309 861 388 389 314 428 346
149 313 259 377 252 308 326 366 311 304 395 372 747 313 858 387 387 314 425 346 5 306 131 374 847 329 885 359 682 328 709 349
148 314 256 378 252 308 325 367 312 304 394 372 746 313 857 387 386 314 425 346 845 329 885 362 4 306 131 374
146 315 255 381 251 309 325 367 313 306 393 373 744 314 854 387 387 315 426 347 4 305 130 376 843 330 885 364
135 317 249 386 252 310 325 369 313 307 393 374 742 312 854 389 388 315 427 347 6 307 126 377 841 331 885 368
132 318 249 388 252 311 325 369 315 308 394 375 740 314 852 391 6 307 124 379 683 332 707 351 390 315 429 348
131 318 248 389 315 309 395 376 253 312 324 370 740 313 853 392 6 307 123 380 685 333 708 351 671 330 696 347 392 324 429 353 841 331 886 372
128 319 247 388 316 310 395 377 252 312 324 369 738 315 853 390 3 305 122 381 841 330 887 371 392 324 429 354 670 330 696 346 686 334 707 350
124 319 246 388 316 310 396 376 252 312 325 369 2 304 121 381 737 317 854 387 831 329 885 374 672 330 695 346 392 315 431 348
119 319 244 388 249 311 326 369 317 310 396 376 2 304 118 382 732 311 831 384 830 327 886 372 393 315 430 348
116 318 241 389 246 311 325 370 316 310 396 375 1 304 117 382 731 313 830 383 828 326 887 369 392 315 430 348
240 310 322 370 107 319 227 389 314 308 393 374 729 314 829 381 826 326 884 367 0 303 114 380 390 315 427 347
98 317 226 388 235 309 318 369 312 306 390 373 724 313 826 379 823 325 880 364 387 315 424 346 0 303 111 378 1201 325 1273 372 664 321 692 342
90 316 222 387 230 308 315 368 308 304 388 373 818 324 876 363 719 315 823 377 385 314 421 344 663 320 692 342 0 304 107 376 1200 325 1273 370
85 315 219 386 222 307 313 369 306 303 388 372 814 323 874 363 716 315 817 374 663 319 689 342 0 308 90 376 383 313 419 343
73 318 213 388 219 307 313 368 305 303 388 372 809 323 872 364 713 314 803 373 0 306 87 376 662 318 687 342 373 313 406 345
67 319 208 388 214 308 312 368 302 306 380 370 710 312 800 372 809 322 871 364 0 305 85 376 372 312 407 345
61 319 203 388 212 308 311 368 302 306 379 370 708 310 798 371 808 321 870 363 0 303 82 376 372 312 406 345
57 318 198 388 211 308 311 368 303 306 379 370 707 308 796 371 809 320 870 363 0 303 82 376 373 313 406 345 151 311 224 362
49 320 185 388 211 307 310 368 304 305 379 371 808 320 872 362 704 292 796 369 661 318 690 341 0 302 79 376 374 313 405 345 150 311 224 361
43 319 184 387 210 307 309 368 304 306 379 371 807 319 873 362 703 291 795 369 661 318 691 341 374 313 405 344
35 319 183 386 208 307 307 367 303 306 380 371 807 318 872 362 702 290 794 370 661 317 690 340 374 312 404 342 1199 322 1273 367
32 318 179 386 206 306 308 368 806 318 872 362 702 289 792 370 303 307 380 370 662 316 689 340 1198 322 1273 367 374 312 405 341
20 317 168 386 207 299 302 366 701 289 790 370 806 318 871 361 301 294 381 369 662 316 689 339 374 312 405 341 141 310 213 355 1198 323 1273 367
14 317 168 387 201 304 305 369 301 293 381 369 699 289 788 370 807 319 870 361 661 316 690 339 140 310 211 355 374 312 404 341 1197 325 1272 368
8 318 167 388 199 304 303 369 300 292 381 370 697 289 787 369 660 317 690 339 801 319 866 363 140 310 209 356 374 312 403 341
3 318 164 388 198 304 302 369 299 292 381 370 801 321 865 362 659 318 689 340 697 289 786 368 133 309 204 356
4 316 156 389 189 303 295 371 296 293 382 370 797 322 865 362 129 308 202 357 690 289 776 368 658 318 687 340
185 303 294 371 294 295 381 368 796 323 864 361 0 312 139 391 124 307 199 358 688 289 775 368 657 319 686 339 372 312 405 342
0 312 139 394 182 304 292 369 290 296 381 368 793 323 862 361 119 306 194 358 684 290 774 367 657 318 685 338 371 311 405 342
0 312 135 393 179 304 291 369 289 296 379 367 792 323 860 361 116 306 191 358 681 291 771 365 370 310 404 341 655 316 684 337 644 317 668 337 1193 337 1246 368
0 311 126 394 175 304 287 369 286 297 379 367 790 323 858 361 114 307 189 358 678 293 768 364 369 309 404 341 642 315 669 337 1193 336 1246 368
0 310 117 396 171 302 284 371 290 304 379 371 788 323 855 360 677 310 760 366 101 308 183 357 368 309 403 341 640 314 668 337 1193 336 1246 367
0 308 109 398 169 302 280 371 289 304 379 371 787 323 852 361 95 306 180 358 675 311 757 365 367 309 404 341 639 313 666 337 1194 336 1244 366
0 310 94 398 159 300 275 373 288 304 379 371 786 322 851 360 89 305 177 359 672 312 750 367 366 309 405 340 639 314 664 336
155 301 273 373 0 310 87 398 288 307 377 370 84 304 172 360 785 321 851 360 670 311 749 367 638 314 663 336 366 310 404 340 1193 334 1244 364
151 301 271 372 287 307 376 370 0 311 80 399 783 321 850 359 83 304 169 360 666 309 747 367 638 314 665 336 265 313 301 348 366 311 402 341 382 314 415 346
147 302 267 372 0 311 67 400 288 307 375 370 73 304 163 361 781 320 850 359 662 295 745 365 636 314 666 336 260 313 301 349 366 311 400 342 381 314 415 346
144 302 265 372 288 304 374 371 0 308 61 403 69 309 165 364 780 319 849 360 660 296 744 364 257 313 300 350 636 313 666 336 366 311 400 342
142 301 262 373 287 304 374 372 68 310 163 364 781 319 848 360 659 296 743 363 635 315 665 337 0 307 42 399 256 313 300 350 365 311 401 342
139 300 260 375 284 306 374 372 67 310 158 364 0 306 36 401 775 319 843 361 659 311 737 365 635 315 663 337 365 311 403 342 257 313 301 349
130 299 254 378 282 307 374 373 773 320 844 361 67 311 154 364 0 306 28 402 658 311 735 365 634 317 662 338 364 313 404 342 1173 325 1253 367 255 315 300 358
130 300 251 379 281 308 374 373 773 320 842 362 64 311 150 364 656 297 740 363 364 314 404 343 1172 325 1252 367 255 317 299 358
128 302 249 379 283 309 373 374 773 322 842 362 62 311 147 366 655 310 733 364 254 316 300 359 1173 325 1252 367 364 314 404 343
124 304 246 379 284 310 374 375 772 322 841 362 60 310 146 367 654 299 734 364 252 316 302 360 1188 328 1242 363 619 318 643 337
121 306 244 380 284 310 375 376 772 322 842 362 59 310 146 369 251 316 302 362 653 308 730 365 618 318 645 337 1189 329 1241 363
119 307 243 381 284 308 377 377 772 322 842 363 48 310 137 371 250 318 302 362 653 307 729 365 619 318 645 337 1189 330 1242 364
117 308 241 382 287 308 379 379 773 323 842 362 45 310 135 374 251 321 303 363 648 308 722 367 1189 331 1242 365 225 316 259 362
289 307 381 381 115 309 238 384 773 324 842 361 44 310 133 374 251 323 305 364 647 308 722 368 223 317 259 361 1189 333 1243 366
105 309 227 386 291 308 384 382 774 325 842 361 252 325 307 364 44 311 131 375 223 318 259 361 648 308 721 369 1190 334 1242 366 375 321 422 361
103 309 229 386 291 308 385 382 774 325 842 360 221 318 259 362 253 325 307 365 44 312 129 374 648 308 720 369 1191 335 1242 366
100 309 230 387 292 308 386 382 785 327 844 362 220 318 259 362 253 325 308 365 42 313 127 373 1193 335 1242 365 377 320 424 362
97 308 230 388 295 308 386 381 784 327 845 362 217 317 257 364 249 320 311 369 40 314 123 373 378 321 424 363
94 307 230 389 298 307 385 380 784 326 846 362 215 316 255 365 247 321 311 369 39 314 121 372 377 321 424 365
91 306 231 389 299 307 385 379 786 325 846 362 245 321 312 369 214 315 254 365 377 321 424 366 25 316 113 375
303 307 388 378 87 305 228 388 786 322 847 361 244 321 311 368 210 314 254 365 22 314 111 374 379 320 424 366
304 306 388 377 85 302 222 389 786 320 848 360 243 318 308 370 19 312 108 372 206 313 253 365 380 318 424 366 637 295 716 362
67 301 216 389 305 305 388 376 242 317 307 368 785 318 848 359 200 311 253 365 636 295 714 360 14 310 102 371 380 317 423 365
64 301 216 389 306 305 387 375 241 317 307 368 788 319 846 358 198 310 252 365 635 297 710 358 11 309 99 371 379 315 423 364 1194 328 1250 360
60 300 213 388 308 305 386 374 241 316 307 367 789 318 846 358 635 297 709 356 197 315 249 361 379 315 422 363 5 313 84 373
309 306 386 374 56 300 210 388 240 314 308 366 788 316 847 359 3 314 82 374 635 298 709 355 197 314 249 361 380 312 422 346
309 306 387 374 239 313 309 365 53 300 208 388 787 316 849 358 2 315 80 374 193 315 243 363 643 298 703 354 380 311 425 348
310 305 387 374 239 313 309 364 36 303 208 390 788 316 848 358 642 297 703 354 192 315 243 362 0 313 79 374 381 311 425 348 1194 326 1252 359
310 305 389 373 237 312 309 364 31 302 202 392 790 318 846 356 641 295 701 352 188 314 242 361 382 311 425 347 1196 326 1250 358
311 305 390 373 27 302 194 395 235 312 310 364 791 320 846 355 639 294 699 351 186 312 243 361 383 311 426 346
23 301 187 397 311 305 393 372 233 312 311 365 183 312 242 361 793 322 845 353 638 291 698 351 384 310 427 346
22 301 185 397 311 305 395 373 232 312 312 365 180 313 241 361 637 288 698 351 793 323 846 353 385 310 427 347
311 303 397 373 7 298 181 398 231 312 313 365 790 321 847 354 178 313 239 361 635 287 698 351 387 309 428 348
310 303 399 374 5 298 180 401 224 311 310 368 175 314 238 361 789 321 848 354 635 288 698 350 388 309 428 349
3 297 177 404 309 302 400 375 223 311 309 369 173 314 236 362 789 321 848 355 634 289 698 350 389 309 429 350
2 295 173 404 309 302 400 375 222 311 309 369 171 314 236 363 790 321 849 355 634 288 698 349 389 309 429 350
0 294 169 405 310 302 401 375 221 311 308 370 170 314 235 364 792 321 850 355 634 291 697 350 389 309 429 350
0 293 164 408 311 303 402 376 220 310 307 370 170 314 236 365 793 322 851 356 631 292 694 354 390 310 428 349
311 303 404 377 0 291 159 410 220 310 305 371 169 314 235 365 794 322 852 355 633 295 693 355 391 310 429 348
310 304 406 377 0 290 151 412 219 311 303 372 168 316 234 366 793 320 852 356 633 296 692 356 391 312 429 348 1213 323 1264 356
309 305 407 378 0 291 145 414 217 312 301 373 166 317 233 368 793 319 853 356 634 295 691 355 1211 323 1266 356 391 313 430 348
308 305 408 378 0 292 140 416 214 314 298 374 166 318 231 369 795 319 853 356 634 294 689 356 391 313 431 349 1208 324 1267 357
307 305 408 378 0 292 136 418 211 316 296 374 166 318 230 370 796 320 852 356 1207 324 1269 357 391 313 431 349 293 321 325 357
