

743 420 1082 636 94 410 216 471 726 418 817 490 598 425 654 462 271 416 385 468 957 409 1083 491 668 424 726 464 535 414 580 447 396 415 500 481 577 423 611 454
743 420 1082 636 94 410 216 471 726 418 817 490 598 425 654 462 271 416 385 468 957 409 1083 490 668 424 726 464 535 414 580 447 396 415 500 481 577 423 611 454
743 420 1083 636 94 410 216 471 726 418 817 490 598 425 654 462 271 416 385 468 957 409 1083 490 668 424 726 464 535 414 580 447 396 415 500 481 577 423 611 454
743 420 1083 636 94 410 216 471 726 418 817 490 598 425 654 462 271 416 385 468 957 409 1083 490 668 424 726 464 535 414 580 447 396 415 500 481 577 423 611 454
743 420 1083 636 94 410 216 471 726 418 817 490 598 425 654 462 271 416 385 468 668 424 726 464 957 409 1083 490 535 414 580 447 396 415 500 480 577 423 611 454
743 420 1082 636 94 410 216 471 726 418 817 490 598 425 654 462 271 416 385 468 668 424 726 464 957 409 1083 490 535 414 580 447 396 415 500 480 577 423 611 454
743 420 1083 636 94 410 216 471 726 418 817 490 598 425 654 462 271 416 385 468 668 424 726 464 957 409 1083 490 535 414 580 447 396 415 500 480 577 423 611 454
743 420 1083 636 94 411 216 471 726 418 817 490 598 425 654 462 271 416 385 468 668 424 726 464 957 409 1083 490 535 414 580 447 396 415 500 480 577 423 611 454
743 420 1083 636 94 411 216 471 726 418 817 490 598 425 654 462 271 416 385 468 668 424 726 464 957 409 1083 490 535 414 580 447 396 415 500 480 577 423 611 454
743 420 1083 636 94 411 216 471 726 418 817 490 598 425 654 462 271 416 385 468 668 424 726 464 957 409 1083 490 535 414 580 447 396 415 500 480 577 423 611 454
743 420 1083 636 94 411 216 471 726 418 817 490 598 425 654 462 271 416 385 468 957 409 1083 490 668 424 726 464 535 414 580 447 396 415 500 480 577 423 611 454
743 420 1083 636 94 411 216 471 726 418 817 490 598 425 654 462 271 416 385 468 957 409 1083 490 668 424 726 464 535 414 580 447 396 415 500 480 577 423 611 454
743 420 1083 636 94 411 216 471 726 418 817 490 598 425 654 462 271 416 385 468 957 409 1083 490 668 424 726 464 535 414 580 447 396 415 500 480 577 424 611 454
743 420 1083 636 94 411 216 471 726 418 817 490 598 425 654 462 271 416 385 468 957 409 1083 490 668 424 726 464 535 414 580 447 396 415 500 480 577 424 611 454
743 420 1083 636 94 411 216 471 726 418 817 490 598 425 654 462 271 416 385 468 957 409 1083 490 668 424 726 464 535 414 580 447 396 415 500 480 577 423 611 454
743 420 1083 636 94 411 216 471 726 418 817 490 598 425 654 462 271 416 385 468 957 409 1083 490 668 424 726 464 535 414 580 447 396 415 500 480 577 423 611 454
743 420 1083 636 94 411 216 471 726 418 817 490 598 425 654 462 271 416 385 468 957 409 1083 490 668 424 726 464 535 414 580 447 396 415 500 480 577 423 611 454
743 420 1083 636 94 411 216 471 726 418 817 490 598 425 654 462 271 416 385 468 957 409 1083 490 668 424 726 464 535 414 580 447 396 415 500 480 577 423 611 454
743 420 1083 636 94 411 216 471 726 418 817 490 598 425 654 462 271 416 385 468 957 409 1083 490 668 424 726 464 535 414 580 447 396 415 500 480 577 423 611 454
743 420 1083 636 726 418 817 490 94 411 216 471 598 425 654 462 271 416 385 468 957 409 1083 490 668 424 726 464 535 414 580 447 396 415 500 480 577 423 611 454
743 420 1083 636 726 418 817 490 94 411 216 471 598 425 654 462 271 416 385 468 957 409 1083 490 668 424 726 464 535 414 580 447 396 415 500 480 577 423 611 454
743 420 1083 636 726 418 817 490 94 411 216 471 598 425 654 462 271 416 385 468 957 409 1083 490 668 424 726 464 535 414 580 447 396 415 500 480 577 424 611 454
743 420 1083 636 726 418 817 490 94 411 216 471 598 425 654 462 271 416 385 468 957 409 1083 490 668 424 726 464 535 414 580 447 396 415 500 480 577 424 611 454
743 420 1083 636 726 418 817 490 94 411 216 471 598 425 654 462 271 416 385 468 957 409 1083 490 668 424 726 464 535 414 580 447 396 415 500 480 577 424 611 454
743 420 1083 636 726 418 817 490 94 411 216 471 598 425 654 462 271 416 385 468 957 409 1083 490 668 424 726 464 535 414 580 447 396 415 500 480 577 424 611 454
743 420 1083 636 726 418 817 490 94 411 216 471 598 425 654 462 271 416 385 468 957 409 1083 490 668 424 726 464 535 414 580 447 396 415 500 480 577 424 611 454
743 420 1083 636 726 418 817 490 94 411 216 471 598 425 654 462 271 416 385 468 957 409 1083 490 668 424 726 464 535 414 580 447 396 415 500 480 577 423 611 454
742 421 1082 636 94 411 216 471 726 418 817 490 598 426 654 462 271 416 385 468 668 424 726 464 957 409 1083 490 535 414 580 447 397 415 500 481 577 424 611 454
742 421 1082 636 94 411 217 471 725 418 818 490 598 426 654 462 270 416 385 468 668 424 726 464 956 409 1083 490 535 414 580 447 397 415 500 481 577 424 611 454
742 421 1081 635 93 411 217 471 725 418 818 490 598 426 654 462 270 416 386 468 667 424 726 464 956 409 1083 490 534 414 580 447 398 415 499 481 577 424 611 454
742 421 1081 635 93 411 217 471 725 418 818 490 598 426 654 462 270 416 386 468 667 424 726 464 956 409 1083 490 534 414 580 447 398 415 499 481 577 424 611 454
742 421 1082 635 93 411 217 471 725 418 818 490 598 426 654 462 270 416 386 468 667 424 726 464 956 409 1083 490 535 414 580 447 398 415 499 481 577 424 611 454
742 421 1082 635 93 411 216 471 725 418 818 490 598 426 654 462 270 416 386 468 667 424 726 464 956 409 1083 490 535 414 580 447 398 415 499 481 577 424 611 454
742 421 1082 635 93 411 216 471 725 418 818 490 598 426 654 462 270 416 386 468 667 424 726 464 956 409 1083 490 535 414 580 447 398 415 499 481 577 424 611 454
742 421 1082 635 93 411 216 471 725 418 818 490 598 426 654 462 270 416 386 468 667 424 726 464 956 409 1083 490 535 414 580 447 398 415 499 481 577 424 611 454
742 421 1082 635 93 411 216 471 725 418 818 490 598 426 654 462 270 416 385 468 667 424 726 464 956 409 1083 490 535 414 580 447 397 415 499 481 577 424 611 454
742 421 1082 635 93 411 216 470 725 418 818 490 598 426 654 462 270 416 385 468 667 424 726 464 956 409 1083 490 535 414 580 447 397 415 499 481 577 424 611 454
742 421 1082 635 93 411 216 470 725 418 818 490 598 426 654 462 270 416 385 468 667 424 726 464 956 409 1083 490 535 414 580 447 397 415 499 481 577 424 611 454
742 421 1082 636 93 411 217 470 725 418 818 490 598 426 654 462 270 416 386 468 667 424 726 464 956 409 1083 490 535 414 580 447 397 415 499 481 577 424 611 454
742 421 1082 636 93 411 217 470 726 418 818 490 598 426 654 462 270 416 386 468 667 424 726 464 956 409 1083 490 535 414 580 447 397 415 499 481 577 424 611 454
742 421 1083 636 93 411 217 471 726 418 818 490 598 426 654 462 667 424 726 464 270 416 386 468 956 409 1083 490 535 414 580 447 398 414 499 482 577 424 611 454
742 421 1083 636 93 411 217 471 726 418 818 490 598 426 654 462 668 424 726 464 269 416 386 468 956 409 1083 490 535 414 580 447 398 414 499 482 577 424 611 454
742 421 1083 636 93 411 217 471 726 418 818 490 598 426 654 462 668 424 726 464 269 416 386 468 956 409 1083 490 535 414 580 447 398 414 499 482 577 424 611 454
742 421 1083 636 93 411 217 471 726 418 818 490 598 426 654 462 668 424 726 464 269 416 386 468 956 409 1083 490 535 414 580 447 398 414 499 482 577 424 611 454
742 421 1083 636 93 411 217 471 726 418 818 490 598 426 654 462 668 424 726 464 269 416 386 468 956 409 1083 490 535 414 580 447 398 414 499 481 577 424 611 454
742 421 1083 636 92 411 217 471 726 418 818 490 598 426 654 462 668 424 726 464 269 416 386 468 956 409 1083 490 535 414 580 447 398 415 499 481 577 424 611 454
744 420 1082 635 92 411 216 471 725 418 818 489 598 426 654 462 957 409 1082 491 668 424 726 464 234 412 382 469 397 416 500 481 534 415 579 447
742 420 1080 634 725 418 817 490 234 413 376 470 596 425 654 462 959 409 1080 490 79 411 202 471 668 424 726 464 531 415 577 447 382 419 487 474
741 420 1077 634 72 410 200 471 234 412 369 471 725 419 817 490 962 409 1074 491 595 425 653 463 668 424 726 465 527 421 573 449 1104 399 1121 452 375 418 488 475 1076 415 1098 472
737 420 1075 634 67 410 195 470 723 419 817 490 215 410 361 471 963 410 1070 492 595 424 652 464 668 424 726 465 1075 414 1099 474 524 420 570 451 361 421 453 467 1106 400 1123 452 570 426 603 452 662 158 759 180
737 419 1075 635 216 410 356 472 722 420 816 489 49 409 181 471 964 410 1065 491 595 424 651 464 667 424 726 465 1076 415 1100 474 568 426 604 453 358 419 453 467 1108 401 1124 450 669 155 762 177 523 420 568 451 167 404 213 444
736 421 1073 632 44 408 176 471 214 411 349 473 720 420 815 488 944 412 1059 487 666 424 726 465 1078 416 1103 473 595 424 650 464 564 426 604 453 352 417 459 468 1111 401 1126 450 165 405 210 445
735 423 1072 630 720 421 814 488 213 411 341 474 42 408 168 471 948 413 1054 484 666 424 727 465 1081 416 1107 474 594 424 649 465 561 425 602 454 343 416 466 471 1114 401 1130 451 164 405 206 445 512 421 559 450 641 423 673 453 671 144 761 171
735 425 1070 628 18 408 160 472 194 411 326 473 719 421 814 488 948 413 1051 483 665 425 726 465 1083 416 1110 475 557 424 601 455 326 418 434 467 593 424 648 466 670 140 761 167 510 421 559 450 162 405 203 443 1117 401 1133 451 639 423 673 453
735 424 1067 628 188 411 322 474 14 407 154 473 719 420 814 489 665 425 727 465 947 414 1048 483 556 424 599 456 1085 416 1110 475 591 418 651 470 321 418 433 468 670 137 762 164 508 420 558 451 638 424 671 452 160 406 201 443 465 425 503 449
737 424 1063 626 14 407 146 474 721 420 813 489 173 410 300 475 666 426 726 465 553 424 597 458 946 414 1043 482 304 419 412 467 591 418 650 469 670 134 762 159 505 419 556 452 1086 417 1110 473 637 426 669 452 465 425 502 449
737 425 1061 625 163 410 299 476 1 406 130 474 722 421 811 489 551 424 595 459 666 426 725 465 295 418 413 470 946 416 1039 481 669 131 763 155 590 419 649 469 636 427 667 452 502 418 553 453 1096 404 1132 479 1128 399 1146 455
737 427 1060 624 0 406 120 475 142 410 281 478 724 421 809 489 547 425 595 459 665 426 724 465 272 416 400 474 1095 406 1134 480 947 417 1036 478 636 427 666 451 668 128 765 152 590 420 648 469 1130 400 1148 454 499 417 551 454
738 427 1058 624 0 405 112 477 132 409 278 478 723 421 808 489 665 426 723 465 544 424 595 459 258 415 407 476 1097 406 1136 482 635 427 665 450 946 417 1035 476 589 420 648 468 1132 400 1151 452
737 428 1056 624 116 408 256 479 0 403 93 477 665 427 723 465 722 422 809 489 1100 409 1139 484 541 423 596 458 251 417 407 475 635 427 664 450 669 119 765 146 926 416 1025 469 600 426 646 463
736 428 1055 624 0 404 86 479 724 421 797 486 665 428 722 465 1103 409 1140 485 228 415 387 476 538 428 586 459 669 113 766 142 110 409 253 479 636 428 663 451 584 423 641 471 925 417 1022 468 487 420 536 454
733 430 1055 624 78 409 235 480 0 404 80 480 723 422 797 486 664 430 722 466 537 429 586 461 1105 409 1143 486 667 109 767 136 483 418 540 455 211 414 358 476 636 430 663 452 584 425 640 472 1128 402 1158 487
732 431 1055 623 60 408 219 481 721 422 798 486 535 429 585 461 664 431 723 466 0 402 77 482 666 106 768 132 480 418 538 456 1108 408 1144 485 202 415 361 476 1126 404 1158 488 582 426 640 472 635 430 662 453
732 431 1053 621 720 422 798 486 32 406 224 489 531 428 582 461 665 432 721 466 476 416 536 457 1124 407 1158 488 0 400 60 486 580 426 639 472 634 430 661 453 186 414 331 477 664 103 771 129
732 430 1052 621 527 428 579 461 720 422 797 485 21 406 215 491 666 432 719 466 1124 409 1158 488 470 415 533 458 570 424 642 471 664 93 769 123 152 413 314 480 438 426 477 454 634 431 659 453 1 399 39 490
731 430 1051 620 522 428 576 463 15 408 158 486 719 423 797 484 1125 410 1159 488 664 87 769 117 571 425 642 472 667 432 717 465 465 414 530 458 439 427 474 454 107 410 316 492 303 430 371 469 634 431 658 453
715 429 1043 623 519 428 576 464 2 404 165 494 717 423 796 484 569 426 641 473 663 83 770 112 1126 409 1160 487 667 432 717 464 437 428 473 455 69 409 284 494 462 416 528 458 302 424 360 476 1152 400 1179 487 635 432 658 453
715 429 1041 623 567 427 640 473 716 428 797 495 517 428 576 463 668 432 716 464 3 405 125 490 56 409 285 495 1153 402 1181 489 1129 408 1161 488 433 429 470 456 661 79 774 107 636 433 659 453
715 429 1039 624 565 428 638 474 715 428 798 495 1155 405 1183 490 10 407 228 495 662 434 707 462 511 433 562 466 1213 277 1279 565 458 419 513 458 1134 414 1157 479 429 428 467 457 637 434 661 453 280 421 341 476 660 69 775 100
715 429 1039 625 506 433 563 467 564 429 637 475 6 409 226 497 1206 273 1279 564 714 429 797 495 659 63 775 95 454 418 512 460 273 420 335 476 1158 408 1185 491 661 434 707 463 1139 414 1160 478 638 434 661 453 904 420 992 461 987 421 1008 463
715 428 1037 626 502 433 561 468 564 429 635 476 713 430 797 495 1201 277 1279 563 3 408 216 497 658 58 777 90 661 434 707 463 1158 408 1185 491 450 413 509 462 1141 415 1162 477 262 419 343 477 638 435 661 453 419 429 456 456 906 420 991 461 987 421 1008 462
716 428 1034 627 497 433 559 468 563 429 634 477 712 430 796 494 1197 280 1279 562 661 434 707 463 445 412 506 463 0 403 174 499 246 420 321 477 1155 408 1184 491 417 430 453 457 655 53 781 85 638 435 661 454 906 420 989 462 987 420 1009 462
717 427 1031 628 560 429 632 477 493 431 557 469 709 423 794 485 441 412 504 463 660 434 708 464 238 418 320 478 1153 409 1183 490 414 430 449 458 1192 283 1279 562 9 405 158 486 654 40 783 75 637 436 663 455 918 420 990 457 988 419 1010 461
718 427 1029 629 650 34 785 69 558 429 631 478 491 430 555 470 708 422 794 486 222 419 303 480 409 431 445 458 659 434 709 465 1152 409 1183 489 22 403 145 482 918 420 988 457 1189 283 1279 561 637 436 664 455
719 428 1026 630 213 418 299 481 649 29 787 62 557 430 630 478 707 422 794 486 658 435 709 466 28 401 143 480 487 427 558 470 403 430 443 460 1170 291 1279 545 1156 409 1184 491 636 435 664 455 919 421 984 457
718 428 1025 631 557 430 629 478 707 423 793 486 659 434 708 466 25 400 142 477 1168 288 1279 546 482 432 538 472 201 416 304 482 651 15 787 52 635 435 663 455 396 432 430 457 919 422 979 455
717 427 1024 631 647 10 790 45 185 414 279 484 660 434 707 466 706 423 792 486 475 432 539 472 557 429 629 478 1165 284 1279 550 14 400 146 475 393 432 430 459 633 435 661 455 535 431 572 460 920 423 976 454
714 427 1024 630 0 398 127 479 1158 269 1278 571 661 432 706 465 706 424 790 485 470 428 546 472 557 429 628 478 389 431 427 460 646 4 792 37 165 414 264 484 533 430 570 461 631 435 660 455 921 422 976 456 618 433 642 454
712 426 1022 630 0 397 125 479 157 412 259 485 1154 269 1277 567 467 427 543 472 660 432 705 463 706 423 789 484 547 427 623 479 385 431 424 461 531 429 569 461 630 435 659 455 921 423 976 457 618 434 643 453 647 2 792 33
711 425 1019 627 462 427 540 472 1148 272 1277 561 658 431 705 462 543 427 623 479 0 399 87 481 705 422 791 484 527 428 569 461 131 412 244 485 631 433 659 453 380 430 419 461 617 432 642 452
711 424 1017 626 457 428 537 472 1139 251 1277 548 540 427 621 479 656 430 705 462 126 410 237 485 405 413 465 463 704 422 796 483 0 398 81 481 631 432 660 452 524 428 568 461 616 431 643 451 367 432 404 458
710 424 1015 625 102 407 217 486 538 427 620 479 1132 253 1278 548 656 430 705 462 452 428 537 472 0 394 58 488 362 432 403 460 65 400 114 453 631 431 660 452 615 430 643 450 521 427 567 460
710 423 1014 626 447 429 527 474 1129 255 1278 546 537 427 619 479 656 429 705 461 96 407 211 487 359 433 401 460 615 430 645 450 630 432 659 451 60 398 111 452
710 422 1010 625 441 429 522 474 1123 256 1277 545 537 428 618 479 656 429 705 460 615 430 645 450 76 405 195 490 355 432 398 462 0 393 37 490 630 432 657 451 513 428 559 459
710 424 1008 625 434 430 516 475 1117 256 1275 545 536 428 617 480 656 429 704 460 615 431 645 451 511 428 559 460 47 406 172 491 631 432 657 452 353 431 394 463
709 426 1005 623 429 430 512 476 535 428 616 481 1111 256 1274 546 655 428 704 461 507 428 557 461 380 410 441 464 701 424 770 480 20 406 157 491 616 431 645 452 341 426 385 460 978 425 1003 465 631 432 656 452
708 427 1004 623 426 430 511 477 11 406 154 493 533 428 616 482 1108 253 1274 548 656 428 704 461 503 428 555 462 337 424 382 461 701 424 770 480 374 409 437 465 616 431 645 452 630 432 657 454 978 424 1003 466
417 429 504 480 706 426 1001 622 1105 253 1275 548 533 427 614 483 656 429 705 461 0 402 130 495 499 428 551 463 701 425 770 480 330 424 377 462 615 431 646 453 630 432 656 454 979 424 1003 466
409 428 499 480 704 425 998 622 0 399 120 500 533 427 612 483 1101 252 1275 548 656 429 705 461 701 425 769 481 496 429 549 463 614 431 648 453 325 425 373 462 980 424 1006 466
701 425 994 624 402 428 494 481 531 426 610 483 656 429 704 461 701 425 768 481 1097 251 1277 548 0 397 90 499 614 431 648 453 488 429 539 464 342 406 419 466 318 428 359 460
700 425 994 625 399 427 491 481 530 426 609 483 656 429 703 461 1073 243 1277 552 701 425 768 481 487 428 539 465 340 405 415 467 614 431 650 454 314 429 358 461 0 397 85 500
699 427 994 625 384 424 486 484 528 426 609 483 656 429 703 462 1078 283 1277 549 483 428 536 466 699 425 768 480 613 431 650 454 308 429 352 463 337 404 414 467 984 425 1013 467
700 428 993 623 376 422 482 484 1079 283 1276 547 656 429 702 461 527 427 608 482 478 427 532 466 697 424 768 480 613 431 650 455 987 425 1014 468 319 405 401 466 303 429 346 464
698 430 992 621 371 421 477 484 1078 283 1276 548 655 427 701 461 527 426 608 482 472 426 529 466 612 431 650 455 694 423 768 479 317 397 404 465 295 430 334 460 989 425 1015 468
696 431 992 620 353 420 470 487 1078 284 1275 548 654 427 700 460 519 423 606 483 610 430 651 454 468 425 529 466 290 429 330 461 692 422 769 479 315 398 400 464 990 425 1015 468
694 431 991 621 344 419 467 487 517 421 606 484 655 425 700 459 1079 284 1273 547 608 428 652 453 691 421 769 479 283 427 325 462 470 424 528 465
691 432 990 622 339 418 462 487 514 419 605 486 656 424 699 459 1070 236 1276 553 605 427 651 453 690 421 767 478 453 420 517 467 274 426 308 458
687 431 989 622 318 419 455 489 511 417 605 488 1071 237 1275 550 657 422 699 458 604 426 651 453 448 418 518 471 691 420 765 478 267 424 308 460 287 395 377 464
