

754 326 843 374 1013 337 1126 420 12 234 284 494 404 297 623 436 681 320 762 394 573 316 690 421 1001 332 1037 365 987 336 1010 359 934 333 960 351 960 334 983 352 850 331 893 363
1008 335 1122 421 15 232 281 490 568 315 687 418 658 319 748 396 983 332 1012 361 392 299 630 434 736 325 826 374 832 327 869 361 961 334 984 353 934 332 958 349 998 330 1037 364
730 325 819 372 369 294 570 439 994 333 1101 417 0 231 223 509 536 320 686 416 656 320 738 393 979 330 1013 362 962 334 984 355 823 326 869 360 909 331 936 349
986 333 1101 418 632 318 724 395 357 294 565 438 539 312 664 417 1 230 211 508 975 328 1014 362 722 325 814 369 959 331 984 359 809 326 848 359 910 330 935 348
706 324 796 369 978 332 1099 419 631 318 714 391 0 224 181 513 336 293 523 439 491 318 656 420 956 329 987 361 799 325 847 358 938 331 961 354 0 550 1279 697 973 328 1010 361
490 317 644 418 326 279 526 429 968 332 1080 416 2 212 160 492 698 322 791 366 610 316 701 393 936 329 961 357 954 327 989 362
963 330 1078 417 485 314 635 416 609 316 692 389 684 319 773 367 313 277 527 429 0 225 148 512 933 328 959 360 950 326 989 364 780 324 823 357 0 551 1279 696
958 330 1075 419 676 318 768 365 478 313 630 414 300 274 529 430 588 312 680 393 0 221 135 514 932 327 960 362 916 327 938 352 948 326 985 366 772 323 821 356
953 330 1076 420 589 311 672 390 282 279 473 426 444 313 617 418 913 326 937 356 663 316 754 367 932 327 961 365 860 322 886 339 0 215 128 524 762 324 802 355
656 315 749 365 944 329 1058 416 587 311 665 387 271 275 467 430 441 313 604 416 930 326 963 365 752 323 804 356 910 326 934 357 861 322 883 338
939 329 1058 415 439 313 591 414 260 270 470 434 649 314 744 363 564 307 653 388 926 325 961 365 745 323 799 356 894 326 915 350 910 326 934 359 836 321 863 340 862 323 883 338
930 329 1057 415 633 312 727 364 429 312 585 413 234 271 433 434 563 308 644 385 889 325 913 354 837 321 861 338 909 325 937 360 863 322 884 339 808 319 840 342 926 325 959 361
922 329 1058 419 625 308 720 357 217 264 439 434 886 324 910 358 535 303 628 389 906 324 939 363 810 320 837 340 837 321 860 338 865 326 887 349
913 330 1035 415 535 304 617 385 608 310 705 364 388 310 552 415 865 324 889 353 201 256 447 433 811 321 835 338 883 323 910 363 786 318 819 342 894 323 944 383 840 322 861 339
907 330 1034 418 601 308 697 357 374 293 555 413 510 298 604 386 164 238 517 432 862 323 887 356 881 322 912 366 812 320 835 337 700 311 751 350 786 318 814 339 840 321 861 340 889 322 941 386
897 329 1036 421 582 305 679 358 508 298 595 384 874 321 924 383 814 320 837 338 859 322 886 359 146 238 520 426 840 320 861 342 786 319 812 337 372 297 552 408
575 306 673 356 890 329 1011 415 480 295 579 386 815 320 837 339 869 321 919 387 857 322 886 363 129 242 520 425 787 320 810 336 761 318 790 338 838 318 860 343
558 305 655 356 883 331 1012 417 319 292 508 414 481 297 567 384 814 318 836 342 837 321 863 359 855 322 887 366 762 317 787 336 788 320 810 337 736 315 769 340 72 248 439 441
550 306 650 355 459 294 554 387 877 330 1013 419 317 297 502 412 835 321 863 362 812 318 834 343 59 249 436 446 763 318 786 336 849 323 897 383 652 312 704 349 736 316 765 338 791 319 812 339
42 245 433 449 865 328 986 412 532 305 631 357 429 294 538 389 832 320 864 365 789 318 812 342 736 317 762 337 765 319 787 337 813 320 839 357 711 317 743 340 845 322 894 388
523 306 626 356 28 241 431 444 858 330 989 416 429 297 528 388 788 317 811 344 270 290 470 417 825 320 874 381 811 321 839 361 768 319 788 339 737 318 760 336 714 317 740 338
506 305 609 358 845 326 997 428 406 296 514 390 18 243 436 443 821 321 870 386 808 321 840 366 768 318 789 341 714 317 738 337 265 292 457 417 785 316 810 345 738 318 760 336
498 305 605 358 405 298 505 390 840 328 995 432 764 317 788 344 0 234 335 440 818 321 868 389 715 317 737 335 805 321 839 369 220 298 431 430 787 320 813 360 688 316 718 338
836 328 993 437 481 304 587 359 379 295 492 391 761 316 787 345 216 299 420 428 799 322 849 380 713 318 736 335 785 320 815 364 820 324 867 410 0 233 324 444 689 317 714 337 742 318 761 338 663 318 693 340
473 304 582 358 829 329 992 440 378 296 483 390 689 317 713 335 741 318 762 340 796 322 846 384 782 321 816 367 213 290 415 418 761 316 786 344 715 318 735 335 0 236 321 447
823 328 990 443 466 304 577 357 374 296 474 389 146 293 398 434 738 317 761 343 777 320 828 374 691 317 712 333 575 303 631 351 802 325 849 409 663 314 692 337 763 319 789 360 717 318 735 335 0 489 1279 693
453 302 566 354 818 327 991 443 358 292 465 390 149 293 385 432 736 317 761 344 775 319 825 376 690 316 712 333 568 300 627 349 762 319 790 362 719 317 737 335 800 323 848 409 664 314 689 334
446 300 563 351 814 323 992 445 353 289 457 389 737 315 761 343 154 284 375 426 774 317 823 376 718 314 737 335 664 312 688 330 760 317 791 363 691 314 710 330
811 319 995 446 441 297 558 348 717 312 738 336 83 289 363 437 772 314 822 380 738 313 761 342 331 288 444 390 556 306 609 343 666 310 687 327 639 309 670 330 758 315 791 365
808 317 998 447 428 295 544 348 321 281 441 384 85 282 353 428 714 310 738 337 738 310 761 341 756 309 807 369 552 305 605 341 638 306 668 326 665 308 687 324
425 295 541 347 806 315 999 448 713 309 738 337 318 281 433 383 89 282 341 427 755 307 804 372 637 305 666 325 737 309 759 342 774 312 822 387 546 304 602 340 666 307 687 322
418 295 538 346 803 313 1003 451 17 283 338 427 285 280 425 387 714 308 738 337 753 306 802 375 775 312 824 390 639 305 664 322 734 308 758 344 695 309 712 328
801 313 1005 454 25 278 317 431 410 294 539 346 292 278 416 385 715 309 738 337 775 312 827 394 693 308 712 329 750 306 800 379 640 306 663 321 532 301 580 337 612 305 643 324
797 312 1007 458 398 293 519 345 260 282 407 387 34 276 298 432 691 307 712 332 716 309 739 338 773 312 829 395 523 287 582 340 747 306 797 382 614 304 643 323 642 306 662 320 728 304 785 358
392 293 515 345 794 313 1009 460 254 281 399 385 688 307 711 333 38 276 286 432 714 308 737 339 772 312 830 395 728 304 787 359 614 304 641 323 517 288 577 341 642 306 661 320
793 314 1014 465 244 280 386 387 3 272 274 438 386 292 512 345 688 307 713 336 726 304 787 360 711 307 735 342 615 305 639 322 757 313 839 393 671 308 688 326 570 306 594 326 506 291 566 341 588 306 618 324 641 306 659 320
791 315 1020 468 371 292 495 346 6 270 261 442 235 280 376 388 723 303 785 361 690 308 715 338 668 307 688 330 502 290 562 340 753 313 838 395 589 305 619 324 707 307 733 345 616 306 638 321 564 306 592 327
790 315 1024 469 364 292 490 345 7 267 246 445 666 307 688 332 214 282 364 390 720 302 782 361 691 308 717 340 750 313 843 415 589 303 619 324 496 289 556 341
786 315 1028 465 360 292 487 345 0 276 232 450 210 282 359 392 664 305 688 333 690 307 717 341 747 312 843 416 709 299 785 362 587 302 617 324 491 290 552 342
785 316 1037 466 199 280 348 395 346 292 474 346 0 273 219 455 662 305 688 334 744 312 843 417 706 299 784 363 688 307 715 341 588 302 616 323 483 291 544 341 545 305 572 327
782 318 1047 469 340 292 470 346 185 278 337 397 0 271 208 459 742 312 843 418 686 306 714 342 663 305 689 335 702 304 787 372 480 290 541 340 589 304 614 321 647 306 666 327 542 305 570 326
778 320 1059 473 334 291 465 346 0 269 185 466 174 278 329 399 741 313 844 419 646 305 667 329 684 306 711 343 697 301 769 361 476 288 537 341 664 306 691 337 564 303 598 324 538 305 567 326 591 304 613 320
331 290 464 347 784 299 1073 507 150 275 321 402 740 313 846 420 645 306 667 331 0 270 175 465 696 300 769 362 683 307 709 343 564 303 596 324 666 307 691 337 471 288 533 340 536 304 565 325
789 311 1083 520 319 291 453 347 138 275 311 405 739 314 848 423 692 300 769 363 643 307 665 332 0 273 161 464 666 308 692 338 563 303 594 323 681 308 708 345 463 290 536 341
786 308 1098 524 312 291 450 348 125 276 301 410 689 299 770 363 739 315 850 424 641 308 664 333 665 309 692 339 563 304 592 322 5 261 134 445
783 306 1110 530 305 291 446 349 114 276 293 413 686 304 770 373 739 316 853 425 0 267 126 468 639 308 663 334 664 309 693 340 562 305 591 323 520 307 549 326 446 292 522 343 592 306 612 319 621 308 637 323
782 304 1129 534 302 292 445 350 93 277 281 418 738 314 871 429 687 304 769 374 0 266 116 467 638 308 663 336 665 310 692 341 562 305 591 324 518 308 548 327 592 307 612 321 443 292 520 345 621 309 636 324
778 303 1153 543 295 293 433 351 80 277 273 421 737 315 873 431 687 304 769 375 638 308 663 337 665 310 692 342 563 306 590 324 441 292 518 346 591 307 611 322 0 260 87 444 516 308 547 329 621 309 636 326
291 293 432 352 737 316 879 435 808 303 1192 560 66 276 264 424 686 304 770 376 638 309 663 338 665 311 691 342 440 292 515 348 0 274 72 466 564 307 589 324 514 308 546 330 591 308 610 322 621 310 636 327
812 303 1206 572 287 293 432 353 738 318 887 439 683 304 774 377 23 270 253 432 637 310 662 339 664 310 690 342 439 291 514 348 620 310 636 328 564 308 588 324 513 308 545 330 541 308 573 327 591 309 610 323 0 279 56 470
816 305 1222 575 283 293 430 353 739 319 894 445 18 268 248 434 683 305 775 377 663 310 690 342 636 311 661 339 437 291 512 347 619 311 637 328 512 308 545 331 564 309 588 324 541 308 574 328 592 310 611 323
824 304 1246 584 278 293 427 355 743 322 900 450 13 269 237 434 682 307 777 378 636 312 661 340 662 310 689 343 620 311 639 330 564 309 588 324 512 309 546 331 435 293 513 346 540 308 574 328 0 501 1249 684 592 310 611 324
831 305 1269 591 273 293 427 357 743 324 907 454 6 269 225 433 693 309 796 379 620 311 640 331 636 312 661 340 662 310 689 344 422 296 501 349 565 309 589 325 512 309 546 331 539 308 573 328 0 500 1251 683 668 316 692 361 592 311 610 324
838 305 1279 598 268 292 428 358 753 326 935 463 3 267 215 434 694 311 799 381 620 312 640 332 661 310 689 344 637 312 661 341 422 297 499 349 566 309 589 324 668 316 694 361 538 308 573 328 0 499 1253 683 512 310 544 330
842 305 1279 599 260 293 417 356 754 326 941 466 694 311 802 381 5 263 207 437 621 311 641 333 662 310 689 345 421 296 499 349 637 312 662 340 538 306 575 327 668 316 695 361 566 308 589 323 0 499 1254 683 510 308 541 329
849 307 1279 600 258 292 410 355 755 324 953 468 695 308 805 381 621 309 642 332 0 259 191 443 661 309 690 344 418 293 498 349 538 304 575 326 637 310 663 340 0 500 1254 684 669 316 696 360
758 322 965 471 256 290 404 354 856 309 1279 604 695 305 807 381 621 307 643 332 0 254 185 447 661 308 690 346 416 290 497 348 538 302 574 325 637 307 665 340 0 499 1259 685
251 288 400 352 756 320 984 472 861 310 1279 610 696 301 809 380 621 305 644 331 0 252 178 448 660 305 691 346 415 286 496 348 0 501 1266 685 636 305 666 339 538 302 570 323
248 286 399 352 888 307 1279 616 695 298 809 380 769 318 1020 481 622 303 645 330 0 253 171 444 660 303 692 346 415 287 493 347 0 501 1263 684 567 298 589 315 636 303 666 338 541 295 572 320
238 286 389 350 901 302 1279 619 767 315 1033 484 695 290 797 373 622 302 646 328 660 300 692 346 413 285 490 345 0 256 161 437 0 503 1261 683 568 298 589 314 539 295 570 320 637 301 666 336 593 299 611 313 620 297 638 316
235 283 387 350 922 293 1276 622 767 296 1059 512 693 288 796 373 661 298 692 345 622 300 647 327 0 501 1264 684 538 294 569 318 569 296 589 311 409 269 495 339 619 296 638 317 637 299 666 335 595 298 611 312
230 280 384 350 770 292 1076 515 947 285 1270 626 693 286 795 372 4 256 120 435 537 293 567 317 0 497 1276 685 406 268 494 339 661 295 693 346 568 293 589 310 618 294 639 318 493 294 524 318 622 298 647 327 636 296 667 335 595 296 611 310
226 278 381 351 767 300 1102 535 966 288 1271 625 680 287 780 370 387 271 481 341 536 293 566 316 5 256 115 428 617 293 639 319 568 292 589 310 662 294 694 346 491 293 523 318 0 492 1276 686 636 294 667 335 622 297 647 327
768 300 1135 545 222 278 378 350 985 301 1275 621 678 286 780 371 385 272 480 341 1 259 80 440 536 294 565 316 616 292 639 319 567 293 589 309 662 295 693 346 490 294 522 318 0 487 1271 687 636 293 669 335
769 302 1165 555 211 282 366 352 677 286 782 372 1008 331 1277 613 386 270 479 341 538 296 565 316 616 293 639 319 566 294 588 310 661 295 692 346 2 256 69 442 490 294 521 319 0 481 1271 687 638 293 670 336
789 306 1218 573 209 283 360 353 693 285 795 376 1046 344 1279 620 390 287 473 345 617 298 644 328 537 296 566 316 660 296 692 347 566 296 587 311 488 295 521 320 0 481 1279 690 639 295 671 337 597 298 613 313
794 304 1239 579 205 285 359 355 616 299 643 330 693 286 797 377 388 288 471 347 659 298 692 348 537 297 565 317 39 286 127 365 566 297 588 313 0 482 1279 692 639 297 670 339 1059 357 1279 618 673 297 719 360
805 303 1257 588 197 286 359 360 692 290 802 387 614 301 642 333 383 288 469 350 11 281 113 375 657 301 691 349 640 301 671 340 0 489 1279 691
811 300 1271 598 191 288 359 365 691 291 804 390 613 303 641 335 7 282 108 378 379 286 469 354 516 302 553 326 656 303 690 347 640 304 673 341 0 490 1276 691
815 301 1278 602 179 293 349 368 693 293 804 393 612 306 640 337 364 289 461 361 0 290 91 387 515 303 553 328 640 306 674 343 665 316 696 367 563 307 586 322 0 488 1276 691 656 305 690 346
819 303 1279 602 165 291 354 373 694 295 803 394 0 291 87 385 612 307 639 338 361 288 461 364 516 304 553 329 563 308 586 324 466 304 508 332 638 307 674 345 665 316 696 368 0 481 1275 693 597 309 613 325
833 307 1279 609 159 293 349 375 696 296 804 396 612 307 639 339 515 304 552 330 362 287 461 365 0 292 68 388 465 305 508 333 637 308 674 347 673 311 718 375 564 309 584 326 665 316 697 370 0 480 1278 695 597 309 613 327
843 311 1279 615 157 293 345 377 697 296 805 396 612 307 639 339 0 293 64 390 516 304 552 329 361 288 460 366 463 305 508 334 673 310 718 376 638 307 674 346 564 308 583 325 0 480 1276 696 665 315 697 370 597 309 612 327
855 313 1279 621 145 291 337 381 697 295 808 397 612 306 640 338 0 296 58 394 358 290 460 366 515 303 552 329 461 303 509 334 673 309 718 377 638 307 673 345 563 307 584 324 0 482 1279 696
140 290 335 381 865 314 1279 623 692 296 831 403 612 305 640 338 355 290 460 365 514 301 553 328 674 307 720 377 461 302 509 333 1 298 53 395 638 306 673 344 0 483 1279 696 562 306 584 322
134 289 330 379 910 306 1277 626 693 293 834 402 612 303 641 337 352 290 458 364 675 306 721 376 515 300 552 327 461 301 509 332 0 482 1279 695 1 301 38 393 657 303 691 345 637 305 672 344
128 288 322 376 934 304 1268 627 695 291 836 401 612 301 643 337 351 289 457 365 675 304 724 376 515 300 553 326 462 300 509 330 0 481 1273 694 658 301 691 345
120 287 316 373 697 289 838 399 613 299 644 336 350 289 455 364 956 309 1264 620 676 303 724 375 462 299 508 328 517 293 553 324 658 299 691 346 0 479 1258 694 563 298 590 316
115 286 312 374 700 287 842 398 614 299 645 335 350 289 454 363 678 302 726 375 971 322 1267 615 516 293 554 324 460 298 508 328 564 298 589 316 652 295 698 354 0 480 1257 695
108 285 307 377 704 286 847 398 615 298 647 333 348 287 453 363 680 300 729 376 516 293 554 323 652 294 699 354 564 297 588 315 460 298 507 327 995 415 1277 636 0 482 1256 693
104 284 303 378 344 285 453 364 617 298 648 333 720 284 873 406 682 300 733 377 516 294 555 323 653 293 700 352 564 297 587 313 460 298 507 326 0 484 1264 692
90 282 290 382 722 285 875 408 342 282 453 364 618 297 650 333 684 302 736 377 516 294 555 323 652 292 703 351 538 295 567 315
86 280 286 382 723 286 880 409 341 280 453 365 618 297 651 333 693 301 750 380 516 293 555 323 652 292 704 351 566 296 586 313 460 297 508 327 676 294 726 367
79 281 279 385 726 287 887 411 326 284 447 368 617 299 651 334 694 303 753 381 653 293 706 352 458 297 510 329 517 293 555 323
70 285 272 389 731 287 894 414 696 306 756 383 618 300 651 336 324 288 446 368 655 295 708 354 456 298 511 331 515 299 556 326
61 289 265 394 734 286 902 417 698 308 758 387 618 303 649 336 321 292 445 368 453 301 512 333 656 297 710 355 515 302 556 328 535 303 566 325
55 291 260 398 700 309 760 390 736 285 908 422 320 302 449 375 618 305 647 336 452 304 512 334 657 299 711 356 628 304 663 343 515 304 556 331 534 305 567 327 0 486 1256 692
701 310 761 393 37 292 245 403 319 301 447 377 744 292 918 436 452 306 511 337 618 308 644 335 628 307 664 346 533 306 566 329 516 306 555 333 657 301 711 357 565 307 590 323 0 489 1261 691
34 290 239 408 756 286 938 448 318 301 444 378 702 311 787 398 628 309 665 348 452 307 512 339 617 309 642 336 532 307 564 332 566 309 591 326 670 307 724 377 0 491 1269 690
27 289 232 411 758 283 954 454 704 311 790 402 629 310 665 350 316 301 442 380 531 308 563 334 451 308 512 341 566 310 591 328 669 307 726 376 617 310 639 336 0 495 1272 689
19 290 225 412 763 282 966 457 706 312 793 402 629 309 666 350 314 302 441 380 566 310 593 329 669 307 728 377 531 308 562 335 452 308 513 342 616 310 637 335
11 290 217 412 766 282 981 461 709 312 797 401 629 308 667 349 310 300 441 381 532 308 564 335 567 310 592 328 669 306 730 376 451 307 514 341 616 309 636 333 220 308 300 356
7 289 208 415 630 308 669 348 768 281 990 464 710 313 801 399 293 301 428 382 663 304 741 376 533 306 565 334 569 309 593 327 451 306 515 340 617 309 635 331 216 308 297 355
783 280 1014 474 719 311 818 403 0 290 188 416 291 301 425 383 632 308 670 347 533 305 567 333 666 304 743 376 569 309 592 326 449 305 516 339 213 307 294 355 617 308 634 330
722 311 821 404 0 286 182 420 791 282 1025 478 290 301 424 383 634 307 671 346 532 304 567 333 668 303 745 377 569 308 593 326 449 304 516 338 617 308 634 329 212 305 294 355
726 312 829 415 0 284 173 424 805 285 1079 495 286 300 420 385 635 308 673 346 532 305 568 333 569 309 593 326 668 303 746 378 448 305 516 338 617 309 634 329 197 307 278 356 326 241 508 341
727 312 835 416 0 282 163 424 813 285 1099 503 636 308 674 347 281 299 418 388 533 305 568 333 568 309 592 326 676 302 734 378 192 307 275 357 617 310 635 328 449 305 515 339 700 310 756 384
814 286 1111 511 737 313 849 421 0 278 152 426 637 309 674 348 244 303 426 390 533 305 568 334 676 299 732 362 568 309 592 326 188 307 271 357 680 307 769 383 619 310 636 328 449 305 514 339 589 310 610 326
