

334 341 508 448 2 341 294 564 981 346 1246 514 527 361 808 584 855 349 986 444 503 350 591 410 773 347 833 396 971 319 1037 508 590 345 618 366
334 341 508 448 2 340 295 565 983 346 1247 515 528 361 808 584 856 350 987 444 503 350 591 410 772 347 833 397 971 317 1038 510 590 345 618 366
333 341 508 448 2 341 296 565 983 346 1248 515 528 361 807 585 857 351 988 443 503 350 591 410 772 347 833 397 971 302 1041 504 590 345 618 366
333 341 507 448 3 341 296 565 983 346 1248 516 528 362 807 584 858 351 988 443 503 350 591 410 772 347 833 397 971 300 1043 505 590 345 618 365 1208 339 1227 388
333 340 507 448 3 340 297 564 984 345 1248 516 528 363 807 583 857 351 987 443 503 349 592 410 772 347 834 397 972 299 1044 506 1209 337 1228 389 590 345 618 365
333 340 507 448 4 340 298 564 985 345 1249 517 526 364 808 583 857 352 988 444 504 349 592 410 772 347 834 397 972 299 1045 507 1209 337 1229 390 590 345 618 365 981 346 1027 411
334 340 507 448 4 340 299 565 525 364 809 584 985 345 1249 517 857 352 987 444 504 350 593 409 772 347 835 397 971 299 1045 507 589 345 618 365 980 346 1027 411 1209 338 1229 389
335 340 507 448 5 340 300 567 524 363 810 585 985 345 1250 517 857 352 987 445 505 350 593 409 773 347 835 397 970 300 1044 505 589 345 619 365 979 345 1027 411 1209 339 1229 389
335 340 508 448 5 340 300 568 524 364 811 585 983 346 1252 516 858 351 987 444 506 350 592 409 773 347 835 397 969 300 1042 503 589 344 619 365
336 339 508 448 5 341 300 568 523 365 811 584 981 346 1255 517 858 351 987 444 506 350 592 409 774 347 836 397 968 300 1041 503 589 344 619 365
336 340 508 448 5 340 301 568 522 366 812 585 858 351 986 443 980 346 1255 518 506 350 593 409 774 347 837 397 967 299 1041 504 589 344 619 365
335 340 509 448 5 340 302 568 522 366 812 586 859 352 985 443 982 346 1256 518 774 346 837 397 507 350 593 409 967 298 1042 505 589 344 619 365
334 341 509 447 5 339 303 568 523 366 813 586 860 352 984 443 1022 348 1267 520 775 346 838 397 507 350 593 409 967 297 1044 505 589 344 619 365
334 342 510 447 5 338 303 568 523 367 814 586 860 352 983 443 1022 348 1269 520 775 346 838 397 508 350 594 408 968 297 1045 506 590 344 619 365
333 342 510 447 5 338 304 567 523 368 815 586 860 352 983 443 1021 348 1269 521 775 346 838 397 507 349 595 408 969 297 1046 506 590 344 619 365
332 342 510 447 4 338 305 567 525 368 815 586 860 353 984 443 1020 347 1270 521 776 346 838 397 507 349 597 408 970 297 1045 507 589 344 619 365
332 342 511 447 5 338 306 568 526 367 815 586 860 354 984 443 1020 347 1270 521 776 346 838 397 507 349 598 407 970 297 1045 507 1211 339 1231 389 589 344 619 365
333 342 511 446 5 339 307 568 526 366 815 586 859 354 984 443 1020 347 1270 521 777 346 837 397 507 349 598 407 970 298 1043 507 1211 340 1231 389 590 344 619 365
334 342 511 446 5 339 309 567 526 366 816 586 859 354 984 443 1020 347 1271 521 777 346 837 397 508 349 598 407 970 298 1043 507 590 344 619 365
335 341 511 446 6 339 311 565 525 367 816 586 860 353 984 443 1019 347 1271 521 777 346 837 397 508 349 598 407 970 298 1043 508 590 344 619 365
335 341 511 446 6 339 314 565 525 367 817 586 1019 346 1270 521 860 353 984 443 777 346 837 397 509 349 597 407 969 297 1043 508
336 341 511 445 5 339 318 564 524 367 817 586 1019 346 1270 521 861 353 983 443 778 346 837 397 510 349 597 407 969 298 1043 507
336 341 511 445 5 339 320 563 524 368 817 588 1022 347 1270 521 860 352 983 444 778 346 837 396 510 349 596 407 970 309 1044 517 589 344 619 365
336 342 511 445 4 339 322 563 524 370 816 589 1026 347 1270 522 860 352 982 444 778 346 837 396 510 349 596 408 969 309 1044 519 589 344 620 366
336 342 511 445 3 339 324 563 524 371 816 590 1028 347 1270 522 860 352 982 444 778 346 837 396 510 349 596 407 969 309 1044 520 588 343 620 366
336 343 511 445 2 340 326 562 524 373 817 591 1030 347 1270 523 861 352 982 444 778 347 837 396 510 349 597 407 968 312 1044 518
336 343 512 445 1 340 327 561 525 374 817 591 1028 347 1270 523 861 352 982 444 778 347 838 396 510 349 597 407 969 314 1044 515
337 343 512 444 1 340 329 561 524 374 818 591 1028 346 1271 523 861 352 983 444 778 347 838 396 969 315 1045 513 510 349 598 407
338 344 512 444 2 339 329 562 523 374 818 591 1027 346 1271 524 861 352 983 444 778 347 838 396 969 315 1045 513 510 349 598 406
3 339 330 562 339 344 513 444 522 374 818 592 1026 346 1271 524 861 352 983 444 778 347 838 396 969 314 1045 513 511 349 598 406
3 337 330 563 340 344 513 444 522 374 818 592 1026 346 1271 524 861 352 983 444 778 347 838 396 968 314 1045 513 511 349 598 406
2 337 330 561 341 344 513 444 1025 346 1271 524 522 374 818 592 861 352 982 444 778 347 837 395 968 314 1046 513 510 348 599 406
2 337 330 560 341 344 514 444 1024 347 1272 524 522 374 818 593 861 352 982 444 967 315 1047 512 778 347 837 396 510 348 600 406
2 336 331 558 341 345 514 443 1025 347 1272 523 522 374 818 593 861 352 981 444 967 316 1048 510 778 347 837 396 509 348 601 406
3 336 332 558 341 345 515 443 1024 347 1272 523 522 374 819 593 862 352 982 444 778 347 837 396 968 318 1048 509 509 348 601 406
3 337 333 556 342 345 515 443 522 373 819 594 1024 347 1272 523 862 352 982 444 778 347 837 396 969 316 1048 509 510 349 601 406
4 338 335 555 343 344 515 443 523 372 819 594 1025 347 1272 523 862 352 981 444 778 347 838 396 970 316 1048 510 511 349 601 406
4 339 336 553 343 344 515 443 524 372 819 595 1027 347 1271 524 862 352 980 444 778 347 838 396 971 313 1048 512 512 349 601 406
4 338 336 553 342 344 515 443 524 371 818 595 1028 347 1271 524 863 352 980 444 778 348 838 396 971 313 1048 511 513 349 600 406
4 338 338 552 342 345 514 443 525 370 818 594 1028 348 1271 524 863 352 979 445 778 348 838 396 972 313 1048 512 513 349 600 406
3 338 340 551 342 345 514 443 525 369 818 594 1027 348 1271 524 864 352 978 445 777 348 838 397 972 313 1048 511 513 349 600 406 588 343 620 367
2 339 343 549 342 345 514 443 526 369 817 594 1026 349 1271 524 864 352 977 445 777 348 838 397 973 313 1048 511 512 349 599 406 588 343 620 367
2 338 343 548 343 345 514 443 526 369 817 594 864 351 977 446 1026 349 1271 524 777 348 838 397 973 313 1048 512 512 349 600 406 588 343 620 367 1212 338 1227 370
2 338 344 547 345 346 515 443 526 369 817 595 864 351 977 446 1025 349 1271 524 777 348 838 397 971 313 1047 512 513 349 600 406 588 343 621 367 1212 338 1227 371
1 337 345 547 346 346 516 443 526 369 818 595 864 352 976 446 1024 348 1271 524 777 348 838 397 970 314 1046 512 513 349 600 405 588 343 621 367 1212 338 1227 371
0 337 347 548 347 346 517 443 527 369 818 595 864 352 975 446 1023 348 1271 524 777 348 838 397 969 313 1044 512 514 349 600 405 588 343 621 367 1212 338 1227 371
1 338 348 548 346 346 517 443 527 368 818 595 864 351 975 446 1024 348 1271 524 777 348 838 397 969 313 1044 513 513 349 600 405 588 343 621 367 1212 338 1227 371
2 338 349 548 346 345 517 443 527 368 818 595 864 352 976 446 1025 348 1270 524 777 348 838 397 969 313 1043 513 513 349 600 405 588 343 621 367 1212 338 1227 371
4 338 350 548 347 344 517 443 527 368 818 595 864 352 976 446 1024 348 1270 525 777 348 838 397 969 313 1042 514 513 349 600 405 588 344 621 367 1212 337 1227 371
4 337 350 547 347 344 517 442 527 368 818 594 864 352 976 446 1023 348 1270 525 777 348 837 397 968 312 1041 515 513 349 601 405 588 344 621 366 1212 337 1227 371
4 338 351 545 348 343 517 442 526 368 818 594 864 352 975 445 1023 348 1270 525 777 348 837 397 968 312 1040 515 512 349 601 405 588 344 621 366 1212 337 1227 371
6 338 352 543 348 344 518 442 526 368 818 594 864 352 975 445 1023 348 1270 524 777 348 838 397 968 313 1040 515 512 350 601 406 1212 337 1228 371 588 344 621 366
8 339 354 541 349 345 518 443 526 368 818 594 864 352 976 445 1024 348 1270 525 777 348 838 397 968 314 1040 514 512 350 602 405 1212 337 1228 371 588 344 621 366
11 339 354 540 349 346 518 443 526 368 818 593 864 352 977 446 1024 348 1270 525 777 348 838 397 968 314 1041 513 512 350 601 405 1213 337 1228 371 588 344 621 366
11 339 354 540 347 346 518 443 526 368 818 593 864 352 977 446 1024 348 1270 525 777 348 838 397 967 314 1041 514 512 350 601 405 588 344 621 366 1213 337 1229 371
13 339 354 540 347 347 519 443 526 368 818 593 864 351 977 446 1023 348 1270 525 777 348 837 397 967 314 1041 514 513 350 601 405 588 344 621 366 1214 337 1229 371
346 347 519 443 14 339 355 540 526 368 818 593 1023 348 1270 524 864 351 977 446 777 348 837 397 966 314 1040 514 513 350 601 405 588 344 621 367 1214 337 1229 371
345 346 519 443 16 339 355 540 526 368 818 594 1023 348 1271 524 864 351 977 445 777 348 837 397 966 314 1040 513 513 351 600 405 588 344 621 367
345 346 519 443 17 339 356 541 527 368 818 595 1023 348 1272 524 864 351 978 445 777 348 837 397 967 314 1040 513 513 351 600 405 588 344 621 367
345 346 519 443 18 339 355 541 527 368 818 595 1023 348 1272 524 864 351 979 445 777 348 837 397 967 315 1039 511 513 351 601 405 588 344 621 366
347 347 520 443 19 339 356 541 528 368 818 595 1021 348 1273 525 864 351 980 445 777 349 837 396 967 316 1038 509 514 351 601 405 588 344 621 366
348 348 520 443 19 339 356 540 527 368 818 595 1021 348 1273 525 863 351 980 445 777 349 837 396 514 351 601 405 967 309 1038 502 588 344 621 366
19 340 357 540 348 348 521 442 527 368 818 595 1020 348 1273 525 863 351 980 445 776 349 837 396 967 309 1038 502 515 351 600 405 588 344 620 366
19 339 357 539 526 368 818 595 1019 348 1272 525 347 348 521 441 863 351 980 445 776 349 837 396 969 309 1039 502 515 351 600 405 588 344 620 366
1019 348 1272 525 19 338 357 539 526 367 818 595 347 347 522 441 863 351 979 445 776 349 837 396 970 309 1039 502 515 351 600 405 588 344 620 366
1019 347 1272 525 19 337 357 539 525 368 818 595 347 347 522 442 863 351 979 444 776 349 837 396 971 310 1040 500 515 351 600 405 588 344 620 366
1020 347 1272 525 19 337 358 539 525 368 818 595 347 347 522 442 863 351 980 444 777 349 837 396 515 351 600 405 972 311 1039 500 588 344 620 366
1020 347 1272 525 19 338 359 538 526 368 818 595 349 347 521 442 863 351 981 444 777 349 837 396 514 351 600 405 972 312 1040 499 588 344 620 366
1021 348 1272 525 19 338 360 538 525 367 818 594 351 347 521 442 863 351 981 444 777 349 837 396 514 351 599 405 972 312 1039 498 588 344 620 366
1020 348 1271 525 19 338 361 536 525 367 818 594 353 348 520 442 863 351 981 444 777 349 837 396 514 351 599 404 972 313 1039 497 589 344 620 366
1021 348 1271 525 22 339 384 543 524 367 818 594 353 348 520 442 863 351 981 444 777 349 837 396 515 351 599 404 973 314 1039 497 589 344 620 366
1021 348 1271 525 23 339 383 543 524 367 818 594 354 349 520 442 863 351 982 444 777 348 837 396 515 351 598 404 973 315 1039 495 588 344 620 366
1021 348 1272 524 24 338 383 544 524 367 818 594 354 349 520 442 863 351 982 444 777 348 837 396 515 351 598 404 972 316 1039 494 588 344 620 366
25 338 384 544 1020 348 1272 524 523 367 818 594 355 349 520 442 863 351 982 445 777 348 837 396 516 351 598 404 972 317 1039 493 588 344 620 366
25 338 384 542 1019 348 1272 524 523 367 818 594 355 349 520 442 863 351 982 444 777 348 837 396 516 351 598 404 971 316 1039 493 589 344 620 366
26 338 384 542 1021 348 1272 524 523 367 818 594 863 351 981 444 355 350 521 441 777 348 837 396 516 352 598 404 971 316 1040 494 589 344 620 366
27 337 385 540 1022 348 1272 524 523 367 818 594 863 351 981 444 370 348 522 436 777 348 837 396 516 352 598 404 971 316 1040 495 589 344 620 366
28 337 385 540 1023 348 1273 524 522 367 819 594 369 348 522 435 863 351 981 444 777 348 837 396 516 352 598 404 971 321 1041 503 589 344 620 366
29 336 386 539 1023 348 1273 525 523 367 819 594 369 348 522 435 863 351 981 444 777 348 837 396 516 352 598 404 971 321 1042 504 589 344 620 366
29 336 385 538 1023 348 1273 524 523 367 819 595 370 348 522 435 863 351 981 444 777 348 837 396 516 351 598 404 971 321 1041 503 589 344 620 366
30 336 385 537 1023 348 1273 524 524 368 819 595 370 348 521 435 863 351 981 445 777 348 837 396 516 351 598 404 971 322 1041 503 589 344 620 366
30 337 385 536 1024 349 1273 524 525 368 819 595 371 348 521 435 863 351 981 445 516 351 598 404 777 348 837 396 971 322 1040 502 589 344 620 366
30 337 386 535 1026 349 1272 524 525 368 819 595 371 349 521 434 863 351 981 445 516 351 598 404 777 348 837 396 971 323 1041 502 589 344 620 366
32 337 387 534 1028 349 1272 523 525 368 818 596 371 349 520 434 863 350 982 445 776 348 837 396 516 351 598 404 971 322 1042 503 589 344 619 366
33 337 387 534 1030 349 1272 523 526 368 818 596 371 349 520 434 863 350 982 445 776 348 837 397 516 351 598 404 971 322 1044 503 711 348 738 366 588 344 619 366
36 337 387 534 1032 348 1272 524 526 368 818 597 371 349 521 434 863 350 982 445 776 348 837 397 516 351 598 404 973 313 1046 497 710 347 739 366
37 337 387 533 1032 348 1272 524 526 368 818 596 371 349 521 434 863 350 982 446 776 348 837 397 516 351 598 404 973 313 1047 497 710 347 739 366
39 338 385 532 1032 348 1272 524 526 367 818 596 371 349 522 433 863 350 982 446 776 348 837 397 972 314 1047 496 517 351 598 404 710 347 739 366
40 338 385 532 1033 347 1272 524 526 367 818 596 371 349 522 433 863 350 982 446 776 348 838 396 972 315 1047 495 518 351 598 404 710 347 739 366
42 338 386 532 1034 347 1272 524 526 367 818 596 371 349 523 433 863 350 982 445 776 348 838 396 971 316 1047 495 518 351 598 403 710 348 739 366
42 338 386 533 1035 347 1272 524 525 368 819 596 371 349 523 433 863 351 982 445 776 348 838 396 972 315 1048 495 518 351 597 403 710 348 739 366
43 338 387 532 1036 347 1272 524 525 367 819 596 371 348 523 433 863 351 981 445 776 348 838 396 973 315 1049 495 518 351 597 403 710 348 738 366
44 339 388 532 1038 348 1271 524 525 368 818 596 372 349 523 432 863 352 981 445 776 348 838 396 975 315 1050 495 518 351 597 403 710 348 739 366
44 339 390 532 1038 348 1271 524 373 349 523 432 526 368 818 596 863 352 981 445 976 315 1051 495 776 348 838 396 518 351 597 403 710 348 739 366
45 339 391 531 1039 348 1271 524 373 349 523 432 525 368 818 596 863 352 981 445 977 316 1052 494 776 348 837 396 518 351 597 403 710 348 739 366
47 339 392 531 373 348 523 432 1039 349 1271 524 525 368 819 596 863 352 980 445 776 348 837 396 978 317 1052 494 518 351 597 403 710 348 739 366
50 339 393 530 374 348 524 432 1040 349 1271 524 525 367 819 595 863 352 980 445 776 348 837 396 979 318 1051 493 518 351 597 403 710 348 739 366
375 348 524 432 53 339 394 530 1041 349 1271 524 525 367 819 595 863 352 980 445 776 348 837 396 979 319 1050 492 519 351 597 403 710 348 739 366
