

570 307 654 381
570 308 654 381
570 308 654 380
570 308 654 380
571 308 654 380
570 308 655 381
570 308 655 381
571 309 655 381
571 309 655 381
571 309 654 381
572 310 654 381
572 311 653 382
572 312 653 383
572 313 654 385
572 314 653 386
572 313 653 383
573 311 653 381
573 308 653 379
572 307 653 378
573 306 653 378
573 307 653 378
573 309 652 379
573 310 652 380
573 311 652 379
573 311 652 379
573 310 651 378
573 309 652 378
574 307 651 377
574 305 651 377
574 304 651 376
574 304 650 376
574 306 650 376
573 308 650 376
572 309 650 377
571 310 650 377
572 310 649 377
572 309 648 377
573 308 647 376
573 306 646 376
574 304 646 375
574 303 646 375
574 302 646 374
573 302 646 374
572 303 646 374
572 303 645 374
572 303 645 375
572 303 645 375
571 304 645 375
572 305 644 375
573 307 644 375
573 307 644 374
572 307 644 375
572 307 644 375
571 307 645 375
571 307 645 375
570 307 646 374
570 307 646 374
569 307 646 374
570 307 646 374 1201 325 1279 539
571 308 646 374 1197 321 1278 537
571 308 645 375 1196 317 1277 539
572 309 645 375 1175 323 1275 531
572 310 645 375 1170 324 1275 528
573 311 646 376 1166 327 1274 524
573 312 646 376 1166 307 1264 493 1160 398 1277 552
572 313 647 377 1161 309 1258 490 1144 399 1279 542
572 315 646 378 1157 311 1252 489 1143 401 1276 539
571 316 646 379 1153 312 1247 486 1139 400 1274 538
571 317 645 379 1135 399 1269 537 1152 313 1242 483
571 318 645 379 1130 399 1263 534 1148 314 1236 483
571 319 645 380 1127 399 1257 532 1147 314 1230 484
571 319 645 380 1124 400 1252 531 1129 312 1220 487
571 319 646 380 1127 316 1218 482 1122 399 1250 531
571 318 646 380 1121 321 1214 479 1107 400 1243 532 641 332 667 354
571 317 646 380 1119 322 1209 477 1107 400 1239 529 641 330 668 353
571 316 646 379 1115 321 1205 476 1106 399 1233 527 641 329 668 352
573 315 646 379 1111 318 1201 476 1102 398 1226 528 642 329 667 351
574 314 645 378 1106 316 1198 476 1109 398 1215 530 643 328 667 350
575 313 644 378 1100 316 1193 476 1085 386 1225 514 644 328 666 349
576 312 644 378 1099 315 1188 475 1083 386 1222 513 645 327 667 349
577 311 644 377 1098 314 1185 474 645 327 667 348 1080 383 1221 511
578 311 644 377 1097 313 1180 475 645 327 669 348 1092 395 1202 509
577 313 645 377 1097 314 1176 477 644 328 669 349 1090 395 1196 508
576 315 647 378 1086 315 1168 474 1089 399 1191 505 644 329 670 351
576 318 648 378 1084 319 1167 471 1087 399 1186 505 644 330 671 353
574 320 649 378 1082 321 1164 469 1074 397 1182 505 644 331 671 355
574 321 650 378 1078 321 1160 465 1072 396 1180 505 644 332 670 355 0 541 1279 697
574 322 650 378 1070 395 1176 502 1073 320 1157 463 644 333 668 353 0 546 1279 694
575 322 649 378 1068 393 1171 501 1069 319 1155 462 661 335 686 356 644 333 667 352 763 280 782 316
576 322 649 378 1067 393 1166 498 1067 319 1153 460 660 335 687 356
578 323 656 377 1066 318 1150 460 1067 393 1163 495 661 335 686 356
576 322 649 379 1063 318 1147 458 1066 392 1159 492 661 335 687 356 644 334 665 350
576 322 648 381 1060 316 1145 459 1056 390 1151 493 660 335 687 357 643 334 667 351
578 320 647 383 1056 315 1142 460 1054 389 1149 494 643 334 668 352 659 334 687 356
582 322 655 379 1054 315 1140 461 1052 390 1147 494 661 334 687 357 644 334 667 352
585 319 650 379 1051 316 1136 463 1050 391 1144 494 661 333 688 356 645 333 668 351
585 319 651 378 1049 319 1133 465 1048 392 1141 493 661 332 689 355 646 332 669 350
586 318 652 378 1047 322 1130 465 1044 393 1138 491 662 331 689 354
