

608 374 797 516 895 340 993 549 773 387 835 462 1038 333 1187 599 822 365 879 481 901 449 1033 576 828 433 885 512 575 397 588 409 521 331 530 349
608 374 797 516 895 340 993 549 773 388 835 462 1038 333 1187 600 822 365 879 481 901 449 1033 576 828 433 885 512 575 397 588 409 521 331 530 349
608 374 797 516 895 340 993 549 1038 333 1187 600 773 387 834 462 822 365 879 481 901 449 1033 576 828 427 906 520 575 397 588 409 521 331 530 349
608 374 797 516 895 340 993 549 1038 332 1187 600 773 387 834 462 822 365 879 480 901 450 1033 576 828 427 906 521 575 397 588 409 521 331 530 349
608 373 797 516 896 340 992 549 1039 331 1187 600 773 387 835 462 822 365 879 480 901 450 1033 576 828 427 906 521 575 397 588 409 521 331 530 349
608 373 797 517 897 341 992 549 1039 331 1186 599 773 387 835 462 822 365 879 480 900 450 1033 576 828 426 906 521 575 397 587 409 521 331 530 349
608 373 797 517 897 341 992 549 1038 331 1187 600 773 387 835 463 823 365 879 481 900 450 1033 576 828 433 886 512 575 397 587 409 520 331 530 349
608 373 797 517 897 341 992 548 1038 331 1187 600 772 387 835 463 823 365 879 481 901 450 1033 576 828 433 886 512 575 397 587 408 521 331 530 349
608 373 797 517 897 340 992 548 1038 331 1187 601 772 387 835 463 823 365 879 480 901 450 1033 575 828 433 886 512 575 397 588 408 521 331 530 349
608 374 797 517 896 339 992 548 1038 331 1186 602 772 387 835 463 823 366 879 480 902 450 1033 575 828 433 886 512 575 397 588 408 521 331 530 349
608 373 797 517 896 339 992 548 1037 331 1186 602 772 387 835 463 823 366 879 480 902 450 1033 575 828 433 886 511 575 397 588 408 521 331 530 349
608 373 797 517 896 339 992 548 1036 332 1186 600 772 387 835 463 823 366 879 480 902 450 1033 575 828 428 906 520 575 397 587 409 521 331 530 349
608 373 797 516 895 339 992 548 1035 332 1186 599 772 387 835 463 823 366 879 480 902 450 1033 575 828 428 906 520 574 397 587 409 521 332 530 350
608 373 797 516 895 338 992 548 1035 332 1186 599 773 387 835 463 823 366 879 480 890 434 1037 565 829 428 906 520 574 397 587 409 521 332 530 350
608 373 797 516 895 339 993 547 1035 332 1186 599 773 387 835 463 823 366 879 480 891 434 1036 565 828 428 906 520 573 397 588 409 521 332 530 349
608 373 797 516 896 339 993 547 1035 331 1186 599 773 387 835 463 823 366 879 480 891 433 1037 565 828 428 906 520 573 397 588 409 521 332 530 350
608 373 797 517 896 339 993 547 1034 331 1185 599 773 387 835 463 823 366 879 480 828 428 906 519 891 433 1037 565 573 397 588 409 521 332 530 350
608 373 797 517 896 339 993 547 1034 330 1185 600 773 387 835 463 823 366 879 480 828 428 906 519 891 433 1037 565 573 397 588 409 521 332 530 350
608 373 797 517 897 339 993 548 1034 330 1185 601 773 387 835 462 823 366 879 481 828 433 886 511 903 450 1033 575 573 397 588 409 521 332 530 350
608 373 797 517 897 339 992 548 1034 330 1185 601 773 387 835 462 823 366 879 481 828 433 886 512 903 450 1033 575 573 397 588 409
608 373 797 517 897 340 992 548 1035 330 1185 601 773 387 835 462 823 366 880 481 828 433 886 512 904 450 1033 575 574 397 588 409
608 373 797 516 897 340 992 549 1036 330 1185 601 773 386 835 462 823 367 880 480 828 433 886 512 903 450 1033 575 574 397 588 409 520 332 530 350
608 373 797 516 897 340 991 549 1036 331 1186 601 773 386 835 462 823 367 880 480 828 433 886 512 903 450 1033 575 573 397 588 409 520 332 529 350
608 373 797 516 897 340 991 549 1036 331 1185 601 773 386 835 462 823 366 880 480 828 432 886 512 902 450 1033 576 573 397 588 409 520 332 529 350
608 373 797 516 897 340 991 549 1037 330 1185 601 773 387 835 462 823 366 880 480 828 427 906 520 902 449 1033 576 573 397 588 409 520 332 529 350
609 373 797 516 897 340 991 548 1038 329 1184 601 773 387 835 462 823 366 880 480 828 427 906 520 901 449 1034 576 574 397 588 409 520 332 530 350
609 373 797 517 896 340 991 548 1038 329 1184 601 773 387 835 462 823 366 880 480 901 449 1034 577 828 427 907 520 574 397 588 409 520 332 530 349
609 373 797 517 896 340 990 548 1038 329 1184 602 773 387 835 462 822 366 880 480 901 450 1034 577 828 427 906 520 574 397 588 409 520 332 530 349
609 373 797 517 896 340 990 549 1038 328 1185 603 773 387 835 462 822 366 880 480 902 450 1035 576 828 427 906 520 574 397 588 409 521 332 530 349
609 373 797 517 896 341 990 549 1038 328 1185 603 773 387 835 462 822 366 880 480 902 450 1035 576 828 427 906 520 574 396 587 408 521 332 530 349
609 373 797 517 896 341 990 549 1038 328 1185 602 773 387 835 462 822 366 880 480 902 450 1035 576 828 427 906 520 574 396 587 408 521 332 530 349
609 373 797 516 896 341 991 549 1037 330 1186 601 773 387 835 462 822 366 879 481 902 450 1035 576 828 427 906 520 574 396 587 408 521 332 530 349
609 373 797 516 1036 330 1186 600 896 340 991 550 773 387 835 461 822 366 879 480 902 450 1034 576 828 427 906 520 574 396 588 408 521 332 530 349
608 373 797 516 1036 331 1186 599 896 339 990 551 773 387 835 461 822 366 879 480 901 450 1034 575 828 427 906 520 574 396 588 408 521 332 530 349
608 373 797 516 1035 331 1186 599 896 339 990 551 773 387 835 461 822 366 879 480 901 450 1033 576 828 428 906 519 575 396 588 408 521 332 530 349
608 373 798 516 1036 332 1186 598 896 338 990 551 773 387 835 461 822 366 879 480 901 449 1033 575 828 427 907 520 575 397 588 408 521 332 530 349
608 373 798 516 895 337 990 550 1036 334 1187 598 773 387 835 461 822 366 879 480 887 434 1036 564 828 426 907 521 575 397 588 409 521 332 530 349
608 373 798 516 895 337 990 550 1036 336 1188 598 773 387 835 462 822 366 879 479 887 434 1036 564 828 426 908 521 575 397 588 409 521 332 530 349
608 373 798 516 895 336 990 550 1036 337 1188 597 773 387 835 462 822 366 879 479 888 434 1036 564 828 426 908 521 575 397 588 409 521 332 530 349
608 373 798 516 1037 336 1188 597 895 336 990 550 773 387 835 462 822 366 879 479 887 434 1036 564 828 425 908 522 575 397 588 409 521 332 530 349
608 373 798 515 1037 336 1188 597 895 336 991 550 773 387 835 462 822 366 879 479 887 434 1036 564 828 425 908 522 576 397 588 408 521 332 530 349
608 373 798 515 1037 336 1188 597 895 337 991 550 773 387 835 462 822 366 879 479 888 434 1037 564 828 425 908 522 576 397 587 408 521 332 530 349
608 374 799 514 1037 336 1188 596 895 337 991 549 773 387 835 462 822 366 879 479 888 434 1037 564 828 425 908 522 576 397 587 408 521 332 530 349
608 374 798 514 1036 337 1187 596 895 338 991 549 773 387 835 462 822 366 879 478 889 434 1036 564 828 425 908 522 575 397 587 408
608 374 798 514 1036 336 1187 595 895 338 991 549 772 387 835 462 822 366 880 478 888 434 1036 564 828 425 908 522 575 397 587 408
608 374 798 514 895 338 991 549 1036 336 1187 595 772 387 835 462 822 366 880 478 888 434 1036 565 828 425 908 522 575 397 587 408
608 374 798 514 895 338 991 549 1036 336 1186 596 772 387 835 462 822 366 880 478 888 434 1036 565 828 425 908 522 575 397 588 408
608 373 798 514 895 338 991 549 1036 336 1185 596 772 387 835 462 823 366 880 478 902 449 1033 575 829 425 908 521 574 397 587 409 362 392 394 411
608 373 798 514 895 339 991 550 1035 335 1185 597 773 387 835 461 823 366 880 478 902 450 1033 575 828 425 908 521 574 397 587 409 362 392 394 411
608 373 798 515 895 339 991 550 1034 336 1184 597 773 387 835 461 823 366 879 478 903 450 1033 575 829 425 908 521 573 397 587 409 362 392 394 411
608 373 798 515 895 339 991 549 1034 336 1183 596 773 387 835 461 822 367 879 478 903 450 1033 575 829 425 908 521 574 397 587 409 362 392 394 411 521 332 530 348
608 373 798 515 895 339 991 549 773 387 835 461 1035 336 1183 596 822 366 879 478 890 434 1036 564 829 426 908 521 574 397 587 409 362 392 394 411 521 332 530 348
608 373 798 515 895 338 991 549 773 387 835 461 1035 336 1183 596 822 366 879 478 890 434 1036 564 829 426 908 521 574 397 587 409 362 392 394 411 521 332 530 348
608 373 799 514 894 338 992 549 1035 335 1183 597 773 387 835 461 822 366 879 478 890 434 1036 564 829 426 908 521 574 397 587 409 361 392 393 411 521 332 530 348
608 373 798 514 894 338 992 549 1035 334 1183 597 773 387 835 461 822 366 879 479 890 434 1036 564 829 426 908 521 575 397 587 409 361 392 393 412 298 397 353 430 521 332 530 348
608 373 798 514 895 338 993 549 1036 333 1183 598 773 387 835 461 822 366 879 479 890 434 1036 565 829 427 908 521 574 397 587 409 361 391 393 411 299 396 357 431 521 332 530 348
608 373 798 514 894 337 993 549 773 387 835 461 1035 333 1183 598 822 366 879 479 903 450 1034 575 829 427 908 521 574 396 587 409 361 390 393 410 299 395 362 431 521 332 530 348
608 373 799 514 894 337 994 550 773 387 835 461 823 366 879 479 1036 333 1184 598 903 450 1035 576 829 426 908 521 574 396 588 409 291 387 370 435 362 390 393 410 521 332 530 348
607 373 799 514 894 337 994 550 773 387 835 461 823 366 879 479 1036 333 1184 598 903 450 1035 576 293 388 374 435 829 426 909 520 573 396 588 409 363 391 393 409 521 332 530 348
607 373 799 514 894 337 994 549 773 387 835 461 823 366 879 479 1036 333 1183 599 295 389 377 435 903 450 1034 576 829 427 909 520 573 396 588 409 363 391 394 410 521 332 530 348
608 373 799 514 894 338 995 549 1037 332 1182 599 773 387 835 461 823 366 879 479 296 389 379 436 904 450 1034 577 829 427 909 520 572 396 588 409 363 391 394 410 521 332 530 348
608 373 799 514 895 339 995 549 1036 332 1181 600 773 387 835 461 298 388 381 436 823 366 879 479 904 449 1034 577 829 426 909 520 572 395 588 409 521 332 530 348
608 373 799 515 1035 332 1180 599 895 339 994 549 773 387 835 461 298 388 383 437 823 366 879 479 919 446 1028 582 829 426 909 520 572 395 588 409 521 332 530 347
608 373 799 515 895 340 993 549 1033 333 1178 599 773 387 835 461 823 366 879 479 297 388 386 437 919 447 1026 581 829 426 909 520 573 396 589 409 521 332 530 347
608 373 798 515 895 340 993 549 1030 335 1176 596 304 389 392 435 773 387 835 461 823 366 879 479 918 465 1023 566 829 426 909 520 573 396 589 409 521 332 530 347
608 373 798 515 895 339 993 549 1028 336 1175 595 306 389 394 435 773 387 835 461 823 366 878 479 918 464 1021 567 829 426 908 520 573 396 589 409 521 332 530 347
608 373 798 515 894 339 993 550 310 389 397 436 1027 336 1173 595 773 387 835 461 823 366 878 479 918 464 1021 567 829 426 908 520 573 396 589 409 521 332 530 347
608 373 799 515 894 338 993 551 314 389 401 436 773 387 835 461 1026 336 1174 598 823 366 878 479 917 463 1020 569 829 426 908 520 573 396 589 409 521 332 530 347
608 373 798 515 894 337 992 552 319 389 404 435 773 387 835 461 823 366 879 479 1024 337 1174 601 829 426 908 520 917 463 1020 569 573 396 589 409 521 332 530 347
608 373 798 515 894 337 993 553 773 387 835 461 823 366 879 478 1021 338 1173 602 321 390 408 435 829 426 908 519 574 396 589 409 917 447 1017 581 521 332 530 348
608 373 798 515 894 337 992 552 334 389 410 436 773 387 835 461 823 366 879 478 1018 338 1172 600 829 426 909 519 574 396 589 409 916 447 1015 582 521 332 530 348
608 373 798 515 895 338 992 551 336 389 411 436 773 387 835 461 823 366 879 479 1017 337 1170 600 829 427 908 519 574 396 589 409 915 446 1013 582 521 332 530 348
608 373 798 515 895 338 992 550 338 389 412 437 773 387 835 461 823 367 879 479 1018 338 1166 602 829 427 908 519 574 396 589 409 916 445 1015 583 521 331 530 348
608 373 798 515 896 339 992 549 340 388 414 438 773 387 835 461 822 366 879 479 829 427 907 519 1035 363 1152 589 573 396 589 409 918 444 1018 585 521 331 530 348 615 393 633 405
608 373 797 515 897 340 992 548 340 388 416 439 773 387 835 461 822 366 879 479 828 433 885 511 572 396 589 409 1035 369 1148 588 919 443 1021 586 521 331 530 348 615 393 633 405
608 373 797 515 897 340 992 547 343 388 419 440 773 387 835 461 823 366 880 480 828 433 885 511 1009 369 1127 589 572 396 589 409 920 443 1021 587 521 332 530 348 615 393 633 405
609 373 797 515 897 340 992 548 345 388 422 440 773 387 835 461 823 367 880 479 1005 364 1122 590 828 433 885 511 572 396 589 408 521 332 530 348 615 393 633 405 921 444 1022 588
609 373 797 515 349 388 425 440 897 340 992 550 773 387 835 461 823 367 880 479 999 361 1116 592 828 434 885 511 572 396 588 408 521 332 530 348 615 393 633 405
609 373 797 515 351 388 428 439 897 339 992 552 773 387 835 461 823 367 880 479 993 360 1112 592 828 434 885 511 572 396 588 408 521 332 530 348 615 393 633 405
609 373 797 515 351 389 430 439 897 339 992 552 773 388 835 461 823 368 880 479 987 359 1105 593 828 434 885 511 572 395 588 408 521 332 530 348 615 393 633 405
608 373 797 515 356 391 434 438 899 340 991 549 773 388 835 461 823 368 880 480 939 341 1095 604 828 434 885 511 572 395 588 408 521 332 530 348 615 393 633 405
608 373 797 515 356 391 435 439 960 359 1079 591 773 387 835 460 900 341 990 544 823 368 880 480 829 429 908 518 571 395 589 408 521 332 530 348 615 393 633 405
608 373 797 515 956 359 1075 590 356 392 437 438 773 387 835 460 901 341 987 536 823 367 880 481 829 429 907 518 571 395 589 408 521 332 530 348 615 393 633 405
608 373 797 515 949 363 1065 588 357 391 437 438 773 387 835 461 823 367 880 480 829 429 908 519 903 340 985 533 572 395 589 409 521 332 530 348
608 373 798 515 942 366 1054 588 773 387 835 461 359 391 437 439 823 368 880 479 829 428 909 519 573 396 589 409 904 340 984 531 521 332 530 348 911 476 1104 597
608 374 798 515 773 387 835 462 361 390 437 440 823 367 879 478 938 371 1046 586 829 432 885 513 575 397 589 409 908 476 1100 598 906 341 988 532 521 331 530 348
607 374 798 515 773 387 835 461 823 368 879 478 361 390 438 440 828 432 884 513 914 365 1020 585 575 397 589 409 857 458 1067 595 521 331 530 348
607 374 798 515 773 387 835 461 822 368 878 478 362 391 440 440 910 364 1019 585 827 433 882 513 575 398 589 409 857 460 1063 594 521 331 530 348
607 374 799 515 773 387 835 461 363 391 442 441 906 363 1016 586 822 370 878 478 574 398 589 409 827 435 880 512 862 464 1061 594 521 331 530 348
608 374 800 516 899 360 1009 588 365 392 444 443 773 387 835 460 822 370 878 477 574 398 589 409 855 467 1063 594 521 331 530 348 826 434 878 511
608 373 800 516 895 359 1003 589 367 391 445 444 773 387 835 460 822 370 878 479 573 397 589 409 853 468 1063 594 521 331 530 348
608 373 801 517 369 391 445 445 773 387 835 461 823 370 878 478 573 397 589 409 892 356 997 588 794 452 1041 594 521 331 530 348
608 373 801 518 370 390 445 444 773 388 835 462 823 370 877 478 573 397 589 409 786 457 1041 595 863 357 973 590 521 331 530 348
608 373 801 519 371 390 446 445 773 387 835 463 822 345 987 594 824 369 876 477 573 397 589 409 521 331 530 348
608 373 801 519 372 390 447 446 773 387 835 463 855 359 969 588 780 456 1036 596 824 369 876 475 574 398 589 409 521 331 530 348
608 373 800 518 374 390 448 447 773 386 836 460 852 360 965 586 784 452 1031 596 575 398 589 409 824 368 879 471 521 331 530 348
609 373 799 516 373 390 449 448 773 385 836 459 785 454 1027 596 847 360 957 586 575 398 590 409 824 367 881 468 593 395 609 405 521 331 530 348
609 373 798 514 371 391 449 447 773 385 835 456 785 456 1028 595 843 361 951 585 928 351 982 478 575 398 590 409 825 368 881 467 593 395 609 405 521 331 530 348
